-2.375085592269897461e+00 5.972644686698913574e-02 -1.460297346115112305e+00
-2.473960638046264648e+00 -5.371551513671875000e-01 -1.369719624519348145e+00
-2.338667392730712891e+00 2.264994829893112183e-01 -1.875264525413513184e+00
-2.242622852325439453e+00 -5.975710153579711914e-01 -1.287523031234741211e+00
-2.583193540573120117e+00 -7.008176445960998535e-01 -1.497108697891235352e+00
-1.682514071464538574e+00 4.907390177249908447e-01 -1.900854587554931641e+00
-2.466621398925781250e+00 -5.447940230369567871e-01 -1.119788646697998047e+00
-2.528692007064819336e+00 -6.359643340110778809e-01 -1.756057262420654297e+00
-2.038554668426513672e+00 -6.430503129959106445e-01 -1.337396860122680664e+00
-2.626386165618896484e+00 -8.072271943092346191e-01 -1.356564164161682129e+00
-2.016534566879272461e+00 -7.403337955474853516e-02 -2.226500034332275391e+00
-2.240879535675048828e+00 -6.392067074775695801e-01 -1.032427310943603516e+00
-2.598790407180786133e+00 -8.940250277519226074e-01 -1.589938879013061523e+00
-1.918056726455688477e+00 -6.832861900329589844e-01 -1.560773849487304688e+00
-2.746272802352905273e+00 -5.299282073974609375e-01 -9.323216080665588379e-01
-2.414315938949584961e+00 -8.974031209945678711e-01 -1.763035655021667480e+00
-2.166046857833862305e+00 -9.427925944328308105e-01 -1.284119248390197754e+00
-2.646824121475219727e+00 -9.573616385459899902e-01 -1.449060082435607910e+00
-1.614491343498229980e+00 -3.088994920253753662e-01 -2.217190265655517578e+00
-2.415758132934570312e+00 -5.052624344825744629e-01 -5.807142853736877441e-01
-2.587646961212158203e+00 -9.478866457939147949e-01 -1.715016961097717285e+00
-1.976990342140197754e+00 -9.112434387207031250e-01 -1.406734228134155273e+00
-2.647406816482543945e+00 -9.724419713020324707e-01 -1.270823240280151367e+00
-1.653984189033508301e+00 8.883432745933532715e-01 -4.665665149688720703e+00
-2.123582601547241211e+00 -8.900614976882934570e-01 -1.021390914916992188e+00
-2.625925064086914062e+00 -1.044126510620117188e+00 -1.540321946144104004e+00
-1.692842245101928711e+00 -7.887129187583923340e-01 -1.775511026382446289e+00
-2.687031507492065430e+00 -7.817610502243041992e-01 -7.149187922477722168e-01
-2.463180303573608398e+00 -1.068591833114624023e+00 -1.705222964286804199e+00
-1.807014346122741699e+00 -9.021100401878356934e-01 -1.161735057830810547e+00
-2.576155424118041992e+00 -1.104981303215026855e+00 -1.407295942306518555e+00
-1.801888823509216309e+00 -7.670584321022033691e-01 -2.351750135421752930e+00
-2.158547401428222656e+00 -7.109244465827941895e-01 -2.003241926431655884e-01
-2.649995088577270508e+00 -1.071168184280395508e+00 -1.673202633857727051e+00
-1.627267599105834961e+00 -9.466932415962219238e-01 -1.522252559661865234e+00
-4.158537864685058594e+00 -3.894939124584197998e-01 4.675621688365936279e-01
-2.366307020187377930e+00 -6.839797496795654297e-01 -3.259821653366088867e+00
-1.223528385162353516e+00 -7.467979788780212402e-01 -1.908735781908035278e-01
-2.619125843048095703e+00 -1.135562062263488770e+00 -1.482914924621582031e+00
-1.437114596366882324e+00 -9.385078549385070801e-01 -2.172183990478515625e+00
-2.587605237960815430e+00 -9.619075655937194824e-01 -2.921009957790374756e-01
-2.549454212188720703e+00 -1.137037158012390137e+00 -1.737386703491210938e+00
-1.597262978553771973e+00 -1.070478200912475586e+00 -1.247128367424011230e+00
-3.804635286331176758e+00 -9.812658429145812988e-01 -7.266759872436523438e-01
-1.446539759635925293e+00 -8.954563736915588379e-01 -3.964890480041503906e+00
-1.068990588188171387e+00 -8.778798580169677734e-01 1.748092532157897949e+00
-2.667949914932250977e+00 -1.171130180358886719e+00 -1.599091172218322754e+00
-1.554254174232482910e+00 -1.150665879249572754e+00 -1.713368415832519531e+00
-3.094954967498779297e+00 -1.150939822196960449e+00 -2.319678068161010742e-01
-2.431063413619995117e+00 -1.191409707069396973e+00 -1.720976591110229492e+00
-3.020245730876922607e-01 -1.219789743423461914e+00 1.230810675770044327e-02
-2.566466808319091797e+00 -1.199949979782104492e+00 -1.436445832252502441e+00
-9.683274030685424805e-01 -1.303856968879699707e+00 -3.113014459609985352e+00
-2.325986385345458984e+00 -1.289604306221008301e+00 -1.139113679528236389e-01
-2.687055349349975586e+00 -1.234676122665405273e+00 -1.776866436004638672e+00
-1.538148045539855957e+00 -1.287797689437866211e+00 -1.417504191398620605e+00
-3.463314771652221680e+00 -1.381088256835937500e+00 -5.611482858657836914e-01
-2.013471841812133789e+00 -1.595245480537414551e+00 -4.052167415618896484e+00
-3.459106981754302979e-01 -1.817776083946228027e+00 1.486692428588867188e+00
-2.639994144439697266e+00 -1.247260808944702148e+00 -1.521252155303955078e+00
-1.490898966789245605e+00 -1.414687633514404297e+00 -1.961242198944091797e+00
-2.771379470825195312e+00 -1.500858545303344727e+00 -2.387156933546066284e-01
-2.514336109161376953e+00 -1.281676650047302246e+00 -1.765591621398925781e+00
9.344077110290527344e-01 -2.213193416595458984e+00 -5.624137446284294128e-02
-3.727720499038696289e+00 -1.633732080459594727e+00 -9.812217950820922852e-01
5.927407741546630859e-01 -3.278105735778808594e+00 -7.040871143341064453e+00
-1.887274742126464844e+00 -1.883502960205078125e+00 4.276164770126342773e-01
-3.303088665008544922e+00 -1.612398386001586914e+00 -2.063414573669433594e+00
1.187060117721557617e+00 -2.649260520935058594e+00 -2.054609537124633789e+00
-3.146491289138793945e+00 -1.730694651603698730e+00 -4.742108881473541260e-01
-2.554002761840820312e+00 -2.241769313812255859e+00 -3.755928516387939453e+00
-1.844038069248199463e-01 -2.639691352844238281e+00 5.862128138542175293e-01
-2.525165557861328125e+00 -1.270694017410278320e+00 -1.461761713027954102e+00
-4.366827607154846191e-01 -2.599616765975952148e+00 -3.201556682586669922e+00
-2.482696533203125000e+00 -1.825111627578735352e+00 -3.577525615692138672e-01
-3.454997062683105469e+00 -2.274686098098754883e+00 -2.897679567337036133e+00
4.736195802688598633e-01 -3.030995130538940430e+00 -9.276877641677856445e-01
-3.295024156570434570e+00 -1.918125152587890625e+00 -8.876376748085021973e-01
-2.150584936141967773e+00 -1.781769394874572754e+00 -2.264065265655517578e+00
-1.462525963783264160e+00 -2.691712141036987305e+00 3.394958674907684326e-01
-3.037796497344970703e+00 -1.748038172721862793e+00 -1.709672927856445312e+00
-7.242718935012817383e-01 -2.661577463150024414e+00 -2.122953653335571289e+00
-2.806662797927856445e+00 -2.062386035919189453e+00 -5.610027909278869629e-01
-2.462980747222900391e+00 -1.472761034965515137e+00 -1.750402450561523438e+00
-1.927181482315063477e+00 -1.700137376785278320e+00 -1.194856762886047363e+00
-3.763635635375976562e+00 -2.654114007949829102e+00 -1.169200897216796875e+00
-1.913941383361816406e+00 -2.057435512542724609e+00 -2.102811336517333984e+00
-2.319155454635620117e+00 -1.740369081497192383e+00 -9.929549694061279297e-01
-2.938399314880371094e+00 -2.113319873809814453e+00 -1.944536924362182617e+00
-1.965042352676391602e-01 -4.080076694488525391e+00 -1.529104590415954590e+00
-3.592493057250976562e+00 -3.614747285842895508e+00 -2.722279727458953857e-01
-2.348639726638793945e+00 -1.921300888061523438e+00 -1.932349205017089844e+00
-2.202003479003906250e+00 -1.651892542839050293e+00 -1.248724579811096191e+00
-2.913753509521484375e+00 -2.196362972259521484e+00 -1.538132309913635254e+00
-1.890030980110168457e+00 -2.398905515670776367e+00 -1.790809392929077148e+00
-2.655347108840942383e+00 -4.050822257995605469e+00 -2.689120769500732422e-01
-2.476245641708374023e+00 -1.761295199394226074e+00 -1.640897154808044434e+00
-2.233996391296386719e+00 -1.700752973556518555e+00 -1.413764595985412598e+00
-2.767048835754394531e+00 -3.300088882446289062e+00 -1.283820271492004395e+00
-2.375085592269897461e+00 -3.105505466461181641e+00 -1.460297346115112305e+00
