-1.383223176002502441e+00 4.110379219055175781e-01 -1.980521798133850098e+00
-1.554127573966979980e+00 4.718934595584869385e-01 -1.823959350585937500e+00
-1.372459411621093750e+00 -2.437586039304733276e-01 -2.103169679641723633e+00
-1.197993755340576172e+00 1.705282032489776611e-01 -1.738922834396362305e+00
-1.756167054176330566e+00 2.203695476055145264e-01 -2.046490430831909180e+00
-1.383223176002502441e+00 -6.636323928833007812e-01 -1.980521798133850098e+00
-1.533018946647644043e+00 3.989429771900177002e-01 -1.423289060592651367e+00
-1.490719199180603027e+00 -2.730387151241302490e-01 -2.187498807907104492e+00
-1.221756458282470703e+00 -3.992386460304260254e-01 -1.921554446220397949e+00
-2.124923467636108398e+00 4.782109856605529785e-01 -1.674358725547790527e+00
-9.870730042457580566e-01 5.738922357559204102e-01 -2.827071666717529297e+00
-1.280457735061645508e+00 -2.387322783470153809e-01 -1.652889370918273926e+00
-1.748540163040161133e+00 -1.735954880714416504e-01 -2.192230463027954102e+00
-7.075918316841125488e-01 9.151434153318405151e-02 -2.129057407379150391e+00
-1.633659958839416504e+00 -2.155195474624633789e-01 -1.624301195144653320e+00
-1.550126314163208008e+00 5.986571907997131348e-01 -3.268501520156860352e+00
-1.160549163818359375e+00 -3.959293663501739502e-01 -1.792851924896240234e+00
-2.360289812088012695e+00 1.875980645418167114e-01 -1.940117001533508301e+00
-7.890018820762634277e-01 2.794098481535911560e-02 -2.571851253509521484e+00
-1.392714142799377441e+00 -5.028904676437377930e-01 -1.775269865989685059e+00
-1.590262055397033691e+00 -4.238129556179046631e-01 -2.228623628616333008e+00
1.047411799430847168e+00 1.063412308692932129e+00 -1.653483271598815918e+00
-1.909751296043395996e+00 -2.350549250841140747e-01 -1.614177227020263672e+00
-1.143179416656494141e+00 2.958256565034389496e-02 -3.047540426254272461e+00
-2.854029536247253418e-01 6.635198593139648438e-01 -6.467912346124649048e-02
-2.456671714782714844e+00 -2.181928232312202454e-02 -2.322981119155883789e+00
-5.391367077827453613e-01 -1.620748490095138550e-01 -2.370511054992675781e+00
-1.497501134872436523e+00 -5.125753879547119141e-01 -1.707460403442382812e+00
-1.738184332847595215e+00 -1.579082459211349487e-01 -2.967404365539550781e+00
6.214244961738586426e-01 3.667719364166259766e-01 -9.269351959228515625e-01
-2.816435098648071289e+00 -2.837919630110263824e-02 -1.602731704711914062e+00
-6.211279630661010742e-01 -9.585423767566680908e-02 -3.165755033493041992e+00
-1.357451438903808594e+00 -6.061259508132934570e-01 -1.830563664436340332e+00
-1.714904785156250000e+00 -5.153099894523620605e-01 -2.237394571304321289e+00
5.610831379890441895e-01 -2.037378400564193726e-02 -2.141603708267211914e+00
-1.684310197830200195e+00 -5.277962088584899902e-01 -1.655055642127990723e+00
-1.372595787048339844e+00 -4.608383774757385254e-02 -4.159002304077148438e+00
-8.558167815208435059e-01 -4.587693214416503906e-01 -1.399133205413818359e+00
-2.939219236373901367e+00 -2.903763651847839355e-01 -2.124731063842773438e+00
1.027569890022277832e+00 -6.696325726807117462e-03 -3.810227632522583008e+00
-1.416603803634643555e+00 -6.271613240242004395e-01 -1.797032594680786133e+00
-1.510565400123596191e+00 -6.219570040702819824e-01 -2.182881355285644531e+00
2.737149298191070557e-01 -4.002834856510162354e-01 -1.526423811912536621e+00
-2.513274192810058594e+00 -4.953857958316802979e-01 -1.400598287582397461e+00
-8.643522262573242188e-01 -4.967488050460815430e-01 -3.380087137222290039e+00
-9.663708806037902832e-01 -5.627068281173706055e-01 -9.565345048904418945e-01
-1.912980556488037109e+00 -6.220772266387939453e-01 -2.231583595275878906e+00
-2.886386215686798096e-01 -6.057085990905761719e-01 -2.317993879318237305e+00
-1.531164526939392090e+00 -6.547618508338928223e-01 -1.728086113929748535e+00
-1.705165982246398926e+00 -6.481426358222961426e-01 -3.479753255844116211e+00
-6.933955550193786621e-01 -6.721798777580261230e-01 -1.490500569343566895e+00
-2.538378000259399414e+00 -6.989240646362304688e-01 -1.836557030677795410e+00
4.278708100318908691e-01 -8.049322962760925293e-01 -4.108269214630126953e+00
-1.340645670890808105e+00 -7.464485764503479004e-01 -8.129723072052001953e-01
-1.747983574867248535e+00 -7.110711336135864258e-01 -2.350659847259521484e+00
-5.580099299550056458e-02 -8.122365474700927734e-01 -1.912649750709533691e+00
-1.717011928558349609e+00 -7.209857106208801270e-01 -1.704728960990905762e+00
-9.803385138511657715e-01 -1.110557198524475098e+00 -4.868201255798339844e+00
-9.408673048019409180e-01 -7.995917797088623047e-01 -1.338084220886230469e+00
-1.946414709091186523e+00 -7.766448855400085449e-01 -2.110110759735107422e+00
7.055949568748474121e-01 -1.184745311737060547e+00 -3.163962602615356445e+00
-1.440285444259643555e+00 -7.078020572662353516e-01 -1.804626464843750000e+00
-2.304592370986938477e+00 -1.243074893951416016e+00 -4.000541210174560547e+00
5.801854133605957031e-01 -1.268223643302917480e+00 -1.147543668746948242e+00
-1.744715690612792969e+00 -7.811235189437866211e-01 -1.852488517761230469e+00
-8.707324266433715820e-01 -1.023502588272094727e+00 -2.944187641143798828e+00
-1.142764687538146973e+00 -1.003460884094238281e+00 -1.049905300140380859e+00
-1.860556840896606445e+00 -8.787894845008850098e-01 -2.290745019912719727e+00
-3.269800841808319092e-01 -1.095113873481750488e+00 -2.156746625900268555e+00
-1.583992362022399902e+00 -8.032879233360290527e-01 -1.723878979682922363e+00
-1.448385953903198242e+00 -1.045199036598205566e+00 -2.816605091094970703e+00
-7.856180667877197266e-01 -1.057980418205261230e+00 -1.422245860099792480e+00
-1.772861599922180176e+00 -8.624783754348754883e-01 -1.984323501586914062e+00
3.144379556179046631e-01 -1.894587159156799316e+00 -3.505523920059204102e+00
-1.463029265403747559e+00 -1.131599783897399902e+00 -1.162854552268981934e+00
-1.719217300415039062e+00 -9.998355507850646973e-01 -2.427736282348632812e+00
-2.625190913677215576e-01 -1.386280894279479980e+00 -1.770988821983337402e+00
-1.635080456733703613e+00 -8.618524074554443359e-01 -1.823741197586059570e+00
-1.169861912727355957e+00 -1.222139477729797363e+00 -2.744407892227172852e+00
-1.105212330818176270e+00 -1.119878172874450684e+00 -1.432215809822082520e+00
-1.741361975669860840e+00 -9.629871845245361328e-01 -2.115288019180297852e+00
-4.593872725963592529e-01 -1.484867215156555176e+00 -2.351360559463500977e+00
-1.556031584739685059e+00 -1.011302590370178223e+00 -1.620434165000915527e+00
-1.456996679306030273e+00 -8.975201249122619629e-01 -2.224017381668090820e+00
-5.574172139167785645e-01 -1.596613764762878418e+00 -1.491125822067260742e+00
-1.658161282539367676e+00 -9.527200460433959961e-01 -1.922883629798889160e+00
-4.567305743694305420e-01 -2.398168087005615234e+00 -3.271407365798950195e+00
-1.306475639343261719e+00 -1.413221359252929688e+00 -1.339232325553894043e+00
-2.123955726623535156e+00 -1.872361898422241211e+00 -2.617275476455688477e+00
1.036342233419418335e-01 -2.633277177810668945e+00 -2.027482032775878906e+00
-1.541045784950256348e+00 -9.774406552314758301e-01 -1.826502442359924316e+00
-1.369076251983642578e+00 -1.052641153335571289e+00 -2.233042240142822266e+00
-4.212723970413208008e-01 -3.207920551300048828e+00 -8.046492934226989746e-01
-1.639382839202880859e+00 -1.140249967575073242e+00 -2.017535686492919922e+00
-7.015544772148132324e-01 -2.356794595718383789e+00 -2.445004940032958984e+00
-1.413547277450561523e+00 -9.727273583412170410e-01 -1.851614832878112793e+00
-1.425267338752746582e+00 -8.993690013885498047e-01 -2.055582761764526367e+00
-1.232335090637207031e+00 -1.205470204353332520e+00 -1.930757284164428711e+00
-1.429835677146911621e+00 -9.140774011611938477e-01 -1.959535002708435059e+00
-1.383223176002502441e+00 -9.667433500289916992e-01 -1.980521798133850098e+00
