-2.135290145874023438e+00 2.919153571128845215e-01 -7.308548688888549805e-01
-2.227855920791625977e+00 3.332717120647430420e-01 -6.460570096969604492e-01
-2.126446247100830078e+00 6.322869658470153809e-02 -8.316270709037780762e-01
-2.047447919845581055e+00 1.138323917984962463e-01 -6.162801384925842285e-01
-2.742536783218383789e+00 1.157621741294860840e+00 -8.382682204246520996e-01
-1.670664787292480469e+00 8.485537767410278320e-01 -1.026411414146423340e+00
-2.180281877517700195e+00 3.739193081855773926e-02 -5.634883046150207520e-01
-2.213826417922973633e+00 3.610970918089151382e-03 -8.820718526840209961e-01
-1.920426845550537109e+00 7.007216662168502808e-02 -6.523871421813964844e-01
-2.565068960189819336e+00 3.798862099647521973e-01 -5.534484386444091797e-01
-1.523030877113342285e+00 1.630867362022399902e+00 -2.039217472076416016e+00
-2.065790891647338867e+00 5.599723197519779205e-03 -5.092804431915283203e-01
-2.488877058029174805e+00 1.925463974475860596e-01 -9.357657432556152344e-01
-1.278319358825683594e+00 6.760722398757934570e-01 -9.192575216293334961e-01
-2.262596130371093750e+00 -5.396397039294242859e-02 -5.497751235961914062e-01
-2.261421203613281250e+00 6.721742153167724609e-01 -1.704199433326721191e+00
-1.850729465484619141e+00 6.034846976399421692e-02 -4.910267889499664307e-01
-2.653342008590698242e+00 1.695762574672698975e-01 -7.094318270683288574e-01
-6.012019515037536621e-01 1.503664135932922363e+00 -2.257477521896362305e+00
-2.146067142486572266e+00 -9.923579543828964233e-02 -4.977943301200866699e-01
-2.383551836013793945e+00 5.813374184072017670e-03 -1.028355479240417480e+00
-1.729498147964477539e+00 6.572499405592679977e-03 -6.762561202049255371e-01
-2.378904104232788086e+00 -8.346161991357803345e-02 -5.613545775413513184e-01
-1.946796774864196777e+00 2.625882029533386230e-01 -1.568726658821105957e+00
-1.956472277641296387e+00 -6.558332592248916626e-02 -4.187937676906585693e-01
-2.636995315551757812e+00 1.821276172995567322e-02 -8.909124732017517090e-01
-1.124567389488220215e+00 3.188172280788421631e-01 -1.197834372520446777e+00
-2.222852706909179688e+00 -1.660122722387313843e-01 -5.216285586357116699e-01
-2.725348949432373047e+00 5.589191317558288574e-01 -2.371368646621704102e+00
-1.419894218444824219e+00 8.596314489841461182e-02 -3.548628091812133789e-01
-2.667233705520629883e+00 -4.597854986786842346e-02 -5.906362533569335938e-01
-1.628130793571472168e+00 9.608932584524154663e-02 -1.519604206085205078e+00
-2.084398508071899414e+00 -1.681971549987792969e-01 -4.347305297851562500e-01
-2.415930509567260742e+00 -1.562582254409790039e-01 -9.481984972953796387e-01
1.129394531250000000e+00 7.983396649360656738e-01 -1.001327276229858398e+00
-2.301302433013916016e+00 -2.068589627742767334e-01 -5.514003634452819824e-01
-2.131346225738525391e+00 -5.257645994424819946e-02 -1.539314150810241699e+00
-1.518767356872558594e+00 -4.227688163518905640e-02 -5.122845247387886047e-02
-2.621916294097900391e+00 -1.650228202342987061e-01 -7.759552597999572754e-01
-4.673698842525482178e-01 1.727489233016967773e-01 -1.996746897697448730e+00
-2.181074857711791992e+00 -2.317323088645935059e-01 -4.791818261146545410e-01
-2.484669446945190430e+00 -1.674142330884933472e-01 -1.286053419113159180e+00
-1.385536193847656250e+00 -1.625921428203582764e-01 -5.253784060478210449e-01
-2.399409294128417969e+00 -2.424327284097671509e-01 -5.953132510185241699e-01
-1.808179616928100586e+00 -1.765478551387786865e-01 -1.613179445266723633e+00
-1.755474448204040527e+00 -1.897973716259002686e-01 2.021530568599700928e-01
-2.380656719207763672e+00 -2.625088393688201904e-01 -8.471386432647705078e-01
-8.201800584793090820e-01 -2.121622264385223389e-01 -1.136317372322082520e+00
-2.261438131332397461e+00 -2.741920650005340576e-01 -5.156055688858032227e-01
-2.292276144027709961e+00 -2.742027342319488525e-01 -1.461911797523498535e+00
-1.336164712905883789e+00 -2.916576266288757324e-01 -1.631936281919479370e-01
-2.484063386917114258e+00 -2.924114167690277100e-01 -6.873879432678222656e-01
-1.335552334785461426e+00 -3.441506624221801758e-01 -1.670419692993164062e+00
-2.123584032058715820e+00 -3.045250773429870605e-01 -4.098526537418365479e-01
-2.585072278976440430e+00 -3.402521014213562012e-01 -1.187268137931823730e+00
-1.270998120307922363e+00 -3.785128891468048096e-01 -6.866630315780639648e-01
-2.352988243103027344e+00 -3.191618919372558594e-01 -5.509819388389587402e-01
-2.016230344772338867e+00 -4.138302505016326904e-01 -1.584216713905334473e+00
-1.560473799705505371e+00 -4.584273993968963623e-01 1.039562523365020752e-01
-2.533990621566772461e+00 -3.617608845233917236e-01 -8.225949406623840332e-01
-8.263045549392700195e-01 -6.083181500434875488e-01 -1.472473740577697754e+00
-2.219746589660644531e+00 -3.471303284168243408e-01 -4.705164730548858643e-01
-2.435310125350952148e+00 -4.704363346099853516e-01 -1.388621926307678223e+00
-7.923862934112548828e-01 -6.952754855155944824e-01 -1.611265242099761963e-01
-2.458787441253662109e+00 -3.868979215621948242e-01 -6.162787675857543945e-01
-1.643954157829284668e+00 -6.267712116241455078e-01 -1.654742121696472168e+00
-1.948619365692138672e+00 -5.455687642097473145e-01 -8.406229317188262939e-03
-2.502300739288330078e+00 -4.471851289272308350e-01 -9.693782925605773926e-01
-8.203555345535278320e-01 -8.189144134521484375e-01 -9.502399563789367676e-01
-2.308665513992309570e+00 -4.023562073707580566e-01 -5.092294216156005859e-01
-2.186249971389770508e+00 -5.801562666893005371e-01 -1.384705543518066406e+00
-1.516329288482666016e+00 -6.901961565017700195e-01 -1.526285856962203979e-01
-2.513736724853515625e+00 -4.748903214931488037e-01 -7.345473170280456543e-01
-1.588019967079162598e+00 -6.785752177238464355e-01 -1.222465395927429199e+00
-2.173164367675781250e+00 -5.038424134254455566e-01 -3.428088128566741943e-01
-2.413999557495117188e+00 -5.606385469436645508e-01 -1.101822137832641602e+00
-1.468793988227844238e+00 -7.115235924720764160e-01 -6.062430739402770996e-01
-2.398565053939819336e+00 -4.889619648456573486e-01 -5.669668316841125488e-01
-1.988815665245056152e+00 -6.651761531829833984e-01 -1.255269646644592285e+00
-1.861897230148315430e+00 -7.304232716560363770e-01 -1.916563659906387329e-01
-2.420407295227050781e+00 -5.200746655464172363e-01 -8.381433486938476562e-01
-9.170743227005004883e-01 -1.364676713943481445e+00 -1.219861149787902832e+00
-2.293736934661865234e+00 -6.005324125289916992e-01 -4.006928801536560059e-01
-2.246142148971557617e+00 -6.331954598426818848e-01 -1.096731305122375488e+00
-1.713435292243957520e+00 -7.583602070808410645e-01 -4.808517694473266602e-01
-2.483755826950073242e+00 -6.481549739837646484e-01 -6.578023433685302734e-01
-1.955646514892578125e+00 -6.180761456489562988e-01 -9.811530113220214844e-01
-2.073130846023559570e+00 -8.888629078865051270e-01 -2.114617228507995605e-01
-2.281098842620849609e+00 -5.196869373321533203e-01 -8.561959862709045410e-01
-1.743580102920532227e+00 -8.006554245948791504e-01 -7.432264685630798340e-01
-2.395284891128540039e+00 -7.987190485000610352e-01 -4.771256744861602783e-01
-2.122884273529052734e+00 -6.228861212730407715e-01 -9.522954821586608887e-01
-1.906077146530151367e+00 -8.880071043968200684e-01 -4.506687819957733154e-01
-2.429401874542236328e+00 -8.289878368377685547e-01 -7.733525633811950684e-01
-1.576992869377136230e+00 -1.668482184410095215e+00 -1.111273765563964844e+00
-2.262833833694458008e+00 -1.581815123558044434e+00 -1.886694878339767456e-01
-2.668282270431518555e+00 -3.270180225372314453e+00 -1.682399749755859375e+00
-1.969904780387878418e+00 -8.756536245346069336e-01 -6.763089895248413086e-01
-2.246635437011718750e+00 -8.800050616264343262e-01 -6.807228922843933105e-01
-2.135290145874023438e+00 -8.665724396705627441e-01 -7.308548688888549805e-01
