-1.711782574653625488e+00 -2.679387331008911133e-01 -3.046838045120239258e+00
-1.856982827186584473e+00 -2.155244946479797363e-01 -2.913822650909423828e+00
-1.707064986228942871e+00 -9.962431788444519043e-01 -3.100592613220214844e+00
-1.711782574653625488e+00 -1.180266976356506348e+00 -3.046838045120239258e+00
-2.542955636978149414e+00 7.898917794227600098e-01 -3.193860769271850586e+00
-1.643329977989196777e+00 -1.013740181922912598e+00 -3.090381860733032227e+00
-1.711782574653625488e+00 -1.180266976356506348e+00 -3.046838045120239258e+00
-1.767618298530578613e+00 -9.773841500282287598e-01 -3.154346466064453125e+00
-1.617700219154357910e+00 -1.026211738586425781e+00 -3.012479305267333984e+00
-2.249574184417724609e+00 -3.523398935794830322e-01 -2.824845552444458008e+00
-1.651834607124328613e+00 -9.929966926574707031e-01 -3.174943447113037109e+00
-1.417653679847717285e+00 3.585588186979293823e-02 -2.109108686447143555e+00
-2.022415637969970703e+00 -7.635830640792846680e-01 -3.226856231689453125e+00
-1.587309598922729492e+00 -1.041144728660583496e+00 -3.074203014373779297e+00
-2.208500862121582031e+00 -2.914764583110809326e-01 -2.340307474136352539e+00
-1.807816982269287109e+00 -4.539575874805450439e-01 -3.787929296493530273e+00
-1.598549485206604004e+00 -1.044135928153991699e+00 -2.951405048370361328e+00
-2.463440418243408203e+00 -5.254149436950683594e-01 -3.015754699707031250e+00
-1.589309930801391602e+00 -1.037729382514953613e+00 -3.168714761734008789e+00
-1.746669411659240723e+00 -5.894151329994201660e-01 -2.292377233505249023e+00
-1.920479416847229004e+00 -9.385269880294799805e-01 -3.296926736831665039e+00
-1.521772623062133789e+00 -1.045258760452270508e+00 -3.021272420883178711e+00
-2.988970756530761719e+00 -1.406755894422531128e-01 -2.158203840255737305e+00
-1.621577143669128418e+00 -9.197654128074645996e-01 -3.447810411453247070e+00
-9.744188785552978516e-01 -2.888697981834411621e-01 -1.760040163993835449e+00
-2.081975460052490234e+00 -9.589293003082275391e-01 -3.164939641952514648e+00
-1.540241122245788574e+00 -1.078336834907531738e+00 -3.126094579696655273e+00
-2.056175947189331055e+00 -7.250347137451171875e-01 -2.223927974700927734e+00
-2.081385374069213867e+00 -6.536825895309448242e-01 -4.074427604675292969e+00
-1.461332678794860840e+00 -1.051533818244934082e+00 -2.915208578109741211e+00
-4.267860889434814453e+00 -4.731737077236175537e-02 -2.373064041137695312e+00
-1.513018131256103516e+00 -1.032183051109313965e+00 -3.355962276458740234e+00
-1.620790600776672363e+00 -9.772292971611022949e-01 -2.517381668090820312e+00
-2.596466302871704102e+00 -7.846512794494628906e-01 -3.731986761093139648e+00
-1.443090558052062988e+00 -1.091372370719909668e+00 -3.069098711013793945e+00
-4.422741413116455078e+00 4.278910905122756958e-02 -1.163711249828338623e-01
-1.707019686698913574e+00 -9.034962654113769531e-01 -4.023181438446044922e+00
-1.392841577529907227e+00 -1.056379199028015137e+00 -2.695252180099487305e+00
-2.835253238677978516e+00 -9.107661247253417969e-01 -3.150961160659790039e+00
-1.469943284988403320e+00 -1.114366292953491211e+00 -3.230385303497314453e+00
-1.998324394226074219e+00 -8.671963214874267578e-01 -1.471750974655151367e+00
-2.227013826370239258e+00 -1.011646866798400879e+00 -3.865592002868652344e+00
-1.254058957099914551e+00 -1.107517719268798828e+00 -2.921395063400268555e+00
-3.646786928176879883e+00 -8.921756744384765625e-01 -2.053825855255126953e+00
-1.396136045455932617e+00 -1.078746080398559570e+00 -3.898240566253662109e+00
-1.574811697006225586e+00 -1.147104501724243164e+00 -2.710372447967529297e+00
-4.190171718597412109e+00 -9.858574271202087402e-01 -4.221393108367919922e+00
-1.344782590866088867e+00 -1.160845875740051270e+00 -3.159988164901733398e+00
-2.488956451416015625e+00 -1.133667826652526855e+00 -1.720728635787963867e+00
-1.918040037155151367e+00 -1.170343279838562012e+00 -4.007343292236328125e+00
-1.230498671531677246e+00 -1.186230421066284180e+00 -2.704956531524658203e+00
-2.973309755325317383e+00 -1.218808531761169434e+00 -2.889616250991821289e+00
-1.068848371505737305e+00 -1.230428099632263184e+00 -3.802183628082275391e+00
-1.584854125976562500e+00 -1.427151203155517578e+00 4.337571263313293457e-01
-3.413477659225463867e+00 -1.401580214500427246e+00 -4.773621082305908203e+00
-8.072279691696166992e-01 -1.281531333923339844e+00 -3.000587463378906250e+00
-2.833019256591796875e+00 -1.372923731803894043e+00 -2.120416402816772461e+00
-1.581839799880981445e+00 -1.324414014816284180e+00 -3.978204011917114258e+00
-1.533716797828674316e+00 -1.234996080398559570e+00 -2.788231372833251953e+00
-2.787703037261962891e+00 -1.396165966987609863e+00 -3.294404745101928711e+00
-1.082072615623474121e+00 -1.337365388870239258e+00 -3.403606653213500977e+00
-2.436426401138305664e+00 -1.741185069084167480e+00 -8.131133913993835449e-01
-1.824674248695373535e+00 -1.251263737678527832e+00 -3.294342994689941406e+00
-1.204413533210754395e+00 -1.336500883102416992e+00 -2.831586122512817383e+00
-2.956499338150024414e+00 -1.584820747375488281e+00 -2.605984926223754883e+00
-1.147922277450561523e+00 -1.576208710670471191e+00 -4.107096672058105469e+00
-1.030177235603332520e+00 -2.143547296524047852e+00 -4.089056849479675293e-01
-3.534134864807128906e+00 -2.001688480377197266e+00 -4.231200695037841797e+00
-1.079905152320861816e+00 -1.438392639160156250e+00 -3.152261257171630859e+00
-2.339839220046997070e+00 -1.617144703865051270e+00 -2.243994474411010742e+00
-1.745498895645141602e+00 -1.377696394920349121e+00 -3.479442358016967773e+00
-1.454271793365478516e+00 -1.350193262100219727e+00 -2.806274414062500000e+00
-2.916904211044311523e+00 -1.795282244682312012e+00 -3.058596372604370117e+00
-7.245879173278808594e-01 -1.896070599555969238e+00 -3.933630943298339844e+00
-1.873951077461242676e+00 -2.131190538406372070e+00 -1.385313987731933594e+00
-2.478035449981689453e+00 -1.946996450424194336e+00 -4.066734790802001953e+00
-1.290457606315612793e+00 -1.451944231986999512e+00 -2.968064785003662109e+00
-2.708408355712890625e+00 -1.964644551277160645e+00 -2.426440715789794922e+00
-1.591389775276184082e+00 -1.495414495468139648e+00 -3.477874279022216797e+00
-4.726032614707946777e-01 -3.213894367218017578e+00 -6.028699874877929688e-01
-2.658066749572753906e+00 -1.971230268478393555e+00 -3.402920961380004883e+00
-1.261980295181274414e+00 -1.580114245414733887e+00 -3.227394104003906250e+00
-2.050896406173706055e+00 -1.862524390220642090e+00 -2.340213060379028320e+00
-1.799863457679748535e+00 -1.459513902664184570e+00 -3.337556123733520508e+00
-1.507297039031982422e+00 -1.411291241645812988e+00 -2.925654172897338867e+00
-2.579885959625244141e+00 -2.093046903610229492e+00 -2.864848375320434570e+00
-1.508406162261962891e+00 -1.561018705368041992e+00 -3.330203294754028320e+00
-1.605518102645874023e+00 -2.218146085739135742e+00 -2.158910036087036133e+00
-2.241352319717407227e+00 -2.044420242309570312e+00 -3.502070426940917969e+00
-1.429857373237609863e+00 -1.553734183311462402e+00 -3.055742263793945312e+00
-2.066046953201293945e+00 -1.884672164916992188e+00 -2.701111078262329102e+00
-1.697142481803894043e+00 -1.582834720611572266e+00 -3.308160066604614258e+00
-1.234150052070617676e+00 -2.443569421768188477e+00 -2.462988138198852539e+00
-2.089566230773925781e+00 -1.883181452751159668e+00 -3.101425886154174805e+00
-1.526226282119750977e+00 -1.641160845756530762e+00 -3.173274517059326172e+00
-1.799370050430297852e+00 -2.073050022125244141e+00 -2.674505949020385742e+00
-1.781070828437805176e+00 -1.568758368492126465e+00 -3.170537710189819336e+00
-1.137747049331665039e+00 -3.241624116897583008e+00 -2.857514858245849609e+00
-1.835449576377868652e+00 -1.844719171524047852e+00 -2.991158485412597656e+00
-1.711782574653625488e+00 -3.136364936828613281e+00 -3.046838045120239258e+00
