-1.042176842689514160e+00 -5.891271233558654785e-01 -8.931497484445571899e-02
-1.071862339973449707e+00 -6.127157807350158691e-01 -6.212064251303672791e-02
-1.030540227890014648e+00 -3.560296297073364258e-01 -2.219088226556777954e-01
-6.100755333900451660e-01 1.135968923568725586e+00 4.742846488952636719e-01
-1.179835796356201172e+00 -4.836547970771789551e-01 -1.136649027466773987e-01
-8.834600448608398438e-01 -4.238368868827819824e-01 -1.902776211500167847e-01
-1.470575571060180664e+00 2.228891611099243164e+00 1.504307031631469727e+00
-1.188708424568176270e+00 -2.775210440158843994e-01 -3.714525401592254639e-01
1.677410453557968140e-01 1.171228289604187012e+00 3.525450825691223145e-01
-1.183698415756225586e+00 -5.920810103416442871e-01 -3.089694306254386902e-02
-8.887057304382324219e-01 -3.305275738239288330e-01 -4.172738790512084961e-01
-3.567652106285095215e-01 2.023991107940673828e+00 2.095885276794433594e+00
-1.700810551643371582e+00 7.353980839252471924e-02 -4.710066616535186768e-01
-7.773715257644653320e-01 -5.139822363853454590e-01 -1.475316733121871948e-01
-1.734055042266845703e+00 4.280424416065216064e-01 8.948105573654174805e-01
-1.096842646598815918e+00 -3.965145647525787354e-01 -5.111673474311828613e-01
2.291463129222393036e-02 4.705207645893096924e-01 8.083452582359313965e-01
-1.873923182487487793e+00 -8.532661199569702148e-02 -5.491965264081954956e-02
-6.989442110061645508e-01 -4.104876816272735596e-01 -4.308773279190063477e-01
-1.123702406883239746e+00 5.707813501358032227e-01 1.673749327659606934e+00
-1.610359430313110352e+00 -1.518092453479766846e-01 -7.701876759529113770e-01
3.933365270495414734e-02 -4.150445386767387390e-02 5.620073154568672180e-02
-1.193189620971679688e+00 -6.870328783988952637e-01 1.575582288205623627e-02
-9.834550023078918457e-01 -6.403716802597045898e-01 -3.503393828868865967e-01
-9.073802828788757324e-02 3.402394652366638184e-01 1.571072578430175781e+00
-2.059216499328613281e+00 -2.018663138151168823e-01 -4.137783646583557129e-01
6.322808861732482910e-01 1.850128769874572754e-01 -8.629569411277770996e-01
-1.773944139480590820e+00 1.573255062103271484e-01 1.659205555915832520e+00
-1.144024610519409180e+00 -6.648468971252441406e-01 -3.724778592586517334e-01
3.236433863639831543e-02 -2.576301693916320801e-01 4.754337668418884277e-01
-1.542561411857604980e+00 -5.881634354591369629e-01 4.258478060364723206e-02
-8.994798064231872559e-01 -7.036401033401489258e-01 -3.112416565418243408e-01
-4.057790637016296387e-01 6.100920438766479492e-01 3.613701581954956055e+00
-1.160060048103332520e+00 -7.572372555732727051e-01 -1.806103587150573730e-01
-1.828045099973678589e-01 -5.256359577178955078e-01 -1.605122089385986328e-01
-3.159010410308837891e+00 1.450623571872711182e-01 2.198920011520385742e+00
-1.041750550270080566e+00 -7.851777076721191406e-01 -1.767116934061050415e-01
-1.140095964074134827e-01 -4.494200646877288818e-01 9.338539242744445801e-01
-1.403310060501098633e+00 -7.233231067657470703e-01 -1.227847188711166382e-01
-6.499029994010925293e-01 -7.030587792396545410e-01 -3.870368599891662598e-01
-1.354394435882568359e+00 -4.688290059566497803e-01 1.626909017562866211e+00
-1.079627871513366699e+00 -7.976959943771362305e-01 -1.488284915685653687e-01
1.544534087181091309e+00 -3.988282978534698486e-01 6.195952296257019043e-01
-1.318581104278564453e+00 -7.688004374504089355e-01 5.253114178776741028e-02
-5.424303412437438965e-01 -6.492199897766113281e-01 -1.437295436859130859e+00
3.685053586959838867e-01 -4.684075117111206055e-01 3.375990867614746094e+00
-1.113528728485107422e+00 -8.043556213378906250e-01 -1.231299638748168945e-01
-8.350223302841186523e-01 -7.989903092384338379e-01 -1.531829237937927246e-01
-2.151676416397094727e+00 -7.434273958206176758e-01 1.803849339485168457e+00
-1.305429220199584961e+00 -7.972866296768188477e-01 -1.315235495567321777e+00
5.244344100356101990e-02 -8.235157728195190430e-01 6.882520318031311035e-01
-1.147351622581481934e+00 -8.131658434867858887e-01 -7.620723545551300049e-02
-3.386177420616149902e-01 -8.648436665534973145e-01 -9.158850908279418945e-01
-9.079229831695556641e-01 -1.071085214614868164e+00 3.592156171798706055e+00
-2.622864484786987305e+00 -1.015528321266174316e+00 -1.693306803703308105e+00
-2.981988489627838135e-01 -8.932405710220336914e-01 -5.127488076686859131e-02
-1.152360439300537109e+00 -8.288849592208862305e-01 1.724213710986077785e-03
-8.578178286552429199e-01 -1.014464259147644043e+00 -1.410709977149963379e+00
4.543463289737701416e-01 -1.269913554191589355e+00 2.084099769592285156e+00
-2.648716211318969727e+00 -1.132327914237976074e+00 -4.589759409427642822e-01
-4.217706918716430664e-01 -9.647299051284790039e-01 -4.408122897148132324e-01
-1.351318597793579102e+00 -1.049247026443481445e+00 8.636189699172973633e-01
-3.312762260437011719e+00 -2.237907409667968750e+00 -5.067369937896728516e+00
-1.969743371009826660e-01 -1.070215344429016113e+00 2.692630589008331299e-01
-1.148939490318298340e+00 -8.446522951126098633e-01 -5.150182172656059265e-02
-3.955767452716827393e-01 -1.263994097709655762e+00 -1.305154085159301758e+00
-8.086851239204406738e-02 -2.168524026870727539e+00 3.631117343902587891e+00
-4.012912273406982422e+00 -2.149005413055419922e+00 -2.020021915435791016e+00
-4.374212622642517090e-01 -1.056998848915100098e+00 -1.902130395174026489e-01
-3.948788404464721680e+00 -2.831798791885375977e+00 3.626201152801513672e+00
-1.434619665145874023e+00 -3.107938528060913086e+00 -5.124628067016601562e+00
-3.676370978355407715e-01 -1.255068302154541016e+00 5.408324003219604492e-01
-2.322185277938842773e+00 -1.463185310363769531e+00 -1.018038913607597351e-01
4.841450750827789307e-01 -1.916671276092529297e+00 -1.460403800010681152e+00
-1.117831230163574219e+00 -1.253575086593627930e+00 6.858149170875549316e-01
-1.942437767982482910e+00 -1.710773348808288574e+00 -1.287578940391540527e+00
-2.850764393806457520e-01 -1.298143386840820312e+00 5.223667994141578674e-02
-2.486747741699218750e+00 -1.946877837181091309e+00 8.099271059036254883e-01
-7.183112502098083496e-01 -1.657722473144531250e+00 -1.248833894729614258e+00
2.388055920600891113e-01 -2.912183523178100586e+00 2.437099218368530273e+00
-2.476744651794433594e+00 -2.009053945541381836e+00 -6.291373372077941895e-01
-1.042176842689514160e+00 -8.099526166915893555e-01 -8.931497484445571899e-02
-1.288855791091918945e+00 -1.306241869926452637e+00 4.246997237205505371e-01
-1.713948011398315430e+00 -2.939702033996582031e+00 -2.306552410125732422e+00
-3.679657578468322754e-01 -1.571664690971374512e+00 3.102415502071380615e-01
-3.193296909332275391e+00 -3.071778774261474609e+00 3.616471588611602783e-01
4.175806343555450439e-01 -3.542841434478759766e+00 -2.123200416564941406e+00
-8.749498724937438965e-01 -2.443248033523559570e+00 1.308004498481750488e+00
-1.991927027702331543e+00 -2.359757423400878906e+00 -9.057456851005554199e-01
-3.819717764854431152e-01 -1.684528350830078125e+00 -1.101665571331977844e-01
-1.431068778038024902e+00 -1.583209872245788574e+00 2.902051508426666260e-01
-1.042176842689514160e+00 -8.099526166915893555e-01 -8.931497484445571899e-02
-3.499123454093933105e-01 -2.640940666198730469e+00 7.568975687026977539e-01
-2.210837602615356445e+00 -2.984393835067749023e+00 -2.581807971000671387e-01
-7.645303755998611450e-02 -3.208665132522583008e+00 -7.473508119583129883e-01
-1.213374853134155273e+00 -2.554982423782348633e+00 6.384438872337341309e-01
-1.433542966842651367e+00 -3.004296064376831055e+00 -7.880163788795471191e-01
-1.042176842689514160e+00 -8.099526166915893555e-01 -8.931497484445571899e-02
-1.452868938446044922e+00 -3.016566753387451172e+00 9.559455513954162598e-02
-1.042176842689514160e+00 -3.374142169952392578e+00 -8.931497484445571899e-02
