-1.549849629402160645e+00 -3.966050446033477783e-01 9.579508900642395020e-01
-1.685120940208435059e+00 -4.445431828498840332e-01 1.081870436668395996e+00
-1.478840708732604980e+00 1.426600337028503418e+00 1.488407254219055176e-01
-1.401041984558105469e+00 -6.731756925582885742e-01 1.152044177055358887e+00
-2.088496446609497070e+00 -6.654164195060729980e-02 8.626718521118164062e-01
-8.894125223159790039e-01 2.633526325225830078e-01 5.378348827362060547e-01
-1.649689316749572754e+00 -6.351024508476257324e-01 1.329349637031555176e+00
-1.882972955703735352e+00 -1.328906863927841187e-01 3.165422976016998291e-01
-1.266736149787902832e+00 -8.797306418418884277e-01 1.061343431472778320e+00
-2.026571273803710938e+00 -6.094046235084533691e-01 1.154734611511230469e+00
-5.817269682884216309e-01 1.680981636047363281e+00 -1.110870957374572754e+00
-1.339426040649414062e+00 -4.732849895954132080e-01 1.628814578056335449e+00
-2.702667474746704102e+00 2.030768543481826782e-01 2.898693978786468506e-01
-1.220349431037902832e+00 -9.750357866287231445e-01 8.855112195014953613e-01
-1.916054248809814453e+00 -6.880557537078857422e-01 1.478839397430419922e+00
-1.657039165496826172e+00 -5.326398611068725586e-01 1.307768225669860840e-01
7.411028742790222168e-01 1.410912036895751953e+00 2.888768196105957031e+00
-2.181714534759521484e+00 -7.928277850151062012e-01 9.840804934501647949e-01
-1.329200983047485352e+00 -1.086517214775085449e+00 7.383760213851928711e-01
-1.615064859390258789e+00 -2.388161420822143555e-01 2.368289470672607422e+00
-2.709272146224975586e+00 -3.203756350558251143e-04 -4.314247667789459229e-01
-1.157118678092956543e+00 -1.064267039299011230e+00 1.010792255401611328e+00
-2.084701538085937500e+00 -9.079622626304626465e-01 1.330086827278137207e+00
-1.498586416244506836e+00 -1.195273399353027344e+00 7.300806045532226562e-01
-1.096661210060119629e+00 -7.954565882682800293e-01 1.748825192451477051e+00
-2.225507974624633789e+00 -9.393400549888610840e-01 7.423974871635437012e-01
-1.150478124618530273e+00 -1.106007814407348633e+00 7.734311223030090332e-01
-2.689826011657714844e+00 1.635495722293853760e-01 3.681866168975830078e+00
-1.961041212081909180e+00 -7.574777007102966309e-01 -1.852663606405258179e-01
-5.437844991683959961e-01 -8.261898159980773926e-01 1.486710548400878906e+00
-2.224901676177978516e+00 -1.044106721878051758e+00 1.135892391204833984e+00
-1.293367981910705566e+00 -1.152230381965637207e+00 5.590628981590270996e-01
-1.336701989173889160e+00 -8.677017688751220703e-01 2.198196172714233398e+00
-3.137077093124389648e+00 -6.335335373878479004e-01 -2.712872922420501709e-01
-1.096822381019592285e+00 -1.193434476852416992e+00 9.204185009002685547e-01
-2.082433462142944336e+00 -1.103038430213928223e+00 1.533658504486083984e+00
-1.548289656639099121e+00 -1.252669334411621094e+00 6.381868720054626465e-01
2.475376129150390625e-01 -6.451470851898193359e-01 2.939307928085327148e+00
-2.372074842453002930e+00 -1.146077632904052734e+00 8.817472457885742188e-01
-1.145959377288818359e+00 -1.233255743980407715e+00 6.514126062393188477e-01
-1.947194576263427734e+00 -9.091827273368835449e-01 3.142109870910644531e+00
-2.250051021575927734e+00 -1.114159464836120605e+00 -1.547392010688781738e-01
-1.203812718391418457e+00 -1.288316965103149414e+00 1.052785277366638184e+00
-2.237465620040893555e+00 -1.240939974784851074e+00 1.310824036598205566e+00
-1.344435334205627441e+00 -1.277247905731201172e+00 4.038811326026916504e-01
-1.175865173339843750e+00 -1.252768278121948242e+00 1.876634478569030762e+00
-4.106792926788330078e+00 -1.142743468284606934e+00 -2.538322806358337402e-01
-1.100612878799438477e+00 -1.319542050361633301e+00 8.194463849067687988e-01
-2.403520345687866211e+00 -1.292129158973693848e+00 2.414588451385498047e+00
-1.623854041099548340e+00 -1.339754343032836914e+00 6.133250594139099121e-01
2.104987144470214844e+00 -1.388601183891296387e+00 3.554175615310668945e+00
-3.389682769775390625e+00 -1.399524688720703125e+00 1.187245726585388184e+00
-1.217622876167297363e+00 -1.369235038757324219e+00 5.676372051239013672e-01
-1.512691974639892578e+00 -1.415589094161987305e+00 1.976876854896545410e+00
-2.712469339370727539e+00 -1.494518995285034180e+00 -2.218094766139984131e-01
-1.150858163833618164e+00 -1.387981891632080078e+00 9.783515930175781250e-01
-3.578549146652221680e+00 -1.691896796226501465e+00 2.634163618087768555e+00
-1.470594167709350586e+00 -1.431234002113342285e+00 3.898868858814239502e-01
-8.306785821914672852e-01 -1.564354419708251953e+00 2.002409696578979492e+00
-3.245572090148925781e+00 -1.683586239814758301e+00 5.677691102027893066e-01
-1.168267369270324707e+00 -1.438511133193969727e+00 7.417616248130798340e-01
-2.545113325119018555e+00 -2.113709449768066406e+00 4.025865554809570312e+00
-1.708930850028991699e+00 -1.443359971046447754e+00 6.091796755790710449e-01
-1.319893479347229004e+00 -1.414125323295593262e+00 1.055510044097900391e+00
-3.759421586990356445e+00 -2.061462879180908203e+00 1.740535974502563477e+00
-1.325801968574523926e+00 -1.500640869140625000e+00 5.366612076759338379e-01
-1.181965112686157227e+00 -1.863228797912597656e+00 2.381728887557983398e+00
-1.745947599411010742e+00 -1.431705713272094727e+00 8.305051326751708984e-01
-1.153480887413024902e+00 -1.505234003067016602e+00 8.918203115463256836e-01
-3.726091146469116211e+00 -2.857114076614379883e+00 3.739836454391479492e+00
-1.598828315734863281e+00 -1.630114316940307617e+00 3.295203745365142822e-01
-1.431516885757446289e+00 -1.421400427818298340e+00 1.068495988845825195e+00
-1.812945246696472168e+00 -1.477581858634948730e+00 9.553838968276977539e-01
-1.277425408363342285e+00 -1.540846705436706543e+00 7.132332921028137207e-01
-1.852014780044555664e+00 -3.115151643753051758e+00 4.053834438323974609e+00
-1.839421391487121582e+00 -1.633066773414611816e+00 5.725255608558654785e-01
-1.207093477249145508e+00 -1.564329862594604492e+00 1.022034525871276855e+00
-1.895325064659118652e+00 -1.615215539932250977e+00 1.173008561134338379e+00
-1.441929459571838379e+00 -1.625813245773315430e+00 5.715699791908264160e-01
-1.489600419998168945e+00 -1.442190527915954590e+00 1.076777219772338867e+00
-1.944740414619445801e+00 -1.673389315605163574e+00 8.093550205230712891e-01
-1.268167495727539062e+00 -1.593713641166687012e+00 8.448803424835205078e-01
-1.611552476882934570e+00 -1.467453956604003906e+00 1.086523652076721191e+00
-1.722687125205993652e+00 -1.891270160675048828e+00 3.874863088130950928e-01
-1.258822917938232422e+00 -1.672111988067626953e+00 1.130421519279479980e+00
-1.924606442451477051e+00 -1.737358331680297852e+00 1.036515116691589355e+00
-1.389427065849304199e+00 -1.643650650978088379e+00 7.344334721565246582e-01
-1.531819462776184082e+00 -1.519414901733398438e+00 1.108608126640319824e+00
-2.053876638412475586e+00 -2.165787696838378906e+00 5.246757268905639648e-01
-1.295273900032043457e+00 -1.680552244186401367e+00 9.499105215072631836e-01
-1.758697748184204102e+00 -1.758580207824707031e+00 1.161765933036804199e+00
-1.533472418785095215e+00 -1.793651819229125977e+00 6.656201481819152832e-01
-1.407332539558410645e+00 -1.720262050628662109e+00 1.132161378860473633e+00
-1.936890959739685059e+00 -2.063454389572143555e+00 9.020252823829650879e-01
-1.402912139892578125e+00 -1.708285450935363770e+00 8.578289747238159180e-01
-1.595275998115539551e+00 -1.806347846984863281e+00 1.151057124137878418e+00
-1.838240027427673340e+00 -2.960286140441894531e+00 4.430907666683197021e-01
-1.428741216659545898e+00 -1.778214216232299805e+00 9.978937506675720215e-01
-1.655043125152587891e+00 -1.908510684967041016e+00 1.005313038825988770e+00
-1.549849629402160645e+00 -1.926127314567565918e+00 9.579508900642395020e-01
