-2.252892255783081055e+00 -6.122911572456359863e-01 -3.089892148971557617e+00
-2.323328256607055664e+00 -2.638404965400695801e-01 -3.025367021560668945e+00
-2.250491857528686523e+00 -6.381997466087341309e-01 -3.117242813110351562e+00
-2.131604194641113281e+00 -1.856247782707214355e-01 -2.931693315505981445e+00
-2.320487260818481445e+00 -5.716093182563781738e-01 -3.101848840713500977e+00
-1.738200545310974121e+00 5.202755928039550781e-01 -3.417296886444091797e+00
-2.286829233169555664e+00 -4.910998344421386719e-01 -2.963647842407226562e+00
-2.279916763305664062e+00 -6.336368918418884277e-01 -3.141926288604736328e+00
-1.878106713294982910e+00 -1.181395649909973145e-01 -2.953021049499511719e+00
-2.394042015075683594e+00 -5.145329236984252930e-01 -3.031627655029296875e+00
-1.840068817138671875e+00 5.577774643898010254e-01 -3.972071886062622070e+00
-2.140792369842529297e+00 -2.683370709419250488e-01 -2.732499599456787109e+00
-2.363224029541015625e+00 -5.838331580162048340e-01 -3.153831720352172852e+00
-1.685613274574279785e+00 -9.779004007577896118e-02 -3.214606761932373047e+00
-2.450841665267944336e+00 -3.776367306709289551e-01 -2.808329582214355469e+00
-2.262111186981201172e+00 -6.621096730232238770e-01 -3.161033868789672852e+00
-1.346252560615539551e-01 1.814788818359375000e+00 -1.304614424705505371e+00
-2.587241172790527344e+00 -4.405440986156463623e-01 -3.076065778732299805e+00
-1.380217075347900391e+00 2.838143408298492432e-01 -3.958320379257202148e+00
-2.277227640151977539e+00 -3.196816742420196533e-01 -2.563615322113037109e+00
-2.334136009216308594e+00 -6.377251148223876953e-01 -3.187249422073364258e+00
-1.068187713623046875e+00 1.099384874105453491e-01 -2.930491924285888672e+00
-3.177824258804321289e+00 2.103346958756446838e-02 -2.446348428726196289e+00
-2.236189842224121094e+00 -6.835976839065551758e-01 -3.164136409759521484e+00
-1.728577256202697754e+00 -9.798923879861831665e-02 -2.174892663955688477e+00
-2.608355998992919922e+00 -5.193012356758117676e-01 -3.203294754028320312e+00
-1.155249238014221191e+00 -7.961116731166839600e-02 -3.597031116485595703e+00
-2.552662849426269531e+00 -3.355841636657714844e-01 -2.373605728149414062e+00
-2.291268110275268555e+00 -6.771571040153503418e-01 -3.196586847305297852e+00
-7.635403871536254883e-01 3.370593488216400146e-02 -2.307130575180053711e+00
-2.444599151611328125e+00 -6.468607187271118164e-01 -3.039358854293823242e+00
-2.043192625045776367e+00 -5.756013989448547363e-01 -3.416023254394531250e+00
-2.107388973236083984e+00 -4.071595072746276855e-01 -2.243250370025634766e+00
-2.498678922653198242e+00 -6.219206452369689941e-01 -3.280243158340454102e+00
2.310625463724136353e-01 8.996472507715225220e-02 -3.295682668685913086e+00
-3.085092782974243164e+00 -3.563829660415649414e-01 -2.190307855606079102e+00
-2.252353429794311523e+00 -7.005165815353393555e-01 -3.200362682342529297e+00
-1.380829572677612305e+00 -3.930927813053131104e-01 -2.128570318222045898e+00
-2.691925048828125000e+00 -6.265161633491516113e-01 -3.130581617355346680e+00
-1.922930836677551270e+00 -6.419185996055603027e-01 -3.340321063995361328e+00
-2.407428026199340820e+00 -5.629892349243164062e-01 -2.240426778793334961e+00
-2.371665477752685547e+00 -6.929613947868347168e-01 -3.278634548187255859e+00
-8.527605980634689331e-02 -3.873177766799926758e-01 -2.495838403701782227e+00
-4.351211547851562500e+00 -4.194260835647583008e-01 -2.013069391250610352e+00
-2.213485002517700195e+00 -7.191578745841979980e-01 -3.196186542510986328e+00
-1.903144836425781250e+00 -6.471538543701171875e-01 -2.230746269226074219e+00
-3.926284790039062500e+00 -6.005682945251464844e-01 -3.882944107055664062e+00
-8.774203658103942871e-01 -6.590445041656494141e-01 -3.513964891433715820e+00
-2.766622304916381836e+00 -7.010293006896972656e-01 -2.213302850723266602e+00
-2.290217399597167969e+00 -7.300365567207336426e-01 -3.263708829879760742e+00
-2.252892255783081055e+00 -7.318323850631713867e-01 -3.089892148971557617e+00
-2.479378938674926758e+00 -7.387518882751464844e-01 -3.061665534973144531e+00
-2.178117752075195312e+00 -7.376662492752075195e-01 -3.177740335464477539e+00
-2.202694416046142578e+00 -8.294703364372253418e-01 -1.713384032249450684e+00
-2.408011198043823242e+00 -7.520062923431396484e-01 -3.247298002243041992e+00
9.364983439445495605e-01 -1.088882923126220703e+00 -2.926816463470458984e+00
-3.541078090667724609e+00 -9.531752467155456543e-01 -2.025528907775878906e+00
-2.231030702590942383e+00 -7.560837864875793457e-01 -3.246585845947265625e+00
-1.761405587196350098e+00 -8.828923106193542480e-01 -2.376101255416870117e+00
-2.575976848602294922e+00 -7.966639995574951172e-01 -3.164233207702636719e+00
-2.027052879333496094e+00 -7.881741523742675781e-01 -3.217843770980834961e+00
-3.009453058242797852e+00 -1.317456245422363281e+00 -7.577828168869018555e-01
-2.318573236465454102e+00 -7.731387615203857422e-01 -3.233891963958740234e+00
-3.985058665275573730e-01 -1.302852511405944824e+00 -2.303166866302490234e+00
-4.096477031707763672e+00 -1.331028342247009277e+00 -2.436932325363159180e+00
-2.181268692016601562e+00 -7.821263670921325684e-01 -3.224570035934448242e+00
-1.460718274116516113e+00 -1.851374268531799316e+00 -2.403933368623256683e-02
-2.428808212280273438e+00 -8.111261725425720215e-01 -3.204221487045288086e+00
-1.671299338340759277e+00 -9.694164991378784180e-01 -3.186925649642944336e+00
-2.960952997207641602e+00 -1.224361181259155273e+00 -2.184779405593872070e+00
-2.263054132461547852e+00 -7.913361787796020508e-01 -3.220276117324829102e+00
-1.630597710609436035e+00 -1.142472505569458008e+00 -2.508551597595214844e+00
-2.467904567718505859e+00 -8.415606021881103516e-01 -3.091989994049072266e+00
-2.144061088562011719e+00 -8.107446432113647461e-01 -3.187654733657836914e+00
-2.464559078216552734e+00 -1.973005056381225586e+00 -9.212235212326049805e-01
-2.335031986236572266e+00 -8.140231966972351074e-01 -3.199221611022949219e+00
-1.649963140487670898e+00 -1.120611071586608887e+00 -2.977165222167968750e+00
-3.122381925582885742e+00 -1.416149497032165527e+00 -2.548636913299560547e+00
-2.223308324813842773e+00 -8.092730641365051270e-01 -3.195809841156005859e+00
-1.126800298690795898e+00 -2.579871177673339844e+00 -8.689603209495544434e-01
-2.426870822906494141e+00 -8.772544264793395996e-01 -3.155359506607055664e+00
-2.012006759643554688e+00 -9.459652304649353027e-01 -3.186586380004882812e+00
-2.678311109542846680e+00 -1.587725043296813965e+00 -2.203430414199829102e+00
-2.281571626663208008e+00 -8.227557539939880371e-01 -3.184550523757934570e+00
-4.364250004291534424e-01 -2.784045934677124023e+00 -2.013402223587036133e+00
-2.352946043014526367e+00 -8.370352983474731445e-01 -3.068916797637939453e+00
-2.198814868927001953e+00 -8.330734968185424805e-01 -3.165238380432128906e+00
-2.061523437500000000e+00 -2.600919961929321289e+00 -1.490847587585449219e+00
-2.350174427032470703e+00 -8.905775547027587891e-01 -3.173518419265747070e+00
-1.740016579627990723e+00 -1.411240458488464355e+00 -3.106090545654296875e+00
-2.854440689086914062e+00 -1.927927374839782715e+00 -2.502840280532836914e+00
-2.248165845870971680e+00 -8.618007898330688477e-01 -3.174259662628173828e+00
-1.747120976448059082e+00 -2.069559812545776367e+00 -2.471645832061767578e+00
-2.358329534530639648e+00 -9.280117154121398926e-01 -3.105127334594726562e+00
-2.182997465133666992e+00 -9.054403305053710938e-01 -3.137517690658569336e+00
-2.370857954025268555e+00 -1.934263110160827637e+00 -2.588422536849975586e+00
-2.288104057312011719e+00 -9.292603135108947754e-01 -3.152755260467529297e+00
-1.950502872467041016e+00 -1.817710161209106445e+00 -2.990160942077636719e+00
-2.495490312576293945e+00 -2.035291671752929688e+00 -2.980664968490600586e+00
-2.252892255783081055e+00 -1.939148068428039551e+00 -3.089892148971557617e+00
