-2.228139638900756836e+00 6.953946352005004883e-01 -9.959952831268310547e-01
-2.321230649948120117e+00 -2.588005922734737396e-02 -9.107161760330200195e-01
-2.190203666687011719e+00 8.354108333587646484e-01 -1.428256988525390625e+00
-2.096970081329345703e+00 -5.368980765342712402e-02 -8.249078392982482910e-01
-2.455354690551757812e+00 -1.058220490813255310e-01 -1.036186456680297852e+00
-1.350335121154785156e+00 1.491066813468933105e+00 -1.554382681846618652e+00
-2.281226158142089844e+00 -2.678291797637939453e-01 -7.985162734985351562e-01
-2.588288784027099609e+00 6.642264723777770996e-01 -1.689440369606018066e+00
-7.689990997314453125e-01 1.744872927665710449e+00 -4.631195068359375000e-01
-2.478957891464233398e+00 -2.582646012306213379e-01 -8.924611806869506836e-01
-1.983629465103149414e+00 1.194219365715980530e-01 -1.518499255180358887e+00
-2.155091047286987305e+00 -3.423663675785064697e-01 -7.631045579910278320e-01
-2.527406930923461914e+00 -2.429602742195129395e-01 -1.169426679611206055e+00
-1.329821467399597168e+00 3.596439063549041748e-01 -1.193488001823425293e+00
-2.334403753280639648e+00 -4.542567133903503418e-01 -8.448455333709716797e-01
-2.289119482040405273e+00 -1.832061409950256348e-01 -1.466573119163513184e+00
-1.991958618164062500e+00 -3.604564666748046875e-01 -7.969416975975036621e-01
-2.494083166122436523e+00 -4.127051234245300293e-01 -9.849976897239685059e-01
-1.662199258804321289e+00 1.426143571734428406e-02 -1.559181571006774902e+00
-2.234524250030517578e+00 -5.362685322761535645e-01 -8.579245805740356445e-01
-2.540591001510620117e+00 -2.824757397174835205e-01 -1.370416522026062012e+00
1.077338084578514099e-01 1.015315771102905273e+00 -6.817067861557006836e-01
-2.471591472625732422e+00 -4.462355077266693115e-01 -8.266077637672424316e-01
-2.104612112045288086e+00 -2.876665890216827393e-01 -1.545087337493896484e+00
-2.153167724609375000e+00 -5.537644624710083008e-01 -8.651593327522277832e-01
-2.538499593734741211e+00 -4.588340520858764648e-01 -1.095008611679077148e+00
-3.905913233757019043e-01 4.474763572216033936e-01 -1.844989180564880371e+00
-2.809451341629028320e+00 1.240023225545883179e-01 3.930192887783050537e-01
-2.371770620346069336e+00 -4.397622942924499512e-01 -1.395326018333435059e+00
-1.960280299186706543e+00 -5.067160129547119141e-01 -8.552159070968627930e-01
-2.517208814620971680e+00 -5.162715315818786621e-01 -9.197975993156433105e-01
-1.821025609970092773e+00 -3.410886824131011963e-01 -1.629151105880737305e+00
-1.993396997451782227e+00 -1.205978840589523315e-01 3.699052333831787109e-01
-4.266259670257568359e+00 2.670153081417083740e-01 -2.574430227279663086e+00
-8.055492639541625977e-01 -1.737448424100875854e-01 -1.113853931427001953e+00
-2.502872228622436523e+00 -5.204514861106872559e-01 -6.990174651145935059e-01
-2.225939750671386719e+00 -5.165585875511169434e-01 -1.446964144706726074e+00
-4.821225106716156006e-01 3.381620720028877258e-02 9.287337660789489746e-01
-3.885722160339355469e+00 -2.467729449272155762e-01 -1.149619698524475098e+00
-1.321954250335693359e+00 -3.974641561508178711e-01 -1.683757781982421875e+00
-2.324113845825195312e+00 -5.395381450653076172e-01 -4.684367477893829346e-01
-2.332570075988769531e+00 -6.102207899093627930e-01 -1.161945700645446777e+00
-1.942959785461425781e+00 -5.990721583366394043e-01 -9.178392887115478516e-01
-2.615294694900512695e+00 -5.867565870285034180e-01 -7.973137497901916504e-01
-2.051274299621582031e+00 -5.875129103660583496e-01 -1.473059058189392090e+00
-1.811947822570800781e+00 -5.436321496963500977e-01 2.636962570250034332e-02
-4.354685783386230469e+00 -4.775874614715576172e-01 -2.003805160522460938e+00
-8.658615350723266602e-01 -5.723080635070800781e-01 -1.416000127792358398e+00
-2.453681707382202148e+00 -6.308743357658386230e-01 -6.111475229263305664e-01
-2.681930303573608398e+00 -6.225643754005432129e-01 -3.109219551086425781e+00
-1.452075004577636719e+00 -6.540138125419616699e-01 -4.447153508663177490e-01
-2.976967573165893555e+00 -6.672756075859069824e-01 -9.026703238487243652e-01
-2.008915662765502930e+00 -6.615014672279357910e-01 -1.253548741340637207e+00
-2.201029777526855469e+00 -6.971282362937927246e-01 -2.525969445705413818e-01
-4.110565662384033203e+00 -8.892159461975097656e-01 -2.906173944473266602e+00
-5.376797318458557129e-01 -8.336438536643981934e-01 -9.095609188079833984e-01
-2.605480194091796875e+00 -7.092344164848327637e-01 -6.842176914215087891e-01
-1.876988887786865234e+00 -1.033933520317077637e+00 -3.512871503829956055e+00
-1.796595454216003418e+00 -7.770342230796813965e-01 -3.692595362663269043e-01
-2.680249214172363281e+00 -7.351201176643371582e-01 -1.100024700164794922e+00
-2.906310558319091797e-01 -1.127762317657470703e+00 -2.093710184097290039e+00
-2.399969816207885742e+00 -7.774046659469604492e-01 -4.663265943527221680e-01
-3.104105710983276367e+00 -1.195286512374877930e+00 -2.916472196578979492e+00
-3.459073007106781006e-01 -1.223992586135864258e+00 -1.974562555551528931e-01
-3.552886247634887695e+00 -1.074962615966796875e+00 -5.267971754074096680e-01
-1.682982683181762695e+00 -1.027206063270568848e+00 -2.021085023880004883e+00
-2.031610012054443359e+00 -9.221436381340026855e-01 -2.353914380073547363e-01
-2.642374515533447266e+00 -8.311133384704589844e-01 -1.265210270881652832e+00
4.684961736202239990e-01 -1.745989441871643066e+00 -1.445904850959777832e+00
-2.484784364700317383e+00 -8.229205012321472168e-01 -6.679267883300781250e-01
-2.466531276702880859e+00 -2.040322542190551758e+00 -4.054725170135498047e+00
-1.882247447967529297e+00 -8.726453781127929688e-01 -6.728667020797729492e-01
-2.609829902648925781e+00 -8.391876220703125000e-01 -9.997193813323974609e-01
-1.546165585517883301e+00 -1.138889431953430176e+00 -1.608609795570373535e+00
-2.310610055923461914e+00 -1.127987623214721680e+00 -1.510314643383026123e-01
-2.622931003570556641e+00 -1.039434671401977539e+00 -1.521469950675964355e+00
-1.895882010459899902e+00 -8.586429953575134277e-01 -9.338745474815368652e-01
-2.481845378875732422e+00 -8.440725803375244141e-01 -8.380640745162963867e-01
-2.113637924194335938e+00 -9.441242218017578125e-01 -1.405939579010009766e+00
-2.119112491607666016e+00 -8.233233094215393066e-01 -7.809665799140930176e-01
-2.524375200271606445e+00 -8.920099735260009766e-01 -1.107467532157897949e+00
-1.950140833854675293e+00 -8.915221095085144043e-01 -1.107587337493896484e+00
-2.322323799133300781e+00 -8.338853716850280762e-01 -7.997399568557739258e-01
-2.390238285064697266e+00 -1.158307433128356934e+00 -1.531015872955322266e+00
-2.045292139053344727e+00 -8.509758710861206055e-01 -8.876346349716186523e-01
-2.441897869110107422e+00 -8.691569566726684570e-01 -9.511828422546386719e-01
-2.081098556518554688e+00 -9.196810722351074219e-01 -1.200868129730224609e+00
-2.208174228668212891e+00 -8.393986225128173828e-01 -8.291678428649902344e-01
-2.395720243453979492e+00 -9.178563952445983887e-01 -1.140052080154418945e+00
-2.048220872879028320e+00 -8.827367424964904785e-01 -1.001677751541137695e+00
-2.334020137786865234e+00 -8.549264669418334961e-01 -8.926663398742675781e-01
-2.217724323272705078e+00 -9.307969212532043457e-01 -1.181907892227172852e+00
-2.148696660995483398e+00 -8.545185923576354980e-01 -8.988854885101318359e-01
-2.356150150299072266e+00 -8.825774192810058594e-01 -1.014492154121398926e+00
-2.125770807266235352e+00 -8.986667394638061523e-01 -1.065748572349548340e+00
-2.249032974243164062e+00 -8.573651313781738281e-01 -9.071779847145080566e-01
-2.274472236633300781e+00 -9.041795134544372559e-01 -1.078712463378906250e+00
-2.165377378463745117e+00 -8.697763085365295410e-01 -9.752956628799438477e-01
-2.270735025405883789e+00 -8.732596039772033691e-01 -9.768171310424804688e-01
-2.228139638900756836e+00 -8.759962916374206543e-01 -9.959952831268310547e-01
