-1.564458250999450684e+00 2.776501178741455078e-01 -5.993132114410400391e+00
-1.564458250999450684e+00 -7.946975827217102051e-01 -5.993132114410400391e+00
-1.530808806419372559e+00 5.178982019424438477e-01 -6.376549720764160156e+00
-1.396538734436035156e+00 -3.849034011363983154e-02 -5.774110794067382812e+00
-2.394779443740844727e+00 1.173441886901855469e+00 -6.140004158020019531e+00
-9.090844988822937012e-01 7.996522188186645508e-01 -6.410027027130126953e+00
-1.680264711380004883e+00 2.677522227168083191e-02 -5.562337875366210938e+00
-2.336115360260009766e+00 2.009167194366455078e+00 -7.478910923004150391e+00
-7.530874013900756836e-01 5.338822007179260254e-01 -5.696820735931396484e+00
-1.808871865272521973e+00 -4.184242486953735352e-01 -5.892241954803466797e+00
-1.108388900756835938e+00 6.300072669982910156e-01 -6.967725753784179688e+00
-1.379489898681640625e+00 -2.991640567779541016e-02 -5.403423786163330078e+00
-2.204408168792724609e+00 6.373227387666702271e-02 -6.363996028900146484e+00
-1.564458250999450684e+00 -7.946975827217102051e-01 -5.993132114410400391e+00
-2.088908910751342773e+00 1.437153816223144531e-01 -5.247154712677001953e+00
-1.755983829498291016e+00 6.538116335868835449e-01 -7.471121311187744141e+00
1.675214245915412903e-02 1.106263875961303711e+00 -4.660486221313476562e+00
-1.772994756698608398e+00 -6.130183935165405273e-01 -5.984508514404296875e+00
-6.992118954658508301e-01 2.123032510280609131e-01 -6.854167938232421875e+00
-1.588120937347412109e+00 -3.939404189586639404e-01 -5.481403827667236328e+00
-2.159903526306152344e+00 -1.049751117825508118e-01 -6.706674575805664062e+00
-3.429012000560760498e-01 7.325818389654159546e-02 -5.828773498535156250e+00
-2.531575918197631836e+00 -7.493952289223670959e-03 -5.320236682891845703e+00
-1.045222520828247070e+00 7.047872543334960938e-01 -8.301186561584472656e+00
-1.036910772323608398e+00 -1.569467335939407349e-01 -5.072491645812988281e+00
-1.672281861305236816e+00 -7.302300333976745605e-01 -6.027530670166015625e+00
-3.859780430793762207e-01 -9.444275498390197754e-02 -6.537620067596435547e+00
-1.767473220825195312e+00 -5.263445377349853516e-01 -5.508038043975830078e+00
-2.432296752929687500e+00 4.417386054992675781e-01 -8.405943870544433594e+00
1.809059828519821167e-01 1.024330630898475647e-01 -5.075817584991455078e+00
-2.925815105438232422e+00 -1.912932246923446655e-01 -5.634282588958740234e+00
-9.469596743583679199e-01 -3.346471786499023438e-01 -6.953484535217285156e+00
-1.470405936241149902e+00 -5.848313570022583008e-01 -5.445868968963623047e+00
-2.297511339187622070e+00 -4.668885469436645508e-01 -6.560849666595458984e+00
-3.774262666702270508e-01 -4.019773006439208984e-01 -6.091475486755371094e+00
-2.010590076446533203e+00 -5.934240818023681641e-01 -5.510876655578613281e+00
-1.555059909820556641e+00 -2.485680878162384033e-01 -7.919672966003417969e+00
-6.405585408210754395e-01 -4.358226954936981201e-01 -4.974667549133300781e+00
-1.795298337936401367e+00 -7.393231391906738281e-01 -6.014526367187500000e+00
-6.414059400558471680e-01 -5.431677699089050293e-01 -6.693696022033691406e+00
-1.654688835144042969e+00 -6.961131691932678223e-01 -5.497145175933837891e+00
-2.143541336059570312e+00 -6.051805615425109863e-01 -6.913353443145751953e+00
5.583514273166656494e-02 -5.371728539466857910e-01 -5.549077033996582031e+00
-2.942213058471679688e+00 -5.895718336105346680e-01 -5.286090850830078125e+00
-1.158557057380676270e+00 -6.641482710838317871e-01 -7.087980747222900391e+00
-1.058719515800476074e+00 -6.722514033317565918e-01 -4.750797271728515625e+00
-1.677225589752197266e+00 -7.858518958091735840e-01 -6.046574592590332031e+00
1.012669920921325684e+00 -6.583198308944702148e-01 -6.787688255310058594e+00
-1.841089010238647461e+00 -7.781108617782592773e-01 -5.521110534667968750e+00
-1.742646455764770508e+00 -7.861243486404418945e-01 -6.822923183441162109e+00
8.772076666355133057e-02 -8.151693344116210938e-01 -4.819501399993896484e+00
-1.835526347160339355e+00 -8.029791116714477539e-01 -5.959349632263183594e+00
-8.383963704109191895e-01 -8.513442873954772949e-01 -6.846139430999755859e+00
-1.545521616935729980e+00 -8.315306901931762695e-01 -5.473855972290039062e+00
-2.176008224487304688e+00 -8.742324709892272949e-01 -6.613698005676269531e+00
-3.546472489833831787e-01 -9.301352500915527344e-01 -5.931273460388183594e+00
-2.124464035034179688e+00 -8.909206986427307129e-01 -5.530427455902099609e+00
-1.217918992042541504e+00 -1.179117679595947266e+00 -8.476954460144042969e+00
-4.879744648933410645e-01 -1.125558137893676758e+00 -4.429744720458984375e+00
-1.735141992568969727e+00 -8.289477229118347168e-01 -6.032405853271484375e+00
1.765695452690124512e+00 -1.625495553016662598e+00 -7.879864215850830078e+00
-1.719533085823059082e+00 -9.147348999977111816e-01 -5.515111923217773438e+00
-1.869779109954833984e+00 -9.867116808891296387e-01 -6.662520885467529297e+00
1.216716170310974121e+00 -1.651103019714355469e+00 -4.813216209411621094e+00
-1.875654101371765137e+00 -8.958414196968078613e-01 -5.882913112640380859e+00
5.157456994056701660e-01 -2.255413293838500977e+00 -9.904658317565917969e+00
-1.436447143554687500e+00 -9.756095409393310547e-01 -5.497706890106201172e+00
-1.678615808486938477e+00 -8.461538553237915039e-01 -6.067324161529541016e+00
-2.094816267490386963e-01 -1.348213553428649902e+00 -6.219197750091552734e+00
-1.925876021385192871e+00 -1.046100616455078125e+00 -5.531132698059082031e+00
-1.603022336959838867e+00 -1.020513296127319336e+00 -6.487936496734619141e+00
-1.269201278686523438e+00 -9.895319342613220215e-01 -5.717306613922119141e+00
-1.753004431724548340e+00 -8.909192085266113281e-01 -5.994971752166748047e+00
3.649957478046417236e-03 -1.931715011596679688e+00 -7.401757240295410156e+00
-1.607902169227600098e+00 -1.049444317817687988e+00 -5.548019886016845703e+00
-2.837746620178222656e+00 -2.068778038024902344e+00 -7.687902927398681641e+00
-8.492627739906311035e-01 -1.255867481231689453e+00 -5.859415054321289062e+00
-1.838014960289001465e+00 -1.009995818138122559e+00 -5.822843551635742188e+00
-1.163064599037170410e+00 -1.845409631729125977e+00 -7.430220603942871094e+00
-1.375469207763671875e+00 -1.104848980903625488e+00 -5.620398998260498047e+00
-1.700644612312316895e+00 -9.085307121276855469e-01 -6.044378757476806641e+00
-8.408969640731811523e-01 -1.437900185585021973e+00 -6.283578395843505859e+00
-1.734230160713195801e+00 -1.136258840560913086e+00 -5.639371871948242188e+00
-1.687126159667968750e+00 -1.183597683906555176e+00 -6.398007869720458984e+00
-1.268534660339355469e+00 -1.129027009010314941e+00 -5.817759513854980469e+00
-1.808242321014404297e+00 -1.051027774810791016e+00 -5.942025184631347656e+00
-1.101104378700256348e+00 -1.662166714668273926e+00 -6.638724803924560547e+00
-1.521075606346130371e+00 -1.218413591384887695e+00 -5.630633831024169922e+00
-1.675396442413330078e+00 -9.757267832756042480e-01 -6.088497638702392578e+00
-1.050287365913391113e+00 -1.475821375846862793e+00 -6.009371280670166016e+00
-1.787313103675842285e+00 -1.237813234329223633e+00 -5.775647640228271484e+00
-1.473920345306396484e+00 -3.284282922744750977e+00 -7.609216690063476562e+00
-1.338001966476440430e+00 -1.393657565116882324e+00 -5.716315746307373047e+00
-1.766119599342346191e+00 -1.169914126396179199e+00 -6.022271156311035156e+00
-1.096702456474304199e+00 -1.956532478332519531e+00 -6.311856746673583984e+00
-1.632798075675964355e+00 -1.491288185119628906e+00 -5.702621459960937500e+00
-1.588416337966918945e+00 -9.290276169776916504e-01 -6.035904407501220703e+00
-1.376564264297485352e+00 -1.469423532485961914e+00 -5.931162834167480469e+00
-1.763314723968505859e+00 -1.863136768341064453e+00 -5.903599262237548828e+00
-1.564458250999450684e+00 -1.918648004531860352e+00 -5.993132114410400391e+00
