-1.265903949737548828e+00 4.994304105639457703e-02 1.850694179534912109e+00
-1.486127257347106934e+00 -3.877596557140350342e-02 2.052436828613281250e+00
-1.241886615753173828e+00 -5.651198625564575195e-01 1.577029109001159668e+00
-1.228251934051513672e+00 -1.332425355911254883e+00 1.899804592132568359e+00
-1.265903949737548828e+00 -1.501987338066101074e+00 1.850694179534912109e+00
-1.013612389564514160e+00 -8.882290124893188477e-01 1.690206885337829590e+00
-1.292868375778198242e+00 -1.310715198516845703e+00 1.951000571250915527e+00
-1.500623941421508789e+00 -6.491174697875976562e-01 1.398755073547363281e+00
-6.102797389030456543e-01 -4.284350275993347168e-01 2.090126991271972656e+00
-3.415213108062744141e+00 1.806862473487854004e+00 2.737897872924804688e+00
-6.436963081359863281e-01 4.417132139205932617e-01 5.210725665092468262e-01
-1.002271413803100586e+00 -4.119564592838287354e-01 2.691196441650390625e+00
-1.886252045631408691e+00 -6.698513031005859375e-01 1.491189837455749512e+00
-1.172634840011596680e+00 -1.397741317749023438e+00 1.830189228057861328e+00
-1.391268372535705566e+00 -1.277669548988342285e+00 2.029012203216552734e+00
-1.522244572639465332e+00 4.367187321186065674e-01 -1.274685710668563843e-01
-3.190143406391143799e-01 -3.636185228824615479e-01 2.648733615875244141e+00
-2.281969547271728516e+00 -6.167805194854736328e-01 1.892711639404296875e+00
-3.243860304355621338e-01 -4.062192440032958984e-01 9.137580990791320801e-01
-1.295135259628295898e+00 -1.006919264793395996e+00 2.482848405838012695e+00
-2.758477687835693359e+00 2.269066423177719116e-01 6.209193170070648193e-02
-8.868307471275329590e-01 -1.232643604278564453e+00 1.901697993278503418e+00
-1.553232312202453613e+00 -1.268111109733581543e+00 2.050609827041625977e+00
-1.075209140777587891e+00 -9.512857198715209961e-01 1.003036618232727051e+00
-6.852529048919677734e-01 -8.000396490097045898e-01 2.864007711410522461e+00
-2.019567728042602539e+00 -1.051373004913330078e+00 1.610254883766174316e+00
-1.141991615295410156e+00 -1.428358435630798340e+00 1.793443560600280762e+00
-1.436043739318847656e+00 -1.277090072631835938e+00 2.257234573364257812e+00
-1.934401392936706543e+00 -5.495584607124328613e-01 -7.898897863924503326e-03
-8.925973176956176758e-01 -1.310104846954345703e+00 2.046893596649169922e+00
-1.758668899536132812e+00 -1.283575534820556641e+00 1.980585455894470215e+00
5.765871405601501465e-01 -1.292898803949356079e-01 -1.014802813529968262e+00
-1.152880430221557617e+00 -1.249788999557495117e+00 2.508345842361450195e+00
-2.253149747848510742e+00 -1.060507655143737793e+00 1.086115598678588867e+00
-9.502838850021362305e-01 -1.397566914558410645e+00 1.824545741081237793e+00
-1.574400067329406738e+00 -1.362808465957641602e+00 2.184169530868530273e+00
-1.262053608894348145e+00 -1.278246402740478516e+00 1.061419963836669922e+00
-8.396849036216735840e-01 -1.336428999900817871e+00 2.320538520812988281e+00
-2.431076526641845703e+00 -1.222483038902282715e+00 1.742706298828125000e+00
-4.635094106197357178e-01 -1.283336520195007324e+00 1.241705298423767090e+00
-1.342250347137451172e+00 -1.418572545051574707e+00 2.270361423492431641e+00
-2.530043601989746094e+00 -1.088271260261535645e+00 -1.581502109766006470e-01
-8.857032656669616699e-01 -1.441559314727783203e+00 1.954891443252563477e+00
-1.583283305168151855e+00 -1.454734563827514648e+00 2.013567924499511719e+00
4.863927140831947327e-02 -1.079193115234375000e+00 -1.695060491561889648e+00
-6.111748218536376953e-01 -1.343468666076660156e+00 3.459019899368286133e+00
-2.635699510574340820e+00 -1.394537925720214844e+00 1.201522469520568848e+00
-9.616588354110717773e-01 -1.485887169837951660e+00 1.756892204284667969e+00
-1.352292418479919434e+00 -1.496807456016540527e+00 1.998100876808166504e+00
-1.428375601768493652e+00 -1.494170308113098145e+00 1.094092249870300293e+00
-8.712559342384338379e-01 -1.506877303123474121e+00 2.131033658981323242e+00
-1.789155721664428711e+00 -1.517973423004150391e+00 1.915906071662902832e+00
-4.665572345256805420e-01 -1.564351677894592285e+00 9.115888476371765137e-01
-1.250157952308654785e+00 -1.532614350318908691e+00 2.282476902008056641e+00
-1.869709253311157227e+00 -1.580515027046203613e+00 1.237986922264099121e+00
-8.095928430557250977e-01 -1.553071141242980957e+00 1.874025702476501465e+00
-1.333970427513122559e+00 -1.513682842254638672e+00 1.906934142112731934e+00
-5.288925766944885254e-01 -2.319562911987304688e+00 -3.431841135025024414e+00
-8.235310912132263184e-01 -1.637951970100402832e+00 2.493156433105468750e+00
-3.649949789047241211e+00 -1.980380654335021973e+00 1.302130818367004395e+00
-9.640100598335266113e-01 -1.577303051948547363e+00 1.679653167724609375e+00
-1.312677025794982910e+00 -1.538192510604858398e+00 1.994872689247131348e+00
-1.586927294731140137e+00 -1.703876614570617676e+00 1.146879315376281738e+00
-7.724087238311767578e-01 -1.653949022293090820e+00 2.060060024261474609e+00
-1.787307977676391602e+00 -1.671452403068542480e+00 2.035364866256713867e+00
8.259014487266540527e-01 -2.970849514007568359e+00 -2.082647323608398438e+00
-1.008652925491333008e+00 -1.865548014640808105e+00 2.846300840377807617e+00
-2.558713674545288086e+00 -2.084718465805053711e+00 1.010485887527465820e+00
-1.135801598429679871e-01 -1.972718358039855957e+00 1.658439278602600098e+00
-1.313409090042114258e+00 -1.535032033920288086e+00 1.911419987678527832e+00
-1.316475391387939453e+00 -1.798113107681274414e+00 1.201827883720397949e+00
-7.859100699424743652e-01 -1.818725943565368652e+00 2.299098968505859375e+00
-3.040717601776123047e+00 -2.407736301422119141e+00 1.833377480506896973e+00
-1.142038822174072266e+00 -1.591800570487976074e+00 1.739426612854003906e+00
-1.278072834014892578e+00 -1.573343157768249512e+00 1.975372433662414551e+00
-2.690688133239746094e+00 -2.927657842636108398e+00 -4.572013020515441895e-02
-3.966144025325775146e-01 -2.062519550323486328e+00 2.013221263885498047e+00
-1.310499191284179688e+00 -1.537085294723510742e+00 1.878454685211181641e+00
-1.174835443496704102e+00 -1.740373849868774414e+00 1.524646162986755371e+00
-9.238667488098144531e-01 -2.063307285308837891e+00 2.525276184082031250e+00
-2.270678520202636719e+00 -2.341840744018554688e+00 1.472601413726806641e+00
-5.338628888130187988e-01 -2.152728080749511719e+00 1.556844234466552734e+00
-1.292822599411010742e+00 -1.556144475936889648e+00 1.906785607337951660e+00
-1.395788788795471191e+00 -1.913767814636230469e+00 1.421998143196105957e+00
-7.145943045616149902e-01 -2.124847650527954102e+00 2.177415847778320312e+00
-2.170300960540771484e+00 -2.452928781509399414e+00 2.040292501449584961e+00
-1.135559439659118652e+00 -1.746012091636657715e+00 1.669084668159484863e+00
-1.256447792053222656e+00 -1.594345092773437500e+00 1.929708242416381836e+00
-2.168453693389892578e+00 -2.974770307540893555e+00 1.074838280677795410e+00
-5.021597146987915039e-01 -2.513721704483032227e+00 1.826572418212890625e+00
-1.292747020721435547e+00 -1.555361032485961914e+00 1.876890420913696289e+00
-1.253739476203918457e+00 -1.836483240127563477e+00 1.633560061454772949e+00
-1.214992284774780273e+00 -1.636644959449768066e+00 1.912927746772766113e+00
-1.846279621124267578e+00 -2.581849813461303711e+00 1.766832709312438965e+00
-1.211317181587219238e+00 -1.637572646141052246e+00 1.813499212265014648e+00
-1.273138403892517090e+00 -1.575729012489318848e+00 1.881447911262512207e+00
-1.358669161796569824e+00 -2.022110700607299805e+00 1.685081601142883301e+00
-1.234398484230041504e+00 -1.615123152732849121e+00 1.861085057258605957e+00
-1.278470039367675781e+00 -1.569503545761108398e+00 1.856351852416992188e+00
-1.265903949737548828e+00 -1.582309126853942871e+00 1.850694179534912109e+00
