5.153175830841064453e+00 5.026108741760253906e+00 -2.025681877136230469e+01
5.153175830841064453e+00 5.026108741760253906e+00 -2.025681877136230469e+01
5.153175830841064453e+00 5.026108741760253906e+00 -2.025681877136230469e+01
5.153175830841064453e+00 5.026108741760253906e+00 -2.025681877136230469e+01
5.153175830841064453e+00 5.026108741760253906e+00 -2.025681877136230469e+01
5.153175830841064453e+00 5.026108741760253906e+00 -2.025681877136230469e+01
5.153175830841064453e+00 5.026108741760253906e+00 -2.025681877136230469e+01
5.153175830841064453e+00 5.026108741760253906e+00 -2.025681877136230469e+01
5.153175830841064453e+00 5.026108741760253906e+00 -2.025681877136230469e+01
5.153175830841064453e+00 5.026108741760253906e+00 -2.025681877136230469e+01
5.153175830841064453e+00 5.026108741760253906e+00 -2.025681877136230469e+01
5.153175830841064453e+00 5.026108741760253906e+00 -2.025681877136230469e+01
5.153175830841064453e+00 5.026108741760253906e+00 -2.025681877136230469e+01
5.153175830841064453e+00 5.026108741760253906e+00 -2.025681877136230469e+01
5.153175830841064453e+00 5.026108741760253906e+00 -2.025681877136230469e+01
5.153175830841064453e+00 5.026108741760253906e+00 -2.025681877136230469e+01
5.153175830841064453e+00 5.026108741760253906e+00 -2.025681877136230469e+01
5.153175830841064453e+00 5.026108741760253906e+00 -2.025681877136230469e+01
5.153175830841064453e+00 5.026108741760253906e+00 -2.025681877136230469e+01
5.153175830841064453e+00 5.026108741760253906e+00 -2.025681877136230469e+01
5.153175830841064453e+00 5.026108741760253906e+00 -2.025681877136230469e+01
5.153175830841064453e+00 5.026108741760253906e+00 -2.025681877136230469e+01
5.153175830841064453e+00 5.026108741760253906e+00 -2.025681877136230469e+01
5.153175830841064453e+00 5.026108741760253906e+00 -2.025681877136230469e+01
5.153175830841064453e+00 5.026108741760253906e+00 -2.025681877136230469e+01
5.153175830841064453e+00 5.026108741760253906e+00 -2.025681877136230469e+01
5.153175830841064453e+00 5.026108741760253906e+00 -2.025681877136230469e+01
5.153175830841064453e+00 5.026108741760253906e+00 -2.025681877136230469e+01
5.153175830841064453e+00 5.026108741760253906e+00 -2.025681877136230469e+01
5.153175830841064453e+00 5.026108741760253906e+00 -2.025681877136230469e+01
5.153175830841064453e+00 5.026108741760253906e+00 -2.025681877136230469e+01
5.153175830841064453e+00 5.026108741760253906e+00 -2.025681877136230469e+01
5.153175830841064453e+00 5.026108741760253906e+00 -2.025681877136230469e+01
5.153175830841064453e+00 5.026108741760253906e+00 -2.025681877136230469e+01
5.153175830841064453e+00 5.026108741760253906e+00 -2.025681877136230469e+01
5.153175830841064453e+00 5.026108741760253906e+00 -2.025681877136230469e+01
5.153175830841064453e+00 5.026108741760253906e+00 -2.025681877136230469e+01
5.153175830841064453e+00 5.026108741760253906e+00 -2.025681877136230469e+01
4.935987472534179688e+00 4.982526779174804688e+00 -2.030679321289062500e+01
5.153175830841064453e+00 5.026108741760253906e+00 -2.025681877136230469e+01
4.644303798675537109e+00 4.632210731506347656e+00 -1.868821334838867188e+01
5.153175830841064453e+00 5.026108741760253906e+00 -2.025681877136230469e+01
4.845665454864501953e+00 4.926162719726562500e+00 -2.014790534973144531e+01
5.153175830841064453e+00 5.026108741760253906e+00 -2.025681877136230469e+01
5.153175830841064453e+00 5.026108741760253906e+00 -2.025681877136230469e+01
5.153175830841064453e+00 5.026108741760253906e+00 -2.025681877136230469e+01
4.207617759704589844e+00 4.368376255035400391e+00 -1.904811286926269531e+01
5.153175830841064453e+00 5.026108741760253906e+00 -2.025681877136230469e+01
4.927013874053955078e+00 4.910690307617187500e+00 -2.025902557373046875e+01
5.153175830841064453e+00 5.026108741760253906e+00 -2.025681877136230469e+01
4.960657119750976562e+00 3.897217750549316406e+00 -1.828433799743652344e+01
5.153175830841064453e+00 5.026108741760253906e+00 -2.025681877136230469e+01
4.110115528106689453e+00 4.205185890197753906e+00 -1.960751533508300781e+01
5.153175830841064453e+00 5.026108741760253906e+00 -2.025681877136230469e+01
5.153175830841064453e+00 5.026108741760253906e+00 -2.025681877136230469e+01
5.153175830841064453e+00 5.026108741760253906e+00 -2.025681877136230469e+01
5.153175830841064453e+00 5.026108741760253906e+00 -2.025681877136230469e+01
4.569024085998535156e+00 3.850863933563232422e+00 -1.903959846496582031e+01
5.153175830841064453e+00 5.026108741760253906e+00 -2.025681877136230469e+01
5.153175830841064453e+00 5.026108741760253906e+00 -2.025681877136230469e+01
4.682052135467529297e+00 4.530738830566406250e+00 -2.015805244445800781e+01
5.153175830841064453e+00 5.026108741760253906e+00 -2.025681877136230469e+01
5.153175830841064453e+00 5.026108741760253906e+00 -2.025681877136230469e+01
4.440705776214599609e+00 3.609462022781372070e+00 -1.956151771545410156e+01
5.153175830841064453e+00 5.026108741760253906e+00 -2.025681877136230469e+01
5.153175830841064453e+00 5.026108741760253906e+00 -2.025681877136230469e+01
3.868204832077026367e+00 2.635257244110107422e+00 -2.044249153137207031e+01
5.153175830841064453e+00 5.026108741760253906e+00 -2.025681877136230469e+01
4.964651584625244141e+00 3.104473590850830078e+00 -1.945540809631347656e+01
4.808763027191162109e+00 3.095026731491088867e+00 -2.087169456481933594e+01
5.153175830841064453e+00 5.026108741760253906e+00 -2.025681877136230469e+01
4.850572109222412109e+00 3.400244712829589844e+00 -2.012057495117187500e+01
5.153175830841064453e+00 5.026108741760253906e+00 -2.025681877136230469e+01
