-1.991231679916381836e+00 1.380775213241577148e+00 -9.978704899549484253e-02
-2.265096426010131836e+00 1.407559514045715332e+00 1.510954350233078003e-01
-1.936407327651977539e+00 1.726528644561767578e+00 -7.244818210601806641e-01
-1.939821839332580566e+00 -1.805385500192642212e-01 -3.273200616240501404e-02
-2.619194507598876953e+00 1.076424837112426758e+00 -2.108648270368576050e-01
-1.752371907234191895e+00 1.690248996019363403e-01 -2.517300546169281006e-01
-2.258672714233398438e+00 1.485034823417663574e+00 8.950805068016052246e-01
-2.258664131164550781e+00 5.596755146980285645e-01 -6.147120594978332520e-01
-1.731549382209777832e+00 1.315973885357379913e-02 -4.951484967023134232e-03
-3.628477811813354492e+00 2.108474254608154297e+00 5.760443806648254395e-01
-1.839521408081054688e+00 6.186717376112937927e-02 -4.239831566810607910e-01
-1.405161738395690918e+00 2.011142253875732422e+00 1.768696069717407227e+00
-2.766818046569824219e+00 6.283156275749206543e-01 -5.492551922798156738e-01
-1.385791540145874023e+00 2.646374702453613281e-01 -2.328913807868957520e-01
-2.400298357009887695e+00 3.198961615562438965e-01 4.820682704448699951e-01
-2.073753595352172852e+00 2.120570689439773560e-01 -7.366033792495727539e-01
-1.726801037788391113e+00 -9.415361285209655762e-02 1.230754107236862183e-01
-2.758906602859497070e+00 2.567490935325622559e-01 -6.804127991199493408e-02
-1.582020640373229980e+00 6.419540196657180786e-02 -5.070067048072814941e-01
-2.021795749664306641e+00 1.055835857987403870e-01 5.611904263496398926e-01
-2.382691621780395508e+00 4.138290509581565857e-02 -5.688869953155517578e-01
-1.540127873420715332e+00 -9.153342247009277344e-02 -3.909166902303695679e-02
-2.688979387283325195e+00 1.558876931667327881e-01 3.856876790523529053e-01
-1.844848990440368652e+00 1.067671272903680801e-02 -7.504726648330688477e-01
-1.792588233947753906e+00 -1.719176322221755981e-01 2.468723058700561523e-01
-2.740780353546142578e+00 3.609669581055641174e-02 -3.389135301113128662e-01
-1.388049721717834473e+00 -5.364552885293960571e-02 -3.784724473953247070e-01
-2.302806138992309570e+00 -2.060848491964861751e-04 6.447043418884277344e-01
-2.280715465545654297e+00 3.792683710344135761e-04 -9.046257734298706055e-01
-1.658981680870056152e+00 -2.412781864404678345e-01 7.483424991369247437e-02
-4.251437664031982422e+00 5.897507071495056152e-01 4.959960281848907471e-01
-1.590734124183654785e+00 -1.136774867773056030e-01 -7.226528525352478027e-01
-1.863206744194030762e+00 -1.263851970434188843e-01 6.451531648635864258e-01
-2.663488626480102539e+00 -1.114352717995643616e-01 -6.204205751419067383e-01
-1.418707847595214844e+00 -2.226421982049942017e-01 -1.472194790840148926e-01
-2.694066047668457031e+00 -9.497164934873580933e-02 6.599563956260681152e-01
-1.987920522689819336e+00 -2.196459621191024780e-01 -7.785422205924987793e-01
-1.788161993026733398e+00 -3.331778943538665771e-01 1.240676268935203552e-01
-4.467264175415039062e+00 1.818993240594863892e-01 -3.292651772499084473e-01
-1.357872128486633301e+00 -2.394680976867675781e-01 -5.804843902587890625e-01
-2.323330640792846680e+00 -4.921171441674232483e-02 1.725721955299377441e+00
-2.232239961624145508e+00 -3.331822752952575684e-01 -4.827733635902404785e-01
-1.533670186996459961e+00 -3.393337726593017578e-01 2.561157941818237305e-02
-3.131075859069824219e+00 -2.423526197671890259e-01 4.851621687412261963e-01
-1.708490610122680664e+00 -3.211197257041931152e-01 -8.624324798583984375e-01
-1.599289298057556152e+00 -3.171627223491668701e-01 8.630096912384033203e-01
-4.037151336669921875e+00 -2.515714168548583984e-01 -1.069386482238769531e+00
-9.062525033950805664e-01 -3.546417951583862305e-01 -4.342977404594421387e-01
-2.557294368743896484e+00 -3.781163096427917480e-01 8.660984635353088379e-01
-2.140437364578247070e+00 -4.048784673213958740e-01 -7.946118116378784180e-01
-1.651605010032653809e+00 -4.162654876708984375e-01 1.414678096771240234e-01
-3.384419679641723633e+00 -4.546212255954742432e-01 7.384328544139862061e-02
-1.308434247970581055e+00 -4.653284847736358643e-01 -9.019654989242553711e-01
-1.945031285285949707e+00 -5.019199848175048828e-01 1.167105913162231445e+00
-3.892892360687255859e+00 -6.593769192695617676e-01 -2.029484033584594727e+00
-1.281641006469726562e+00 -4.914955198764801025e-01 -6.350520253181457520e-02
-3.030635595321655273e+00 -5.906531214714050293e-01 7.590202689170837402e-01
-1.879785656929016113e+00 -5.356856584548950195e-01 -8.985772728919982910e-01
-1.874229907989501953e+00 -4.480181038379669189e-01 7.013571262359619141e-02
-3.105662345886230469e+00 -6.356838345527648926e-01 -3.562149405479431152e-01
-1.241219162940979004e+00 -5.991684198379516602e-01 -5.247141718864440918e-01
-2.297414302825927734e+00 -6.490612030029296875e-01 8.440254926681518555e-01
-2.066304922103881836e+00 -4.592703282833099365e-01 -2.643785774707794189e-01
-1.566554069519042969e+00 -5.428279638290405273e-01 8.038284629583358765e-02
-3.235393762588500977e+00 -8.164307475090026855e-01 3.408695757389068604e-01
-1.292559385299682617e+00 -9.026637673377990723e-01 -1.413540482521057129e+00
-1.425453186035156250e+00 -1.211645245552062988e+00 2.089875459671020508e+00
-2.816725254058837891e+00 -7.841467261314392090e-01 -6.362825036048889160e-01
-1.218433260917663574e+00 -7.277500033378601074e-01 -2.287215739488601685e-01
-2.780633211135864258e+00 -9.611669778823852539e-01 9.093035459518432617e-01
-2.078305721282958984e+00 -9.219278097152709961e-01 -1.217007875442504883e+00
-1.841900229454040527e+00 -5.105981230735778809e-01 3.971665352582931519e-02
-2.997804403305053711e+00 -9.257461428642272949e-01 -1.096080765128135681e-01
-1.569890737533569336e+00 -7.175667285919189453e-01 -4.782758653163909912e-01
-2.320093631744384766e+00 -2.340438127517700195e+00 3.269622564315795898e+00
-2.113227367401123047e+00 -5.341287255287170410e-01 -2.621654570102691650e-01
-1.626925349235534668e+00 -6.469680070877075195e-01 -3.167432546615600586e-02
-4.059217453002929688e+00 -2.039630413055419922e+00 1.187529206275939941e+00
-1.833294630050659180e+00 -8.254826068878173828e-01 -6.652406454086303711e-01
-1.489359974861145020e+00 -1.235682964324951172e+00 8.900279998779296875e-01
-2.607675075531005859e+00 -9.273191690444946289e-01 -3.317523300647735596e-01
-1.641947865486145020e+00 -7.225495576858520508e-01 -2.399936914443969727e-01
-2.974391222000122070e+00 -2.390058755874633789e+00 1.948861002922058105e+00
-2.142918348312377930e+00 -8.929568529129028320e-01 -6.004415750503540039e-01
-1.841929435729980469e+00 -5.807363986968994141e-01 -1.130629144608974457e-02
-3.827511072158813477e+00 -2.342839717864990234e+00 2.851716876029968262e-01
-1.796359419822692871e+00 -7.768878936767578125e-01 -3.713033199310302734e-01
-1.873151302337646484e+00 -1.565340995788574219e+00 8.868719935417175293e-01
-2.125533342361450195e+00 -6.312112212181091309e-01 -2.152364403009414673e-01
-1.797731041908264160e+00 -6.683881878852844238e-01 -1.058984771370887756e-01
-2.714796066284179688e+00 -1.850763678550720215e+00 6.063402891159057617e-01
-1.971097946166992188e+00 -9.656880497932434082e-01 -4.591698944568634033e-01
-1.930630326271057129e+00 -5.723432898521423340e-01 -2.570896781980991364e-02
-2.367480039596557617e+00 -1.112115025520324707e+00 -1.541531234979629517e-01
-1.863772511482238770e+00 -7.286464571952819824e-01 -1.866365820169448853e-01
-2.139445543289184570e+00 -1.922809600830078125e+00 5.302671194076538086e-01
-2.212203264236450195e+00 -1.651018142700195312e+00 -4.942848682403564453e-01
-1.928327918052673340e+00 -6.379441618919372559e-01 -7.904071360826492310e-02
-2.414753675460815430e+00 -2.687605381011962891e+00 9.089899063110351562e-02
-1.991231679916381836e+00 -6.448146104812622070e-01 -9.978704899549484253e-02
