-1.428875327110290527e+00 3.655407428741455078e-01 1.758423924446105957e+00
-1.490604996681213379e+00 3.446037173271179199e-01 1.814973354339599609e+00
-1.416777014732360840e+00 4.063892066478729248e-01 1.620569944381713867e+00
-1.150238633155822754e+00 1.189269185066223145e+00 2.121856212615966797e+00
-1.587528944015502930e+00 3.105208575725555420e-01 1.730360388755798340e+00
-1.220350861549377441e+00 4.417430460453033447e-01 1.625777721405029297e+00
-1.487670779228210449e+00 3.515240848064422607e-01 1.977140188217163086e+00
-1.551470875740051270e+00 3.799173235893249512e-01 1.522373557090759277e+00
-1.038255095481872559e+00 5.740799307823181152e-01 1.901077747344970703e+00
-1.636399030685424805e+00 2.539401352405548096e-01 1.844086647033691406e+00
-1.277749538421630859e+00 4.065570235252380371e-01 1.435476899147033691e+00
-1.110725998878479004e+00 1.249897718429565430e+00 2.772734165191650391e+00
-1.773778438568115234e+00 3.971122503280639648e-01 1.558545470237731934e+00
1.735254824161529541e-01 1.725446701049804688e+00 1.406140565872192383e+00
-1.573994636535644531e+00 1.941243261098861694e-01 1.964841246604919434e+00
-1.483559370040893555e+00 3.480342328548431396e-01 1.336431145668029785e+00
-1.027287960052490234e+00 4.172546267509460449e-01 2.096882104873657227e+00
-1.680833816528320312e+00 1.539674252271652222e-01 1.768843173980712891e+00
-1.049655914306640625e+00 3.758060932159423828e-01 1.381049871444702148e+00
-1.486989140510559082e+00 9.186868071556091309e-01 3.015188694000244141e+00
-1.843483924865722656e+00 4.147124588489532471e-01 1.261584281921386719e+00
-1.084727406501770020e+00 1.789868474006652832e-01 1.804728507995605469e+00
-1.566714048385620117e+00 4.665507003664970398e-02 1.854328513145446777e+00
-1.277404785156250000e+00 3.718858361244201660e-01 1.085121989250183105e+00
-3.903717100620269775e-01 1.189903140068054199e+00 3.570751190185546875e+00
-1.781896591186523438e+00 1.455294191837310791e-01 1.645800471305847168e+00
-1.118237018585205078e+00 1.190403774380683899e-01 1.614901185035705566e+00
-1.581437945365905762e+00 1.361216604709625244e-01 2.122964382171630859e+00
-1.761010646820068359e+00 4.076620042324066162e-01 8.350031971931457520e-01
9.718774557113647461e-01 1.168463945388793945e+00 3.020192384719848633e+00
-1.578312158584594727e+00 6.946209468878805637e-04 1.797814965248107910e+00
-1.165937542915344238e+00 1.303532272577285767e-01 1.349495172500610352e+00
-1.115005731582641602e+00 6.348205804824829102e-01 3.584741115570068359e+00
-1.849404692649841309e+00 1.225122660398483276e-01 1.432742357254028320e+00
5.789797306060791016e-01 5.987418293952941895e-01 1.592077255249023438e+00
-2.747857570648193359e+00 5.295208692550659180e-01 3.184205055236816406e+00
-1.423955082893371582e+00 2.203682959079742432e-01 7.498412728309631348e-01
-1.173928976058959961e+00 3.348866105079650879e-02 2.039464950561523438e+00
-1.628322124481201172e+00 -1.769764348864555359e-02 1.739939212799072266e+00
-4.876115918159484863e-01 1.909510046243667603e-01 1.044038295745849609e+00
-1.476273775100708008e+00 -1.375466864556074142e-02 2.018967628479003906e+00
-2.184423208236694336e+00 1.817273497581481934e-01 5.577828288078308105e-01
-2.381404861807823181e-02 1.577749550342559814e-01 2.143492937088012695e+00
-2.480520963668823242e+00 9.103185683488845825e-02 2.298110961914062500e+00
-1.305549860000610352e+00 -2.587645500898361206e-02 1.425774693489074707e+00
-1.329111695289611816e+00 -4.138729721307754517e-02 2.003490686416625977e+00
-1.840755581855773926e+00 -3.323272988200187683e-02 1.563226222991943359e+00
-1.776614487171173096e-01 6.709516164846718311e-04 1.372661352157592773e+00
-2.596598863601684570e+00 4.474931396543979645e-03 3.750937223434448242e+00
-1.673580288887023926e+00 -5.376781150698661804e-02 6.188755631446838379e-01
-5.900480151176452637e-01 -7.593510299921035767e-02 2.354287624359130859e+00
-1.565365195274353027e+00 -6.971137225627899170e-02 1.775434374809265137e+00
-4.607452154159545898e-01 -1.410740166902542114e-01 6.210249662399291992e-01
-1.418340086936950684e+00 -8.603321760892868042e-02 2.047319412231445312e+00
-1.892514348030090332e+00 -1.258397847414016724e-01 1.287949442863464355e+00
2.287575960159301758e+00 -4.815960824489593506e-01 1.948448538780212402e+00
-2.599043130874633789e+00 -2.666057944297790527e-01 2.725274801254272461e+00
-1.363775491714477539e+00 -1.377573758363723755e-01 1.291820645332336426e+00
-1.186061263084411621e+00 -1.401710361242294312e-01 2.111064910888671875e+00
-1.721449971199035645e+00 -1.242507398128509521e-01 1.691103219985961914e+00
2.041879855096340179e-02 -4.271075129508972168e-01 9.373118281364440918e-01
-1.629841685295104980e+00 -2.211015075445175171e-01 2.377905607223510742e+00
-1.777407884597778320e+00 -2.847310006618499756e-01 9.942975640296936035e-01
1.708683729171752930e+00 -1.031688213348388672e+00 3.089536666870117188e+00
-2.863224267959594727e+00 -5.317288637161254883e-01 2.266440868377685547e+00
-1.308209061622619629e+00 -1.502730250358581543e-01 1.531528353691101074e+00
-1.344515919685363770e+00 -1.847625225782394409e-01 2.084909677505493164e+00
-2.024738073348999023e+00 -3.341253101825714111e-01 1.371167421340942383e+00
2.634713888168334961e+00 -1.725541472434997559e+00 1.080450296401977539e+00
-2.274645566940307617e+00 -6.538613438606262207e-01 2.839570522308349609e+00
-1.488747477531433105e+00 -4.161283075809478760e-01 9.902229905128479004e-01
-1.102569818496704102e+00 -2.808640301227569580e-01 2.063254833221435547e+00
-1.553679466247558594e+00 -1.292333006858825684e-01 1.757206201553344727e+00
-5.452458858489990234e-01 -7.062510251998901367e-01 9.646632075309753418e-01
-1.477233171463012695e+00 -3.491024076938629150e-01 2.253882646560668945e+00
-1.863704562187194824e+00 -5.006410479545593262e-01 1.179658174514770508e+00
-7.496437430381774902e-01 -5.035211443901062012e-01 1.885416746139526367e+00
-2.403418064117431641e+00 -8.325387239456176758e-01 2.365074396133422852e+00
-1.330577254295349121e+00 -3.228522539138793945e-01 1.406492590904235840e+00
-1.263164997100830078e+00 -3.374899029731750488e-01 2.085245609283447266e+00
-1.679309368133544922e+00 -2.748698294162750244e-01 1.664186596870422363e+00
-4.572846293449401855e-01 -9.292273521423339844e-01 1.368415832519531250e+00
-2.499124288558959961e+00 -2.218756437301635742e+00 3.988543510437011719e+00
-1.601316690444946289e+00 -6.122406125068664551e-01 1.189266800880432129e+00
-1.071427226066589355e+00 -4.693801999092102051e-01 1.970257759094238281e+00
-4.314593315124511719e+00 -3.099771022796630859e+00 2.363387584686279297e+00
3.105089664459228516e-01 -3.321934461593627930e+00 -6.650665998458862305e-01
-1.379725337028503418e+00 -5.455861091613769531e-01 2.169112443923950195e+00
-1.761744856834411621e+00 -6.087188124656677246e-01 1.472280263900756836e+00
-1.055879831314086914e+00 -5.596497058868408203e-01 1.746643424034118652e+00
-3.060811281204223633e+00 -3.310417890548706055e+00 3.351032257080078125e+00
-1.406684875488281250e+00 -6.757265925407409668e-01 1.362329483032226562e+00
-1.216934919357299805e+00 -6.261080503463745117e-01 2.017496347427368164e+00
-1.953341841697692871e+00 -1.041377782821655273e+00 1.682641029357910156e+00
-1.254782676696777344e+00 -4.979614615440368652e-01 1.639798641204833984e+00
-1.780650854110717773e+00 -3.651206493377685547e+00 3.253813505172729492e+00
-1.498966336250305176e+00 -4.585331082344055176e-01 1.633291363716125488e+00
-1.113872408866882324e+00 -1.196714282035827637e+00 1.862315297126770020e+00
-1.903921842575073242e+00 -2.617926359176635742e+00 1.972308278083801270e+00
-1.428875327110290527e+00 -4.217041492462158203e+00 1.758423924446105957e+00
