-1.791385054588317871e+00 -3.256576955318450928e-01 1.068081736564636230e+00
-1.924526810646057129e+00 -5.411216020584106445e-01 1.190050482749938965e+00
-1.758337020874023438e+00 -1.366085857152938843e-01 6.915168762207031250e-01
-1.616067767143249512e+00 -6.362217664718627930e-01 1.296752095222473145e+00
-2.366816759109497070e+00 -6.177819147706031799e-02 9.662959575653076172e-01
-1.095974922180175781e+00 2.660034000873565674e-01 6.257187724113464355e-01
-1.896848201751708984e+00 -6.776421666145324707e-01 1.460399270057678223e+00
-2.468455076217651367e+00 1.034432053565979004e+00 -2.355753034353256226e-01
-1.352873682975769043e+00 -7.077032923698425293e-01 1.228225350379943848e+00
-2.133226156234741211e+00 -8.994816541671752930e-01 1.209188818931579590e+00
-8.851567506790161133e-01 1.405202150344848633e+00 -8.684754967689514160e-01
-1.469720125198364258e+00 -9.576946496963500977e-02 2.093600034713745117e+00
-2.206233024597167969e+00 -8.692663311958312988e-01 8.276688456535339355e-01
-4.802612364292144775e-01 3.968641534447669983e-02 7.798348665237426758e-01
-2.058091163635253906e+00 -9.485200047492980957e-01 1.447443842887878418e+00
-1.925897359848022461e+00 -4.084267616271972656e-01 3.005982190370559692e-02
-1.142903923988342285e+00 -6.461276412010192871e-01 1.614622354507446289e+00
-2.241655349731445312e+00 -1.033463954925537109e+00 1.086701869964599609e+00
-1.791385054588317871e+00 -1.425744175910949707e+00 1.068081736564636230e+00
-1.867564082145690918e+00 -1.355591565370559692e-01 2.715523719787597656e+00
-4.141411304473876953e+00 1.296363115310668945e+00 -1.748034954071044922e+00
7.226683944463729858e-02 -1.015592664480209351e-01 1.318833470344543457e+00
-2.170743227005004883e+00 -1.116958498954772949e+00 1.332029223442077637e+00
-1.532583832740783691e+00 -6.783601045608520508e-01 -8.231569826602935791e-02
-1.234306812286376953e+00 -7.522936463356018066e-01 2.040257453918457031e+00
-2.328620910644531250e+00 -1.104531645774841309e+00 8.966888189315795898e-01
-1.184984326362609863e+00 -1.065419912338256836e+00 7.879092097282409668e-01
-2.025411367416381836e+00 -1.116399168968200684e+00 1.627275586128234863e+00
-2.303038597106933594e+00 -6.967754960060119629e-01 -3.544456064701080322e-01
-7.057955861091613770e-01 -8.677428364753723145e-01 1.638637185096740723e+00
-2.286914587020874023e+00 -1.206106901168823242e+00 1.198701739311218262e+00
-1.507361531257629395e+00 -1.214140176773071289e+00 6.263598799705505371e-01
-1.453133702278137207e+00 -6.709771156311035156e-01 3.036269903182983398e+00
-3.152570009231567383e+00 -8.170450925827026367e-01 1.390354521572589874e-02
-1.361145853996276855e+00 -1.283402919769287109e+00 1.032437324523925781e+00
-1.844724416732788086e+00 -1.401679992675781250e+00 1.125740051269531250e+00
-1.781645774841308594e+00 -8.597997426986694336e-01 -9.283588528633117676e-01
-1.073908090591430664e+00 -1.147051095962524414e+00 1.858995437622070312e+00
-2.468392610549926758e+00 -1.263342022895812988e+00 1.005336880683898926e+00
-1.160328388214111328e+00 -1.253782510757446289e+00 5.891322493553161621e-01
-1.928321242332458496e+00 -1.276130080223083496e+00 1.820804119110107422e+00
-2.550082921981811523e+00 -1.177444458007812500e+00 -1.375652253627777100e-01
3.005101084709167480e-01 -1.093264460563659668e+00 1.641383528709411621e+00
-2.373461723327636719e+00 -1.339082241058349609e+00 1.366793870925903320e+00
-1.584950923919677734e+00 -1.359349131584167480e+00 5.112611651420593262e-01
-1.412392020225524902e+00 -1.333984851837158203e+00 1.999068856239318848e+00
-4.104002475738525391e+00 -1.244338035583496094e+00 -2.791078761219978333e-02
-1.105779051780700684e+00 -1.389462947845458984e+00 8.567020893096923828e-01
-2.503254413604736328e+00 -1.383060693740844727e+00 2.282760620117187500e+00
-2.101356506347656250e+00 -1.410830378532409668e+00 -3.754015862941741943e-01
1.976331114768981934e+00 -1.472429037094116211e+00 3.744490861892700195e+00
-3.543541669845581055e+00 -1.479275226593017578e+00 1.286449670791625977e+00
-1.312796354293823242e+00 -1.463083267211914062e+00 5.058161616325378418e-01
-1.759912371635437012e+00 -1.486960649490356445e+00 1.931117653846740723e+00
-4.343608856201171875e+00 -1.757672548294067383e+00 -1.521769642829895020e+00
-1.444356083869934082e+00 -1.464593887329101562e+00 1.085825562477111816e+00
-3.586447238922119141e+00 -1.734181165695190430e+00 2.551251411437988281e+00
-1.717031121253967285e+00 -1.508225917816162109e+00 5.351490378379821777e-01
-8.738229274749755859e-01 -1.707759737968444824e+00 2.400665760040283203e+00
-4.038628101348876953e+00 -1.876685976982116699e+00 5.509964227676391602e-01
-1.265191793441772461e+00 -1.557017445564270020e+00 7.699616551399230957e-01
-1.810869693756103516e+00 -1.440826416015625000e+00 1.128143429756164551e+00
-2.677776575088500977e+00 -1.983189463615417480e+00 -8.752523660659790039e-01
8.042546510696411133e-01 -2.225018024444580078e+00 2.169284582138061523e+00
-3.765246868133544922e+00 -2.067282438278198242e+00 1.767183065414428711e+00
-1.478435516357421875e+00 -1.645496845245361328e+00 4.796248376369476318e-01
-1.775225520133972168e+00 -1.448581695556640625e+00 1.130621910095214844e+00
-2.741729497909545898e+00 -1.854109883308410645e+00 4.504445791244506836e-01
-1.234259009361267090e+00 -1.653333425521850586e+00 9.751302003860473633e-01
-1.850466728210449219e+00 -1.466841459274291992e+00 1.143605709075927734e+00
-1.832209348678588867e+00 -1.664794683456420898e+00 5.442778468132019043e-01
-6.727508902549743652e-01 -2.163909196853637695e+00 2.113097190856933594e+00
-3.275978326797485352e+00 -2.183383703231811523e+00 1.053596735000610352e+00
-1.434231996536254883e+00 -1.684711813926696777e+00 7.472525835037231445e-01
-1.797340989112854004e+00 -1.460668325424194336e+00 1.129103779792785645e+00
-3.285024642944335938e+00 -2.920312643051147461e+00 -9.199802875518798828e-01
-1.430631160736083984e+00 -1.658364176750183105e+00 1.135530233383178711e+00
-3.033771038055419922e+00 -2.403543233871459961e+00 1.841464161872863770e+00
-1.613776326179504395e+00 -1.890663504600524902e+00 4.321984946727752686e-01
-1.759067058563232422e+00 -1.478781580924987793e+00 1.131820917129516602e+00
-2.982068777084350586e+00 -2.420991897583007812e+00 6.200320720672607422e-01
-1.419522404670715332e+00 -1.756307840347290039e+00 9.188116788864135742e-01
-1.819901347160339355e+00 -1.483115553855895996e+00 1.127502202987670898e+00
-1.980081796646118164e+00 -2.023978710174560547e+00 4.452722966670989990e-01
-1.673592925071716309e+00 -1.558823704719543457e+00 1.137888669967651367e+00
-1.901887178421020508e+00 -1.541933298110961914e+00 1.091247439384460449e+00
-1.559816718101501465e+00 -1.859275460243225098e+00 7.454366683959960938e-01
-1.783968567848205566e+00 -1.498181104660034180e+00 1.130053162574768066e+00
-1.927584052085876465e+00 -1.647994160652160645e+00 9.510014057159423828e-01
-1.470867037773132324e+00 -1.850335359573364258e+00 1.057958602905273438e+00
-1.841873764991760254e+00 -1.526134014129638672e+00 1.117353796958923340e+00
-1.730853557586669922e+00 -3.090223073959350586e+00 -1.239501219242811203e-02
-1.741226196289062500e+00 -1.558410644531250000e+00 1.129395127296447754e+00
-1.925050973892211914e+00 -1.674446582794189453e+00 1.048767685890197754e+00
-1.584429502487182617e+00 -1.939790606498718262e+00 9.270640015602111816e-01
-1.818356156349182129e+00 -1.700662136077880859e+00 1.182735323905944824e+00
-1.926139831542968750e+00 -2.181298494338989258e+00 8.275055289268493652e-01
-1.677934169769287109e+00 -1.833145380020141602e+00 1.105499029159545898e+00
-1.853585481643676758e+00 -1.759942054748535156e+00 1.096086859703063965e+00
-1.791385054588317871e+00 -1.855841398239135742e+00 1.068081736564636230e+00
