-1.832044839859008789e+00 -5.158045887947082520e-01 -5.929598331451416016e+00
-1.912960171699523926e+00 -3.585799634456634521e-01 -5.855473041534423828e+00
-1.825960278511047363e+00 -6.588521003723144531e-01 -5.998929023742675781e+00
-1.617016077041625977e+00 7.215940952301025391e-02 -5.649131298065185547e+00
-2.341342687606811523e+00 3.110069930553436279e-01 -6.019685745239257812e+00
-1.727820515632629395e+00 -6.426492333412170410e-01 -5.995897293090820312e+00
-1.970337152481079102e+00 8.477670699357986450e-02 -5.415157794952392578e+00
-2.632100820541381836e+00 2.010854482650756836e+00 -7.470057487487792969e+00
-1.409601330757141113e+00 -2.044687867164611816e-01 -5.775322437286376953e+00
-2.265584707260131836e+00 -2.287671416997909546e-01 -5.750639438629150391e+00
-1.783026456832885742e+00 -7.430718541145324707e-01 -6.034347534179687500e+00
-1.696821212768554688e+00 -3.370958268642425537e-01 -5.498484134674072266e+00
-2.495830297470092773e+00 -5.796129349619150162e-03 -6.314275741577148438e+00
-1.625271558761596680e+00 -6.650907993316650391e-01 -5.975056648254394531e+00
-2.354057073593139648e+00 3.785021975636482239e-02 -5.187089920043945312e+00
-2.122571706771850586e+00 1.301058411598205566e+00 -8.171574592590332031e+00
-1.110557079315185547e+00 -2.881288342177867889e-02 -5.321527481079101562e+00
-2.026925802230834961e+00 -7.264169454574584961e-01 -5.921539306640625000e+00
-1.721859931945800781e+00 -7.679626345634460449e-01 -6.039247035980224609e+00
-1.851500749588012695e+00 -5.666904449462890625e-01 -5.508847236633300781e+00
-2.301116466522216797e+00 -3.528592288494110107e-01 -6.491703033447265625e+00
-1.428138375282287598e+00 -6.092106699943542480e-01 -5.875253200531005859e+00
-2.734667301177978516e+00 -1.614927053451538086e-01 -5.301577091217041016e+00
-1.193145632743835449e+00 9.488578438758850098e-01 -8.769569396972656250e+00
-1.571892499923706055e+00 -5.817016959190368652e-01 -5.475597858428955078e+00
-2.409351587295532227e+00 -5.510286092758178711e-01 -6.113774776458740234e+00
-1.628600835800170898e+00 -7.753124833106994629e-01 -6.023594856262207031e+00
-2.007115364074707031e+00 -6.647842526435852051e-01 -5.511276245117187500e+00
-2.169524908065795898e+00 -4.153810143470764160e-01 -6.867878913879394531e+00
-1.082681059837341309e+00 -5.110205411911010742e-01 -5.535753726959228516e+00
-2.120579242706298828e+00 -7.683100700378417969e-01 -5.853541851043701172e+00
-7.859330773353576660e-01 -1.168223768472671509e-01 -7.556542396545410156e+00
-1.761703729629516602e+00 -7.392415404319763184e-01 -5.520303249359130859e+00
-2.380348920822143555e+00 -6.510068774223327637e-01 -6.354236125946044922e+00
-1.526114344596862793e+00 -7.949845790863037109e-01 -5.954944133758544922e+00
-2.204889059066772461e+00 -7.279896140098571777e-01 -5.526564598083496094e+00
-1.822828531265258789e+00 -3.606425225734710693e-01 -7.818842411041259766e+00
-8.646966218948364258e-01 -5.204474925994873047e-01 -4.863238334655761719e+00
-2.419703722000122070e+00 -7.552302479743957520e-01 -5.984062194824218750e+00
-1.654702901840209961e+00 -8.478739857673645020e-01 -6.064194679260253906e+00
-1.906568884849548340e+00 -8.147755861282348633e-01 -5.519948005676269531e+00
-2.241399288177490234e+00 -7.622295022010803223e-01 -6.580103397369384766e+00
-1.378583312034606934e+00 -8.241274356842041016e-01 -5.805323123931884766e+00
-2.217639684677124023e+00 -8.387903571128845215e-01 -5.731717586517333984e+00
-1.551511526107788086e+00 -8.059718608856201172e-01 -6.686288833618164062e+00
-1.655618548393249512e+00 -8.534840941429138184e-01 -5.496211528778076172e+00
-2.445873260498046875e+00 -8.480494022369384766e-01 -6.220503330230712891e+00
-1.568697690963745117e+00 -8.822633624076843262e-01 -6.010791301727294922e+00
-2.068479537963867188e+00 -8.820227384567260742e-01 -5.526164531707763672e+00
-2.006529331207275391e+00 -8.878042101860046387e-01 -6.742142677307128906e+00
-7.438190579414367676e-01 -9.096832275390625000e-01 -5.156573772430419922e+00
-4.127326488494873047e+00 -9.663235545158386230e-01 -5.643541812896728516e+00
7.607773542404174805e-01 -1.098488926887512207e+00 -8.975751876831054688e+00
-1.817439913749694824e+00 -9.246067404747009277e-01 -5.529108047485351562e+00
-2.324890851974487305e+00 -9.602961540222167969e-01 -6.429710388183593750e+00
-1.437004566192626953e+00 -9.404238462448120117e-01 -5.909399509429931641e+00
-4.017742633819580078e+00 -1.271757364273071289e+00 -4.123665809631347656e+00
-1.734477639198303223e+00 -1.004431843757629395e+00 -6.628912448883056641e+00
-1.546449422836303711e+00 -9.839779138565063477e-01 -5.514825344085693359e+00
-3.639842510223388672e+00 -1.258960008621215820e+00 -6.345568180084228516e+00
-1.594324827194213867e+00 -9.555050730705261230e-01 -6.064280986785888672e+00
-1.965657114982604980e+00 -9.996232986450195312e-01 -5.517736434936523438e+00
-2.145415306091308594e+00 -1.093275666236877441e+00 -6.616634845733642578e+00
-1.287584781646728516e+00 -1.063854575157165527e+00 -5.698610782623291016e+00
-2.995028018951416016e+00 -1.274188399314880371e+00 -5.517693519592285156e+00
3.395394980907440186e-01 -2.421082258224487305e+00 -1.001295280456542969e+01
-1.735999584197998047e+00 -1.031935453414916992e+00 -5.557886123657226562e+00
-3.592191696166992188e+00 -1.689581632614135742e+00 -7.073533058166503906e+00
-1.477106451988220215e+00 -1.041193723678588867e+00 -5.988816738128662109e+00
-3.575649023056030273e+00 -2.109054803848266602e+00 -3.700752258300781250e+00
-1.885557174682617188e+00 -1.209545850753784180e+00 -6.616199016571044922e+00
-1.483587980270385742e+00 -1.126139283180236816e+00 -5.604074001312255859e+00
-3.649374246597290039e+00 -1.823645472526550293e+00 -5.947329998016357422e+00
-1.699563384056091309e+00 -9.922600984573364258e-01 -6.048605918884277344e+00
-1.863431334495544434e+00 -1.080243468284606934e+00 -5.608022689819335938e+00
-2.863781213760375977e+00 -1.928577303886413574e+00 -7.302858829498291016e+00
-6.757122278213500977e-01 -1.641821622848510742e+00 -5.713404178619384766e+00
-2.792162179946899414e+00 -1.651843309402465820e+00 -5.331927776336669922e+00
-1.712257266044616699e+00 -1.209762334823608398e+00 -6.358467102050781250e+00
-1.669546842575073242e+00 -1.162876129150390625e+00 -5.609112262725830078e+00
-2.817079782485961914e+00 -1.719552993774414062e+00 -6.300263404846191406e+00
-1.450065493583679199e+00 -1.235756039619445801e+00 -6.082929134368896484e+00
-2.551663160324096680e+00 -2.343986988067626953e+00 -4.430101394653320312e+00
-2.398454904556274414e+00 -2.691916942596435547e+00 -7.799082279205322266e+00
-1.431012630462646484e+00 -1.349278569221496582e+00 -5.691935539245605469e+00
-2.785687446594238281e+00 -1.898920416831970215e+00 -5.729676246643066406e+00
-1.705343008041381836e+00 -1.133404612541198730e+00 -6.106132507324218750e+00
-1.806088924407958984e+00 -1.149708867073059082e+00 -5.712715625762939453e+00
-2.802387237548828125e+00 -2.479606389999389648e+00 -6.763730525970458984e+00
-1.378323912620544434e+00 -1.497244834899902344e+00 -5.943928241729736328e+00
-2.704312324523925781e+00 -2.630581140518188477e+00 -5.078351497650146484e+00
-1.816572070121765137e+00 -1.321664929389953613e+00 -6.205784320831298828e+00
-1.645127177238464355e+00 -1.390582561492919922e+00 -5.701113224029541016e+00
-2.491163730621337891e+00 -2.122573614120483398e+00 -6.024837970733642578e+00
-8.117367625236511230e-01 -3.430490732192993164e+00 -6.624827384948730469e+00
-2.045785188674926758e+00 -3.074865818023681641e+00 -5.020992755889892578e+00
-1.942584991455078125e+00 -1.515984892845153809e+00 -6.126944541931152344e+00
-1.524209618568420410e+00 -2.001633167266845703e+00 -5.828071117401123047e+00
-2.132434844970703125e+00 -2.510169506072998047e+00 -5.794351100921630859e+00
-1.832044839859008789e+00 -1.368706822395324707e+00 -5.929598331451416016e+00
