-2.729750275611877441e-01 5.220759510993957520e-01 -1.646128892898559570e+00
-2.729750275611877441e-01 -1.410688996315002441e+00 -1.646128892898559570e+00
-2.357613444328308105e-01 4.094171896576881409e-02 -2.070159673690795898e+00
-3.570403903722763062e-02 -3.421646952629089355e-01 -1.336650848388671875e+00
-1.594070315361022949e+00 1.720749258995056152e+00 -1.879812002182006836e+00
-2.729750275611877441e-01 -1.410688996315002441e+00 -1.646128892898559570e+00
-3.783149421215057373e-01 -6.634607911109924316e-01 -1.254269599914550781e+00
-6.355152726173400879e-01 -9.337633848190307617e-02 -2.344177961349487305e+00
2.379339933395385742e-01 -5.741006731986999512e-01 -1.459545731544494629e+00
-7.291849851608276367e-01 -7.083562016487121582e-01 -1.457812070846557617e+00
-1.391335427761077881e-01 -9.925845861434936523e-01 -1.932140350341796875e+00
-8.674913644790649414e-02 -6.407083272933959961e-01 -1.052411437034606934e+00
-1.889233231544494629e+00 7.573625445365905762e-01 -2.582783460617065430e+00
3.554974868893623352e-02 -1.065853834152221680e+00 -1.713957190513610840e+00
-4.994185566902160645e-01 -1.005507826805114746e+00 -1.324036240577697754e+00
-3.465380370616912842e-01 -8.543313741683959961e-01 -2.213809490203857422e+00
3.175607025623321533e-01 -7.007356286048889160e-01 -1.148424744606018066e+00
-1.815441966056823730e+00 -6.687590479850769043e-02 -1.582342982292175293e+00
-1.249281689524650574e-01 -1.238387465476989746e+00 -1.793455243110656738e+00
-3.114282786846160889e-01 -7.594360113143920898e-01 -8.145415782928466797e-01
-1.432703733444213867e+00 -6.733968853950500488e-02 -3.035871505737304688e+00
9.703476428985595703e-01 -5.272680521011352539e-01 -1.478841543197631836e+00
-6.002895832061767578e-01 -1.144265174865722656e+00 -1.418391942977905273e+00
-2.118100821971893311e-01 -1.234052658081054688e+00 -1.918013215065002441e+00
1.899072229862213135e-01 -8.511117696762084961e-01 -8.383376598358154297e-01
-1.401461243629455566e+00 -7.359689474105834961e-01 -2.006146669387817383e+00
6.929134726524353027e-01 -8.367565274238586426e-01 -2.092393875122070312e+00
-4.031752049922943115e-01 -1.238585352897644043e+00 -1.335022211074829102e+00
-9.041771292686462402e-01 -5.113959312438964844e-01 -3.401031494140625000e+00
2.359468460083007812e+00 -5.759276077151298523e-02 -2.625903487205505371e-01
-1.202611684799194336e+00 -9.986392259597778320e-01 -1.401079654693603516e+00
5.794369578361511230e-01 -7.756228446960449219e-01 -2.971825361251831055e+00
-8.959820866584777832e-02 -1.001505851745605469e+00 -5.791116356849670410e-01
-3.857812404632568359e+00 1.923899650573730469e-01 -4.422428607940673828e+00
5.961089730262756348e-01 -1.123159289360046387e+00 -1.718130707740783691e+00
-4.643080532550811768e-01 -1.324368596076965332e+00 -1.439303517341613770e+00
-2.716323137283325195e-01 -1.332664966583251953e+00 -1.921368598937988281e+00
-1.708016395568847656e-01 -1.371001243591308594e+00 -1.533497691154479980e+00
-1.267614603042602539e+00 -1.172092437744140625e+00 -1.738311886787414551e+00
4.899463057518005371e-01 -1.202794551849365234e+00 -2.225158929824829102e+00
-3.047427237033843994e-01 -1.375980138778686523e+00 -1.471505522727966309e+00
-1.027003645896911621e+00 -1.163917422294616699e+00 -2.844355821609497070e+00
8.021268993616104126e-03 -1.366028308868408203e+00 -1.569119453430175781e+00
-7.926713228225708008e-01 -1.333314538002014160e+00 -1.379429340362548828e+00
-2.071142569184303284e-02 -1.329553842544555664e+00 -2.326566696166992188e+00
-2.192968577146530151e-01 -1.397692799568176270e+00 -1.514269828796386719e+00
-1.229491353034973145e+00 -1.335658073425292969e+00 -2.099439859390258789e+00
1.187554001808166504e+00 -1.333400011062622070e+00 -2.096425533294677734e+00
-3.611107766628265381e-01 -1.405404448509216309e+00 -1.495740890502929688e+00
-3.826760351657867432e-01 -1.405410885810852051e+00 -2.156987428665161133e+00
-9.989152103662490845e-02 -1.412833690643310547e+00 -1.523178458213806152e+00
-1.316048026084899902e+00 -1.442556381225585938e+00 -1.516132712364196777e+00
2.487734407186508179e-01 -1.451395273208618164e+00 -2.259100437164306641e+00
-2.626924514770507812e-01 -1.430689334869384766e+00 -1.364162683486938477e+00
-1.699440002441406250e+00 -1.596207261085510254e+00 -3.093624353408813477e+00
7.584829330444335938e-01 -1.526160120964050293e+00 -1.593389749526977539e+00
-4.159292578697204590e-01 -1.435252189636230469e+00 -1.528012990951538086e+00
-1.043095290660858154e-01 -1.597791671752929688e+00 -2.855040311813354492e+00
-1.792005002498626709e-01 -1.439510941505432129e+00 -1.509939312934875488e+00
-2.241425514221191406e+00 -1.805687069892883301e+00 -2.099064826965332031e+00
3.926045000553131104e-01 -1.576736092567443848e+00 -2.023219585418701172e+00
-5.072491168975830078e-01 -1.592031359672546387e+00 -9.239756464958190918e-01
-1.900403738021850586e+00 -2.434167146682739258e+00 -5.214120388031005859e+00
-9.671526961028575897e-03 -1.491767883300781250e+00 -1.534422159194946289e+00
-1.628065943717956543e+00 -1.851116299629211426e+00 -1.166183471679687500e+00
3.070883639156818390e-02 -1.623935341835021973e+00 -2.217163085937500000e+00
-2.360045909881591797e-01 -1.462937593460083008e+00 -1.503046751022338867e+00
-1.762859106063842773e+00 -2.082251071929931641e+00 -2.614417552947998047e+00
5.136319398880004883e-01 -1.732022643089294434e+00 -1.777367234230041504e+00
-3.483531773090362549e-01 -1.463122248649597168e+00 -1.549773097038269043e+00
-3.021208643913269043e-01 -1.581355214118957520e+00 -2.020090341567993164e+00
-1.289846003055572510e-01 -1.505705475807189941e+00 -1.511614680290222168e+00
-3.484684705734252930e+00 -3.049735784530639648e+00 -1.677465200424194336e+00
6.633627414703369141e-02 -1.656719803810119629e+00 -1.950930833816528320e+00
-3.075800836086273193e-01 -1.613606095314025879e+00 -1.291577100753784180e+00
-3.435818254947662354e-01 -1.481339693069458008e+00 -1.740107893943786621e+00
-5.042736232280731201e-02 -1.554191350936889648e+00 -1.604520201683044434e+00
-3.815419971942901611e-01 -1.496134757995605469e+00 -1.578546166419982910e+00
-1.995069384574890137e-01 -1.603003501892089844e+00 -1.909162878990173340e+00
-2.001370936632156372e-01 -1.530223965644836426e+00 -1.502474427223205566e+00
-3.653765916824340820e-01 -1.487923979759216309e+00 -1.680899262428283691e+00
-3.614990040659904480e-02 -1.621212363243103027e+00 -1.741193294525146484e+00
-5.848277807235717773e-01 -2.038100004196166992e+00 -9.963091611862182617e-01
-3.075604736804962158e-01 -1.520336985588073730e+00 -1.760281085968017578e+00
-1.312099248170852661e-01 -1.570852756500244141e+00 -1.562114834785461426e+00
-3.709573447704315186e-01 -1.513713955879211426e+00 -1.625587821006774902e+00
-1.776091158390045166e-01 -1.589228510856628418e+00 -1.779002547264099121e+00
-2.531701922416687012e-01 -1.604121565818786621e+00 -1.480643153190612793e+00
-3.369936347007751465e-01 -1.515154719352722168e+00 -1.701161026954650879e+00
-1.246463432908058167e-01 -1.607180476188659668e+00 -1.650813579559326172e+00
-6.398491859436035156e-01 -2.140166997909545898e+00 -1.288095951080322266e+00
-2.663754224777221680e-01 -1.592162966728210449e+00 -1.763930559158325195e+00
-2.035229206085205078e-01 -1.594384670257568359e+00 -1.561231732368469238e+00
-3.410380780696868896e-01 -1.537328958511352539e+00 -1.655963659286499023e+00
-1.945565491914749146e-01 -1.605468630790710449e+00 -1.699562549591064453e+00
-3.040053844451904297e-01 -1.726982951164245605e+00 -1.514219522476196289e+00
-3.011707663536071777e-01 -1.568779230117797852e+00 -1.696466445922851562e+00
-2.182379066944122314e-01 -1.607249617576599121e+00 -1.628075957298278809e+00
-3.065483570098876953e-01 -1.591075658798217773e+00 -1.631012916564941406e+00
-2.729750275611877441e-01 -1.613012671470642090e+00 -1.646128892898559570e+00
