-1.790799349546432495e-01 4.265005588531494141e-01 -1.859266757965087891e+00
-4.538935720920562744e-01 5.866959691047668457e-01 -1.607514977455139160e+00
-1.515221446752548218e-01 -1.642516851425170898e-01 -2.173273563385009766e+00
5.100018382072448730e-01 1.863979697227478027e+00 -9.604815840721130371e-01
-1.353229284286499023e+00 1.543901443481445312e+00 -2.066957235336303711e+00
-1.253428757190704346e-01 -1.108497738838195801e+00 -1.893449902534484863e+00
-4.136371910572052002e-01 4.246048927307128906e-01 -9.867255091667175293e-01
-4.600223600864410400e-01 -2.184038013219833374e-01 -2.400204420089721680e+00
-5.280971154570579529e-02 -1.032464504241943359e+00 -1.813153028488159180e+00
-1.688096642494201660e+00 1.083897352218627930e+00 -1.236366629600524902e+00
-1.517975032329559326e-01 -1.153998732566833496e+00 -1.917567729949951172e+00
-4.034942481666803360e-03 -5.154743194580078125e-01 -1.301195740699768066e+00
-2.663441658020019531e+00 2.093301534652709961e+00 -3.299005270004272461e+00
3.294695317745208740e-01 -6.708248853683471680e-01 -1.971069931983947754e+00
-4.999380111694335938e-01 -6.651062965393066406e-01 -1.402879118919372559e+00
-1.940751224756240845e-01 -1.125817060470581055e+00 -1.974983572959899902e+00
2.778387069702148438e-01 -6.899093985557556152e-01 -1.474175214767456055e+00
-1.134136080741882324e+00 -4.071710407733917236e-01 -1.819772243499755859e+00
1.462403088808059692e-01 -8.606078624725341797e-01 -2.183003902435302734e+00
-2.136901468038558960e-01 -6.530597209930419922e-01 -1.110789179801940918e+00
-1.201238989830017090e+00 -5.522755533456802368e-02 -3.084154844284057617e+00
9.917453527450561523e-01 -4.073165655136108398e-01 -1.701733827590942383e+00
-7.726885676383972168e-01 -7.560468316078186035e-01 -1.446249365806579590e+00
-8.260892331600189209e-02 -9.606301188468933105e-01 -2.288089990615844727e+00
2.637744247913360596e-01 -7.038601636886596680e-01 -1.086426854133605957e+00
-2.117477655410766602e+00 -8.026097714900970459e-02 -2.477668523788452148e+00
4.275210797786712646e-01 -8.787824511528015137e-01 -2.139531850814819336e+00
-4.392291605472564697e-01 -8.953505158424377441e-01 -1.237653493881225586e+00
-2.384445220232009888e-01 -1.154647231101989746e+00 -2.024315357208251953e+00
2.350453287363052368e-01 -1.026362180709838867e+00 -1.641614079475402832e+00
-2.513796091079711914e+00 -2.043921053409576416e-01 -1.243843078613281250e+00
6.610199809074401855e-02 -1.056559681892395020e+00 -2.240581035614013672e+00
5.107192322611808777e-03 -8.282344341278076172e-01 -7.875345945358276367e-01
-3.622162818908691406e+00 3.004630506038665771e-01 -4.525783538818359375e+00
1.110785007476806641e+00 -8.124839663505554199e-01 -1.966129422187805176e+00
-6.021417975425720215e-01 -1.048360347747802734e+00 -1.401949286460876465e+00
-1.768380403518676758e-01 -1.108950495719909668e+00 -2.318829059600830078e+00
2.485379695892333984e+00 -2.042565941810607910e-01 1.077911138534545898e+00
-1.395042777061462402e+00 -9.475376605987548828e-01 -1.971961975097656250e+00
2.827792763710021973e-01 -1.113370060920715332e+00 -2.209801435470581055e+00
-3.646650612354278564e-01 -1.036458611488342285e+00 -8.391268253326416016e-01
-8.694142699241638184e-01 -1.013299465179443359e+00 -2.956277132034301758e+00
4.889954030513763428e-01 -1.133043766021728516e+00 -1.676174998283386230e+00
-1.057277679443359375e+00 -1.108476161956787109e+00 -1.408590197563171387e+00
-2.217910625040531158e-02 -1.188761949539184570e+00 -2.282479763031005859e+00
2.709923684597015381e-01 -1.130257248878479004e+00 -7.536753416061401367e-01
-1.265263557434082031e+00 -1.154023408889770508e+00 -2.374029397964477539e+00
9.724904298782348633e-01 -1.178286433219909668e+00 -2.214308261871337891e+00
-4.630251228809356689e-01 -1.222200512886047363e+00 -1.374764680862426758e+00
-2.801433801651000977e-01 -1.234363198280334473e+00 -2.329901695251464844e+00
3.255144357681274414e-01 -1.245478034019470215e+00 -1.500826597213745117e+00
-1.234953165054321289e+00 -1.271484255790710449e+00 -1.727675318717956543e+00
1.495224982500076294e-01 -1.264863014221191406e+00 -2.245322465896606445e+00
-1.309002488851547241e-01 -1.332938432693481445e+00 -5.380970835685729980e-01
-1.196512818336486816e+00 -1.371547579765319824e+00 -2.891699790954589844e+00
9.527431726455688477e-01 -1.365932703018188477e+00 -1.801395893096923828e+00
-7.434535622596740723e-01 -1.336199402809143066e+00 -1.392953157424926758e+00
-1.063918620347976685e-01 -1.319859504699707031e+00 -2.380259037017822266e+00
8.367968723177909851e-03 -1.296838402748107910e+00 -1.587034344673156738e+00
-1.334705710411071777e+00 -1.471118807792663574e+00 -2.125173568725585938e+00
3.853082954883575439e-01 -1.380027890205383301e+00 -2.179026603698730469e+00
-3.145964145660400391e-01 -1.344123721122741699e+00 -1.441535234451293945e+00
-4.695468842983245850e-01 -1.421898365020751953e+00 -2.496089458465576172e+00
8.097809553146362305e-01 -1.543725132942199707e+00 -1.439741492271423340e+00
-1.814775705337524414e+00 -1.770854234695434570e+00 -1.279936909675598145e+00
7.208239287137985229e-02 -1.415591478347778320e+00 -2.331541776657104492e+00
-1.008280590176582336e-01 -1.349815368652343750e+00 -1.556418180465698242e+00
-1.860530018806457520e+00 -1.997135758399963379e+00 -2.952055931091308594e+00
5.684329867362976074e-01 -1.544589161872863770e+00 -1.983982563018798828e+00
-4.415117800235748291e-01 -1.421774029731750488e+00 -1.523800611495971680e+00
-2.721531391143798828e-01 -1.784224510192871094e+00 -3.053460121154785156e+00
1.756550669670104980e-01 -1.473308444023132324e+00 -1.527877330780029297e+00
-3.557788848876953125e+00 -2.963497877120971680e+00 -1.892232537269592285e+00
2.233854234218597412e-01 -1.531048774719238281e+00 -2.220799684524536133e+00
-2.046910375356674194e-01 -1.389404177665710449e+00 -1.596863865852355957e+00
-3.757830262184143066e-01 -1.436051130294799805e+00 -2.121082305908203125e+00
6.402919888496398926e-01 -1.767570257186889648e+00 -1.706072449684143066e+00
-1.542113184928894043e+00 -2.311978101730346680e+00 -1.010781764984130859e+00
-3.103146329522132874e-02 -1.626766324043273926e+00 -2.389317035675048828e+00
-1.898866146802902222e-02 -1.501952886581420898e+00 -1.543527126312255859e+00
-1.792769312858581543e+00 -2.588047981262207031e+00 -2.466491937637329102e+00
2.332940548658370972e-01 -1.605801463127136230e+00 -2.024798631668090820e+00
-2.692187130451202393e-01 -1.420574426651000977e+00 -1.671441078186035156e+00
-3.122901022434234619e-01 -1.661548495292663574e+00 -2.298938035964965820e+00
1.735283434391021729e-01 -1.637596487998962402e+00 -1.650301098823547363e+00
-1.399189352989196777e+00 -2.522127151489257812e+00 -1.603482246398925781e+00
3.077720850706100464e-02 -1.632110357284545898e+00 -2.151661396026611328e+00
-1.441324353218078613e-01 -1.580555796623229980e+00 -1.567251563072204590e+00
-3.706974089145660400e-01 -1.551907658576965332e+00 -2.023986339569091797e+00
1.332495361566543579e-01 -1.652969598770141602e+00 -1.869131207466125488e+00
-3.225293755531311035e-01 -1.524454832077026367e+00 -1.719274282455444336e+00
-1.638839393854141235e-01 -1.657081007957458496e+00 -2.130512475967407227e+00
-3.703781217336654663e-02 -1.614916563034057617e+00 -1.685636878013610840e+00
-3.270464837551116943e-01 -1.514536261558532715e+00 -1.880647182464599609e+00
-1.294427737593650818e-02 -1.651881694793701172e+00 -1.972470164299011230e+00
-2.148538678884506226e-01 -1.603871226310729980e+00 -1.707192540168762207e+00
-2.429600954055786133e-01 -1.597394227981567383e+00 -1.973311305046081543e+00
-7.079387456178665161e-02 -1.628080129623413086e+00 -1.823552846908569336e+00
-2.422256171703338623e-01 -1.578502178192138672e+00 -1.830836176872253418e+00
-1.790799349546432495e-01 -1.601550817489624023e+00 -1.859266757965087891e+00
