-6.946604251861572266e-01 1.992965221405029297e+00 -4.596477031707763672e+00
-1.201904535293579102e+00 2.238682985305786133e+00 -4.131799697875976562e+00
-6.731944680213928223e-01 -2.942143976688385010e-01 -4.841070175170898438e+00
-4.461426436901092529e-01 -1.238449662923812866e-02 -4.272329807281494141e+00
-2.131114721298217773e+00 2.273320198059082031e+00 -4.850565433502197266e+00
-6.946604251861572266e-01 -1.131557464599609375e+00 -4.596477031707763672e+00
-8.697463274002075195e-01 1.104133576154708862e-01 -3.945166349411010742e+00
-8.035189509391784668e-01 -7.360132932662963867e-01 -4.806077480316162109e+00
-1.768447905778884888e-01 -2.836599051952362061e-01 -4.407371520996093750e+00
-1.368395328521728516e+00 -9.434617310762405396e-02 -4.318368911743164062e+00
-6.016703844070434570e-01 -8.410680294036865234e-01 -4.795191287994384766e+00
-4.127788841724395752e-01 3.392676636576652527e-02 -3.697794198989868164e+00
-9.958155751228332520e-01 -7.275874018669128418e-01 -4.771002769470214844e+00
-5.422946214675903320e-01 -9.612596631050109863e-01 -4.629974365234375000e+00
-1.135932445526123047e+00 -3.419782519340515137e-01 -3.968812942504882812e+00
-7.692654132843017578e-01 -5.673191547393798828e-01 -5.172198772430419922e+00
6.054915785789489746e-01 4.315102100372314453e-01 -3.500707626342773438e+00
-1.240192294120788574e+00 -6.562844514846801758e-01 -4.573917388916015625e+00
-5.155717730522155762e-01 -9.231284856796264648e-01 -4.774693965911865234e+00
-7.272438406944274902e-01 -5.797179341316223145e-01 -3.891831159591674805e+00
-1.928226590156555176e+00 2.973200082778930664e-01 -6.074701309204101562e+00
8.338443040847778320e-01 -4.550546035170555115e-02 -4.390819072723388672e+00
-1.324652671813964844e+00 -6.187634468078613281e-01 -4.158144950866699219e+00
-6.176863312721252441e-01 -9.092664122581481934e-01 -4.938634395599365234e+00
2.123648077249526978e-01 -3.505684062838554382e-02 -3.013597011566162109e+00
-1.108963012695312500e+00 -8.838466405868530273e-01 -4.728651046752929688e+00
-4.511269032955169678e-01 -9.868494868278503418e-01 -4.708995819091796875e+00
-1.777429461479187012e+00 2.996882796287536621e-01 -2.009255647659301758e+00
-9.861315488815307617e-01 -7.162895798683166504e-01 -5.406840801239013672e+00
1.367417812347412109e+00 -7.163336873054504395e-02 -3.512706518173217773e+00
-3.932052612304687500e+00 3.033759295940399170e-01 -3.743110895156860352e+00
-5.383966565132141113e-01 -1.015137434005737305e+00 -4.839503288269042969e+00
-3.295215666294097900e-01 -3.167942762374877930e-01 -2.471838474273681641e+00
-1.874934792518615723e+00 -6.037586331367492676e-01 -5.510547637939453125e+00
-2.707714736461639404e-01 -9.913170933723449707e-01 -4.631595134735107422e+00
-1.688324093818664551e+00 -6.832634806632995605e-01 -3.522355556488037109e+00
-6.922788619995117188e-01 -9.931681156158447266e-01 -5.084662914276123047e+00
2.005142420530319214e-01 -7.838403582572937012e-01 -3.609677553176879883e+00
-3.271517992019653320e+00 -5.134147405624389648e-01 -4.835299491882324219e+00
-4.418365359306335449e-01 -1.062663435935974121e+00 -4.788361549377441406e+00
-1.373055577278137207e+00 -3.903545737266540527e-01 -8.674175739288330078e-01
-1.042003631591796875e+00 -1.017882227897644043e+00 -5.148439884185791016e+00
-3.433874547481536865e-01 -1.075727105140686035e+00 -4.500207901000976562e+00
-1.814220666885375977e+00 -9.648727774620056152e-01 -4.021937370300292969e+00
-5.739402770996093750e-01 -1.092730402946472168e+00 -4.922098636627197266e+00
2.882010340690612793e-01 -8.935934901237487793e-01 -2.182102441787719727e+00
-2.745806932449340820e+00 -9.706616401672363281e-01 -5.568553447723388672e+00
-3.164188861846923828e-01 -1.111541509628295898e+00 -4.713092803955078125e+00
-1.436807870864868164e+00 -1.087058544158935547e+00 -3.330134153366088867e+00
-8.673458695411682129e-01 -1.123248934745788574e+00 -5.400642871856689453e+00
-4.446594417095184326e-01 -1.134655117988586426e+00 -4.418888092041015625e+00
-2.204462289810180664e+00 -1.177684187889099121e+00 -4.408313274383544922e+00
-4.694011509418487549e-01 -1.149132013320922852e+00 -4.861120700836181641e+00
-5.805797576904296875e-01 -1.353451967239379883e+00 -1.468188762664794922e+00
-8.624302148818969727e-01 -1.153376698493957520e+00 -4.766720294952392578e+00
-2.557448446750640869e-01 -1.180693864822387695e+00 -4.574035167694091797e+00
-1.442000627517700195e+00 -1.259969353675842285e+00 -3.978987216949462891e+00
-6.364545226097106934e-01 -1.196125984191894531e+00 -5.013668537139892578e+00
9.499706029891967773e-01 -1.637039780616760254e+00 -2.207963943481445312e+00
-1.956954956054687500e+00 -1.384855151176452637e+00 -4.886928081512451172e+00
-3.403640091419219971e-01 -1.219946384429931641e+00 -4.797207355499267578e+00
-9.714106321334838867e-01 -1.345778942108154297e+00 -3.743390560150146484e+00
-8.753806352615356445e-01 -1.245211124420166016e+00 -4.992690086364746094e+00
-3.244656026363372803e-01 -1.245551347732543945e+00 -4.439421653747558594e+00
-2.093349218368530273e+00 -1.586154818534851074e+00 -4.101089954376220703e+00
-5.083176493644714355e-01 -1.262407064437866211e+00 -4.946867942810058594e+00
-2.932153940200805664e-01 -1.698900580406188965e+00 -3.042814254760742188e+00
-2.672750949859619141e+00 -2.023177623748779297e+00 -5.882055282592773438e+00
-1.995918750762939453e-01 -1.333795905113220215e+00 -4.679074764251708984e+00
-1.123680353164672852e+00 -1.429984807968139648e+00 -4.048061847686767578e+00
-7.315469980239868164e-01 -1.347550392150878906e+00 -5.069757461547851562e+00
-4.107646942138671875e-01 -1.318894743919372559e+00 -4.331264972686767578e+00
-1.949371218681335449e+00 -1.771879911422729492e+00 -4.608719348907470703e+00
-3.272246122360229492e-01 -1.397981047630310059e+00 -4.926543235778808594e+00
-7.469776272773742676e-01 -1.438335061073303223e+00 -4.060452461242675781e+00
-9.131188392639160156e-01 -1.350151777267456055e+00 -4.887249469757080078e+00
-2.039095610380172729e-01 -1.448001742362976074e+00 -4.504723548889160156e+00
-2.203417778015136719e+00 -2.318999528884887695e+00 -3.657279014587402344e+00
-5.837716460227966309e-01 -1.421826601028442383e+00 -4.993486404418945312e+00
-1.673596054315567017e-01 -1.996915221214294434e+00 -3.556509494781494141e+00
-1.596603512763977051e+00 -1.885457754135131836e+00 -4.935874938964843750e+00
3.646081387996673584e-01 -2.073183774948120117e+00 -5.021679878234863281e+00
-9.031827449798583984e-01 -1.551079869270324707e+00 -4.161971092224121094e+00
-9.849710464477539062e-01 -2.051943540573120117e+00 -5.554671764373779297e+00
2.978452742099761963e-01 -2.252873420715332031e+00 -4.008290290832519531e+00
-2.854017734527587891e+00 -3.402044773101806641e+00 -4.143787860870361328e+00
-1.633526533842086792e-01 -2.126246690750122070e+00 -5.336750030517578125e+00
-6.408916115760803223e-01 -1.656714320182800293e+00 -4.147193908691406250e+00
-8.344489336013793945e-01 -1.359664797782897949e+00 -4.716642856597900391e+00
1.002020463347434998e-01 -2.184514284133911133e+00 -4.621581554412841797e+00
-1.247100710868835449e+00 -2.230007648468017578e+00 -4.057349681854248047e+00
-6.597391963005065918e-01 -2.091812133789062500e+00 -5.219815254211425781e+00
-5.127447247505187988e-01 -1.612710952758789062e+00 -4.374106407165527344e+00
-9.249805212020874023e-01 -1.560097217559814453e+00 -4.629757404327392578e+00
-1.673090457916259766e-01 -2.441418886184692383e+00 -4.955809593200683594e+00
-7.202013731002807617e-01 -1.391897559165954590e+00 -4.487903118133544922e+00
-8.265927433967590332e-01 -1.871286511421203613e+00 -4.832014083862304688e+00
-5.227860212326049805e-01 -1.748757123947143555e+00 -4.539791107177734375e+00
-7.446190118789672852e-01 -1.399980664253234863e+00 -4.573983669281005859e+00
-6.946604251861572266e-01 -1.606874704360961914e+00 -4.596477031707763672e+00
