-1.484639406204223633e+00 4.480807185173034668e-01 -2.064850807189941406e+00
-1.777881979942321777e+00 5.244974493980407715e-01 -1.796216607093811035e+00
-1.469969391822814941e+00 -8.516219258308410645e-01 -2.232008218765258789e+00
-1.384408831596374512e+00 -9.724926352500915527e-01 -1.934117794036865234e+00
-2.127708196640014648e+00 1.004186049103736877e-01 -2.178600549697875977e+00
-1.338512420654296875e+00 -1.068381905555725098e+00 -2.157804965972900391e+00
-1.548112511634826660e+00 -9.736235737800598145e-01 -1.828733921051025391e+00
-1.658371448516845703e+00 -7.926037311553955078e-01 -2.399361133575439453e+00
-1.294811248779296875e+00 -1.113035678863525391e+00 -1.995525836944580078e+00
-2.499884366989135742e+00 1.390941441059112549e-01 -1.645772457122802734e+00
-1.369485259056091309e+00 -1.064142346382141113e+00 -2.310928583145141602e+00
-1.389334082603454590e+00 -1.029814839363098145e+00 -1.761002302169799805e+00
-1.837750554084777832e+00 -9.502060413360595703e-01 -2.269485950469970703e+00
-1.257035136222839355e+00 -1.169478893280029297e+00 -2.114888906478881836e+00
-1.911418080329895020e+00 -6.602241992950439453e-01 -1.457802057266235352e+00
-1.544460773468017578e+00 -9.714403748512268066e-01 -2.526488304138183594e+00
-1.268103599548339844e+00 -1.163546442985534668e+00 -1.882354140281677246e+00
-2.301308155059814453e+00 -7.123796343803405762e-01 -2.031079053878784180e+00
-1.263690710067749023e+00 -1.166722893714904785e+00 -2.284724235534667969e+00
-1.577533245086669922e+00 1.494011878967285156e-01 -5.593505501747131348e-02
-2.280303001403808594e+00 -5.022284984588623047e-01 -3.018321752548217773e+00
-1.237273216247558594e+00 -1.248108267784118652e+00 -2.031568050384521484e+00
-2.160989761352539062e+00 -8.733418583869934082e-01 -1.594263792037963867e+00
-1.361233592033386230e+00 -1.067490100860595703e+00 -2.613402128219604492e+00
-1.272730946540832520e+00 -1.167694330215454102e+00 -1.695042252540588379e+00
-4.246515750885009766e+00 2.274514436721801758e-01 -2.945964813232421875e+00
-1.233891010284423828e+00 -1.274874925613403320e+00 -2.180702924728393555e+00
-2.193418741226196289e+00 -4.869780838489532471e-01 -3.712585568428039551e-01
-1.613429307937622070e+00 -1.240378975868225098e+00 -2.422919750213623047e+00
-1.233116626739501953e+00 -1.294585347175598145e+00 -1.932657480239868164e+00
-3.778306245803833008e+00 -4.072309732437133789e-01 -1.460247635841369629e+00
-1.242843866348266602e+00 -1.243726849555969238e+00 -2.440898418426513672e+00
-1.314835786819458008e+00 -1.044973731040954590e+00 -1.076812267303466797e+00
-2.814322233200073242e+00 -8.292582035064697266e-01 -3.094631910324096680e+00
-1.239099740982055664e+00 -1.342635035514831543e+00 -2.085193157196044922e+00
-2.822269916534423828e+00 -8.203944563865661621e-01 -6.189113259315490723e-01
-1.479288101196289062e+00 -1.112905979156494141e+00 -3.161815404891967773e+00
-1.230768561363220215e+00 -1.325257658958435059e+00 -1.784995198249816895e+00
-2.982673406600952148e+00 -1.064517974853515625e+00 -2.203688144683837891e+00
-1.259563446044921875e+00 -1.362537264823913574e+00 -2.235675334930419922e+00
-2.080371141433715820e+00 -7.729836106300354004e-01 1.209817886352539062e+00
-4.088684082031250000e+00 -5.716421604156494141e-01 -6.202938079833984375e+00
-1.267495512962341309e+00 -1.389357805252075195e+00 -2.005340576171875000e+00
-2.422666072845458984e+00 -1.284212708473205566e+00 -1.583471059799194336e+00
-1.264098644256591797e+00 -1.352937817573547363e+00 -2.659721612930297852e+00
-1.251543521881103516e+00 -1.367434382438659668e+00 -1.492256641387939453e+00
-3.775568008422851562e+00 -1.244165182113647461e+00 -3.150564670562744141e+00
-1.296941399574279785e+00 -1.413937330245971680e+00 -2.122720003128051758e+00
-2.383958578109741211e+00 -1.369947075843811035e+00 -5.303219556808471680e-01
-1.699532389640808105e+00 -1.413530707359313965e+00 -3.065569877624511719e+00
-1.293050169944763184e+00 -1.426243901252746582e+00 -1.928754806518554688e+00
-2.529983282089233398e+00 -1.455806732177734375e+00 -1.934571623802185059e+00
-1.312938690185546875e+00 -1.437265872955322266e+00 -2.266571760177612305e+00
-1.459136128425598145e+00 -1.473475575447082520e+00 -1.365506410598754883e+00
-2.780481100082397461e+00 -1.592400074005126953e+00 -3.379796981811523438e+00
-1.311163902282714844e+00 -1.443290472030639648e+00 -2.055980920791625977e+00
-2.960045814514160156e+00 -1.677381992340087891e+00 -8.457965850830078125e-01
-1.429747700691223145e+00 -1.484761953353881836e+00 -2.458287239074707031e+00
-1.329171061515808105e+00 -1.471653699874877930e+00 -1.839062690734863281e+00
-2.868646383285522461e+00 -1.701591014862060547e+00 -2.383307695388793945e+00
-1.330167293548583984e+00 -1.462407231330871582e+00 -2.152368545532226562e+00
-2.324193954467773438e+00 -2.073735952377319336e+00 5.230880379676818848e-01
-2.387815952301025391e+00 -1.991871237754821777e+00 -4.044984340667724609e+00
-1.332850813865661621e+00 -1.470610141754150391e+00 -2.000454425811767578e+00
-2.409684658050537109e+00 -1.724525213241577148e+00 -1.737218737602233887e+00
-6.130937337875366211e-01 -2.035867929458618164e+00 -3.703668117523193359e+00
-1.007306337356567383e+00 -2.098462104797363281e+00 -2.174878269433975220e-01
-3.065172433853149414e+00 -2.136291742324829102e+00 -3.092052936553955078e+00
-1.341579675674438477e+00 -1.482310771942138672e+00 -2.088719129562377930e+00
-2.032445907592773438e+00 -1.804925560951232910e+00 -1.364590644836425781e+00
-1.677883148193359375e+00 -2.555426836013793945e+00 -4.544301509857177734e+00
-4.985068738460540771e-01 -2.074599742889404297e+00 -1.143616914749145508e+00
-2.256444931030273438e+00 -1.817749023437500000e+00 -2.072381258010864258e+00
7.200286537408828735e-02 -2.552573680877685547e+00 -3.463176250457763672e+00
-1.599221348762512207e+00 -2.095755815505981445e+00 -8.908821344375610352e-01
-1.986538648605346680e+00 -1.926081299781799316e+00 -2.732887983322143555e+00
-1.484639406204223633e+00 -1.423869967460632324e+00 -2.064850807189941406e+00
-3.051823854446411133e+00 -2.657295942306518555e+00 -1.089282155036926270e+00
-1.016656994819641113e+00 -2.648888826370239258e+00 -3.740343809127807617e+00
-8.827234506607055664e-01 -2.411679267883300781e+00 -8.777236938476562500e-01
-2.025857210159301758e+00 -1.876253724098205566e+00 -2.268508911132812500e+00
-1.035634651780128479e-01 -2.651563644409179688e+00 -2.619230985641479492e+00
-1.826746940612792969e+00 -2.112150192260742188e+00 -1.351987957954406738e+00
-2.209057569503784180e+00 -3.720528364181518555e+00 -4.455853939056396484e+00
2.394347488880157471e-01 -3.371699333190917969e+00 -1.043115735054016113e+00
-3.250098943710327148e+00 -3.280187845230102539e+00 -1.694738745689392090e+00
-1.014302611351013184e+00 -2.304412364959716797e+00 -2.720172882080078125e+00
-1.354160189628601074e+00 -2.698251962661743164e+00 -9.745895266532897949e-01
-1.834260821342468262e+00 -1.994383096694946289e+00 -2.365394830703735352e+00
-4.799230396747589111e-01 -2.754821062088012695e+00 -2.096583366394042969e+00
-2.149321079254150391e+00 -2.745496273040771484e+00 -1.416187286376953125e+00
-1.423835754394531250e+00 -3.095831155776977539e+00 -3.150184631347656250e+00
-7.010926604270935059e-01 -3.496292829513549805e+00 -1.107056379318237305e+00
-1.842352390289306641e+00 -2.089440345764160156e+00 -2.116538524627685547e+00
-1.070542812347412109e+00 -2.452423334121704102e+00 -2.347012519836425781e+00
-1.573722243309020996e+00 -2.331895828247070312e+00 -1.686161637306213379e+00
-1.620561957359313965e+00 -2.185971736907958984e+00 -2.307511806488037109e+00
-1.178072214126586914e+00 -2.524750232696533203e+00 -1.963741660118103027e+00
-1.630978584289550781e+00 -2.210138320922851562e+00 -1.998963236808776855e+00
-1.484639406204223633e+00 -2.326692819595336914e+00 -2.064850807189941406e+00
