5.935217380523681641e+00 4.462431430816650391e+00 -2.069323921203613281e+01
5.935217380523681641e+00 4.462431430816650391e+00 -2.069323921203613281e+01
5.935217380523681641e+00 4.462431430816650391e+00 -2.069323921203613281e+01
5.935217380523681641e+00 4.462431430816650391e+00 -2.069323921203613281e+01
5.935217380523681641e+00 4.462431430816650391e+00 -2.069323921203613281e+01
5.935217380523681641e+00 4.462431430816650391e+00 -2.069323921203613281e+01
5.935217380523681641e+00 4.462431430816650391e+00 -2.069323921203613281e+01
5.935217380523681641e+00 4.462431430816650391e+00 -2.069323921203613281e+01
5.935217380523681641e+00 4.462431430816650391e+00 -2.069323921203613281e+01
5.935217380523681641e+00 4.462431430816650391e+00 -2.069323921203613281e+01
5.690548896789550781e+00 4.454956531524658203e+00 -2.066274642944335938e+01
5.935217380523681641e+00 4.462431430816650391e+00 -2.069323921203613281e+01
5.935217380523681641e+00 4.462431430816650391e+00 -2.069323921203613281e+01
5.808939456939697266e+00 4.440733432769775391e+00 -2.058890151977539062e+01
5.935217380523681641e+00 4.462431430816650391e+00 -2.069323921203613281e+01
5.820004940032958984e+00 4.373250007629394531e+00 -2.033809471130371094e+01
5.935217380523681641e+00 4.462431430816650391e+00 -2.069323921203613281e+01
5.724355220794677734e+00 4.393897533416748047e+00 -2.061855697631835938e+01
5.935217380523681641e+00 4.462431430816650391e+00 -2.069323921203613281e+01
5.811860561370849609e+00 4.376624107360839844e+00 -2.053555297851562500e+01
5.935217380523681641e+00 4.462431430816650391e+00 -2.069323921203613281e+01
5.718088150024414062e+00 4.351622581481933594e+00 -2.069535827636718750e+01
5.935217380523681641e+00 4.462431430816650391e+00 -2.069323921203613281e+01
5.935217380523681641e+00 4.462431430816650391e+00 -2.069323921203613281e+01
5.786818027496337891e+00 4.345635890960693359e+00 -2.060086059570312500e+01
5.935217380523681641e+00 4.462431430816650391e+00 -2.069323921203613281e+01
5.840657234191894531e+00 4.272187709808349609e+00 -2.049620056152343750e+01
5.935217380523681641e+00 4.462431430816650391e+00 -2.069323921203613281e+01
5.774526119232177734e+00 4.293469905853271484e+00 -2.065955162048339844e+01
5.935217380523681641e+00 4.462431430816650391e+00 -2.069323921203613281e+01
5.935217380523681641e+00 4.462431430816650391e+00 -2.069323921203613281e+01
5.835759162902832031e+00 4.264672279357910156e+00 -2.059617805480957031e+01
5.935217380523681641e+00 4.462431430816650391e+00 -2.069323921203613281e+01
5.826582908630371094e+00 4.260303497314453125e+00 -2.070893669128417969e+01
5.935217380523681641e+00 4.462431430816650391e+00 -2.069323921203613281e+01
5.935217380523681641e+00 4.462431430816650391e+00 -2.069323921203613281e+01
5.935217380523681641e+00 4.462431430816650391e+00 -2.069323921203613281e+01
5.935217380523681641e+00 4.462431430816650391e+00 -2.069323921203613281e+01
