-1.521765828132629395e+00 -8.548936843872070312e-01 -9.400674104690551758e-01
-1.667266130447387695e+00 -7.944965362548828125e-01 -8.067772388458251953e-01
-1.504119634628295898e+00 -1.072890162467956543e+00 -1.141136527061462402e+00
-1.266579389572143555e+00 -6.120277047157287598e-01 -6.072219610214233398e-01
-1.897658228874206543e+00 -8.702412843704223633e-01 -1.006557464599609375e+00
-1.249058485031127930e+00 -1.097807645797729492e+00 -1.113541483879089355e+00
-1.666319251060485840e+00 -7.358430624008178711e-01 -4.023358523845672607e-01
-1.751532793045043945e+00 -9.263592958450317383e-01 -1.382469773292541504e+00
-5.775025859475135803e-02 6.360211968421936035e-01 -4.054112732410430908e-01
-2.099103927612304688e+00 -8.724234104156494141e-01 -7.017506361007690430e-01
-1.377761960029602051e+00 -1.311381697654724121e+00 -1.247795343399047852e+00
-1.278143882751464844e+00 -7.539381384849548340e-01 -1.633621007204055786e-01
-2.133281230926513672e+00 -9.409443140029907227e-01 -1.294453024864196777e+00
-9.290902614593505859e-01 -1.098804354667663574e+00 -1.070365428924560547e+00
-2.003149509429931641e+00 -8.998799920082092285e-01 -2.553485333919525146e-01
-1.637405991554260254e+00 -8.866443037986755371e-01 -1.832454919815063477e+00
-7.457138895988464355e-01 -8.282476067543029785e-01 -2.860099971294403076e-01
-2.598435640335083008e+00 -8.232263326644897461e-01 -8.955437541007995605e-01
-1.125012636184692383e+00 -1.299478411674499512e+00 -1.334889769554138184e+00
-1.606198549270629883e+00 -3.312600553035736084e-01 8.858692646026611328e-01
-2.438386201858520508e+00 -6.994827985763549805e-01 -2.038484811782836914e+00
-2.398905903100967407e-01 -8.504183292388916016e-01 -7.675929069519042969e-01
-2.180065870285034180e+00 -1.225396394729614258e+00 -4.820393323898315430e-01
-1.297065258026123047e+00 -1.112326145172119141e+00 -1.938884258270263672e+00
-1.181619986891746521e-02 6.414233893156051636e-02 1.694995999336242676e+00
-4.412084579467773438e+00 -3.311525657773017883e-02 -1.862157940864562988e+00
-8.984887003898620605e-01 -1.390879869461059570e+00 -1.228037238121032715e+00
-2.200485467910766602e+00 -8.640745282173156738e-01 6.816983222961425781e-01
-1.576010107994079590e+00 -1.683948636054992676e+00 -1.090880274772644043e+00
-3.479081988334655762e-01 -1.157860279083251953e+00 -3.231207430362701416e-01
-2.871361732482910156e+00 -1.163040757179260254e+00 -5.843182802200317383e-01
-1.452040433883666992e+00 -1.709285140037536621e+00 -1.048506379127502441e+00
-1.290449500083923340e+00 -1.245077848434448242e+00 4.058958888053894043e-01
-2.447776079177856445e+00 -1.347135901451110840e+00 -1.657221913337707520e+00
-6.686263084411621094e-01 -1.478977560997009277e+00 -1.010748267173767090e+00
-2.080135583877563477e+00 -1.509322166442871094e+00 -3.364859819412231445e-01
-1.520708322525024414e+00 -1.699782967567443848e+00 -1.156837224960327148e+00
-2.990687191486358643e-01 -1.286293864250183105e+00 4.077776968479156494e-01
-3.113569498062133789e+00 -1.379386425018310547e+00 -1.087595462799072266e+00
1.889907121658325195e-01 -1.295054554939270020e+00 -2.238470554351806641e+00
-2.020728349685668945e+00 -1.216074228286743164e+00 1.802671909332275391e+00
-1.652553677558898926e+00 -1.718429088592529297e+00 -1.147902488708496094e+00
3.041666150093078613e-01 -1.471023797988891602e+00 -4.396550357341766357e-01
-2.189590454101562500e+00 -1.661803722381591797e+00 -5.973508358001708984e-01
-1.498399496078491211e+00 -1.753716826438903809e+00 -1.003094196319580078e+00
1.815881021320819855e-02 -1.388395667076110840e+00 2.842719078063964844e+00
-2.234399557113647461e+00 -1.705331802368164062e+00 -1.277797937393188477e+00
-3.210691809654235840e-01 -1.697693109512329102e+00 -1.310255050659179688e+00
-3.597649812698364258e+00 -1.636762857437133789e+00 2.602060794830322266e+00
-1.533349037170410156e+00 -1.760674834251403809e+00 -9.940085411071777344e-01
-4.028308093547821045e-01 -1.775096535682678223e+00 -1.452283859252929688e-01
-2.693351268768310547e+00 -1.797025799751281738e+00 -7.940549850463867188e-01
-1.471876263618469238e+00 -1.765124440193176270e+00 -9.986797571182250977e-01
-1.487047553062438965e+00 -1.828761577606201172e+00 1.196876540780067444e-02
-1.565541505813598633e+00 -1.766925334930419922e+00 -9.844884872436523438e-01
2.176780700683593750e+00 -2.175282478332519531e+00 -7.509582638740539551e-01
-3.277370452880859375e+00 -2.062889337539672852e+00 5.105006694793701172e-01
-1.514442563056945801e+00 -1.769355893135070801e+00 -9.925567507743835449e-01
2.541003525257110596e-01 -2.307049989700317383e+00 1.639039754867553711e+00
-2.318493127822875977e+00 -1.921107053756713867e+00 -1.123392462730407715e+00
-3.991170525550842285e-01 -2.041307687759399414e+00 -1.576115369796752930e+00
-1.961990594863891602e+00 -2.101992845535278320e+00 4.169315993785858154e-01
-1.543161034584045410e+00 -1.774687409400939941e+00 -9.869744181632995605e-01
1.432978272438049316e+00 -2.671084880828857422e+00 3.134858608245849609e-01
-2.244765043258666992e+00 -1.996219038963317871e+00 -6.839959025382995605e-01
-1.496100902557373047e+00 -1.779253959655761719e+00 -9.883265495300292969e-01
-1.335869193077087402e+00 -2.023951053619384766e+00 -2.206148952245712280e-01
-1.578409433364868164e+00 -1.786764144897460938e+00 -9.768805503845214844e-01
-5.985102653503417969e-01 -2.138387441635131836e+00 -1.094104409217834473e+00
-2.815632820129394531e+00 -2.661249160766601562e+00 7.138804197311401367e-01
-1.525229573249816895e+00 -1.781514048576354980e+00 -9.845089316368103027e-01
-7.487688064575195312e-01 -2.271317958831787109e+00 -2.179423272609710693e-01
-2.257162094116210938e+00 -2.136530399322509766e+00 -9.472426176071166992e-01
-1.479618310928344727e+00 -1.791792750358581543e+00 -9.779283404350280762e-01
-1.636679172515869141e+00 -2.435061216354370117e+00 2.372965514659881592e-01
-1.550035357475280762e+00 -1.789519309997558594e+00 -9.776946902275085449e-01
-7.001038789749145508e-01 -2.291053295135498047e+00 -7.864449620246887207e-01
-1.829365134239196777e+00 -2.003322839736938477e+00 -7.485876083374023438e-01
-1.510505557060241699e+00 -1.790707588195800781e+00 -9.803819060325622559e-01
-1.124009132385253906e+00 -2.413993835449218750e+00 -1.555928736925125122e-01
-1.577379226684570312e+00 -1.807717323303222656e+00 -9.609945416450500488e-01
6.028505563735961914e-01 -3.649888753890991211e+00 -1.792913675308227539e+00
-1.894727110862731934e+00 -2.511586427688598633e+00 -1.629134565591812134e-01
-1.532563567161560059e+00 -1.795464754104614258e+00 -9.757062792778015137e-01
-8.122099637985229492e-01 -2.562876224517822266e+00 -5.195645093917846680e-01
-2.020520210266113281e+00 -2.285654544830322266e+00 -8.355082273483276367e-01
-1.498219728469848633e+00 -1.805314064025878906e+00 -9.728743433952331543e-01
-1.429704904556274414e+00 -2.660386085510253906e+00 -1.708219200372695923e-01
-1.551544904708862305e+00 -1.809825658798217773e+00 -9.656662344932556152e-01
-2.139994055032730103e-01 -3.493634462356567383e+00 -9.813712239265441895e-01
-1.759799957275390625e+00 -2.234529733657836914e+00 -7.077695727348327637e-01
-1.520094394683837891e+00 -1.807191848754882812e+00 -9.699016213417053223e-01
-1.145238637924194336e+00 -2.757118701934814453e+00 -4.798068106174468994e-01
-1.564649224281311035e+00 -1.841022133827209473e+00 -9.462638497352600098e-01
-1.498067498207092285e+00 -1.820095300674438477e+00 -9.562152624130249023e-01
-1.673856139183044434e+00 -3.311496257781982422e+00 -2.935349643230438232e-01
-1.532746791839599609e+00 -1.822801351547241211e+00 -9.596716761589050293e-01
-1.244800329208374023e+00 -2.755813360214233398e+00 -8.487212061882019043e-01
-1.542105913162231445e+00 -1.870517611503601074e+00 -9.309095144271850586e-01
-1.521765828132629395e+00 -1.850269794464111328e+00 -9.400674104690551758e-01
