-1.291833877563476562e+00 -7.652167677879333496e-01 -1.198297291994094849e-01
-1.490041375160217285e+00 -6.190430521965026855e-01 6.174459680914878845e-02
-1.257772207260131836e+00 -6.072999238967895508e-01 -5.079449415206909180e-01
-8.104839324951171875e-01 2.317303717136383057e-01 5.080060362815856934e-01
-1.804597020149230957e+00 -7.205568552017211914e-01 -2.105302959680557251e-01
2.685230374336242676e-01 1.859955668449401855e+00 -1.112401008605957031e+00
-1.532021284103393555e+00 -2.322089672088623047e-01 7.736554145812988281e-01
-1.613675832748413086e+00 -7.665443420410156250e-01 -7.395167350769042969e-01
-3.221467733383178711e-01 -3.481622636318206787e-01 2.342984378337860107e-01
-2.642886161804199219e+00 1.439604759216308594e-01 4.378649890422821045e-01
-8.995706439018249512e-01 -7.105947136878967285e-01 -9.580735564231872559e-01
-7.732872962951660156e-01 2.080363929271697998e-01 1.533378481864929199e+00
-2.062530755996704102e+00 -9.021628499031066895e-01 -5.664643645286560059e-01
-4.779307246208190918e-01 -1.026285290718078613e+00 -2.987640500068664551e-01
-3.355197429656982422e+00 1.756051421165466309e+00 2.815092802047729492e+00
-1.414043545722961426e+00 -1.011704683303833008e+00 -1.062912940979003906e+00
-4.366002678871154785e-01 -9.077988266944885254e-01 6.009620428085327148e-01
-3.711915016174316406e+00 1.724225431680679321e-01 -1.975177414715290070e-02
-5.290095210075378418e-01 -1.048178195953369141e+00 -8.789418339729309082e-01
-1.295216560363769531e+00 -1.878687381744384766e+00 -4.667626321315765381e-02
-2.166155338287353516e+00 -9.232237935066223145e-01 -1.167559027671813965e+00
-3.015214502811431885e-01 -1.232328176498413086e+00 1.341540552675724030e-02
-2.361620426177978516e+00 -1.065204262733459473e+00 6.244998574256896973e-01
-1.048743724822998047e+00 -1.233964443206787109e+00 -1.200390100479125977e+00
-1.259228587150573730e+00 -1.896560668945312500e+00 -6.292921304702758789e-02
-2.118320941925048828e+00 -1.441821813583374023e+00 -3.835016489028930664e-01
3.230334222316741943e-01 -9.764203429222106934e-01 -8.659393787384033203e-01
-1.329216480255126953e+00 -1.886563301086425781e+00 -3.050580061972141266e-02
-2.311695575714111328e+00 -4.829487502574920654e-01 -2.955304861068725586e+00
-1.217442870140075684e+00 -1.897739529609680176e+00 -8.073188364505767822e-02
-3.715650081634521484e+00 -8.616510629653930664e-01 5.190804004669189453e-01
-7.008187174797058105e-01 -1.495657444000244141e+00 -1.038994073867797852e+00
-1.280552268028259277e+00 -1.910803437232971191e+00 -5.418501794338226318e-02
-3.612914562225341797e+00 -8.980289101600646973e-01 -1.917405009269714355e+00
-2.609982192516326904e-01 -1.594933152198791504e+00 -2.052323520183563232e-01
-1.380757927894592285e+00 -1.895858764648437500e+00 -2.370540983974933624e-02
-1.282835006713867188e+00 -1.413056731224060059e+00 -1.964497685432434082e+00
-1.247359275817871094e+00 -1.918701648712158203e+00 -7.080299407243728638e-02
-2.348288059234619141e+00 -1.682552337646484375e+00 -2.177416682243347168e-01
3.850430548191070557e-01 -1.479031682014465332e+00 -1.392519474029541016e+00
-1.520093202590942383e+00 -1.686584949493408203e+00 1.134885072708129883e+00
-1.851714849472045898e+00 -1.752744436264038086e+00 -1.009536743164062500e+00
-1.201593875885009766e+00 -1.921634674072265625e+00 -9.509868174791336060e-02
-1.398313641548156738e+00 -1.920123934745788574e+00 -6.518604606389999390e-02
-4.342621862888336182e-01 -1.660157799720764160e+00 -2.432982206344604492e+00
-4.736986160278320312e-01 -1.737895607948303223e+00 1.889899134635925293e+00
-2.251111268997192383e+00 -1.860729575157165527e+00 -5.744491219520568848e-01
1.753302574157714844e+00 -1.774833083152770996e+00 -1.058677911758422852e+00
-1.937109231948852539e+00 -1.897286653518676758e+00 9.812182784080505371e-01
-1.895097613334655762e+00 -1.906952023506164551e+00 -2.929123878479003906e+00
1.113202888518571854e-03 -1.951997637748718262e+00 7.986193299293518066e-01
-1.416605949401855469e+00 -1.939789056777954102e+00 -1.042796298861503601e-01
-5.248358249664306641e-01 -1.995817542076110840e+00 -1.020930528640747070e+00
-1.215949296951293945e+00 -2.083577632904052734e+00 1.961056828498840332e+00
-1.894445180892944336e+00 -2.014349460601806641e+00 -7.313253879547119141e-01
1.250858902931213379e+00 -2.220630168914794922e+00 1.017986424267292023e-02
-1.372911095619201660e+00 -1.949908256530761719e+00 -5.283968895673751831e-02
-9.481534957885742188e-01 -2.317225694656372070e+00 -2.583161592483520508e+00
4.611925482749938965e-01 -2.474775075912475586e+00 2.426107168197631836e+00
-3.830465793609619141e+00 -2.445390224456787109e+00 -7.039630413055419922e-01
2.227023094892501831e-01 -2.313819646835327148e+00 -9.779053926467895508e-01
-1.594114661216735840e+00 -2.169960737228393555e+00 8.119552731513977051e-01
-1.597813487052917480e+00 -2.128405570983886719e+00 -7.906627058982849121e-01
6.654150038957595825e-02 -2.354260921478271484e+00 4.564624428749084473e-01
-1.387934088706970215e+00 -1.967211246490478516e+00 -8.579301834106445312e-02
-2.346514910459518433e-01 -2.678328752517700195e+00 -2.107710361480712891e+00
-6.941932439804077148e-01 -2.780594110488891602e+00 2.193144559860229492e+00
-3.534663200378417969e+00 -2.946927547454833984e+00 -1.577463984489440918e+00
-1.158308267593383789e+00 -1.990523099899291992e+00 -1.421072781085968018e-01
-1.898322820663452148e+00 -2.357852220535278320e+00 6.554439663887023926e-01
-1.404032945632934570e+00 -2.592969655990600586e+00 -1.559422016143798828e+00
8.752652257680892944e-02 -2.846190214157104492e+00 1.168753147125244141e+00
-1.480256319046020508e+00 -2.032135486602783203e+00 -1.216681450605392456e-01
-1.015164256095886230e+00 -2.136587142944335938e+00 -3.683609366416931152e-01
-1.441601991653442383e+00 -2.814187526702880859e+00 1.414644360542297363e+00
-1.495580077171325684e+00 -2.139850139617919922e+00 -3.910197317600250244e-01
-1.291833877563476562e+00 -1.935977101325988770e+00 -1.198297291994094849e-01
-1.365013480186462402e+00 -1.993571877479553223e+00 -7.427562773227691650e-02
-1.242559909820556641e+00 -2.064959526062011719e+00 -2.962426245212554932e-01
-8.898096680641174316e-01 -2.595742225646972656e+00 6.730614304542541504e-01
-1.508204460144042969e+00 -2.116833209991455078e+00 -2.012491375207901001e-01
-1.165717840194702148e+00 -2.048086643218994141e+00 -1.704542040824890137e-01
-1.814561486244201660e+00 -2.987643718719482422e+00 9.693983197212219238e-01
-1.563232421875000000e+00 -2.796405076980590820e+00 -1.015603303909301758e+00
2.672888934612274170e-01 -3.697447299957275391e+00 8.041504621505737305e-01
-1.370558857917785645e+00 -2.018753767013549805e+00 -1.033257693052291870e-01
-9.290330410003662109e-01 -2.615195512771606445e+00 -6.253214478492736816e-01
-1.189165592193603516e+00 -2.938732385635375977e+00 7.380490303039550781e-01
-1.982964396476745605e+00 -3.063765764236450195e+00 -7.139440774917602539e-01
-1.291833877563476562e+00 -1.935977101325988770e+00 -1.198297291994094849e-01
-1.806446075439453125e+00 -2.959211349487304688e+00 3.823809325695037842e-01
-1.258414030075073242e+00 -2.854948043823242188e+00 -7.163688540458679199e-01
-6.420766711235046387e-01 -3.654536485671997070e+00 6.744225621223449707e-01
-1.428657293319702148e+00 -2.190554380416870117e+00 -1.396000534296035767e-01
-1.018923044204711914e+00 -2.613846540451049805e+00 -3.057888150215148926e-01
-1.472721934318542480e+00 -3.779778003692626953e+00 6.491212248802185059e-01
-1.749154567718505859e+00 -4.500120162963867188e+00 -9.362789988517761230e-01
-6.509187817573547363e-01 -4.237498283386230469e+00 9.155099093914031982e-02
-1.323012232780456543e+00 -2.103495836257934570e+00 -1.057920157909393311e-01
-1.291833877563476562e+00 -2.199599027633666992e+00 -1.198297291994094849e-01
