-1.477857351303100586e+00 5.627978593111038208e-02 -4.426064014434814453e+00
-1.555053830146789551e+00 -1.139512807130813599e-01 -4.355345726013183594e+00
-1.403782248497009277e+00 2.262660026550292969e+00 -5.270112037658691406e+00
-1.387157082557678223e+00 -2.184028625488281250e-01 -4.307761669158935547e+00
-1.749072432518005371e+00 1.600904576480388641e-02 -4.474038124084472656e+00
-1.426299810409545898e+00 -5.014357566833496094e-01 -4.458860874176025391e+00
-1.513381123542785645e+00 -3.748735785484313965e-01 -4.293917179107666016e+00
-1.744979262351989746e+00 3.437427878379821777e-01 -4.940391063690185547e+00
-1.358880758285522461e+00 -4.320431053638458252e-01 -4.382614135742187500e+00
-2.834086418151855469e+00 1.461045622825622559e+00 -3.866232395172119141e+00
-6.597862839698791504e-01 1.928692340850830078e+00 -6.174234390258789062e+00
-1.401510596275329590e+00 -3.111937642097473145e-01 -4.182658672332763672e+00
-1.948138833045959473e+00 3.974854014813899994e-03 -4.698601722717285156e+00
-1.348500609397888184e+00 -4.822807312011718750e-01 -4.454502582550048828e+00
-2.355781316757202148e+00 9.440300464630126953e-01 -3.177307367324829102e+00
-1.764317870140075684e+00 1.539642095565795898e+00 -6.636660575866699219e+00
-1.307019352912902832e+00 -4.214767813682556152e-01 -4.282081604003906250e+00
-2.052073955535888672e+00 -1.265980750322341919e-01 -4.402318477630615234e+00
-1.406011462211608887e+00 -5.432450175285339355e-01 -4.497560501098632812e+00
-1.490260481834411621e+00 -4.168000817298889160e-01 -4.157835960388183594e+00
-1.997841954231262207e+00 -2.454739622771739960e-02 -5.049179553985595703e+00
-1.320595741271972656e+00 -5.151220560073852539e-01 -4.404904842376708984e+00
-2.830848217010498047e+00 4.744309186935424805e-01 -3.484688282012939453e+00
-1.280518651008605957e+00 -5.697305500507354736e-02 -5.303254604339599609e+00
-1.313242435455322266e+00 -4.278589189052581787e-01 -4.138789176940917969e+00
-2.181496858596801758e+00 -2.061566412448883057e-01 -4.650544166564941406e+00
-1.313502788543701172e+00 -5.292018055915832520e-01 -4.501999855041503906e+00
-2.346944808959960938e+00 5.219315886497497559e-01 -2.349424123764038086e+00
-1.855350375175476074e+00 -8.903556317090988159e-02 -5.475590705871582031e+00
-1.288506746292114258e+00 -5.295338630676269531e-01 -4.326546669006347656e+00
-4.356099605560302734e+00 6.488832235336303711e-01 -3.667368650436401367e+00
-9.313290119171142578e-01 -2.196855396032333374e-01 -5.276041030883789062e+00
-1.427617669105529785e+00 -5.147577524185180664e-01 -4.133733749389648438e+00
-2.294944524765014648e+00 -2.614738345146179199e-01 -5.058862209320068359e+00
-1.284504652023315430e+00 -5.628922581672668457e-01 -4.442082881927490234e+00
-3.201359510421752930e+00 1.507009267807006836e-01 -2.563008785247802734e+00
-1.472912192344665527e+00 -3.395005762577056885e-01 -5.439765930175781250e+00
-1.279231548309326172e+00 -5.497083067893981934e-01 -4.207108020782470703e+00
-2.264569282531738281e+00 -4.381431937217712402e-01 -4.498976230621337891e+00
-1.317722678184509277e+00 -5.832251310348510742e-01 -4.547600746154785156e+00
-1.534028887748718262e+00 -5.654894113540649414e-01 -4.117295265197753906e+00
-2.118096351623535156e+00 -4.173299968242645264e-01 -5.443467617034912109e+00
-1.258455276489257812e+00 -5.919903516769409180e-01 -4.365934848785400391e+00
-2.762934923171997070e+00 -4.355339407920837402e-01 -3.766583442687988281e+00
-1.219151258468627930e+00 -5.436543226242065430e-01 -5.123878955841064453e+00
-1.359366178512573242e+00 -5.981732010841369629e-01 -4.134993553161621094e+00
-5.040358543395996094e+00 -3.474121391773223877e-01 -6.114399909973144531e+00
-1.250974416732788086e+00 -6.148552298545837402e-01 -4.496014595031738281e+00
-1.694107174873352051e+00 -6.138952374458312988e-01 -4.057072162628173828e+00
-1.711278796195983887e+00 -6.156308054924011230e-01 -5.513067245483398438e+00
-1.291725993156433105e+00 -6.291677951812744141e-01 -4.293845176696777344e+00
-2.197371244430541992e+00 -6.488437652587890625e-01 -4.336392402648925781e+00
-1.225729107856750488e+00 -6.465322971343994141e-01 -4.722274780273437500e+00
-1.464891195297241211e+00 -6.520814895629882812e-01 -4.070510387420654297e+00
-2.526123762130737305e+00 -7.631933689117431641e-01 -5.489785194396972656e+00
-1.249364137649536133e+00 -6.524412035942077637e-01 -4.414381027221679688e+00
-1.926247358322143555e+00 -7.039062380790710449e-01 -4.055582046508789062e+00
-1.349924564361572266e+00 -7.687788605690002441e-01 -5.343023300170898438e+00
-1.337264060974121094e+00 -6.700732707977294922e-01 -4.221879005432128906e+00
-2.265238761901855469e+00 -7.848609685897827148e-01 -4.607238769531250000e+00
-1.234455943107604980e+00 -6.875846385955810547e-01 -4.563965320587158203e+00
-1.583178639411926270e+00 -7.083865404129028320e-01 -4.101409912109375000e+00
-1.975530862808227539e+00 -9.398448467254638672e-01 -5.517168521881103516e+00
-1.294176340103149414e+00 -6.834223270416259766e-01 -4.348137378692626953e+00
-2.122552156448364258e+00 -8.363981842994689941e-01 -4.197726249694824219e+00
-1.329302787780761719e+00 -7.311763167381286621e-01 -4.705399990081787109e+00
-1.412795662879943848e+00 -7.188100814819335938e-01 -4.174263954162597656e+00
-2.844774484634399414e+00 -1.242996454238891602e+00 -5.314435482025146484e+00
-1.259215712547302246e+00 -7.161779403686523438e-01 -4.462542533874511719e+00
-1.763022780418395996e+00 -8.252232670783996582e-01 -4.061537742614746094e+00
-1.570196270942687988e+00 -1.167560935020446777e+00 -5.610836505889892578e+00
-1.336443543434143066e+00 -7.201777696609497070e-01 -4.293956756591796875e+00
-2.132081508636474609e+00 -9.607347249984741211e-01 -4.432447433471679688e+00
-1.299791455268859863e+00 -7.559750676155090332e-01 -4.586019992828369141e+00
-1.614879727363586426e+00 -1.430333614349365234e+00 -3.022178173065185547e+00
-2.088285923004150391e+00 -1.237669825553894043e+00 -5.238555908203125000e+00
-1.302016377449035645e+00 -7.402466535568237305e-01 -4.393187999725341797e+00
-2.133816719055175781e+00 -1.143123269081115723e+00 -4.017730712890625000e+00
-1.021262288093566895e+00 -1.822072148323059082e+00 -6.060787200927734375e+00
-1.392755508422851562e+00 -7.665227651596069336e-01 -4.258222103118896484e+00
-2.149434804916381836e+00 -1.188207864761352539e+00 -4.678775787353515625e+00
-1.328914523124694824e+00 -7.592627406120300293e-01 -4.485851287841796875e+00
-1.686819434165954590e+00 -1.047268748283386230e+00 -3.990641593933105469e+00
-2.128100156784057617e+00 -2.688358545303344727e+00 -6.572245121002197266e+00
-1.357609272003173828e+00 -7.627157568931579590e-01 -4.354801654815673828e+00
-2.219082832336425781e+00 -1.406233668327331543e+00 -4.270673274993896484e+00
-7.581618428230285645e-01 -1.974241375923156738e+00 -5.428818225860595703e+00
-1.423040986061096191e+00 -1.162250161170959473e+00 -3.968027591705322266e+00
-1.961621522903442383e+00 -1.416269063949584961e+00 -4.841920852661132812e+00
-1.374523401260375977e+00 -7.637483477592468262e-01 -4.429327487945556641e+00
-1.931319713592529297e+00 -1.528507947921752930e+00 -3.983529567718505859e+00
-1.433167099952697754e+00 -1.855741262435913086e+00 -5.223776817321777344e+00
-9.909070730209350586e-01 -1.914808630943298340e+00 -3.830824136734008789e+00
-2.057378530502319336e+00 -1.705134153366088867e+00 -4.509801864624023438e+00
-1.015104770660400391e+00 -1.776269197463989258e+00 -4.741379737854003906e+00
-1.789901137351989746e+00 -3.807538509368896484e+00 -3.099573373794555664e+00
-1.701083540916442871e+00 -1.878464579582214355e+00 -4.824587345123291016e+00
-1.168906211853027344e+00 -1.736302495002746582e+00 -4.324168682098388672e+00
-1.477857351303100586e+00 -6.268615126609802246e-01 -4.426064014434814453e+00
-1.477857351303100586e+00 -2.517071723937988281e+00 -4.426064014434814453e+00
