5.945218086242675781e+00 3.749489545822143555e+00 -2.153542518615722656e+01
5.945218086242675781e+00 3.749489545822143555e+00 -2.153542518615722656e+01
5.945218086242675781e+00 3.749489545822143555e+00 -2.153542518615722656e+01
5.945218086242675781e+00 3.749489545822143555e+00 -2.153542518615722656e+01
5.945218086242675781e+00 3.749489545822143555e+00 -2.153542518615722656e+01
5.945218086242675781e+00 3.749489545822143555e+00 -2.153542518615722656e+01
5.945218086242675781e+00 3.749489545822143555e+00 -2.153542518615722656e+01
5.945218086242675781e+00 3.749489545822143555e+00 -2.153542518615722656e+01
5.945218086242675781e+00 3.749489545822143555e+00 -2.153542518615722656e+01
5.945218086242675781e+00 3.749489545822143555e+00 -2.153542518615722656e+01
5.945218086242675781e+00 3.749489545822143555e+00 -2.153542518615722656e+01
5.945218086242675781e+00 3.749489545822143555e+00 -2.153542518615722656e+01
5.945218086242675781e+00 3.749489545822143555e+00 -2.153542518615722656e+01
9.439679384231567383e-01 3.596693992614746094e+00 -2.091212844848632812e+01
5.945218086242675781e+00 3.749489545822143555e+00 -2.153542518615722656e+01
5.243009090423583984e+00 3.628832340240478516e+00 -2.095522499084472656e+01
5.945218086242675781e+00 3.749489545822143555e+00 -2.153542518615722656e+01
5.503394126892089844e+00 3.407491207122802734e+00 -2.017349624633789062e+01
5.945218086242675781e+00 3.749489545822143555e+00 -2.153542518615722656e+01
2.537796258926391602e+00 2.642020225524902344e+00 -2.032858657836914062e+01
5.945218086242675781e+00 3.749489545822143555e+00 -2.153542518615722656e+01
5.419351100921630859e+00 3.383695125579833984e+00 -2.086321067810058594e+01
5.945218086242675781e+00 3.749489545822143555e+00 -2.153542518615722656e+01
5.861618995666503906e+00 3.706826210021972656e+00 -2.153624153137207031e+01
5.852467536926269531e+00 3.205618858337402344e+00 -2.058513450622558594e+01
5.945218086242675781e+00 3.749489545822143555e+00 -2.153542518615722656e+01
5.088643550872802734e+00 3.075336933135986328e+00 -2.100220870971679688e+01
5.945218086242675781e+00 3.749489545822143555e+00 -2.153542518615722656e+01
5.697198390960693359e+00 3.250502824783325195e+00 -2.101861763000488281e+01
5.945218086242675781e+00 3.749489545822143555e+00 -2.153542518615722656e+01
5.252233982086181641e+00 3.020841598510742188e+00 -2.139014816284179688e+01
5.945218086242675781e+00 3.749489545822143555e+00 -2.153542518615722656e+01
5.617782592773437500e+00 3.098430156707763672e+00 -2.121588134765625000e+01
4.606607913970947266e+00 1.258835673332214355e+00 -2.172884750366210938e+01
5.945218086242675781e+00 3.749489545822143555e+00 -2.153542518615722656e+01
5.945218086242675781e+00 3.749489545822143555e+00 -2.153542518615722656e+01
5.945218086242675781e+00 3.749489545822143555e+00 -2.153542518615722656e+01
