-1.848848819732666016e+00 5.583192110061645508e-01 -4.442645072937011719e+00
-1.929131865501403809e+00 6.309435963630676270e-01 -4.369099140167236328e+00
-1.839689016342163086e+00 4.548317790031433105e-01 -4.547016620635986328e+00
-1.755112648010253906e+00 5.196560025215148926e-01 -4.320382595062255859e+00
-1.848848819732666016e+00 9.752522408962249756e-02 -4.442645072937011719e+00
-1.848848819732666016e+00 9.752522408962249756e-02 -4.442645072937011719e+00
-1.940349936485290527e+00 7.465876936912536621e-01 -4.102265357971191406e+00
-1.905475497245788574e+00 3.032819628715515137e-01 -4.551676273345947266e+00
-1.692117452621459961e+00 3.541651070117950439e-01 -4.385406970977783203e+00
-2.772885799407958984e+00 1.520075082778930664e+00 -4.061215877532958984e+00
-1.756285309791564941e+00 3.866823613643646240e-01 -4.640448093414306641e+00
-1.760848402976989746e+00 4.613768160343170166e-01 -4.162086009979248047e+00
-3.181686401367187500e+00 1.885395765304565430e+00 -5.215051651000976562e+00
-1.716621518135070801e+00 2.453144490718841553e-01 -4.471714973449707031e+00
-3.100376605987548828e+00 2.336915493011474609e+00 -2.662475585937500000e+00
-1.862641334533691406e+00 2.018382102251052856e-01 -4.549080848693847656e+00
-1.718616127967834473e+00 2.540934383869171143e-01 -4.332884788513183594e+00
-2.615478992462158203e+00 7.654212713241577148e-01 -4.410942554473876953e+00
-1.805877804756164551e+00 1.475362628698348999e-01 -4.485406875610351562e+00
-1.877864241600036621e+00 5.889365673065185547e-01 -3.815160036087036133e+00
-1.956517457962036133e+00 2.222410738468170166e-01 -4.571668148040771484e+00
-1.717974424362182617e+00 1.905157268047332764e-01 -4.425035953521728516e+00
-2.926254987716674805e+00 9.745002388954162598e-01 -3.693013906478881836e+00
-1.832154273986816406e+00 1.457370519638061523e-01 -4.516854286193847656e+00
-1.714749217033386230e+00 2.596379518508911133e-01 -4.208623409271240234e+00
-2.847813844680786133e+00 6.948047876358032227e-01 -4.761342048645019531e+00
-1.763960003852844238e+00 1.479662805795669556e-01 -4.481865882873535156e+00
-2.417024135589599609e+00 8.485611677169799805e-01 -3.085019111633300781e+00
-2.040395021438598633e+00 3.704268336296081543e-01 -4.975192070007324219e+00
-1.726223349571228027e+00 1.605556458234786987e-01 -4.378196716308593750e+00
-4.259613513946533203e+00 1.166066408157348633e+00 -3.807175159454345703e+00
-1.789736747741699219e+00 1.415650546550750732e-01 -4.534577846527099609e+00
-1.732652544975280762e+00 3.568030297756195068e-01 -3.766532421112060547e+00
-2.078228712081909180e+00 2.001000195741653442e-01 -4.620289802551269531e+00
-1.712362289428710938e+00 1.426807194948196411e-01 -4.453952789306640625e+00
-2.782790184020996094e+00 5.188753008842468262e-01 -3.433081865310668945e+00
-1.848347544670104980e+00 1.266531050205230713e-01 -4.545397281646728516e+00
-1.711525797843933105e+00 1.508662849664688110e-01 -4.291266441345214844e+00
-3.407477378845214844e+00 4.714127779006958008e-01 -4.587098598480224609e+00
-1.712377309799194336e+00 1.347134113311767578e-01 -4.546222209930419922e+00
-2.149293661117553711e+00 4.257862269878387451e-01 -2.791134119033813477e+00
-2.151325464248657227e+00 1.965169757604598999e-01 -4.923310756683349609e+00
-9.852581620216369629e-01 2.347818166017532349e-01 -4.205970764160156250e+00
-3.639243841171264648e+00 3.640865087509155273e-01 -3.523844003677368164e+00
-1.812188744544982910e+00 1.093161255121231079e-01 -4.541529178619384766e+00
-1.395991802215576172e+00 2.071679830551147461e-01 -3.330213069915771484e+00
-2.209939479827880859e+00 1.258498728275299072e-01 -4.613772869110107422e+00
-1.639505863189697266e+00 1.086033359169960022e-01 -4.507187843322753906e+00
-3.059805393218994141e+00 1.701337993144989014e-01 -2.376362323760986328e+00
-1.869076013565063477e+00 9.849841892719268799e-02 -4.536839485168457031e+00
-9.830718636512756348e-01 8.679759502410888672e-02 -3.827637672424316406e+00
-3.993776082992553711e+00 3.199450299143791199e-02 -4.175326824188232422e+00
-1.772169828414916992e+00 9.154280275106430054e-02 -4.532730579376220703e+00
-1.799310684204101562e+00 1.170216826722025871e-03 -3.084223747253417969e+00
-2.324627399444580078e+00 3.564802929759025574e-02 -4.925437927246093750e+00
-1.480147361755371094e+00 5.624930188059806824e-02 -4.423793315887451172e+00
-4.162553787231445312e+00 -3.000276982784271240e-01 -2.530946969985961914e+00
-1.835867881774902344e+00 8.312538266181945801e-02 -4.535685539245605469e+00
-1.210483431816101074e+00 -9.867832809686660767e-02 -3.515540838241577148e+00
-2.390211105346679688e+00 -1.110694464296102524e-02 -4.567211151123046875e+00
-1.735722899436950684e+00 6.930284947156906128e-02 -4.506737709045410156e+00
-2.312342405319213867e+00 -2.612469196319580078e-01 -3.013919353485107422e+00
-2.462146997451782227e+00 -2.881735563278198242e-01 -5.787246227264404297e+00
-1.336157083511352539e+00 -6.034766882658004761e-02 -4.225134849548339844e+00
-3.621163129806518555e+00 -4.785066545009613037e-01 -3.814927577972412109e+00
-1.805207610130310059e+00 6.688042730093002319e-02 -4.524706363677978516e+00
-1.057384371757507324e+00 -1.021013975143432617e+00 -1.379538297653198242e+00
-2.470760107040405273e+00 -1.828000098466873169e-01 -4.846830844879150391e+00
-1.690420746803283691e+00 3.280641511082649231e-02 -4.469077587127685547e+00
-2.728518724441528320e+00 -5.143753290176391602e-01 -3.318164587020874023e+00
-1.855657339096069336e+00 5.765721201896667480e-02 -4.530003070831298828e+00
-1.146789789199829102e+00 -3.657499253749847412e-01 -3.786789417266845703e+00
-2.536243200302124023e+00 -2.532759606838226318e-01 -4.449351787567138672e+00
-1.780619502067565918e+00 4.805288091301918030e-02 -4.503935337066650391e+00
-1.932762503623962402e+00 -3.945281207561492920e-01 -3.582893133163452148e+00
-2.018175125122070312e+00 -7.190646976232528687e-02 -4.668021678924560547e+00
-1.632590651512145996e+00 -4.192158579826354980e-02 -4.402212142944335938e+00
-2.657865285873413086e+00 -5.391975641250610352e-01 -3.939034223556518555e+00
-1.828526854515075684e+00 4.432911798357963562e-02 -4.515402793884277344e+00
-1.781116366386413574e+00 -1.363100111484527588e-02 -4.309060096740722656e+00
-1.933823943138122559e+00 2.649770863354206085e-02 -4.474620819091796875e+00
-1.759612321853637695e+00 1.819929480552673340e-02 -4.478465557098388672e+00
-2.163809537887573242e+00 -5.361386537551879883e-01 -3.786349296569824219e+00
-1.869738459587097168e+00 3.129773214459419250e-02 -4.511593341827392578e+00
-1.709126472473144531e+00 -6.033067405223846436e-02 -4.359841823577880859e+00
-1.936072945594787598e+00 5.812108516693115234e-03 -4.424359321594238281e+00
-1.809922575950622559e+00 2.464939281344413757e-02 -4.496881008148193359e+00
-1.836692810058593750e+00 -2.120217122137546539e-02 -4.341071128845214844e+00
-1.894497752189636230e+00 2.303515560925006866e-02 -4.481885910034179688e+00
-1.759638905525207520e+00 -2.065151557326316833e-02 -4.445462703704833984e+00
-1.902099370956420898e+00 -8.355948142707347870e-03 -4.390677928924560547e+00
-1.845940709114074707e+00 1.755797863006591797e-02 -4.494554996490478516e+00
-1.790246725082397461e+00 -5.747300758957862854e-02 -4.371010780334472656e+00
-1.894144892692565918e+00 1.324624195694923401e-02 -4.449190139770507812e+00
-1.809858441352844238e+00 6.788888131268322468e-04 -4.469213008880615234e+00
-1.858012795448303223e+00 4.116449505090713501e-03 -4.403689384460449219e+00
-1.862933516502380371e+00 1.855425536632537842e-02 -4.467790126800537109e+00
-1.821060419082641602e+00 -2.262839348986744881e-03 -4.433480262756347656e+00
-1.865312457084655762e+00 9.067442268133163452e-03 -4.435232639312744141e+00
-1.848848819732666016e+00 1.062156446278095245e-02 -4.442645072937011719e+00
