-1.512097954750061035e+00 -1.650882959365844727e-01 2.201582193374633789e+00
-1.992601275444030762e+00 1.869977831840515137e+00 2.641762495040893555e+00
-1.478645324707031250e+00 -1.766979135572910309e-02 1.820406317710876465e+00
-1.396547436714172363e+00 -8.022214770317077637e-01 2.352297306060791016e+00
-2.224225521087646484e+00 3.653900623321533203e-01 2.075616836547851562e+00
-1.232601523399353027e+00 -6.426503658294677734e-01 2.023789405822753906e+00
-1.626412987709045410e+00 -5.116979479789733887e-01 2.626828193664550781e+00
-1.801724791526794434e+00 -2.702134847640991211e-01 1.643923282623291016e+00
-1.358389616012573242e+00 -1.070901036262512207e+00 2.257716178894042969e+00
-2.880740642547607422e+00 7.844271659851074219e-01 2.766537904739379883e+00
-1.250208377838134766e+00 -5.044800043106079102e-01 1.641939520835876465e+00
-1.389551043510437012e+00 -8.159009814262390137e-01 2.592281103134155273e+00
-2.222607135772705078e+00 -3.695124685764312744e-01 1.789827585220336914e+00
7.202307581901550293e-01 1.172461748123168945e+00 1.710811018943786621e+00
-2.033967494964599609e+00 -3.887964487075805664e-01 2.943887948989868164e+00
-1.709645628929138184e+00 1.714634448289871216e-01 6.771208047866821289e-01
-1.334192633628845215e+00 -1.108709573745727539e+00 2.351521015167236328e+00
-2.370192289352416992e+00 -5.750101208686828613e-01 2.237066984176635742e+00
-1.394611001014709473e+00 -1.185855746269226074e+00 2.084666967391967773e+00
-1.552307605743408203e+00 -6.415913701057434082e-01 3.071152925491333008e+00
-1.954771876335144043e+00 -8.098280429840087891e-01 1.671110868453979492e+00
1.117522835731506348e+00 5.458397269248962402e-01 2.555393934249877930e+00
-2.314586877822875977e+00 -6.693897843360900879e-01 2.759933233261108398e+00
-1.261063337326049805e+00 -5.976357460021972656e-01 1.085708141326904297e+00
-1.146903514862060547e+00 -8.811082243919372559e-01 2.838895082473754883e+00
-2.392374753952026367e+00 -7.962747812271118164e-01 1.920749902725219727e+00
3.735717535018920898e-01 -2.021228522062301636e-01 1.330354928970336914e+00
-1.907005667686462402e+00 -8.005865812301635742e-01 3.145194053649902344e+00
-1.564411759376525879e+00 -1.248057842254638672e+00 2.056136608123779297e+00
7.784759253263473511e-02 -5.053465962409973145e-01 3.037213087081909180e+00
-2.370097875595092773e+00 -9.422931671142578125e-01 2.427748203277587891e+00
-1.406429409980773926e+00 -1.243865370750427246e+00 2.037243366241455078e+00
-1.157112002372741699e+00 -5.304824709892272949e-01 4.267144203186035156e+00
-1.843735218048095703e+00 -1.174288272857666016e+00 1.944743633270263672e+00
-8.229305148124694824e-01 -1.094585180282592773e+00 2.144486188888549805e+00
-2.082906723022460938e+00 -1.065068960189819336e+00 2.818609714508056641e+00
-1.511369943618774414e+00 -1.280286431312561035e+00 2.052348136901855469e+00
-1.024447321891784668e+00 -1.133170247077941895e+00 2.739145994186401367e+00
-3.793206930160522461e+00 -7.753929495811462402e-01 1.990169525146484375e+00
-1.021735787391662598e+00 -1.188968181610107422e+00 1.829414844512939453e+00
-1.736761212348937988e+00 -1.077127575874328613e+00 3.436530351638793945e+00
-1.616198301315307617e+00 -1.288521885871887207e+00 2.036156415939331055e+00
9.397996068000793457e-01 -9.328933954238891602e-01 2.873545646667480469e+00
-2.209248781204223633e+00 -1.218796133995056152e+00 2.559348583221435547e+00
-1.450624346733093262e+00 -1.302819132804870605e+00 2.035767555236816406e+00
-9.735499620437622070e-01 -1.192201137542724609e+00 3.524512052536010742e+00
-1.859871387481689453e+00 -1.295310854911804199e+00 2.036765813827514648e+00
-8.998864293098449707e-01 -1.290193557739257812e+00 2.012830734252929688e+00
-2.672175168991088867e+00 -1.253032922744750977e+00 4.181048393249511719e+00
-1.547829866409301758e+00 -1.320871591567993164e+00 2.035184860229492188e+00
-1.260228633880615234e+00 -1.325711727142333984e+00 2.380498409271240234e+00
-2.463595390319824219e+00 -1.351660490036010742e+00 2.320165395736694336e+00
-1.255065321922302246e+00 -1.342644333839416504e+00 1.899609684944152832e+00
-1.451454162597656250e+00 -1.440546989440917969e+00 3.864539146423339844e+00
-1.695445179939270020e+00 -1.346436023712158203e+00 2.015531778335571289e+00
-8.537635803222656250e-01 -1.396291017532348633e+00 2.235243320465087891e+00
-2.119827747344970703e+00 -1.427014112472534180e+00 2.703718900680541992e+00
-1.485613942146301270e+00 -1.351969838142395020e+00 2.011758089065551758e+00
-7.918322831392288208e-02 -1.763001561164855957e+00 4.282617568969726562e+00
-4.067545890808105469e+00 -1.835378408432006836e+00 1.613579630851745605e+00
-9.041034579277038574e-01 -1.474271655082702637e+00 1.857116818428039551e+00
-2.001602411270141602e+00 -1.701496958732604980e+00 3.710486888885498047e+00
-1.598882675170898438e+00 -1.377169132232666016e+00 2.011314630508422852e+00
-1.358304142951965332e+00 -1.369948506355285645e+00 2.266829490661621094e+00
-3.211138725280761719e+00 -1.874807596206665039e+00 2.803347587585449219e+00
-1.365805387496948242e+00 -1.425317168235778809e+00 1.926499962806701660e+00
-1.198845982551574707e+00 -1.765294909477233887e+00 3.413922309875488281e+00
-1.782956600189208984e+00 -1.444679737091064453e+00 2.025548696517944336e+00
-8.120000362396240234e-01 -1.608585000038146973e+00 2.084777116775512695e+00
-2.842953920364379883e+00 -2.248337507247924805e+00 3.902812957763671875e+00
-1.529885292053222656e+00 -1.426745891571044922e+00 1.973359107971191406e+00
-9.033380746841430664e-01 -1.724299669265747070e+00 2.770278692245483398e+00
-1.512097954750061035e+00 -1.322590827941894531e+00 2.201582193374633789e+00
-6.557507514953613281e-01 -1.943518400192260742e+00 1.432328939437866211e+00
-1.618924617767333984e+00 -1.949000954627990723e+00 3.296092271804809570e+00
-1.659950613975524902e+00 -1.470535397529602051e+00 2.004787683486938477e+00
-1.395988225936889648e+00 -1.397460341453552246e+00 2.223290681838989258e+00
-3.948680877685546875e+00 -3.240262269973754883e+00 3.718349456787109375e+00
-1.461928367614746094e+00 -1.453917860984802246e+00 2.021962642669677734e+00
-9.977956414222717285e-01 -2.166616678237915039e+00 3.215913534164428711e+00
-1.833088278770446777e+00 -1.590894579887390137e+00 2.080794811248779297e+00
-4.463354945182800293e-01 -2.269989728927612305e+00 1.773772478103637695e+00
-1.960227847099304199e+00 -2.224175691604614258e+00 3.135368108749389648e+00
-1.555890560150146484e+00 -1.461428761482238770e+00 2.057040929794311523e+00
-9.278600215911865234e-01 -1.982652783393859863e+00 2.547818183898925781e+00
-3.099197149276733398e+00 -2.991369009017944336e+00 2.534302711486816406e+00
-1.435084700584411621e+00 -1.466771364212036133e+00 2.094279289245605469e+00
-1.450348496437072754e+00 -1.925693750381469727e+00 2.717549800872802734e+00
-1.635019302368164062e+00 -1.523174166679382324e+00 2.095915794372558594e+00
-1.416233658790588379e+00 -1.449582576751708984e+00 2.198554515838623047e+00
-2.099793910980224609e+00 -2.491141796112060547e+00 2.775115251541137695e+00
-1.506695747375488281e+00 -1.471139073371887207e+00 2.105153799057006836e+00
-1.086075544357299805e+00 -2.449388504028320312e+00 2.722344875335693359e+00
-2.313268184661865234e+00 -2.813269376754760742e+00 2.085816860198974609e+00
-1.448459863662719727e+00 -1.480658292770385742e+00 2.158219814300537109e+00
-1.785397648811340332e+00 -4.108347415924072266e+00 3.363372802734375000e+00
-1.546269536018371582e+00 -1.514187216758728027e+00 2.140575885772705078e+00
-1.033602356910705566e+00 -3.040864944458007812e+00 2.359395265579223633e+00
-1.805696249008178711e+00 -2.900069952011108398e+00 2.333771467208862305e+00
-1.512097954750061035e+00 -4.545188426971435547e+00 2.201582193374633789e+00
