-9.221546173095703125e+00 8.465023636817932129e-01 -1.817901229858398438e+01
-9.221546173095703125e+00 -5.814267396926879883e-01 -1.817901229858398438e+01
-9.221546173095703125e+00 -5.814267396926879883e-01 -1.817901229858398438e+01
-8.893677711486816406e+00 8.950937390327453613e-01 -1.775136566162109375e+01
-9.168065071105957031e+00 -4.513225853443145752e-01 -1.821303176879882812e+01
-9.221546173095703125e+00 -5.814267396926879883e-01 -1.817901229858398438e+01
-8.091649055480957031e+00 1.268724441528320312e+00 -1.776637649536132812e+01
-9.173544883728027344e+00 -4.314770400524139404e-01 -1.828158760070800781e+01
-8.779959678649902344e+00 1.244382739067077637e+00 -1.677116584777832031e+01
-9.134750366210937500e+00 -4.844156801700592041e-01 -1.819809341430664062e+01
-8.010359764099121094e+00 8.746846318244934082e-01 -1.715822410583496094e+01
-9.128688812255859375e+00 -4.733566343784332275e-01 -1.827141761779785156e+01
-9.221546173095703125e+00 -5.814267396926879883e-01 -1.817901229858398438e+01
-9.118088722229003906e+00 -5.079165697097778320e-01 -1.816509246826171875e+01
-9.221546173095703125e+00 -5.814267396926879883e-01 -1.817901229858398438e+01
-8.265500068664550781e+00 5.743351578712463379e-01 -1.651058387756347656e+01
-9.096744537353515625e+00 -5.072693228721618652e-01 -1.823667335510253906e+01
-9.111947059631347656e+00 -5.250917673110961914e-01 -1.812141036987304688e+01
-7.724430084228515625e+00 5.339584946632385254e-01 -2.050737190246582031e+01
-8.710059165954589844e+00 5.598940849304199219e-01 -1.520281696319580078e+01
-9.079778671264648438e+00 -5.345241427421569824e-01 -1.819075775146484375e+01
-9.114067077636718750e+00 -5.396780967712402344e-01 -1.806053161621093750e+01
-9.038078308105468750e+00 -5.314320325851440430e-01 -1.831825828552246094e+01
-9.221546173095703125e+00 -5.814267396926879883e-01 -1.817901229858398438e+01
-9.070773124694824219e+00 -5.574633479118347168e-01 -1.813769149780273438e+01
-9.221546173095703125e+00 -5.814267396926879883e-01 -1.817901229858398438e+01
-9.106701850891113281e+00 -5.536214113235473633e-01 -1.789690017700195312e+01
-8.971131324768066406e+00 -5.681751966476440430e-01 -1.825621795654296875e+01
-8.943401336669921875e+00 -5.848731398582458496e-01 -1.798143196105957031e+01
-7.570820331573486328e+00 -7.102148532867431641e-01 -2.011835289001464844e+01
-9.221546173095703125e+00 -5.814267396926879883e-01 -1.817901229858398438e+01
-8.148630142211914062e+00 -7.015390992164611816e-01 -1.812415313720703125e+01
-8.958596229553222656e+00 -6.622451543807983398e-01 -1.779712867736816406e+01
-8.714374542236328125e+00 -7.079546451568603516e-01 -1.846635627746582031e+01
-8.872379302978515625e+00 -6.889455318450927734e-01 -1.803087806701660156e+01
-8.203806877136230469e+00 -1.296081662178039551e+00 -2.009272575378417969e+01
-9.221546173095703125e+00 -5.814267396926879883e-01 -1.817901229858398438e+01
-7.868826866149902344e+00 -1.134020566940307617e+00 -1.840470123291015625e+01
-9.025326728820800781e+00 -7.109080553054809570e-01 -1.799570655822753906e+01
-8.731275558471679688e+00 -9.369163513183593750e-01 -1.861942100524902344e+01
-6.874809741973876953e+00 -2.094640970230102539e+00 -1.774025344848632812e+01
-9.221546173095703125e+00 -5.814267396926879883e-01 -1.817901229858398438e+01
-8.689739227294921875e+00 -1.054171681404113770e+00 -1.839248657226562500e+01
-9.221546173095703125e+00 -5.814267396926879883e-01 -1.817901229858398438e+01
-7.588593959808349609e+00 -2.744603633880615234e+00 -1.823058700561523438e+01
-9.221546173095703125e+00 -5.814267396926879883e-01 -1.817901229858398438e+01
-9.221546173095703125e+00 -5.814267396926879883e-01 -1.817901229858398438e+01
-9.221546173095703125e+00 -5.814267396926879883e-01 -1.817901229858398438e+01
