-1.530065059661865234e+00 1.671987295150756836e+00 -4.433002173900604248e-01
-1.748593926429748535e+00 1.539898872375488281e+00 -2.431099265813827515e-01
-1.502249121665954590e+00 1.172990441322326660e+00 -7.602487802505493164e-01
-1.076786994934082031e+00 2.129234552383422852e+00 1.479207575321197510e-01
-2.109815359115600586e+00 1.462148427963256836e+00 -5.458499193191528320e-01
-9.818669557571411133e-01 1.421565771102905273e+00 -7.920189499855041504e-01
-1.717952609062194824e+00 1.420724749565124512e+00 2.556318938732147217e-01
-1.741180062294006348e+00 8.550454378128051758e-01 -8.497893214225769043e-01
-5.540106892585754395e-01 1.686186671257019043e+00 -8.684672415256500244e-02
-2.204958200454711914e+00 1.126940131187438965e+00 -1.647141128778457642e-01
-1.293512940406799316e+00 8.269055485725402832e-01 -9.487982988357543945e-01
-1.455920100212097168e+00 3.945097625255584717e-01 -2.069145143032073975e-01
-2.030319452285766602e+00 7.589877843856811523e-01 -7.332078218460083008e-01
-1.530065059661865234e+00 8.794575184583663940e-02 -4.433002173900604248e-01
-1.695285797119140625e+00 3.835793435573577881e-01 -2.082907408475875854e-01
-1.755675315856933594e+00 1.794238448143005371e+00 -2.184319496154785156e+00
-9.294589757919311523e-01 8.100059032440185547e-01 6.289121508598327637e-02
-3.165358543395996094e+00 1.512630343437194824e+00 -3.756757080554962158e-01
2.304569184780120850e-01 2.136896371841430664e+00 -2.195254802703857422e+00
-1.545736908912658691e+00 3.533678054809570312e-01 -1.043817996978759766e-01
-2.155342102050781250e+00 8.122234344482421875e-01 -1.192591190338134766e+00
-3.781563639640808105e-01 9.064140915870666504e-01 -2.883125245571136475e-01
-1.684789538383483887e+00 2.138866633176803589e-01 -3.356469571590423584e-01
-1.367940425872802734e+00 5.561404824256896973e-01 -1.163960456848144531e+00
-1.394575119018554688e+00 2.517391443252563477e-01 -2.068522870540618896e-01
-2.202531099319458008e+00 4.900121092796325684e-01 -6.578352451324462891e-01
-1.530065059661865234e+00 8.794575184583663940e-02 -4.433002173900604248e-01
-1.681193232536315918e+00 2.877127528190612793e-01 -8.218719065189361572e-02
-1.986884355545043945e+00 7.387902736663818359e-01 -1.713374257087707520e+00
-8.673639297485351562e-01 4.285792112350463867e-01 -9.500309079885482788e-02
-5.297192573547363281e+00 1.757677793502807617e+00 5.497025847434997559e-01
-1.117741703987121582e+00 3.951359987258911133e-01 -1.084557771682739258e+00
-1.471393942832946777e+00 2.188631743192672729e-01 -1.019099801778793335e-01
-2.804403305053710938e+00 6.578083634376525879e-01 -1.430219411849975586e+00
-3.007255122065544128e-02 5.842065811157226562e-01 -5.675715208053588867e-01
-1.737698197364807129e+00 1.816200017929077148e-01 -2.188548296689987183e-01
-1.525645852088928223e+00 3.447412550449371338e-01 -1.349178791046142578e+00
-1.372979402542114258e+00 1.489633023738861084e-01 -2.701362073421478271e-01
-2.615272283554077148e+00 3.482678532600402832e-01 -5.438770055770874023e-01
-8.104291558265686035e-01 2.840450406074523926e-01 -9.894782304763793945e-01
-1.601308345794677734e+00 1.657849848270416260e-01 -5.168394744396209717e-02
-2.847082853317260742e+00 5.189672708511352539e-01 -2.536173343658447266e+00
-1.530065059661865234e+00 8.794575184583663940e-02 -4.433002173900604248e-01
-1.787945628166198730e+00 1.263400614261627197e-01 -3.109601736068725586e-01
-7.918072938919067383e-01 3.253903388977050781e-01 -2.434623718261718750e+00
-1.415441989898681641e+00 1.156975328922271729e-01 -1.617315709590911865e-01
-2.514210939407348633e+00 1.651440262794494629e-01 -9.097052812576293945e-01
1.496971130371093750e+00 2.481319457292556763e-01 -1.376567840576171875e+00
-1.734260439872741699e+00 1.001892387866973877e-01 -9.487698227167129517e-02
-1.760701298713684082e+00 9.904244542121887207e-02 -1.517332911491394043e+00
2.556574903428554535e-02 6.867031008005142212e-02 6.617470383644104004e-01
-1.833582282066345215e+00 7.867284864187240601e-02 -4.054734408855438232e-01
-9.427043050527572632e-02 -2.407362498342990875e-02 -2.130130767822265625e+00
-1.516204714775085449e+00 6.098640337586402893e-02 -6.322493404150009155e-02
-2.439226865768432617e+00 -3.029491752386093140e-02 -1.365865826606750488e+00
2.180067300796508789e+00 -3.274015188217163086e-01 -2.535986602306365967e-01
-1.825468301773071289e+00 3.718801960349082947e-02 -1.992233693599700928e-01
-1.367143630981445312e+00 -9.278489649295806885e-02 -1.611040830612182617e+00
-1.387033700942993164e+00 4.398461803793907166e-02 -2.355743795633316040e-01
-2.613224744796752930e+00 -1.294059157371520996e-01 -6.925327777862548828e-01
-7.414675354957580566e-01 -1.087914854288101196e-01 -8.900880217552185059e-01
-1.691879630088806152e+00 -3.730856254696846008e-02 5.549564585089683533e-02
-2.044850111007690430e+00 -2.357988655567169189e-01 -1.571920275688171387e+00
-8.021529763936996460e-02 -3.585056662559509277e-01 1.718000471591949463e-01
-1.892523884773254395e+00 -2.985944040119647980e-02 -3.149247467517852783e-01
-9.200851917266845703e-01 -3.403810858726501465e-01 -1.590280294418334961e+00
-1.446380853652954102e+00 -3.032112680375576019e-02 -1.194277182221412659e-01
-2.039930582046508789e+00 -1.418750137090682983e-01 -7.746662497520446777e-01
-4.369179531931877136e-02 -5.192464590072631836e-01 -6.912883520126342773e-01
-1.918480873107910156e+00 -1.822372525930404663e-01 5.321099981665611267e-02
-1.625269651412963867e+00 -4.695338904857635498e-01 -1.664841532707214355e+00
-1.368719816207885742e+00 -1.852284558117389679e-02 -2.925733029842376709e-01
-2.128682613372802734e+00 -2.175495326519012451e-01 -4.491408765316009521e-01
-8.909119367599487305e-01 -3.754969239234924316e-01 -1.017448902130126953e+00
-1.573170423507690430e+00 -1.648155599832534790e-01 -1.656980603002011776e-03
-1.802940607070922852e+00 -1.850995123386383057e-01 -8.065026402473449707e-01
-1.322061419486999512e-01 -8.134167194366455078e-01 -1.819488257169723511e-01
-1.980557560920715332e+00 -2.666068077087402344e-01 -1.628696471452713013e-01
-6.535068154335021973e-01 -2.206585407257080078e+00 -3.581595659255981445e+00
-1.411191821098327637e+00 -1.071380972862243652e-01 -2.088527828454971313e-01
-2.628017663955688477e+00 -8.297916054725646973e-01 -8.564555644989013672e-01
-4.545708596706390381e-01 -8.681041598320007324e-01 -8.750163316726684570e-01
-1.788848876953125000e+00 -4.326968491077423096e-01 9.593767672777175903e-02
-1.653131484985351562e+00 -3.022179305553436279e-01 -8.494914770126342773e-01
-1.323081135749816895e+00 -1.459011733531951904e-01 -3.206356763839721680e-01
-2.203002452850341797e+00 -6.196239590644836426e-01 -3.022252023220062256e-01
-1.269384384155273438e+00 -4.000882208347320557e-01 -8.065075278282165527e-01
-1.475651502609252930e+00 -4.435079395771026611e-01 1.136985607445240021e-02
-2.113682031631469727e+00 -8.644018173217773438e-01 -9.449929594993591309e-01
-1.272685050964355469e+00 -2.530063688755035400e-01 -4.514291882514953613e-01
-1.900649905204772949e+00 -6.489104032516479492e-01 -8.164598792791366577e-02
-1.483172059059143066e+00 -1.201504945755004883e+00 -1.280331850051879883e+00
-1.190579295158386230e+00 -8.099687099456787109e-01 -2.831855602562427521e-02
-2.085382938385009766e+00 -9.452934861183166504e-01 -5.235409736633300781e-01
-1.245744585990905762e+00 -6.182635426521301270e-01 -6.370337605476379395e-01
-1.606795787811279297e+00 -6.941738128662109375e-01 -1.171198636293411255e-01
-1.685326695442199707e+00 -7.825881838798522949e-01 -7.204871177673339844e-01
-1.321550011634826660e+00 -6.608300805091857910e-01 -3.745297193527221680e-01
-1.683302998542785645e+00 -7.353886365890502930e-01 -3.743065595626831055e-01
-1.530065059661865234e+00 -6.835620999336242676e-01 -4.433002173900604248e-01
