-1.851559281349182129e+00 -9.429869800806045532e-02 -5.699987411499023438e+00
-2.015656232833862305e+00 -2.117959782481193542e-03 -5.549661159515380859e+00
-1.834529638290405273e+00 -4.281226694583892822e-01 -5.894031047821044922e+00
-1.700263619422912598e+00 -4.110704064369201660e-01 -5.502648830413818359e+00
-2.210594654083251953e+00 -2.413799315690994263e-01 -5.763495922088623047e+00
-1.565428733825683594e+00 -3.963346481323242188e-01 -5.882000446319580078e+00
-1.898699283599853516e+00 -7.580268383026123047e-01 -5.524629116058349609e+00
-1.988540768623352051e+00 -5.946832895278930664e-01 -5.963737010955810547e+00
-1.180960893630981445e+00 5.657735280692577362e-03 -5.455085754394531250e+00
-2.564712524414062500e+00 5.481611937284469604e-03 -5.405608177185058594e+00
-1.711106657981872559e+00 -6.536571383476257324e-01 -6.000126361846923828e+00
-1.797309875488281250e+00 -8.681110143661499023e-01 -5.527031421661376953e+00
-2.089262485504150391e+00 -7.735585570335388184e-01 -5.837741374969482422e+00
-1.363778114318847656e+00 -5.472255945205688477e-01 -5.807224750518798828e+00
-1.981571316719055176e+00 -8.597801923751831055e-01 -5.515058517456054688e+00
-2.065581083297729492e+00 5.262349843978881836e-01 -7.351579189300537109e+00
-1.589097857475280762e+00 -7.768778800964355469e-01 -5.478784561157226562e+00
-2.060024261474609375e+00 -9.107971191406250000e-01 -5.691366672515869141e+00
-1.566198945045471191e+00 -7.603027820587158203e-01 -5.983959197998046875e+00
-1.859613537788391113e+00 -9.560055732727050781e-01 -5.525806903839111328e+00
-2.768448114395141602e+00 -3.035344928503036499e-02 -6.798727035522460938e+00
-1.154497385025024414e+00 -5.971289873123168945e-01 -5.606198787689208984e+00
-2.039185762405395508e+00 -9.396919608116149902e-01 -5.569441795349121094e+00
-1.791425585746765137e+00 -9.187557101249694824e-01 -5.967288017272949219e+00
-1.763407588005065918e+00 -9.858476519584655762e-01 -5.546151161193847656e+00
-3.054824113845825195e+00 -3.729840219020843506e-01 -6.083861827850341797e+00
-1.450698733329772949e+00 -8.542219996452331543e-01 -5.885195255279541016e+00
-1.936316251754760742e+00 -9.803789854049682617e-01 -5.497465133666992188e+00
-2.406453132629394531e+00 -3.018395006656646729e-01 -7.242733955383300781e+00
-1.405766963958740234e+00 -8.632733225822448730e-01 -5.465691566467285156e+00
-2.515856742858886719e+00 -7.979724407196044922e-01 -5.524880886077880859e+00
-1.617850184440612793e+00 -9.182955026626586914e-01 -6.063458442687988281e+00
-1.823619365692138672e+00 -1.030069470405578613e+00 -5.537413120269775391e+00
-2.732038974761962891e+00 -6.986783146858215332e-01 -6.381880283355712891e+00
-1.310019016265869141e+00 -9.132496714591979980e-01 -5.744853019714355469e+00
-2.024876117706298828e+00 -1.014221668243408203e+00 -5.512637138366699219e+00
-1.845156788825988770e+00 -7.203698158264160156e-01 -7.012420654296875000e+00
-1.727768301963806152e+00 -1.044329285621643066e+00 -5.563525676727294922e+00
-2.731862545013427734e+00 -8.812447786331176758e-01 -5.781573772430419922e+00
-1.494066834449768066e+00 -9.949980974197387695e-01 -5.971311569213867188e+00
-1.882774472236633301e+00 -1.058308839797973633e+00 -5.528401374816894531e+00
-2.314317703247070312e+00 -9.409667253494262695e-01 -6.435356616973876953e+00
-1.171927928924560547e+00 -9.843953847885131836e-01 -5.513728618621826172e+00
-3.496668577194213867e+00 -8.474834561347961426e-01 -4.855744361877441406e+00
-1.726384043693542480e+00 -1.052154183387756348e+00 -6.037626266479492188e+00
-1.791618347167968750e+00 -1.077901482582092285e+00 -5.552743911743164062e+00
-3.840605497360229492e+00 -9.363894462585449219e-01 -6.642633438110351562e+00
-1.343561530113220215e+00 -1.065531492233276367e+00 -5.856608390808105469e+00
-2.037240743637084961e+00 -1.081280589103698730e+00 -5.383154869079589844e+00
-2.051135063171386719e+00 -1.082811713218688965e+00 -6.629376888275146484e+00
-1.674106955528259277e+00 -1.094612836837768555e+00 -5.573933601379394531e+00
-4.068437099456787109e+00 -1.160142898559570312e+00 -5.423702239990234375e+00
-1.517698526382446289e+00 -1.118461489677429199e+00 -6.092220783233642578e+00
-1.789489865303039551e+00 -1.213143110275268555e+00 -3.997937679290771484e+00
-3.441218137741088867e+00 -1.299156427383422852e+00 -7.313082695007324219e+00
-1.275908350944519043e+00 -1.156857848167419434e+00 -5.670554161071777344e+00
-3.908384561538696289e+00 -1.445828557014465332e+00 -4.000535964965820312e+00
-1.722611427307128906e+00 -1.235457420349121094e+00 -6.624222278594970703e+00
-1.760065197944641113e+00 -1.120535016059875488e+00 -5.567109584808349609e+00
-3.660789966583251953e+00 -1.455462336540222168e+00 -6.116287231445312500e+00
-1.371238589286804199e+00 -1.212243199348449707e+00 -5.972117900848388672e+00
-2.036504268646240234e+00 -1.235572695732116699e+00 -5.129891395568847656e+00
-2.758046150207519531e+00 -1.662497162818908691e+00 -7.687378883361816406e+00
-1.621406316757202148e+00 -1.163284897804260254e+00 -5.602344989776611328e+00
-2.915600061416625977e+00 -1.438245058059692383e+00 -5.323125839233398438e+00
2.693006098270416260e-01 -2.581678390502929688e+00 -9.687961578369140625e+00
-1.866280585527420044e-01 -3.445382118225097656e+00 7.435891628265380859e-01
-2.964836120605468750e+00 -1.594221234321594238e+00 -6.423515796661376953e+00
-6.551849246025085449e-01 -1.581140041351318359e+00 -5.899591922760009766e+00
-3.458677291870117188e+00 -2.210329294204711914e+00 -3.645611286163330078e+00
-1.901602625846862793e+00 -1.385447502136230469e+00 -6.342078208923339844e+00
-1.050289392471313477e+00 -1.621156454086303711e+00 -4.951450347900390625e+00
-2.908467769622802734e+00 -1.631790995597839355e+00 -5.710299491882324219e+00
-1.396901607513427734e+00 -1.422081112861633301e+00 -6.108404636383056641e+00
-1.920287370681762695e+00 -1.495421886444091797e+00 -4.995822429656982422e+00
-2.869216203689575195e+00 -2.110703945159912109e+00 -7.054507732391357422e+00
-1.577437758445739746e+00 -1.269172072410583496e+00 -5.648736000061035156e+00
-3.084069967269897461e+00 -2.062440872192382812e+00 -4.932752132415771484e+00
-1.789387345314025879e+00 -1.255158901214599609e+00 -5.922578334808349609e+00
-5.802130103111267090e-01 -3.178830862045288086e+00 -3.192578077316284180e+00
-2.748443365097045898e+00 -1.842085719108581543e+00 -6.037481307983398438e+00
-1.378863811492919922e+00 -1.512611985206604004e+00 -5.889732837677001953e+00
-2.141716957092285156e+00 -1.676177024841308594e+00 -5.095374584197998047e+00
-2.009395122528076172e+00 -1.592809081077575684e+00 -6.220938205718994141e+00
-1.234851598739624023e+00 -1.789159774780273438e+00 -5.334508895874023438e+00
-4.290747165679931641e+00 -3.657132863998413086e+00 -5.188634395599365234e+00
-1.851559281349182129e+00 -1.092414021492004395e+00 -5.699987411499023438e+00
-1.776138782501220703e+00 -1.829041838645935059e+00 -5.069786548614501953e+00
-2.489046812057495117e+00 -2.132667779922485352e+00 -6.247988700866699219e+00
-1.675255298614501953e+00 -1.325964570045471191e+00 -5.705555915832519531e+00
-2.605565309524536133e+00 -2.591649532318115234e+00 -4.964151859283447266e+00
-1.837246298789978027e+00 -1.485989809036254883e+00 -5.955472469329833984e+00
-1.550755262374877930e+00 -1.888018131256103516e+00 -5.332289695739746094e+00
-1.851559281349182129e+00 -1.092414021492004395e+00 -5.699987411499023438e+00
-1.745548963546752930e+00 -1.355727791786193848e+00 -5.772222042083740234e+00
-2.029975175857543945e+00 -2.911016225814819336e+00 -4.941545486450195312e+00
-2.134477853775024414e+00 -2.678704738616943359e+00 -6.205078601837158203e+00
-1.626602292060852051e+00 -1.900232911109924316e+00 -5.625793933868408203e+00
-1.851559281349182129e+00 -1.092414021492004395e+00 -5.699987411499023438e+00
-1.851559281349182129e+00 -1.092414021492004395e+00 -5.699987411499023438e+00
