-1.012141346931457520e+00 1.104023814201354980e+00 -5.926824569702148438e+00
-1.497141838073730469e+00 1.917495846748352051e+00 -5.482524394989013672e+00
-9.595740437507629395e-01 7.455909848213195801e-01 -6.525801658630371094e+00
-6.059077382087707520e-01 5.244759321212768555e-01 -5.396964550018310547e+00
-1.690006256103515625e+00 3.018135130405426025e-01 -6.046729564666748047e+00
-2.540156543254852295e-01 5.393645763397216797e-01 -6.409081935882568359e+00
-1.110614657402038574e+00 -6.064332127571105957e-01 -5.560508728027343750e+00
-1.638080239295959473e+00 9.694350361824035645e-01 -7.132031917572021484e+00
-2.025670707225799561e-01 2.068465203046798706e-02 -5.631169319152832031e+00
-1.354316592216491699e+00 -7.781764268875122070e-01 -5.785579681396484375e+00
-6.081019639968872070e-01 -4.278369992971420288e-02 -6.790233135223388672e+00
-5.128328204154968262e-01 7.595173120498657227e-01 -4.334950447082519531e+00
-3.170609474182128906e+00 1.590419769287109375e+00 -7.177700996398925781e+00
-2.982110679149627686e-01 -5.070002675056457520e-01 -6.083780288696289062e+00
-1.205022811889648438e+00 -9.598256945610046387e-01 -5.652470588684082031e+00
-1.421983003616333008e+00 1.794682860374450684e+00 -9.089544296264648438e+00
5.838891267776489258e-01 6.138250827789306641e-01 -4.581688404083251953e+00
-1.440027832984924316e+00 -9.321742057800292969e-01 -5.909130096435546875e+00
-2.179548293352127075e-01 -3.806541562080383301e-01 -6.717146396636962891e+00
-1.034295201301574707e+00 -9.297505617141723633e-01 -5.447726726531982422e+00
-2.142589807510375977e+00 4.479715600609779358e-03 -7.281479358673095703e+00
-3.587614595890045166e-01 -8.407058119773864746e-01 -5.838913440704345703e+00
-1.234570980072021484e+00 -1.123902559280395508e+00 -5.772063732147216797e+00
-8.144296407699584961e-01 -7.339878082275390625e-01 -6.805673122406005859e+00
-1.566245555877685547e-01 -2.707211375236511230e-01 -4.433833599090576172e+00
-2.380163669586181641e+00 -4.870150387287139893e-01 -6.363261222839355469e+00
7.611057758331298828e-01 -2.512870430946350098e-01 -6.746109485626220703e+00
-1.133251667022705078e+00 -1.144865036010742188e+00 -5.637437820434570312e+00
-1.389221429824829102e+00 -7.677157521247863770e-01 -6.975203037261962891e+00
-6.484608054161071777e-01 -1.118018746376037598e+00 -5.735684394836425781e+00
-1.236719846725463867e+00 -1.205411791801452637e+00 -5.867626190185546875e+00
2.566997706890106201e-01 -3.596380352973937988e-01 -7.900164127349853516e+00
-9.226477742195129395e-01 -1.105259180068969727e+00 -5.406086921691894531e+00
-2.084185123443603516e+00 -8.255533576011657715e-01 -6.757075786590576172e+00
-5.240080356597900391e-01 -1.143458247184753418e+00 -5.967265605926513672e+00
-1.172556161880493164e+00 -1.232581734657287598e+00 -5.753420829772949219e+00
-1.000569820404052734e+00 -6.325379610061645508e-01 -8.298854827880859375e+00
-6.553958654403686523e-01 -1.166380882263183594e+00 -5.533564567565917969e+00
-1.341965556144714355e+00 -1.225834369659423828e+00 -5.957392692565917969e+00
2.679761350154876709e-01 -9.561240077018737793e-01 -6.898387908935546875e+00
-1.061215162277221680e+00 -1.251336097717285156e+00 -5.657071590423583984e+00
-1.555018782615661621e+00 -1.127285361289978027e+00 -6.789511203765869141e+00
-2.979273796081542969e-01 -1.191438198089599609e+00 -5.731088161468505859e+00
-1.604027867317199707e+00 -1.216830849647521973e+00 -5.623078346252441406e+00
2.081240862607955933e-01 -9.124814867973327637e-01 -9.218280792236328125e+00
-8.052180409431457520e-01 -1.254854440689086914e+00 -5.418522834777832031e+00
-1.483438134193420410e+00 -1.267983913421630859e+00 -6.150180816650390625e+00
-6.866254210472106934e-01 -1.287727475166320801e+00 -6.027184486389160156e+00
-1.161071300506591797e+00 -1.296023488044738770e+00 -5.672701835632324219e+00
-1.581308722496032715e+00 -1.277568697929382324e+00 -8.577337265014648438e+00
-6.008912324905395508e-01 -1.310049057006835938e+00 -5.634691715240478516e+00
-1.785720586776733398e+00 -1.328587293624877930e+00 -5.830414772033691406e+00
2.388495206832885742e-01 -1.402554512023925781e+00 -7.396540164947509766e+00
-1.000768303871154785e+00 -1.327074527740478516e+00 -5.614957332611083984e+00
-2.431313037872314453e+00 -1.489523172378540039e+00 -7.366919040679931641e+00
-4.343865215778350830e-01 -1.369632720947265625e+00 -5.897283554077148438e+00
-1.288197517395019531e+00 -1.352386713027954102e+00 -5.698733329772949219e+00
-4.935783147811889648e-01 -1.880201458930969238e+00 -9.643629074096679688e+00
-7.475221753120422363e-01 -1.386284828186035156e+00 -5.542515754699707031e+00
-1.261850237846374512e+00 -1.355061054229736328e+00 -5.984282016754150391e+00
-6.063450574874877930e-01 -1.406190395355224609e+00 -6.156732559204101562e+00
-1.091539859771728516e+00 -1.366412639617919922e+00 -5.682077407836914062e+00
-1.708673715591430664e+00 -1.742997527122497559e+00 -7.453909397125244141e+00
-6.001008152961730957e-01 -1.431832790374755859e+00 -5.752016067504882812e+00
-1.639250397682189941e+00 -1.508774280548095703e+00 -5.704715251922607422e+00
-8.332132697105407715e-01 -1.430596351623535156e+00 -6.263273239135742188e+00
-8.976400494575500488e-01 -1.466772556304931641e+00 -5.483684539794921875e+00
-1.577405929565429688e+00 -1.559745192527770996e+00 -6.294195175170898438e+00
-6.095874905586242676e-01 -1.469398975372314453e+00 -5.993987083435058594e+00
-1.170217514038085938e+00 -1.414911508560180664e+00 -5.724756240844726562e+00
-1.068269848823547363e+00 -1.633618831634521484e+00 -6.646991729736328125e+00
-6.927964091300964355e-01 -1.515682816505432129e+00 -5.628496170043945312e+00
-1.334663987159729004e+00 -1.469547748565673828e+00 -5.929971218109130859e+00
-4.561171531677246094e-01 -1.708120107650756836e+00 -6.426298618316650391e+00
-1.038380980491638184e+00 -1.458817124366760254e+00 -5.657982349395751953e+00
-1.883700132369995117e+00 -2.177054166793823242e+00 -7.086885452270507812e+00
-6.477523446083068848e-01 -1.539917349815368652e+00 -5.858696460723876953e+00
-1.204020857810974121e+00 -1.455968856811523438e+00 -5.807380199432373047e+00
-8.592749834060668945e-01 -1.705105543136596680e+00 -6.474123954772949219e+00
-7.845026254653930664e-01 -1.678533196449279785e+00 -5.477864742279052734e+00
-1.193861007690429688e+00 -1.456845998764038086e+00 -5.995204925537109375e+00
-6.308473944664001465e-01 -1.643900871276855469e+00 -6.079880714416503906e+00
-1.101897954940795898e+00 -1.485532999038696289e+00 -5.739795207977294922e+00
-1.248869895935058594e+00 -2.055465459823608398e+00 -6.708167076110839844e+00
-6.827301383018493652e-01 -1.677116394042968750e+00 -5.731606006622314453e+00
-1.202634096145629883e+00 -1.505249738693237305e+00 -5.886889457702636719e+00
-7.554251551628112793e-01 -1.785565257072448730e+00 -6.284508228302001953e+00
-9.380128383636474609e-01 -2.028961658477783203e+00 -5.307419776916503906e+00
-1.129393458366394043e+00 -1.496285557746887207e+00 -6.027617454528808594e+00
-6.981081366539001465e-01 -1.720954060554504395e+00 -5.936742782592773438e+00
-1.113675236701965332e+00 -1.506839156150817871e+00 -5.827737808227539062e+00
-9.981893897056579590e-01 -1.688599586486816406e+00 -6.175863742828369141e+00
-7.793650627136230469e-01 -1.920629382133483887e+00 -5.642282485961914062e+00
-1.133542299270629883e+00 -1.530835270881652832e+00 -5.944366455078125000e+00
-7.769312858581542969e-01 -1.889179706573486328e+00 -6.087094783782958984e+00
-1.044355273246765137e+00 -1.633310914039611816e+00 -5.789884090423583984e+00
-1.057455658912658691e+00 -1.559025526046752930e+00 -6.007723808288574219e+00
-8.211932182312011719e-01 -1.990646719932556152e+00 -5.863847732543945312e+00
-1.055111885070800781e+00 -1.535830259323120117e+00 -5.907477378845214844e+00
-1.012141346931457520e+00 -1.816628098487854004e+00 -5.926824569702148438e+00
