-1.198436260223388672e+00 -2.669278383255004883e-01 -4.108495712280273438e-01
-1.253008365631103516e+00 -2.729046344757080078e-01 -3.608570396900177002e-01
-1.190448164939880371e+00 -3.238951563835144043e-01 -5.018695592880249023e-01
-1.123672485351562500e+00 -2.988029420375823975e-01 -3.133333921432495117e-01
-1.465408563613891602e+00 -2.680049976333975792e-03 -4.580731987953186035e-01
-1.087337374687194824e+00 -3.652196228504180908e-01 -4.815216064453125000e-01
-1.245210409164428711e+00 -3.037014901638031006e-01 -2.368520349264144897e-01
-1.292203903198242188e+00 -2.947830557823181152e-01 -5.913935303688049316e-01
-9.978179335594177246e-01 -3.069911003112792969e-01 -3.375840783119201660e-01
-1.728523612022399902e+00 1.805728375911712646e-01 -1.920372098684310913e-01
-1.130564451217651367e+00 -4.234705567359924316e-01 -5.558876991271972656e-01
-1.132217049598693848e+00 -3.617000877857208252e-01 -1.997324675321578979e-01
-1.644733309745788574e+00 -3.683006018400192261e-02 -6.694878339767456055e-01
-1.002089738845825195e+00 -4.160390794277191162e-01 -4.540158212184906006e-01
-1.398111820220947266e+00 -2.782092988491058350e-01 -1.268316805362701416e-01
-1.229474782943725586e+00 -4.007495343685150146e-01 -6.503713130950927734e-01
-9.755201935768127441e-01 -3.674997687339782715e-01 -2.229756712913513184e-01
-1.903322100639343262e+00 -2.138999104499816895e-02 -3.817003369331359863e-01
-1.088639259338378906e+00 -5.077084898948669434e-01 -5.201122760772705078e-01
-1.210726857185363770e+00 -4.273383021354675293e-01 -1.450551003217697144e-01
-1.543033719062805176e+00 -2.363359779119491577e-01 -8.237924575805664062e-01
-6.996041536331176758e-01 -2.810574173927307129e-01 -3.437324166297912598e-01
-1.861507892608642578e+00 -9.577414393424987793e-02 5.049837380647659302e-02
-1.165203452110290527e+00 -5.395216941833496094e-01 -5.585728883743286133e-01
-1.056117534637451172e+00 -4.634449779987335205e-01 -1.624843776226043701e-01
-2.578933238983154297e+00 1.899031251668930054e-01 -8.512657880783081055e-01
-1.198436260223388672e+00 -6.354937553405761719e-01 -4.108495712280273438e-01
-1.339542746543884277e+00 -4.489737749099731445e-01 -7.368280738592147827e-02
-1.619809508323669434e+00 -3.515031561255455017e-02 -1.582374453544616699e+00
-8.001969456672668457e-01 -4.307956695556640625e-01 -2.015461325645446777e-01
-1.990613341331481934e+00 -2.843711972236633301e-01 -2.020342350006103516e-01
-6.047031879425048828e-01 -1.931492239236831665e-01 -1.334240913391113281e+00
-1.145360112190246582e+00 -5.170608162879943848e-01 -1.020148620009422302e-01
-2.390393733978271484e+00 -1.024704575538635254e-01 -1.333968400955200195e+00
-8.679156303405761719e-01 -5.261435508728027344e-01 -4.382325410842895508e-01
-1.700345516204833984e+00 -4.090560972690582275e-01 1.316996067762374878e-01
-1.197223544120788574e+00 -5.650241971015930176e-01 -6.594398617744445801e-01
-9.488704800605773926e-01 -5.385537147521972656e-01 -1.357397437095642090e-01
-2.301637411117553711e+00 -3.708552420139312744e-01 -5.130940079689025879e-01
1.308825984597206116e-02 -3.053558468818664551e-01 -1.330353498458862305e+00
-1.270202636718750000e+00 -5.570830702781677246e-01 -1.635823771357536316e-02
-1.290844202041625977e+00 -6.052513122558593750e-01 -5.576950311660766602e-01
-1.675288379192352295e-01 -4.716443419456481934e-01 -1.283205896615982056e-01
-1.956315875053405762e+00 -5.226575732231140137e-01 -2.191826328635215759e-02
-9.976928234100341797e-01 -5.709289908409118652e-01 -9.523204565048217773e-01
-1.060206294059753418e+00 -6.020264029502868652e-01 -7.129114121198654175e-02
-1.376996517181396484e+00 -6.214871406555175781e-01 -4.954726099967956543e-01
-2.657037377357482910e-01 -5.861349701881408691e-01 -6.984210014343261719e-01
-1.465136051177978516e+00 -6.195025444030761719e-01 4.422643780708312988e-02
-1.251580357551574707e+00 -6.329368352890014648e-01 -6.583324074745178223e-01
-8.260191082954406738e-01 -6.401082873344421387e-01 -1.463018506765365601e-01
-2.213574647903442383e+00 -6.665077209472656250e-01 -2.843348085880279541e-01
-7.385345697402954102e-01 -6.713748574256896973e-01 -9.511609077453613281e-01
-1.183344483375549316e+00 -6.648482680320739746e-01 2.993037225678563118e-03
-1.371770143508911133e+00 -6.580366492271423340e-01 -5.867389440536499023e-01
-6.237887740135192871e-01 -6.998252272605895996e-01 -3.814674615859985352e-01
-1.512616276741027832e+00 -6.894778013229370117e-01 -1.512583643198013306e-01
-1.127631664276123047e+00 -7.140381336212158203e-01 -9.183421730995178223e-01
-9.877786040306091309e-01 -7.002400159835815430e-01 -1.049094423651695251e-01
-1.533688902854919434e+00 -7.027670145034790039e-01 -4.879904091358184814e-01
-3.993938863277435303e-01 -8.348367810249328613e-01 -8.635550141334533691e-01
-1.346629261970520020e+00 -7.502041459083557129e-01 4.595764726400375366e-02
-1.377422809600830078e+00 -7.480571269989013672e-01 -8.032615184783935547e-01
-9.336044788360595703e-01 -7.170432806015014648e-01 -2.984944283962249756e-01
-4.131052017211914062e+00 -1.588643074035644531e+00 6.278227567672729492e-01
-9.102715253829956055e-01 -8.378425240516662598e-01 -9.527021646499633789e-01
-1.102448940277099609e+00 -7.711481451988220215e-01 -3.936157748103141785e-02
-2.941333293914794922e+00 -1.421100854873657227e+00 -1.543573498725891113e+00
1.491172015666961670e-01 -1.185977339744567871e+00 -6.356768608093261719e-01
-3.402402400970458984e+00 -2.168578147888183594e+00 2.406476259231567383e+00
-1.242019176483154297e+00 -8.906974792480468750e-01 -9.700481891632080078e-01
-2.975684702396392822e-01 -1.229958891868591309e+00 4.307309687137603760e-01
-2.013978481292724609e+00 -1.051693201065063477e+00 -4.188067317008972168e-01
-6.149747967720031738e-01 -1.058555006980895996e+00 -9.349706172943115234e-01
-1.289237737655639648e+00 -1.167935371398925781e+00 5.194718241691589355e-01
-2.363277912139892578e+00 -1.801059842109680176e+00 -1.961275339126586914e+00
-3.478527069091796875e-01 -1.183964014053344727e+00 -2.518197894096374512e-01
-2.678577184677124023e+00 -1.800413727760314941e+00 5.105347633361816406e-01
-9.948902130126953125e-01 -1.168308019638061523e+00 -1.139594793319702148e+00
2.277184873819351196e-01 -2.975968122482299805e+00 2.401880264282226562e+00
-2.969992637634277344e+00 -2.116271257400512695e+00 -1.077479362487792969e+00
-1.198436260223388672e+00 -6.354937553405761719e-01 -4.108495712280273438e-01
-1.599420428276062012e+00 -1.442227005958557129e+00 4.246969521045684814e-01
-1.446987748146057129e+00 -1.423488616943359375e+00 -1.231214523315429688e+00
-3.626742362976074219e-01 -1.579723358154296875e+00 8.444662392139434814e-02
-3.026509761810302734e+00 -2.557647943496704102e+00 -2.761112526059150696e-02
-7.317610383033752441e-01 -1.509181022644042969e+00 -1.061069846153259277e+00
-8.556868433952331543e-01 -3.983106374740600586e+00 2.453104972839355469e+00
-1.882472395896911621e+00 -1.751705646514892578e+00 -9.988653063774108887e-01
7.452782988548278809e-01 -3.210338592529296875e+00 -4.722388684749603271e-01
-1.198436260223388672e+00 -6.354937553405761719e-01 -4.108495712280273438e-01
-1.111520409584045410e+00 -3.025482892990112305e+00 -1.962282657623291016e+00
-2.955939173698425293e-01 -3.023444414138793945e+00 6.927697658538818359e-01
-3.116387605667114258e+00 -4.204085350036621094e+00 -6.879842877388000488e-01
3.014823198318481445e-01 -4.361065387725830078e+00 -1.432881116867065430e+00
-1.396191120147705078e+00 -2.651219129562377930e+00 4.298019409179687500e-01
-1.502847790718078613e+00 -2.342293024063110352e+00 -9.543119072914123535e-01
-7.924628853797912598e-01 -2.093341112136840820e+00 -2.769551873207092285e-01
-1.468195557594299316e+00 -2.084887981414794922e+00 -2.893934547901153564e-01
-1.198436260223388672e+00 -2.165780782699584961e+00 -4.108495712280273438e-01
