6.870424747467041016e-02 2.548017263412475586e+00 -1.364211797714233398e+00
-2.762261331081390381e-01 1.804717421531677246e+00 -1.048227310180664062e+00
1.172046363353729248e-01 1.404826879501342773e+00 -1.916848659515380859e+00
1.247560232877731323e-01 -2.346522808074951172e-01 -1.291102170944213867e+00
-4.856523871421813965e-01 8.269354701042175293e-01 -1.462269663810729980e+00
6.870424747467041016e-02 -4.870754182338714600e-01 -1.364211797714233398e+00
2.879535779356956482e-02 -2.039819061756134033e-01 -1.215752720832824707e+00
-2.189349085092544556e-01 5.580795407295227051e-01 -1.918043494224548340e+00
2.111371159553527832e-01 -2.538486123085021973e-01 -1.312195539474487305e+00
-7.619266211986541748e-02 -2.640074193477630615e-01 -1.304400444030761719e+00
6.041595339775085449e-01 1.185621380805969238e+00 -2.508448600769042969e+00
1.363931447267532349e-01 -2.072048932313919067e-01 -1.148408889770507812e+00
-2.080970764160156250e+00 2.396502494812011719e+00 -2.609992504119873047e+00
2.231478542089462280e-01 -3.144552707672119141e-01 -1.398165822029113770e+00
-9.881238639354705811e-02 -1.873336881399154663e-01 -1.125936627388000488e+00
-6.188832223415374756e-02 5.005972385406494141e-01 -2.371985673904418945e+00
2.976312339305877686e-01 -2.118550091981887817e-01 -1.171271920204162598e+00
-1.814810037612915039e+00 1.153861641883850098e+00 -1.286322593688964844e+00
8.798404932022094727e-01 4.569504261016845703e-01 -2.171400785446166992e+00
5.301000177860260010e-02 -2.212742120027542114e-01 -1.024809241294860840e+00
-6.144732832908630371e-01 3.042700588703155518e-01 -2.182886838912963867e+00
3.594349920749664307e-01 -2.805018424987792969e-01 -1.325094342231750488e+00
-4.916752576828002930e-01 -3.094396740198135376e-02 -9.743143320083618164e-01
3.365753293037414551e-01 2.865011990070343018e-01 -2.554925680160522461e+00
2.608921825885772705e-01 -2.547398805618286133e-01 -1.028818249702453613e+00
-1.318605542182922363e+00 3.423947691917419434e-01 -1.806801438331604004e+00
2.773036956787109375e-01 -3.631252944469451904e-01 -1.460590004920959473e+00
-1.054748669266700745e-01 -2.568387687206268311e-01 -9.480196833610534668e-01
-2.084290832281112671e-01 -9.223502129316329956e-02 -2.134712934494018555e+00
5.307766795158386230e-01 -2.495666295289993286e-01 -1.121359467506408691e+00
-2.178276062011718750e+00 5.088704228401184082e-01 -7.719149589538574219e-01
5.800302028656005859e-01 -1.061260253190994263e-01 -2.159441232681274414e+00
1.470479965209960938e-01 -3.122608363628387451e-01 -9.083519577980041504e-01
-1.816186904907226562e+00 3.558162152767181396e-01 -2.823977470397949219e+00
5.547076463699340820e-01 -3.262849748134613037e-01 -1.404476165771484375e+00
-3.195573091506958008e-01 -3.119102120399475098e-01 -9.445124268531799316e-01
7.345695048570632935e-02 -2.108992487192153931e-01 -2.338458061218261719e+00
4.799077808856964111e-01 -3.273496031761169434e-01 -9.109199047088623047e-01
-6.201146245002746582e-01 -3.218398988246917725e-01 -1.428051352500915527e+00
3.257667720317840576e-01 -4.170264303684234619e-01 -1.559313058853149414e+00
-2.842878550291061401e-02 -3.809495270252227783e-01 -8.302827477455139160e-01
-1.064076066017150879e+00 -1.163494735956192017e-01 -3.164313077926635742e+00
7.133380770683288574e-01 -3.846191763877868652e-01 -1.187544345855712891e+00
-1.344558238983154297e+00 -2.766631543636322021e-01 -6.389487981796264648e-01
5.574470758438110352e-01 -3.298819065093994141e-01 -2.682511568069458008e+00
3.075995445251464844e-01 -4.292356669902801514e-01 -7.773714065551757812e-01
-1.272838592529296875e+00 -3.818422555923461914e-01 -1.999993920326232910e+00
9.865083098411560059e-01 -4.385066032409667969e-01 -1.647180557250976562e+00
-2.578853666782379150e-01 -4.674932062625885010e-01 -8.069445490837097168e-01
-1.173775792121887207e-01 -4.781223833560943604e-01 -2.230762481689453125e+00
6.719474792480468750e-01 -4.945500493049621582e-01 -9.356960654258728027e-01
-2.709066569805145264e-01 -4.974510371685028076e-01 -1.321886777877807617e+00
3.801535665988922119e-01 -5.113744139671325684e-01 -1.730115294456481934e+00
9.422565251588821411e-02 -5.367162227630615234e-01 -6.643709540367126465e-01
-1.843538999557495117e+00 -7.357714176177978516e-01 -3.304647207260131836e+00
8.709384202957153320e-01 -5.768851041793823242e-01 -1.323193073272705078e+00
-1.353357911109924316e+00 -7.314215898513793945e-01 -1.892332434654235840e-01
2.980855107307434082e-01 -7.415307760238647461e-01 -3.008303880691528320e+00
5.608711838722229004e-01 -6.383444070816040039e-01 -6.494331359863281250e-01
-6.549266576766967773e-01 -6.322824358940124512e-01 -1.530717611312866211e+00
1.086331963539123535e+00 -7.409505248069763184e-01 -1.940758943557739258e+00
-3.508212268352508545e-01 -8.118135333061218262e-01 -7.101854681968688965e-02
-3.211698830127716064e-01 -7.322644591331481934e-01 -2.218976020812988281e+00
6.194183230400085449e-01 -6.566565036773681641e-01 -1.130570769309997559e+00
-2.414954155683517456e-01 -5.878955125808715820e-01 -1.254345417022705078e+00
2.168585211038589478e-01 -5.911090970039367676e-01 -1.642794728279113770e+00
2.747093439102172852e-01 -7.782126665115356445e-01 -5.669358372688293457e-01
-1.320150613784790039e+00 -1.113098740577697754e+00 -2.266840696334838867e+00
6.514784097671508789e-01 -7.251421213150024414e-01 -1.461442470550537109e+00
-2.473679631948471069e-01 -7.069360613822937012e-01 -9.601772427558898926e-01
2.829277142882347107e-02 -7.237086296081542969e-01 -1.882719039916992188e+00
6.290060281753540039e-01 -8.568077087402343750e-01 -8.407841920852661133e-01
-4.732872843742370605e-01 -7.636724710464477539e-01 -1.369499921798706055e+00
2.739910185337066650e-01 -6.359265446662902832e-01 -1.548620104789733887e+00
-1.224439125508069992e-02 -9.617421627044677734e-01 -5.348390340805053711e-01
-2.250804424285888672e+00 -2.808026790618896484e+00 -4.451520919799804688e+00
3.296144604682922363e-01 -6.553146243095397949e-01 -1.315430641174316406e+00
-3.339316844940185547e-01 -8.039632439613342285e-01 -1.113571882247924805e+00
1.631407439708709717e-01 -7.342780828475952148e-01 -1.702317833900451660e+00
5.144802927970886230e-01 -1.218642115592956543e+00 -4.850311875343322754e-01
-1.859785318374633789e+00 -2.099027395248413086e+00 -2.089895009994506836e+00
2.661408185958862305e-01 -6.625847220420837402e-01 -1.443465232849121094e+00
-1.107854247093200684e+00 -2.854173183441162109e+00 1.087429285049438477e+00
-8.594647049903869629e-02 -9.773722290992736816e-01 -1.874649524688720703e+00
1.029802918434143066e+00 -1.572908282279968262e+00 -7.946375608444213867e-01
-4.545590877532958984e-01 -1.037268161773681641e+00 -1.254514575004577637e+00
2.618008852005004883e-01 -8.485817909240722656e-01 -1.633254051208496094e+00
1.538373231887817383e-01 -1.318564891815185547e+00 -6.528546214103698730e-01
-1.133794546127319336e+00 -2.449316024780273438e+00 -2.397912025451660156e+00
8.402921557426452637e-01 -1.509200334548950195e+00 -1.388581275939941406e+00
-4.177705943584442139e-01 -1.454362630844116211e+00 -8.894603848457336426e-01
8.692266792058944702e-02 -9.880404472351074219e-01 -1.689407348632812500e+00
1.144772768020629883e+00 -3.333196401596069336e+00 -4.884371161460876465e-02
-3.875235915184020996e-01 -1.335945129394531250e+00 -1.430134534835815430e+00
3.568702936172485352e-01 -1.202836394309997559e+00 -1.560565590858459473e+00
-1.950692236423492432e-01 -3.175731182098388672e+00 -2.429169118404388428e-01
-8.040329068899154663e-02 -1.323103785514831543e+00 -1.630411744117736816e+00
6.021232604980468750e-01 -2.402579069137573242e+00 -1.188284397125244141e+00
-6.675058007240295410e-01 -4.442670345306396484e+00 -1.032741427421569824e+00
6.870424747467041016e-02 -4.487754344940185547e+00 -1.364211797714233398e+00
