-1.983790397644042969e+00 5.385072231292724609e-01 -1.642134070396423340e+00
-2.060233592987060547e+00 -1.825508028268814087e-01 -1.572105884552001953e+00
-1.955428481101989746e+00 4.158849418163299561e-01 -1.965303182601928711e+00
-1.953713297843933105e+00 -5.550062656402587891e-01 -1.602903723716735840e+00
-2.360093832015991211e+00 2.015095651149749756e-01 -1.708696842193603516e+00
-1.508365631103515625e+00 4.661263823509216309e-01 -1.944560408592224121e+00
-2.175601005554199219e+00 6.701524853706359863e-01 -9.286080002784729004e-01
-2.315249681472778320e+00 5.139231085777282715e-01 -2.280339002609252930e+00
-1.906063199043273926e+00 -5.631809830665588379e-01 -1.613748192787170410e+00
-2.459762334823608398e+00 4.230080544948577881e-02 -1.445659756660461426e+00
-1.349854588508605957e+00 1.289882421493530273e+00 -2.996818065643310547e+00
-1.451012611389160156e+00 1.512399196624755859e+00 5.644537135958671570e-02
-2.861641168594360352e+00 4.870952069759368896e-01 -2.150866508483886719e+00
-1.204994678497314453e+00 1.799971610307693481e-01 -1.813350081443786621e+00
-2.459292888641357422e+00 1.603733152151107788e-01 -9.657806158065795898e-01
-2.090820312500000000e+00 1.190121024847030640e-01 -2.468075990676879883e+00
-4.686757922172546387e-01 1.131044387817382812e+00 -3.651938736438751221e-01
-3.124098777770996094e+00 3.029929995536804199e-01 -1.594978690147399902e+00
-9.061337709426879883e-01 5.637552142143249512e-01 -2.714546442031860352e+00
-2.023324012756347656e+00 -2.090575546026229858e-02 -7.871837019920349121e-01
-2.947308063507080078e+00 4.256165921688079834e-01 -2.796750068664550781e+00
-1.870601058006286621e+00 -6.100307106971740723e-01 -1.626904606819152832e+00
-2.540495634078979492e+00 -2.373147159814834595e-01 -1.254793167114257812e+00
-1.695436120033264160e+00 1.422738581895828247e-01 -2.923897504806518555e+00
-9.065261483192443848e-01 6.118468046188354492e-01 2.378357052803039551e-01
-2.958097457885742188e+00 -1.079188659787178040e-01 -1.952964544296264648e+00
-7.537531256675720215e-01 4.043472930788993835e-02 -2.210442543029785156e+00
-2.324679136276245117e+00 -2.398555874824523926e-01 -8.275979161262512207e-01
-2.250137090682983398e+00 -3.109830319881439209e-01 -2.382645606994628906e+00
-7.856604456901550293e-01 -7.460736483335494995e-02 -1.012430548667907715e+00
-3.362761020660400391e+00 -7.924400269985198975e-02 -1.278641819953918457e+00
-1.071444749832153320e+00 -1.073727570474147797e-02 -3.061041116714477539e+00
-1.846814513206481934e+00 -3.848103284835815430e-01 -8.451107740402221680e-01
-4.432229995727539062e+00 4.044456183910369873e-01 -3.538343191146850586e+00
-1.675631165504455566e+00 -5.885033011436462402e-01 -1.667664408683776855e+00
-2.524424076080322266e+00 -4.465471208095550537e-01 -1.057725071907043457e+00
-1.969955205917358398e+00 1.134955510497093201e-01 -4.478172779083251953e+00
-3.451161980628967285e-01 -5.393711477518081665e-02 1.642650663852691650e-01
-4.408104896545410156e+00 -1.089050173759460449e-01 -1.866819024085998535e+00
1.014776706695556641e+00 1.266479045152664185e-01 -3.917939662933349609e+00
-2.028205633163452148e+00 -6.419281363487243652e-01 -1.397988915443420410e+00
-5.354426860809326172e+00 4.126555025577545166e-01 -6.998412132263183594e+00
-9.168380498886108398e-01 -5.208770632743835449e-01 -1.349726676940917969e+00
-2.559025049209594727e+00 -6.048120856285095215e-01 -1.346933126449584961e+00
-1.742540717124938965e+00 -6.128626465797424316e-01 -2.292863607406616211e+00
-1.781115651130676270e+00 -6.413850784301757812e-01 -1.144268631935119629e+00
-2.562081575393676758e+00 -6.450931429862976074e-01 -1.916197061538696289e+00
-2.199032157659530640e-01 -5.971131324768066406e-01 -2.185959339141845703e+00
-3.185349702835083008e+00 -6.184102892875671387e-01 4.081139564514160156e-01
-2.088105440139770508e+00 -6.854364275932312012e-01 -2.127910852432250977e+00
-1.430792331695556641e+00 -6.973074674606323242e-01 -1.249310135841369629e+00
-2.579221725463867188e+00 -7.086467146873474121e-01 -1.567926645278930664e+00
-1.907893061637878418e+00 -6.963768005371093750e-01 -1.731301426887512207e+00
-1.801675796508789062e+00 -1.044680476188659668e+00 3.351761817932128906e+00
-2.302889347076416016e+00 -7.319556474685668945e-01 -1.965937376022338867e+00
-1.702458858489990234e+00 -7.219502925872802734e-01 -1.627749443054199219e+00
-3.450343132019042969e+00 -9.424461722373962402e-01 -4.303951263427734375e-01
-1.960855364799499512e+00 -7.158975005149841309e-01 -1.806521177291870117e+00
-1.493127346038818359e+00 -8.412621617317199707e-01 -9.295394420623779297e-01
-2.522395372390747070e+00 -7.985342144966125488e-01 -1.766065835952758789e+00
-1.746856093406677246e+00 -7.495651245117187500e-01 -1.776371598243713379e+00
-2.209938526153564453e+00 -8.655077219009399414e-01 -9.450292587280273438e-01
-2.057327032089233398e+00 -7.367020845413208008e-01 -1.803356647491455078e+00
-1.564805388450622559e+00 -8.194732069969177246e-01 -1.464379310607910156e+00
-2.640315532684326172e+00 -9.038370847702026367e-01 -1.409606337547302246e+00
-1.089617371559143066e+00 -1.318342208862304688e+00 -3.323498725891113281e+00
-1.844320535659790039e+00 -8.875614404678344727e-01 -1.102361440658569336e+00
-2.115902662277221680e+00 -7.500047087669372559e-01 -1.727994918823242188e+00
-1.709371447563171387e+00 -8.025571107864379883e-01 -1.687918424606323242e+00
-2.348529100418090820e+00 -9.441685676574707031e-01 -1.175889253616333008e+00
-1.991727352142333984e+00 -7.369310259819030762e-01 -1.743970751762390137e+00
-1.405612945556640625e+00 -1.071983456611633301e+00 -1.102007269859313965e+00
-3.332419395446777344e+00 -1.378707408905029297e+00 -1.655292510986328125e+00
-1.239272356033325195e+00 -1.230296969413757324e+00 -2.310931682586669922e+00
-2.022935390472412109e+00 -9.199945330619812012e-01 -1.241066336631774902e+00
-2.036264181137084961e+00 -7.429617047309875488e-01 -1.711977481842041016e+00
-1.496037244796752930e+00 -1.004966616630554199e+00 -1.550941109657287598e+00
-2.479182720184326172e+00 -1.080345630645751953e+00 -1.333753466606140137e+00
-1.201598525047302246e+00 -2.737967491149902344e+00 -4.442574501037597656e+00
-1.858777999877929688e+00 -8.956142663955688477e-01 -1.395578622817993164e+00
-2.053697824478149414e+00 -7.488883733749389648e-01 -1.668439984321594238e+00
-1.239211678504943848e+00 -1.352341294288635254e+00 -1.941016793251037598e+00
-2.111403942108154297e+00 -9.471988081932067871e-01 -1.376220822334289551e+00
-1.999629974365234375e+00 -7.406722307205200195e-01 -1.694413781166076660e+00
-1.917660236358642578e+00 -7.651681303977966309e-01 -1.602943420410156250e+00
-2.314822912216186523e+00 -1.038524270057678223e+00 -1.572736263275146484e+00
-1.065654277801513672e+00 -2.409346342086791992e+00 -2.921376466751098633e+00
-1.973771333694458008e+00 -7.883111834526062012e-01 -1.558416366577148438e+00
-2.017061710357666016e+00 -7.447476387023925781e-01 -1.670735001564025879e+00
-1.532432198524475098e+00 -1.288370966911315918e+00 -1.656389594078063965e+00
-2.048839569091796875e+00 -8.197965025901794434e-01 -1.578652501106262207e+00
-1.922479629516601562e+00 -2.376362085342407227e+00 -2.736520528793334961e+00
-1.959214925765991211e+00 -7.554556131362915039e-01 -1.612093448638916016e+00
-2.439989328384399414e+00 -1.539271354675292969e+00 -1.708052635192871094e+00
-1.269499778747558594e+00 -2.464645862579345703e+00 -2.128845453262329102e+00
-1.989440202713012695e+00 -7.480446696281433105e-01 -1.618116617202758789e+00
-2.213124036788940430e+00 -1.976301431655883789e+00 -2.051560640335083008e+00
-1.508312106132507324e+00 -2.397894382476806641e+00 -1.485316157341003418e+00
-2.439836025238037109e+00 -3.140749931335449219e+00 -1.436804652214050293e+00
-1.983790397644042969e+00 -2.573954582214355469e+00 -1.642134070396423340e+00
