-3.401985466480255127e-01 -1.444624304771423340e+00 -1.533100962638854980e+00
-4.065104424953460693e-01 -1.384468674659729004e+00 -1.472353816032409668e+00
-3.308169245719909668e-01 -1.459100842475891113e+00 -1.639999866485595703e+00
-6.357034295797348022e-02 -5.792942643165588379e-01 -1.172288417816162109e+00
-4.528420865535736084e-01 -1.558056592941284180e+00 -1.553026080131530762e+00
-2.484775185585021973e-01 -1.601926684379577637e+00 -1.591446399688720703e+00
-5.034192204475402832e-01 -6.672545075416564941e-01 -9.259281754493713379e-01
-1.165861725807189941e+00 1.175039410591125488e+00 -3.122865200042724609e+00
3.636645078659057617e-01 -6.725184917449951172e-01 -1.276051282882690430e+00
-6.332644224166870117e-01 -1.373886227607727051e+00 -1.412127614021301270e+00
-2.710939943790435791e-01 -1.609185338020324707e+00 -1.680773377418518066e+00
-2.822651565074920654e-01 -1.585524678230285645e+00 -1.348400235176086426e+00
-4.398940205574035645e-01 -1.691327810287475586e+00 -1.590876579284667969e+00
-1.166805177927017212e-01 -1.575235605239868164e+00 -1.582240819931030273e+00
-7.120137214660644531e-01 -1.159761309623718262e+00 -1.004232168197631836e+00
-5.626105666160583496e-01 -1.429557651281356812e-01 -3.249439001083374023e+00
3.785862922668457031e-01 -9.609225988388061523e-01 -9.273083209991455078e-01
-5.044736862182617188e-01 -1.681941390037536621e+00 -1.526307702064514160e+00
-1.470604389905929565e-01 -1.600279331207275391e+00 -1.725299239158630371e+00
-3.661075830459594727e-01 -1.386258482933044434e+00 -9.727942943572998047e-01
-2.665203571319580078e+00 8.680651187896728516e-01 -4.319233894348144531e+00
3.008247315883636475e-01 -1.369591712951660156e+00 -1.446852207183837891e+00
-7.786611914634704590e-01 -1.468164563179016113e+00 -1.228030085563659668e+00
-2.550945580005645752e-01 -1.579290390014648438e+00 -1.911396622657775879e+00
1.694313287734985352e-01 -1.208969235420227051e+00 -6.437288522720336914e-01
-4.684900641441345215e-01 -1.748354196548461914e+00 -1.574029445648193359e+00
4.235321190208196640e-03 -1.620396375656127930e+00 -1.692238092422485352e+00
-5.857585668563842773e-01 -1.500468850135803223e+00 -9.463478326797485352e-01
-7.943798899650573730e-01 -1.177973389625549316e+00 -2.795840740203857422e+00
5.622577071189880371e-01 -1.361190080642700195e+00 -1.058795213699340820e+00
-5.776566267013549805e-01 -1.719809174537658691e+00 -1.470507740974426270e+00
-8.976538479328155518e-02 -1.638481140136718750e+00 -1.922582030296325684e+00
-3.111645579338073730e-01 -1.760273694992065430e+00 -1.364160537719726562e+00
-1.287604689598083496e+00 -1.401395440101623535e+00 -2.266825675964355469e+00
2.647956907749176025e-01 -1.624901890754699707e+00 -1.583223462104797363e+00
-7.235372066497802734e-01 -1.652115345001220703e+00 -1.118723154067993164e+00
-3.368546962738037109e-01 -1.630751490592956543e+00 -2.218547105789184570e+00
5.811731815338134766e-01 -1.467166543006896973e+00 -5.174230933189392090e-01
-4.993809759616851807e-01 -1.786874413490295410e+00 -1.547853946685791016e+00
1.433068871498107910e+00 -1.341847896575927734e+00 -2.878947734832763672e+00
-4.452528655529022217e-01 -1.710278987884521484e+00 -9.556295275688171387e-01
-1.302574276924133301e+00 -1.510102033615112305e+00 -3.062412261962890625e+00
1.670772433280944824e+00 -1.505441665649414062e+00 -9.819771647453308105e-01
-6.659988164901733398e-01 -1.776553034782409668e+00 -1.365905642509460449e+00
6.445506215095520020e-02 -1.694911479949951172e+00 -2.624584674835205078e+00
3.537018001079559326e-01 -1.657056927680969238e+00 1.714479476213455200e-01
-4.702647328376770020e-01 -1.814856886863708496e+00 -1.594741702079772949e+00
1.049049377441406250e+00 -1.751542568206787109e+00 -1.961420893669128418e+00
-6.477955579757690430e-01 -1.806616067886352539e+00 -1.008241295814514160e+00
-7.978185415267944336e-01 -1.803041815757751465e+00 -3.664157390594482422e+00
2.268933057785034180e+00 -1.857388615608215332e+00 3.203038871288299561e-01
-5.414153933525085449e-01 -1.831207036972045898e+00 -1.508023738861083984e+00
1.024152159690856934e+00 -1.931504964828491211e+00 -3.135996103286743164e+00
-3.342518806457519531e-01 -1.836626172065734863e+00 -1.370033025741577148e+00
-1.937523603439331055e+00 -2.032799005508422852e+00 -3.153975486755371094e+00
4.362001717090606689e-01 -1.911976933479309082e+00 -1.493403196334838867e+00
-6.857028603553771973e-01 -1.884425878524780273e+00 -1.247628092765808105e+00
-1.890060752630233765e-01 -1.992779135704040527e+00 -2.616774320602416992e+00
1.250800490379333496e-01 -1.968064308166503906e+00 -8.573724627494812012e-01
-5.010201930999755859e-01 -1.857330679893493652e+00 -1.570105671882629395e+00
9.381397962570190430e-01 -2.143975973129272461e+00 -2.257356405258178711e+00
-5.040267109870910645e-01 -1.951872467994689941e+00 -1.028098225593566895e+00
-1.427965760231018066e+00 -2.509148597717285156e+00 -3.917933225631713867e+00
1.847570180892944336e+00 -2.498737812042236328e+00 -6.049377918243408203e-01
-6.511713266372680664e-01 -1.926130890846252441e+00 -1.422960758209228516e+00
4.577399790287017822e-01 -2.385370731353759766e+00 -3.033510446548461914e+00
5.545600056648254395e-01 -3.089579343795776367e+00 1.929771900177001953e+00
-1.485322356224060059e+00 -2.341221570968627930e+00 -2.277326822280883789e+00
1.138755917549133301e+00 -2.429221153259277344e+00 -1.779851317405700684e+00
-6.894098520278930664e-01 -2.067971706390380859e+00 -1.086704850196838379e+00
-4.178687632083892822e-01 -2.279864788055419922e+00 -2.529663562774658203e+00
1.906991004943847656e-01 -2.175388574600219727e+00 -1.037142395973205566e+00
-5.504206418991088867e-01 -1.932343125343322754e+00 -1.535152077674865723e+00
6.996164321899414062e-01 -2.579017639160156250e+00 -2.467162609100341797e+00
-3.569388985633850098e-01 -1.923221707344055176e+00 -1.361584782600402832e+00
-9.440438747406005859e-01 -2.429280519485473633e+00 -2.336830377578735352e+00
3.256430923938751221e-01 -2.254405260086059570e+00 -1.408611536026000977e+00
-6.620332598686218262e-01 -2.078354120254516602e+00 -1.332759618759155273e+00
-9.078854322433471680e-02 -2.477930068969726562e+00 -2.426050424575805664e+00
5.250140428543090820e-01 -3.244966983795166016e+00 1.733122169971466064e-01
-5.096519589424133301e-01 -1.966699242591857910e+00 -1.596865653991699219e+00
9.693992137908935547e-01 -2.989213466644287109e+00 -2.058789014816284180e+00
-4.791014790534973145e-01 -2.104516029357910156e+00 -1.243663549423217773e+00
-5.730080008506774902e-01 -2.563146829605102539e+00 -2.301508188247680664e+00
5.485315322875976562e-01 -2.829131603240966797e+00 -1.006414413452148438e+00
-6.313823461532592773e-01 -2.131228923797607422e+00 -1.472056984901428223e+00
7.887760549783706665e-02 -2.609634160995483398e+00 -2.117001295089721680e+00
-2.093285471200942993e-01 -3.103258848190307617e+00 -4.395740330219268799e-01
-9.323313236236572266e-01 -2.791303396224975586e+00 -2.042114019393920898e+00
6.510200500488281250e-01 -3.138129949569702148e+00 -1.564407110214233398e+00
-5.111942291259765625e-01 -2.165060520172119141e+00 -1.366226077079772949e+00
-3.080259859561920166e-01 -2.709731817245483398e+00 -2.107375383377075195e+00
1.940997838973999023e-01 -3.238238811492919922e+00 -8.799836039543151855e-01
-5.491043925285339355e-01 -2.213755369186401367e+00 -1.563286900520324707e+00
5.011412873864173889e-02 -2.794537305831909180e+00 -1.799056649208068848e+00
-4.789582788944244385e-01 -3.239444017410278320e+00 -9.432366490364074707e-01
-5.408993959426879883e-01 -2.950365543365478516e+00 -1.891409873962402344e+00
3.111995756626129150e-01 -4.164225101470947266e+00 -1.318262815475463867e+00
-7.056422829627990723e-01 -3.788558244705200195e+00 -1.368564009666442871e+00
-3.401985466480255127e-01 -1.825059533119201660e+00 -1.533100962638854980e+00
