5.766122341156005859e+00 4.430022716522216797e+00 -2.115530776977539062e+01
5.766122341156005859e+00 4.430022716522216797e+00 -2.115530776977539062e+01
5.766122341156005859e+00 4.430022716522216797e+00 -2.115530776977539062e+01
5.766122341156005859e+00 4.430022716522216797e+00 -2.115530776977539062e+01
5.766122341156005859e+00 4.430022716522216797e+00 -2.115530776977539062e+01
5.766122341156005859e+00 4.430022716522216797e+00 -2.115530776977539062e+01
5.766122341156005859e+00 4.430022716522216797e+00 -2.115530776977539062e+01
5.766122341156005859e+00 4.430022716522216797e+00 -2.115530776977539062e+01
5.766122341156005859e+00 4.430022716522216797e+00 -2.115530776977539062e+01
3.888484001159667969e+00 4.107397079467773438e+00 -1.960390853881835938e+01
5.766122341156005859e+00 4.430022716522216797e+00 -2.115530776977539062e+01
5.766122341156005859e+00 4.430022716522216797e+00 -2.115530776977539062e+01
4.822681427001953125e+00 3.699742317199707031e+00 -1.824713706970214844e+01
3.692847728729248047e+00 3.756173610687255859e+00 -2.042099571228027344e+01
5.766122341156005859e+00 4.430022716522216797e+00 -2.115530776977539062e+01
3.924548625946044922e+00 3.149019479751586914e+00 -1.880122756958007812e+01
5.766122341156005859e+00 4.430022716522216797e+00 -2.115530776977539062e+01
4.417780876159667969e+00 3.741917371749877930e+00 -2.116846275329589844e+01
5.766122341156005859e+00 4.430022716522216797e+00 -2.115530776977539062e+01
5.766122341156005859e+00 4.430022716522216797e+00 -2.115530776977539062e+01
4.883790493011474609e+00 3.735598564147949219e+00 -2.060605812072753906e+01
5.766122341156005859e+00 4.430022716522216797e+00 -2.115530776977539062e+01
4.881424427032470703e+00 2.650114536285400391e+00 -1.931182861328125000e+01
5.766122341156005859e+00 4.430022716522216797e+00 -2.115530776977539062e+01
5.766122341156005859e+00 4.430022716522216797e+00 -2.115530776977539062e+01
4.766422271728515625e+00 3.378873825073242188e+00 -2.094573020935058594e+01
5.766122341156005859e+00 4.430022716522216797e+00 -2.115530776977539062e+01
4.992799282073974609e+00 2.892378091812133789e+00 -2.040062141418457031e+01
5.766122341156005859e+00 4.430022716522216797e+00 -2.115530776977539062e+01
4.655776500701904297e+00 2.364083290100097656e+00 -2.131574821472167969e+01
5.615425109863281250e+00 2.893956899642944336e+00 -2.051469612121582031e+01
5.766122341156005859e+00 4.430022716522216797e+00 -2.115530776977539062e+01
5.766122341156005859e+00 4.430022716522216797e+00 -2.115530776977539062e+01
5.766122341156005859e+00 4.430022716522216797e+00 -2.115530776977539062e+01
