-1.458602070808410645e+00 3.352781832218170166e-01 8.460293412208557129e-01
-1.458602070808410645e+00 -3.625554442405700684e-01 8.460293412208557129e-01
-1.446455001831054688e+00 1.112782731652259827e-01 7.076194286346435547e-01
-1.292935490608215332e+00 3.835062980651855469e-01 1.062112092971801758e+00
-1.755749106407165527e+00 3.417825400829315186e-01 7.934682369232177734e-01
-1.386746764183044434e+00 -1.877506524324417114e-01 8.003208637237548828e-01
-1.564273953437805176e+00 3.870278000831604004e-01 1.239123582839965820e+00
-1.525656104087829590e+00 -1.189104020595550537e-01 7.169208526611328125e-01
-1.372344732284545898e+00 -2.213132679462432861e-01 8.775303959846496582e-01
-2.038649797439575195e+00 5.304247140884399414e-01 1.085464596748352051e+00
-1.433071017265319824e+00 -2.827997207641601562e-01 7.914710640907287598e-01
-1.364665508270263672e+00 2.584019117057323456e-02 1.145513892173767090e+00
-1.836988568305969238e+00 1.450128406286239624e-01 6.267466545104980469e-01
-1.387572765350341797e+00 -2.831667065620422363e-01 8.304137587547302246e-01
-1.847459316253662109e+00 3.332367241382598877e-01 1.399138808250427246e+00
-1.696835041046142578e+00 1.439202904701232910e+00 -9.923985004425048828e-01
-1.383326053619384766e+00 -2.720572054386138916e-01 9.094719886779785156e-01
-2.424137592315673828e+00 4.786290228366851807e-01 8.859572410583496094e-01
-1.415695428848266602e+00 -3.126193284988403320e-01 8.033314943313598633e-01
-1.500214219093322754e+00 3.421977460384368896e-01 1.745931267738342285e+00
-2.479011297225952148e+00 8.194159269332885742e-01 -3.767620623111724854e-01
-1.394336104393005371e+00 -3.168923854827880859e-01 8.546762466430664062e-01
-1.891444563865661621e+00 -1.023515500128269196e-02 1.147189855575561523e+00
-1.458602070808410645e+00 -3.625554442405700684e-01 8.460293412208557129e-01
-1.378893136978149414e+00 -2.661955654621124268e-01 9.851319789886474609e-01
-2.269584894180297852e+00 1.223298609256744385e-01 5.873036980628967285e-01
-1.401191830635070801e+00 -3.284422159194946289e-01 8.195043802261352539e-01
-1.781749606132507324e+00 6.459332257509231567e-02 1.618173718452453613e+00
-2.284074783325195312e+00 8.135208487510681152e-01 -1.448994874954223633e+00
-1.390910387039184570e+00 -3.277614414691925049e-01 8.816061615943908691e-01
-1.752158522605895996e+00 -2.324402481317520142e-01 9.234098792076110840e-01
6.204278469085693359e-01 1.186368823051452637e+00 -2.387339830398559570e+00
-1.328555822372436523e+00 -7.237300276756286621e-02 1.602731227874755859e+00
-2.754360914230346680e+00 2.168860882520675659e-01 -1.574790775775909424e-01
-1.396160364151000977e+00 -3.418971002101898193e-01 8.408561944961547852e-01
-1.900339961051940918e+00 -1.632642596960067749e-01 1.323534965515136719e+00
-1.453922033309936523e+00 -9.060347080230712891e-02 -1.133156418800354004e-01
-1.384234070777893066e+00 -3.336683213710784912e-01 9.280091524124145508e-01
-3.363573312759399414e+00 9.441357105970382690e-02 6.694770455360412598e-01
-1.043485179543495178e-01 6.475822534412145615e-03 -1.818008273839950562e-01
-1.615325808525085449e+00 -1.913217008113861084e-01 1.707521915435791016e+00
-1.855893254280090332e+00 -2.325336486101150513e-01 2.146939486265182495e-01
-1.393317580223083496e+00 -3.521793186664581299e-01 8.639211058616638184e-01
-1.650304555892944336e+00 -3.340139985084533691e-01 9.444079399108886719e-01
-7.757759094238281250e-01 -1.429392397403717041e-01 -9.957769513130187988e-01
-1.378653407096862793e+00 -3.431987762451171875e-01 1.042421340942382812e+00
-3.654482126235961914e+00 -1.903064250946044922e-01 -1.946392208337783813e-01
-4.428012371063232422e-01 -3.088007867336273193e-01 5.328471064567565918e-01
-1.930510520935058594e+00 -3.342599570751190186e-01 1.651257514953613281e+00
-1.620668172836303711e+00 -3.547579050064086914e-01 9.131593257188796997e-02
-1.390169978141784668e+00 -3.634033799171447754e-01 8.946403264999389648e-01
-2.592606306076049805e+00 -3.972009718418121338e-01 9.873580932617187500e-01
-6.101407408714294434e-01 -4.287516176700592041e-01 -1.507778465747833252e-01
-1.429024696350097656e+00 -4.200854599475860596e-01 1.657092690467834473e+00
-3.014566183090209961e+00 -5.649157166481018066e-01 -7.328743338584899902e-01
-1.399938106536865234e+00 -3.691228330135345459e-01 8.490288853645324707e-01
-1.598883032798767090e+00 -3.866592347621917725e-01 9.619364142417907715e-01
-1.335774779319763184e+00 -4.988092184066772461e-01 -3.433634713292121887e-02
-1.384521245956420898e+00 -3.853244185447692871e-01 9.536176323890686035e-01
-3.165139675140380859e+00 -7.049968838691711426e-01 4.533590376377105713e-01
1.639275193214416504e+00 -1.135405778884887695e+00 -9.091041088104248047e-01
-1.699032664299011230e+00 -5.486633181571960449e-01 1.587160110473632812e+00
-1.866813659667968750e+00 -6.192767620086669922e-01 -4.893796145915985107e-02
-1.378131866455078125e+00 -3.873346149921417236e-01 8.801689147949218750e-01
-2.219814062118530273e+00 -6.099621057510375977e-01 1.115635037422180176e+00
-9.458689689636230469e-01 -7.225957512855529785e-01 -1.180920675396919250e-01
-1.281851768493652344e+00 -6.123482584953308105e-01 1.530084133148193359e+00
-2.951580286026000977e+00 -1.035512208938598633e+00 -1.242702156305313110e-01
-5.439118146896362305e-01 -7.362117767333984375e-01 6.934214234352111816e-01
-1.564102292060852051e+00 -4.359416961669921875e-01 9.808901548385620117e-01
-1.866978049278259277e+00 -2.753839015960693359e+00 -4.393716335296630859e+00
-1.365946888923645020e+00 -4.236968159675598145e-01 9.325867891311645508e-01
-2.212855815887451172e+00 -7.474772334098815918e-01 8.386701345443725586e-01
-3.532918393611907959e-01 -1.164003372192382812e+00 -1.468663364648818970e-01
-1.509299635887145996e+00 -6.598356366157531738e-01 1.365459203720092773e+00
-2.210601329803466797e+00 -1.115022540092468262e+00 -1.548957675695419312e-01
-5.665081739425659180e-01 -9.377922415733337402e-01 1.012820124626159668e+00
-2.104598045349121094e+00 -8.709757328033447266e-01 1.248160362243652344e+00
-5.967087745666503906e-01 -2.618698835372924805e+00 -2.239761829376220703e+00
-1.210672855377197266e+00 -7.694340944290161133e-01 1.335007071495056152e+00
-3.731096982955932617e+00 -2.262048482894897461e+00 -9.101700969040393829e-03
-3.122009932994842529e-01 -1.381637334823608398e+00 3.858503401279449463e-01
-1.910558581352233887e+00 -1.271839022636413574e+00 1.787788987159729004e+00
-1.948447465896606445e+00 -1.915536284446716309e+00 -7.707464694976806641e-01
-4.472967386245727539e-01 -1.505110859870910645e+00 1.445357441902160645e+00
-3.416731834411621094e+00 -2.421459197998046875e+00 1.256532907485961914e+00
2.294130474328994751e-01 -3.522777557373046875e+00 -1.505888342857360840e+00
-1.431945085525512695e+00 -6.229122877120971680e-01 1.068770170211791992e+00
-2.814377784729003906e+00 -2.574913740158081055e+00 -3.194317519664764404e-01
-2.106676101684570312e-01 -2.015698194503784180e+00 8.066152334213256836e-01
-2.487644910812377930e+00 -2.408663272857666016e+00 1.850273609161376953e+00
-1.397066354751586914e+00 -2.054646968841552734e+00 -2.523717582225799561e-01
-1.306334376335144043e+00 -7.652920484542846680e-01 1.032158732414245605e+00
-2.282916784286499023e+00 -1.896297574043273926e+00 7.269198298454284668e-01
-1.458602070808410645e+00 -3.625554442405700684e-01 8.460293412208557129e-01
-1.713829040527343750e+00 -2.964096069335937500e+00 1.930993199348449707e+00
-1.654683113098144531e+00 -1.461958885192871094e+00 4.959680438041687012e-01
-1.281010031700134277e+00 -1.000287055969238281e+00 9.046010971069335938e-01
-1.645352840423583984e+00 -1.365951657295227051e+00 9.301117658615112305e-01
-1.458602070808410645e+00 -1.174235820770263672e+00 8.460293412208557129e-01
