5.350948810577392578e+00 4.706805229187011719e+00 -2.074013519287109375e+01
5.350948810577392578e+00 4.706805229187011719e+00 -2.074013519287109375e+01
5.350948810577392578e+00 4.706805229187011719e+00 -2.074013519287109375e+01
5.350948810577392578e+00 4.706805229187011719e+00 -2.074013519287109375e+01
5.350948810577392578e+00 4.706805229187011719e+00 -2.074013519287109375e+01
5.350948810577392578e+00 4.706805229187011719e+00 -2.074013519287109375e+01
5.350948810577392578e+00 4.706805229187011719e+00 -2.074013519287109375e+01
5.350948810577392578e+00 4.706805229187011719e+00 -2.074013519287109375e+01
5.350948810577392578e+00 4.706805229187011719e+00 -2.074013519287109375e+01
5.350948810577392578e+00 4.706805229187011719e+00 -2.074013519287109375e+01
5.350948810577392578e+00 4.706805229187011719e+00 -2.074013519287109375e+01
5.350948810577392578e+00 4.706805229187011719e+00 -2.074013519287109375e+01
5.350948810577392578e+00 4.706805229187011719e+00 -2.074013519287109375e+01
5.350948810577392578e+00 4.706805229187011719e+00 -2.074013519287109375e+01
5.350948810577392578e+00 4.706805229187011719e+00 -2.074013519287109375e+01
5.350948810577392578e+00 4.706805229187011719e+00 -2.074013519287109375e+01
5.350948810577392578e+00 4.706805229187011719e+00 -2.074013519287109375e+01
5.350948810577392578e+00 4.706805229187011719e+00 -2.074013519287109375e+01
5.350948810577392578e+00 4.706805229187011719e+00 -2.074013519287109375e+01
5.350948810577392578e+00 4.706805229187011719e+00 -2.074013519287109375e+01
5.350948810577392578e+00 4.706805229187011719e+00 -2.074013519287109375e+01
5.350948810577392578e+00 4.706805229187011719e+00 -2.074013519287109375e+01
5.350948810577392578e+00 4.706805229187011719e+00 -2.074013519287109375e+01
5.350948810577392578e+00 4.706805229187011719e+00 -2.074013519287109375e+01
5.350948810577392578e+00 4.706805229187011719e+00 -2.074013519287109375e+01
5.350948810577392578e+00 4.706805229187011719e+00 -2.074013519287109375e+01
5.350948810577392578e+00 4.706805229187011719e+00 -2.074013519287109375e+01
5.350948810577392578e+00 4.706805229187011719e+00 -2.074013519287109375e+01
5.350948810577392578e+00 4.706805229187011719e+00 -2.074013519287109375e+01
5.350948810577392578e+00 4.706805229187011719e+00 -2.074013519287109375e+01
5.350948810577392578e+00 4.706805229187011719e+00 -2.074013519287109375e+01
5.350948810577392578e+00 4.706805229187011719e+00 -2.074013519287109375e+01
5.350948810577392578e+00 4.706805229187011719e+00 -2.074013519287109375e+01
5.350948810577392578e+00 4.706805229187011719e+00 -2.074013519287109375e+01
5.350948810577392578e+00 4.706805229187011719e+00 -2.074013519287109375e+01
5.350948810577392578e+00 4.706805229187011719e+00 -2.074013519287109375e+01
5.350948810577392578e+00 4.706805229187011719e+00 -2.074013519287109375e+01
5.350948810577392578e+00 4.706805229187011719e+00 -2.074013519287109375e+01
5.350948810577392578e+00 4.706805229187011719e+00 -2.074013519287109375e+01
5.350948810577392578e+00 4.706805229187011719e+00 -2.074013519287109375e+01
5.350948810577392578e+00 4.706805229187011719e+00 -2.074013519287109375e+01
5.350948810577392578e+00 4.706805229187011719e+00 -2.074013519287109375e+01
5.350948810577392578e+00 4.706805229187011719e+00 -2.074013519287109375e+01
5.350948810577392578e+00 4.706805229187011719e+00 -2.074013519287109375e+01
5.350948810577392578e+00 4.706805229187011719e+00 -2.074013519287109375e+01
4.791382789611816406e+00 4.610657691955566406e+00 -2.027779388427734375e+01
5.350948810577392578e+00 4.706805229187011719e+00 -2.074013519287109375e+01
5.350948810577392578e+00 4.706805229187011719e+00 -2.074013519287109375e+01
5.350948810577392578e+00 4.706805229187011719e+00 -2.074013519287109375e+01
5.350948810577392578e+00 4.706805229187011719e+00 -2.074013519287109375e+01
3.821024656295776367e+00 3.522551298141479492e+00 -1.602412223815917969e+01
5.350948810577392578e+00 4.706805229187011719e+00 -2.074013519287109375e+01
4.745108604431152344e+00 4.509896755218505859e+00 -2.052555847167968750e+01
5.350948810577392578e+00 4.706805229187011719e+00 -2.074013519287109375e+01
5.350948810577392578e+00 4.706805229187011719e+00 -2.074013519287109375e+01
5.350948810577392578e+00 4.706805229187011719e+00 -2.074013519287109375e+01
4.365128517150878906e+00 4.021066188812255859e+00 -1.947996330261230469e+01
5.350948810577392578e+00 4.706805229187011719e+00 -2.074013519287109375e+01
5.350948810577392578e+00 4.706805229187011719e+00 -2.074013519287109375e+01
4.436874866485595703e+00 4.240321636199951172e+00 -2.074905395507812500e+01
5.350948810577392578e+00 4.706805229187011719e+00 -2.074013519287109375e+01
5.139016628265380859e+00 3.464076995849609375e+00 -1.856874847412109375e+01
5.350948810577392578e+00 4.706805229187011719e+00 -2.074013519287109375e+01
5.350948810577392578e+00 4.706805229187011719e+00 -2.074013519287109375e+01
4.169357776641845703e+00 3.776853799819946289e+00 -2.000459671020507812e+01
5.350948810577392578e+00 4.706805229187011719e+00 -2.074013519287109375e+01
5.350948810577392578e+00 4.706805229187011719e+00 -2.074013519287109375e+01
5.350948810577392578e+00 4.706805229187011719e+00 -2.074013519287109375e+01
5.350948810577392578e+00 4.706805229187011719e+00 -2.074013519287109375e+01
4.432850837707519531e+00 2.859699726104736328e+00 -1.882705879211425781e+01
3.138654708862304688e+00 2.380656957626342773e+00 -2.027634811401367188e+01
5.472100257873535156e+00 3.523524999618530273e+00 -1.972781372070312500e+01
5.350948810577392578e+00 4.706805229187011719e+00 -2.074013519287109375e+01
4.694945812225341797e+00 3.402435064315795898e+00 -2.009994125366210938e+01
4.960348129272460938e+00 3.980043411254882812e+00 -2.079657554626464844e+01
5.350948810577392578e+00 4.706805229187011719e+00 -2.074013519287109375e+01
5.218739986419677734e+00 3.359194040298461914e+00 -2.017811775207519531e+01
5.200741767883300781e+00 3.864612340927124023e+00 -2.100829887390136719e+01
5.350948810577392578e+00 4.706805229187011719e+00 -2.074013519287109375e+01
5.184811115264892578e+00 3.814161539077758789e+00 -2.066533279418945312e+01
5.350948810577392578e+00 4.706805229187011719e+00 -2.074013519287109375e+01
