-2.260573148727416992e+00 9.199865460395812988e-01 -3.026047229766845703e+00
-2.296567201614379883e+00 -3.129122257232666016e-01 -2.993073701858520508e+00
-2.194877147674560547e+00 2.010605573654174805e+00 -3.774619579315185547e+00
-2.199278831481933594e+00 -2.760322690010070801e-01 -2.946099758148193359e+00
-2.446259737014770508e+00 -1.119247749447822571e-01 -3.058892488479614258e+00
-1.717080831527709961e+00 7.701079845428466797e-01 -3.371772527694702148e+00
-2.288043498992919922e+00 -3.572031855583190918e-01 -2.923858880996704102e+00
-2.944271802902221680e+00 1.932197928428649902e+00 -4.342467308044433594e+00
-2.018575906753540039e+00 -1.558055430650711060e-01 -2.937670230865478516e+00
-2.555070161819458008e+00 -9.868744015693664551e-02 -2.904483079910278320e+00
-1.889886379241943359e+00 6.059159040451049805e-01 -3.818183183670043945e+00
-2.205725669860839844e+00 -3.252882957458496094e-01 -2.851184606552124023e+00
-3.299799680709838867e+00 8.419563174247741699e-01 -3.628300189971923828e+00
-1.760616064071655273e+00 6.733194924890995026e-03 -3.135961294174194336e+00
-2.491346359252929688e+00 -1.391359865665435791e-01 -2.697796344757080078e+00
-2.614403247833251953e+00 2.123955965042114258e+00 -5.756529808044433594e+00
-1.975912094116210938e+00 -2.098391503095626831e-01 -2.786134481430053711e+00
-2.595862865447998047e+00 -2.599563002586364746e-01 -3.012181997299194336e+00
-1.440072536468505859e+00 4.028601944446563721e-01 -3.842554807662963867e+00
-2.271740674972534180e+00 -3.629285991191864014e-01 -2.784539461135864258e+00
-2.260573148727416992e+00 -5.520641207695007324e-01 -3.026047229766845703e+00
-1.783809423446655273e+00 -2.133081257343292236e-01 -2.961899280548095703e+00
-2.356850385665893555e+00 -4.736974835395812988e-01 -2.959059953689575195e+00
-1.917226552963256836e+00 4.394758641719818115e-01 -4.552257061004638672e+00
-1.735508322715759277e+00 8.268544822931289673e-02 -2.109739065170288086e+00
-2.549522399902343750e+00 -3.793019056320190430e-01 -3.118229866027832031e+00
-1.673703193664550781e+00 -2.033450603485107422e-01 -3.297195911407470703e+00
-2.426438808441162109e+00 -3.328164517879486084e-01 -2.629719495773315430e+00
-3.735973358154296875e+00 1.549983859062194824e+00 -7.128035545349121094e+00
-5.381296873092651367e-01 3.332850933074951172e-01 -2.120779275894165039e+00
-2.466218233108520508e+00 -4.609145522117614746e-01 -2.971839904785156250e+00
-1.528000712394714355e+00 -6.281128153204917908e-03 -4.165365695953369141e+00
-2.131924390792846680e+00 -2.649998068809509277e-01 -2.277476549148559570e+00
-4.361667156219482422e+00 3.875097930431365967e-01 -4.653252601623535156e+00
-6.622734069824218750e-01 -2.327909134328365326e-02 -3.158463001251220703e+00
-3.073963880538940430e+00 -1.851007491350173950e-01 -2.146795749664306641e+00
-2.249214172363281250e+00 1.079929620027542114e-01 -5.354482173919677734e+00
-1.525565862655639648e+00 -2.665616273880004883e-01 -2.215809106826782227e+00
-2.564948320388793945e+00 -4.790498614311218262e-01 -3.054256677627563477e+00
-1.788540601730346680e+00 -4.234362244606018066e-01 -3.384303092956542969e+00
-2.380606889724731445e+00 -4.209173023700714111e-01 -2.366235494613647461e+00
-3.486657619476318359e+00 -1.508024483919143677e-01 -4.974418163299560547e+00
-4.059068858623504639e-01 -2.572888731956481934e-01 -2.517760038375854492e+00
-2.260573148727416992e+00 -5.520641207695007324e-01 -3.026047229766845703e+00
-2.050079107284545898e+00 -4.843633174896240234e-01 -3.593818426132202148e+00
-1.932609796524047852e+00 -4.726597666740417480e-01 -2.220413208007812500e+00
-2.600673437118530273e+00 -5.253859758377075195e-01 -3.187227249145507812e+00
-9.900868535041809082e-01 -4.848318994045257568e-01 -3.417751789093017578e+00
-2.806374549865722656e+00 -5.193380713462829590e-01 -2.094733953475952148e+00
-2.593300819396972656e+00 -5.360554456710815430e-01 -4.575502395629882812e+00
1.740943491458892822e-01 -5.822314620018005371e-01 -1.296573519706726074e+00
-4.148391246795654297e+00 -6.097397804260253906e-01 -2.790772199630737305e+00
-1.964847326278686523e+00 -5.751363635063171387e-01 -3.373478174209594727e+00
-2.230374813079833984e+00 -6.108021140098571777e-01 -2.197953701019287109e+00
-2.394777059555053711e+00 -5.695179700851440430e-01 -3.162229776382446289e+00
9.879813790321350098e-01 -9.157379865646362305e-01 -2.859946489334106445e+00
-4.130192756652832031e+00 -8.733119368553161621e-01 -1.481274604797363281e+00
-2.101789474487304688e+00 -7.282046675682067871e-01 -4.164130210876464844e+00
-1.780846834182739258e+00 -6.995094418525695801e-01 -2.329336166381835938e+00
-2.617471694946289062e+00 -6.236809492111206055e-01 -3.108168840408325195e+00
1.380606174468994141e+00 -1.460456013679504395e+00 -5.088994026184082031e+00
-3.138452291488647461e+00 -1.231595754623413086e+00 -3.199720680713653564e-01
-2.735669851303100586e+00 -8.508489727973937988e-01 -4.067654132843017578e+00
-3.127444386482238770e-01 -1.151857972145080566e+00 -2.199678897857666016e+00
-4.137471675872802734e+00 -1.162087559700012207e+00 -2.361288309097290039e+00
-2.102224588394165039e+00 -6.632562279701232910e-01 -3.323799133300781250e+00
-1.440792679786682129e+00 -1.710620880126953125e+00 1.466473489999771118e-01
-2.820981740951538086e+00 -8.046671748161315918e-01 -3.390261650085449219e+00
1.038221955299377441e+00 -1.899641394615173340e+00 -3.576421737670898438e+00
-3.832005739212036133e+00 -1.645156621932983398e+00 -1.017287611961364746e+00
-2.397161483764648438e+00 -1.351869702339172363e+00 -4.778569698333740234e+00
-1.673887133598327637e+00 -9.392068386077880859e-01 -2.477971792221069336e+00
-2.443634033203125000e+00 -6.454864144325256348e-01 -3.027833223342895508e+00
-1.973057746887207031e+00 -7.605382800102233887e-01 -3.284321069717407227e+00
-2.472106933593750000e+00 -1.792456865310668945e+00 -8.587414026260375977e-01
-2.438032865524291992e+00 -7.296341061592102051e-01 -3.262249231338500977e+00
-1.506452798843383789e+00 -1.038333415985107422e+00 -2.885052680969238281e+00
-4.158793926239013672e+00 -2.046026945114135742e+00 -1.844409108161926270e+00
-2.208431720733642578e+00 -6.885525584220886230e-01 -3.212726354598999023e+00
-1.110896229743957520e+00 -2.438808441162109375e+00 -7.585998773574829102e-01
-2.550065517425537109e+00 -7.940398454666137695e-01 -3.134982109069824219e+00
-1.803374767303466797e+00 -9.584860801696777344e-01 -3.209572076797485352e+00
-2.916313648223876953e+00 -1.871336936950683594e+00 -1.659655213356018066e+00
-2.326209306716918945e+00 -7.601536512374877930e-01 -3.242684841156005859e+00
-1.500840067863464355e+00 -1.410397529602050781e+00 -2.575808048248291016e+00
-3.637454986572265625e+00 -1.999806404113769531e+00 -2.737396955490112305e+00
-2.132503032684326172e+00 -7.918310165405273438e-01 -3.204487800598144531e+00
-2.058051347732543945e+00 -2.530081748962402344e+00 -1.333810687065124512e+00
-2.443323612213134766e+00 -8.502767086029052734e-01 -3.183144330978393555e+00
-1.678236246109008789e+00 -1.323487639427185059e+00 -3.044439554214477539e+00
-3.016318082809448242e+00 -2.054757118225097656e+00 -2.288514852523803711e+00
-2.251119136810302734e+00 -8.120260834693908691e-01 -3.194798469543457031e+00
-1.655398488044738770e+00 -2.152706146240234375e+00 -2.286291837692260742e+00
-3.132821083068847656e+00 -2.174991846084594727e+00 -3.152082920074462891e+00
-1.369722962379455566e+00 -2.764801740646362305e+00 -3.633064746856689453e+00
-2.430317163467407227e+00 -2.282271862030029297e+00 -2.304469823837280273e+00
-2.327141761779785156e+00 -9.253062009811401367e-01 -3.144891262054443359e+00
-1.874698996543884277e+00 -1.937735438346862793e+00 -2.898781776428222656e+00
-2.624177694320678711e+00 -2.505681514739990234e+00 -2.862338304519653320e+00
-2.260573148727416992e+00 -2.422028303146362305e+00 -3.026047229766845703e+00
