-2.204412698745727539e+00 -8.007300496101379395e-01 5.648065805435180664e-01
-2.218878984451293945e+00 -7.913535833358764648e-01 5.780588388442993164e-01
-2.148222923278808594e+00 1.304377436637878418e+00 -7.544630020856857300e-02
-1.886089086532592773e+00 5.460659265518188477e-01 9.800034165382385254e-01
-2.240532875061035156e+00 -8.018533587455749512e-01 5.584174394607543945e-01
-1.890469074249267578e+00 -1.237290352582931519e-01 3.651013374328613281e-01
-2.219125270843505859e+00 -7.831072211265563965e-01 6.195363402366638184e-01
-2.684786796569824219e+00 8.579989671707153320e-01 -3.601244091987609863e-01
-1.458699941635131836e+00 3.335975110530853271e-01 8.371396660804748535e-01
-2.274638652801513672e+00 -7.793578505516052246e-01 5.937948226928710938e-01
-1.587716579437255859e+00 1.039013028144836426e+00 -7.530372738838195801e-01
-1.885514020919799805e+00 4.310670197010040283e-01 1.581505775451660156e+00
-2.996990680694580078e+00 1.756952106952667236e-01 1.054914444684982300e-01
-9.039134979248046875e-01 5.660852789878845215e-01 2.788954675197601318e-01
-2.299754858016967773e+00 -7.168720960617065430e-01 7.004210352897644043e-01
-2.351438522338867188e+00 2.244865149259567261e-01 -5.697808265686035156e-01
-5.508646368980407715e-01 1.100456833839416504e+00 1.958418607711791992e+00
-2.282906532287597656e+00 -8.190855979919433594e-01 5.680525302886962891e-01
-1.755864977836608887e+00 -3.654364049434661865e-01 1.184417009353637695e-01
-2.211100339889526367e+00 -7.742075324058532715e-01 7.094322443008422852e-01
-4.150344848632812500e+00 1.366562366485595703e+00 -1.767070293426513672e+00
-3.646810948848724365e-01 4.197184443473815918e-01 8.123398423194885254e-01
-2.402311801910400391e+00 -7.263866066932678223e-01 7.024996280670166016e-01
-2.025532484054565430e+00 -3.708877563476562500e-01 -2.303337901830673218e-01
-1.503384709358215332e+00 -3.999922424554824829e-02 1.788193941116333008e+00
-3.773647069931030273e+00 5.077236145734786987e-02 6.417799741029739380e-02
1.663167402148246765e-02 4.322778284549713135e-01 -4.613722562789916992e-01
-2.418941497802734375e+00 -6.038978695869445801e-01 1.077412247657775879e+00
-2.957461118698120117e+00 1.854209303855895996e-01 -1.528859734535217285e+00
-1.410882830619812012e+00 -4.795898497104644775e-01 9.818636178970336914e-01
-2.353409051895141602e+00 -8.214295506477355957e-01 6.040815711021423340e-01
-1.824277400970458984e+00 -6.042609214782714844e-01 -2.639114856719970703e-02
-2.114898681640625000e+00 -6.877307891845703125e-01 1.085662484169006348e+00
-4.247250080108642578e+00 2.605216577649116516e-02 -1.017281413078308105e+00
-4.036975800991058350e-01 -2.917177379131317139e-01 4.156210124492645264e-01
-2.532694578170776367e+00 -7.393650412559509277e-01 9.196698069572448730e-01
-2.200279712677001953e+00 -6.473007202148437500e-01 -2.824219167232513428e-01
-1.556893467903137207e+00 -6.359512805938720703e-01 1.278602004051208496e+00
-2.316339969635009766e+00 -8.606209158897399902e-01 5.544331669807434082e-01
-1.453869819641113281e+00 -6.829489469528198242e-01 -4.828720819205045700e-03
-2.683620691299438477e+00 -3.638959527015686035e-01 3.198956966400146484e+00
-2.968445539474487305e+00 -6.374246478080749512e-01 -6.493181586265563965e-01
2.028302669525146484e+00 -2.147348523139953613e-01 1.724818348884582520e+00
-2.547048568725585938e+00 -8.364573121070861816e-01 7.406416535377502441e-01
-1.891838788986206055e+00 -7.869377136230468750e-01 -2.783079445362091064e-01
-1.459966421127319336e+00 -7.072298526763916016e-01 2.393520355224609375e+00
-3.203792572021484375e+00 -8.090770244598388672e-01 9.118176251649856567e-02
-2.735376060009002686e-01 -7.852913141250610352e-01 -3.050284460186958313e-02
-2.559247016906738281e+00 -8.661945462226867676e-01 1.170268535614013672e+00
-2.389225006103515625e+00 -8.785783648490905762e-01 -2.958320379257202148e-01
-6.663469076156616211e-01 -9.065281152725219727e-01 1.657376527786254883e+00
-2.438142776489257812e+00 -8.946111202239990234e-01 5.939359068870544434e-01
-8.685519099235534668e-01 -9.916929602622985840e-01 -1.004617452621459961e+00
-2.157272577285766602e+00 -9.791611433029174805e-01 1.857471704483032227e+00
-2.922558069229125977e+00 -9.808683991432189941e-01 -1.639263629913330078e-01
-4.432739913463592529e-01 -1.084628820419311523e+00 6.548547744750976562e-01
-2.745343208312988281e+00 -9.804158210754394531e-01 1.011750340461730957e+00
-2.091480493545532227e+00 -1.012747406959533691e+00 -2.446363270282745361e-01
-1.251109123229980469e+00 -1.180471062660217285e+00 1.949298381805419922e+00
-4.108920574188232422e+00 -1.269637346267700195e+00 1.265837699174880981e-01
-2.204412698745727539e+00 -8.874703049659729004e-01 5.648065805435180664e-01
-2.553142070770263672e+00 -1.157407879829406738e+00 1.639769554138183594e+00
-2.533509254455566406e+00 -1.094436764717102051e+00 -1.567082852125167847e-01
-1.407118201255798340e+00 -1.132980704307556152e+00 9.030596017837524414e-01
-2.942628145217895508e+00 -1.127402663230895996e+00 8.262673616409301758e-01
-4.420135319232940674e-01 -2.125024080276489258e+00 -2.749133586883544922e+00
-1.494434833526611328e+00 -1.890848398208618164e+00 3.312546014785766602e+00
-3.990360021591186523e+00 -1.692482352256774902e+00 -5.958962440490722656e-01
-1.390358090400695801e+00 -1.220016479492187500e+00 4.289888441562652588e-01
-2.867844104766845703e+00 -1.348954796791076660e+00 1.412869572639465332e+00
-2.258845090866088867e+00 -1.206204056739807129e+00 -1.335981041193008423e-01
-1.051371097564697266e+00 -1.648340106010437012e+00 1.641965031623840332e+00
-2.460307359695434570e+00 -1.018062233924865723e+00 5.623098611831665039e-01
7.109987735748291016e-01 -3.001401901245117188e+00 -2.054095745086669922e+00
-2.509771823883056641e+00 -2.678035259246826172e+00 3.693414211273193359e+00
-2.817630290985107422e+00 -1.501069188117980957e+00 -2.513973116874694824e-01
-1.588096141815185547e+00 -1.284881353378295898e+00 6.800364851951599121e-01
-2.644999504089355469e+00 -1.234226703643798828e+00 8.390708565711975098e-01
-1.818561553955078125e+00 -1.897497177124023438e+00 -8.166358470916748047e-01
-1.026519894599914551e+00 -2.820519924163818359e+00 2.887902498245239258e+00
-3.746063470840454102e+00 -2.176078319549560547e+00 -1.531064696609973907e-02
4.887628555297851562e-01 -3.281542062759399414e+00 -5.162660479545593262e-01
-3.906206130981445312e+00 -4.311279296875000000e+00 4.110900402069091797e+00
-2.432955741882324219e+00 -1.612031340599060059e+00 -1.895186901092529297e-01
-1.737652897834777832e+00 -1.414807558059692383e+00 8.414216637611389160e-01
-2.376078605651855469e+00 -1.067970991134643555e+00 6.007947325706481934e-01
-1.517104268074035645e+00 -2.174216508865356445e+00 -3.928227424621582031e-01
-1.995271563529968262e+00 -2.930138349533081055e+00 2.312353134155273438e+00
-3.189043521881103516e+00 -2.494193553924560547e+00 -2.816084921360015869e-01
-1.731429934501647949e+00 -1.514032006263732910e+00 5.498681068420410156e-01
-3.243931055068969727e+00 -2.954407215118408203e+00 1.579273819923400879e+00
-2.093226432800292969e+00 -3.944840192794799805e+00 -1.419848918914794922e+00
-1.925932288169860840e+00 -1.624030232429504395e+00 9.052163958549499512e-01
-2.701573371887207031e+00 -1.812500834465026855e+00 4.929692447185516357e-01
-1.223323106765747070e+00 -3.324349164962768555e+00 -1.036993935704231262e-01
-2.440360784530639648e+00 -3.292501211166381836e+00 1.567816615104675293e+00
-2.507964611053466797e+00 -2.589449644088745117e+00 2.287893928587436676e-02
-1.966336369514465332e+00 -1.742400407791137695e+00 6.433266997337341309e-01
-2.384040594100952148e+00 -1.852595806121826172e+00 6.456820368766784668e-01
-2.204412698745727539e+00 -1.904898166656494141e+00 5.648065805435180664e-01
