-7.369980216026306152e-02 -1.282167673110961914e+00 -1.678635001182556152e+00
-1.151467263698577881e-01 -1.334579586982727051e+00 -1.640666246414184570e+00
-6.267936527729034424e-02 -1.180076837539672852e+00 -1.804207205772399902e+00
-4.108606372028589249e-03 -1.296565532684326172e+00 -1.587865591049194336e+00
-1.886431872844696045e-01 -1.337507724761962891e+00 -1.698966860771179199e+00
3.269215226173400879e-01 -6.353570222854614258e-01 -1.933477520942687988e+00
-1.081220954656600952e-01 -1.365787625312805176e+00 -1.550585746765136719e+00
-1.790664047002792358e-01 -1.227105855941772461e+00 -1.881511926651000977e+00
1.842553764581680298e-01 -1.187573075294494629e+00 -1.584430217742919922e+00
-2.142001837491989136e-01 -1.393662452697753906e+00 -1.620638489723205566e+00
1.639192849397659302e-01 -8.676690459251403809e-01 -2.186413288116455078e+00
-2.771289646625518799e-02 -1.419821739196777344e+00 -1.532021522521972656e+00
-2.530073523521423340e-01 -1.369438529014587402e+00 -1.782547354698181152e+00
9.753010272979736328e-01 -4.375037848949432373e-01 -1.909254908561706543e+00
-1.870137006044387817e-01 -1.407206535339355469e+00 -1.517457604408264160e+00
-1.569938808679580688e-01 -9.800081253051757812e-01 -2.321409702301025391e+00
8.404854685068130493e-02 -1.420313954353332520e+00 -1.545684576034545898e+00
-2.867020964622497559e-01 -1.424392223358154297e+00 -1.669826745986938477e+00
4.627469182014465332e-01 -9.856284856796264648e-01 -2.212471008300781250e+00
-8.112541586160659790e-02 -1.484200239181518555e+00 -1.518049359321594238e+00
-2.977215349674224854e-01 -1.350470781326293945e+00 -1.947087883949279785e+00
4.994137585163116455e-01 -1.202746272087097168e+00 -1.601523399353027344e+00
-2.872786521911621094e-01 -1.436115503311157227e+00 -1.530032396316528320e+00
5.834947898983955383e-02 -1.228621006011962891e+00 -2.265607357025146484e+00
5.423252582550048828e-01 -8.652507662773132324e-01 -6.035891175270080566e-01
-3.216541111469268799e-01 -1.461710572242736816e+00 -1.757739186286926270e+00
9.101627469062805176e-01 -1.025349259376525879e+00 -2.133204460144042969e+00
-1.445613056421279907e-01 -1.516294479370117188e+00 -1.509315013885498047e+00
-3.330001533031463623e-01 -1.240528821945190430e+00 -2.399555921554565430e+00
4.818178415298461914e-01 -1.324421644210815430e+00 -1.386670470237731934e+00
-3.619796931743621826e-01 -1.482185602188110352e+00 -1.602645397186279297e+00
2.750132381916046143e-01 -1.350162863731384277e+00 -2.220963954925537109e+00
1.493161767721176147e-01 -1.112328767776489258e+00 -3.809688687324523926e-01
-3.204414546489715576e-01 -1.499623298645019531e+00 -1.869725584983825684e+00
7.500367164611816406e-01 -1.337435126304626465e+00 -1.746879935264587402e+00
-2.383005470037460327e-01 -1.535701990127563477e+00 -1.500706434249877930e+00
-7.007972151041030884e-02 -1.399601459503173828e+00 -2.420708417892456055e+00
8.817242383956909180e-01 -1.238841891288757324e+00 -6.254194378852844238e-01
-3.103950321674346924e-01 -1.553182959556579590e+00 -1.700571894645690918e+00
4.760966598987579346e-01 -1.460143566131591797e+00 -2.095911026000976562e+00
-3.405880928039550781e-01 -1.318364381790161133e+00 -2.115808874368667603e-01
-4.286416471004486084e-01 -1.493799924850463867e+00 -2.242673158645629883e+00
8.330617547035217285e-01 -1.465843915939331055e+00 -1.430129289627075195e+00
-6.975787878036499023e-01 -1.517076373100280762e+00 -1.358470678329467773e+00
1.666752547025680542e-01 -1.532650589942932129e+00 -2.327005386352539062e+00
4.565633237361907959e-01 -1.481578111648559570e+00 -3.760568201541900635e-01
-3.199883103370666504e-01 -1.590642690658569336e+00 -1.795355677604675293e+00
6.480261683464050293e-01 -1.571769356727600098e+00 -1.901150822639465332e+00
-3.062031865119934082e-01 -1.596021175384521484e+00 -1.281909227371215820e+00
-3.579304516315460205e-01 -1.596286654472351074e+00 -3.002247571945190430e+00
1.586699604988098145e+00 -1.630535602569580078e+00 -4.991650581359863281e-01
-2.873923778533935547e-01 -1.616490602493286133e+00 -1.652002930641174316e+00
1.861901283264160156e-01 -1.630238413810729980e+00 -1.983964323997497559e+00
-1.326761581003665924e-02 -1.727506637573242188e+00 -2.148073539137840271e-02
-2.714506149291992188e+00 -1.953410983085632324e+00 -4.358375072479248047e+00
2.506256401538848877e-01 -1.646270036697387695e+00 -1.662052035331726074e+00
-2.629714012145996094e-01 -1.642483592033386230e+00 -1.522249341011047363e+00
-1.782555133104324341e-02 -1.671943902969360352e+00 -2.079114198684692383e+00
1.054362177848815918e+00 -1.956675291061401367e+00 -4.033999145030975342e-02
-2.051107645034790039e+00 -2.006757497787475586e+00 -2.133631944656372070e+00
9.046804308891296387e-01 -1.854045748710632324e+00 -2.232946157455444336e+00
-5.502619743347167969e-01 -1.978850007057189941e+00 -2.096253037452697754e-01
-1.520211696624755859e+00 -2.519662857055664062e+00 -4.849982738494873047e+00
4.812355041503906250e-01 -1.780842900276184082e+00 -1.443203091621398926e+00
-3.006451427936553955e-01 -1.683722972869873047e+00 -1.598255634307861328e+00
1.008324146270751953e+00 -2.369757413864135742e+00 -3.713226556777954102e+00
1.602437794208526611e-01 -1.940583348274230957e+00 -7.732321619987487793e-01
-2.377116441726684570e+00 -2.648221969604492188e+00 -3.175645589828491211e+00
1.058480381965637207e+00 -2.072464227676391602e+00 -1.867529153823852539e+00
-3.210847973823547363e-01 -1.782043576240539551e+00 -1.362403154373168945e+00
-1.489148586988449097e-01 -2.050390720367431641e+00 -2.643696069717407227e+00
1.541141510009765625e+00 -2.675564527511596680e+00 -1.700684279203414917e-01
-1.534134626388549805e+00 -2.355272531509399414e+00 -1.692884325981140137e+00
1.470445156097412109e+00 -2.729604005813598633e+00 -3.065734148025512695e+00
-3.045301437377929688e-01 -2.963505268096923828e+00 6.863757371902465820e-01
-7.420680522918701172e-01 -2.278745889663696289e+00 -2.568245649337768555e+00
4.351128935813903809e-01 -1.938052773475646973e+00 -1.583504557609558105e+00
-3.301492333412170410e-01 -1.811796188354492188e+00 -1.518995761871337891e+00
3.174476623535156250e-01 -2.633852958679199219e+00 -3.079039812088012695e+00
2.532658874988555908e-01 -2.146548032760620117e+00 -1.033777832984924316e+00
-1.144804358482360840e+00 -2.505258083343505859e+00 -2.081687450408935547e+00
1.198484301567077637e+00 -2.740857362747192383e+00 -2.189304828643798828e+00
-1.213151216506958008e+00 -3.902404546737670898e+00 6.956845521926879883e-01
-3.104669749736785889e-01 -2.360596656799316406e+00 -2.460104942321777344e+00
3.835883438587188721e-01 -2.126598358154296875e+00 -1.407633066177368164e+00
-4.485919475555419922e-01 -2.004147768020629883e+00 -1.600042343139648438e+00
5.080232620239257812e-01 -2.699036359786987305e+00 -2.489151954650878906e+00
8.492957055568695068e-02 -3.159285306930541992e+00 -3.531555831432342529e-01
-6.848940253257751465e-01 -2.607310295104980469e+00 -2.204033851623535156e+00
1.232293963432312012e+00 -3.340016126632690430e+00 -1.719882845878601074e+00
-1.508770465850830078e+00 -4.463398933410644531e+00 -2.781478464603424072e-01
-4.032388329505920410e-02 -2.527723550796508789e+00 -2.274389028549194336e+00
4.729359447956085205e-01 -3.055772781372070312e+00 -1.010436654090881348e+00
-1.451980590820312500e+00 -4.174427986145019531e+00 -1.877789974212646484e+00
3.960897028446197510e-01 -2.776848316192626953e+00 -1.998745560646057129e+00
-2.356352508068084717e-01 -3.260577917098999023e+00 -9.902511239051818848e-01
-2.741871476173400879e-01 -2.734071016311645508e+00 -2.036562681198120117e+00
3.411931991577148438e-01 -3.099839687347412109e+00 -1.541798830032348633e+00
-7.369980216026306152e-02 -1.609961986541748047e+00 -1.678635001182556152e+00
-7.369980216026306152e-02 -3.022943973541259766e+00 -1.678635001182556152e+00
