-2.122181653976440430e+00 2.394465446472167969e+00 -3.164438486099243164e+00
-2.368925333023071289e+00 8.105727434158325195e-01 -2.938400983810424805e+00
-2.120610475540161133e+00 -7.675563693046569824e-01 -3.182341814041137695e+00
-1.965786695480346680e+00 -1.245388612151145935e-01 -2.960448980331420898e+00
-2.967553138732910156e+00 1.174966812133789062e+00 -3.313972711563110352e+00
-1.327946186065673828e+00 1.103316664695739746e+00 -3.669666051864624023e+00
-2.195301055908203125e+00 -3.101749718189239502e-01 -2.892438173294067383e+00
-2.156276702880859375e+00 -7.049602270126342773e-01 -3.230086326599121094e+00
-1.725055098533630371e+00 -1.785714477300643921e-01 -3.019408464431762695e+00
-2.253998279571533203e+00 -6.259158253669738770e-01 -3.110026597976684570e+00
-2.092023849487304688e+00 -7.346377372741699219e-01 -3.228883743286132812e+00
-2.122181653976440430e+00 -8.288466930389404297e-01 -3.164438486099243164e+00
-2.195221662521362305e+00 -7.308706045150756836e-01 -3.206766605377197266e+00
-1.184597015380859375e+00 2.190827280282974243e-01 -3.370563745498657227e+00
-2.378110170364379883e+00 -3.709071576595306396e-01 -2.800406455993652344e+00
-2.136645317077636719e+00 -7.194584012031555176e-01 -3.276052951812744141e+00
-5.547932386398315430e-01 1.055497765541076660e+00 -1.843441843986511230e+00
-2.503101587295532227e+00 -4.969853460788726807e-01 -3.148686170578002930e+00
-2.054835319519042969e+00 -7.504668235778808594e-01 -3.231457233428955078e+00
-2.159630775451660156e+00 -1.946010440587997437e-01 -2.354567766189575195e+00
-2.176995277404785156e+00 -7.653543353080749512e-01 -3.230123519897460938e+00
-9.429221749305725098e-01 9.055303409695625305e-03 -3.005770683288574219e+00
-3.166156291961669922e+00 2.091610431671142578e-02 -2.438068151473999023e+00
-2.095145940780639648e+00 -7.507710456848144531e-01 -3.284615039825439453e+00
-1.562126278877258301e+00 -1.517971456050872803e-01 -2.187067270278930664e+00
-2.385048866271972656e+00 -6.716787815093994141e-01 -3.248300313949584961e+00
-2.073013782501220703e+00 -7.996309995651245117e-01 -3.187155246734619141e+00
-2.447163820266723633e+00 -3.992727398872375488e-01 -2.387910127639770508e+00
-2.146224737167358398e+00 -7.945916652679443359e-01 -3.231284618377685547e+00
-6.586017012596130371e-01 -7.655532658100128174e-02 -2.395221948623657227e+00
-2.538766384124755859e+00 -6.442007422447204590e-01 -3.054628133773803711e+00
-2.035269260406494141e+00 -7.640949487686157227e-01 -3.299607276916503906e+00
-1.959441065788269043e+00 -4.657107293605804443e-01 -2.217497587203979492e+00
-2.215459823608398438e+00 -7.871342301368713379e-01 -3.236678361892700195e+00
-7.075391411781311035e-01 -3.608232438564300537e-01 -3.281638622283935547e+00
-2.929496526718139648e+00 -4.646244645118713379e-01 -2.291754722595214844e+00
-2.121815443038940430e+00 -8.075602054595947266e-01 -3.239529132843017578e+00
-3.554402887821197510e-01 -1.425826698541641235e-01 -1.216863989830017090e+00
-2.819529771804809570e+00 -6.615651845932006836e-01 -3.229068517684936523e+00
-1.684567093849182129e+00 -7.095976471900939941e-01 -3.496572256088256836e+00
-2.301594495773315430e+00 -6.328232884407043457e-01 -2.178226709365844727e+00
-2.154762506484985352e+00 -8.181839585304260254e-01 -3.216212749481201172e+00
1.589239478111267090e+00 -2.389642298221588135e-01 -2.147291898727416992e+00
-2.269918203353881836e+00 -8.068510890007019043e-01 -3.088622570037841797e+00
-2.090006589889526367e+00 -8.184983134269714355e-01 -3.251224994659423828e+00
-1.790116190910339355e+00 -7.484491467475891113e-01 -2.348727941513061523e+00
-3.206393003463745117e+00 -7.437990903854370117e-01 -3.678266525268554688e+00
-7.863356471061706543e-01 -7.581557631492614746e-01 -3.576294183731079102e+00
-3.605218648910522461e+00 -7.399242520332336426e-01 -6.338988542556762695e-01
-2.134753704071044922e+00 -8.282418251037597656e-01 -3.222984313964843750e+00
1.771674394607543945e+00 -8.770945072174072266e-01 -3.984255790710449219e-01
-2.472906589508056641e+00 -8.395618796348571777e-01 -3.120728254318237305e+00
-2.027064800262451172e+00 -8.362675905227661133e-01 -3.276185512542724609e+00
-2.024351596832275391e+00 -1.019132852554321289e+00 -4.817679822444915771e-01
-3.963880300521850586e+00 -1.068368077278137207e+00 -5.033289432525634766e+00
-8.500679135322570801e-01 -9.712591171264648438e-01 -3.099394559860229492e+00
-3.368046045303344727e+00 -1.042917728424072266e+00 -2.135043144226074219e+00
-2.113114118576049805e+00 -8.389053344726562500e-01 -3.229429483413696289e+00
-1.659154057502746582e+00 -9.711596369743347168e-01 -2.491979122161865234e+00
-3.963376522064208984e+00 -1.198309063911437988e+00 -3.588093042373657227e+00
-1.905662775039672852e+00 -8.828632235527038574e-01 -3.287109375000000000e+00
-2.586034297943115234e+00 -1.187896609306335449e+00 -1.734606385231018066e+00
-2.143687486648559570e+00 -8.423716425895690918e-01 -3.211588382720947266e+00
-1.341985225677490234e+00 -1.069092154502868652e+00 -2.833439350128173828e+00
-2.350345373153686523e+00 -9.030037522315979004e-01 -3.083627462387084961e+00
-2.083560228347778320e+00 -8.559665679931640625e-01 -3.237060546875000000e+00
-1.336432218551635742e+00 -1.939309000968933105e+00 -1.234501674771308899e-01
-3.735269784927368164e+00 -1.555942773818969727e+00 -4.212798595428466797e+00
-1.822971343994140625e+00 -9.510759115219116211e-01 -3.214359045028686523e+00
-2.897372007369995117e+00 -1.368071079254150391e+00 -2.173513889312744141e+00
-2.126211881637573242e+00 -8.524463176727294922e-01 -3.216149568557739258e+00
-1.579409480094909668e+00 -1.187011480331420898e+00 -2.657386779785156250e+00
-2.291510343551635742e+00 -9.152609705924987793e-01 -3.166090726852416992e+00
-2.030680179595947266e+00 -8.951934576034545898e-01 -3.246634006500244141e+00
-2.282853126525878906e+00 -1.770991563796997070e+00 -1.518253326416015625e+00
-2.149393796920776367e+00 -8.560757040977478027e-01 -3.200658321380615234e+00
-1.727273583412170410e+00 -1.083489894866943359e+00 -3.090604305267333984e+00
-2.962431669235229492e+00 -1.490151286125183105e+00 -2.641384840011596680e+00
-2.107011795043945312e+00 -8.685559034347534180e-01 -3.218750000000000000e+00
-6.433249711990356445e-01 -3.255810499191284180e+00 -2.477674037218093872e-01
-3.605105638504028320e+00 -2.068367242813110352e+00 -3.722456932067871094e+00
-2.001316785812377930e+00 -9.362882375717163086e-01 -3.212954998016357422e+00
-2.568932294845581055e+00 -1.727656483650207520e+00 -2.233526706695556641e+00
-2.134172677993774414e+00 -8.668621778488159180e-01 -3.204015731811523438e+00
-7.256515622138977051e-01 -2.406622409820556641e+00 -2.336815357208251953e+00
-2.243071317672729492e+00 -9.559579491615295410e-01 -3.139095067977905273e+00
-2.084928035736083984e+00 -8.985909819602966309e-01 -3.216343879699707031e+00
-2.015042543411254883e+00 -1.875268101692199707e+00 -2.269202470779418945e+00
-3.212710142135620117e+00 -2.608374118804931641e+00 -4.101886272430419922e+00
-1.777316451072692871e+00 -1.285690665245056152e+00 -3.175330638885498047e+00
-3.321269273757934570e+00 -3.213064670562744141e+00 -1.994247436523437500e+00
-2.120033502578735352e+00 -8.879143595695495605e-01 -3.202781677246093750e+00
-1.575320124626159668e+00 -2.275254726409912109e+00 -2.495964050292968750e+00
-2.184014081954956055e+00 -9.438938498497009277e-01 -3.173372983932495117e+00
-2.077795267105102539e+00 -9.390960931777954102e-01 -3.194683074951171875e+00
-2.227888107299804688e+00 -1.906317353248596191e+00 -2.715082883834838867e+00
-2.135313987731933594e+00 -9.024786949157714844e-01 -3.187883615493774414e+00
-1.826379060745239258e+00 -1.891071677207946777e+00 -3.066879510879516602e+00
-2.335193634033203125e+00 -1.973341822624206543e+00 -3.068532228469848633e+00
-2.122181653976440430e+00 -9.672378897666931152e-01 -3.164438486099243164e+00
