-1.563763260841369629e+00 -1.031585216522216797e+00 -2.994988441467285156e+00
-1.616583228111267090e+00 -1.080412387847900391e+00 -2.946600914001464844e+00
-1.554335355758666992e+00 -1.063597917556762695e+00 -3.102414131164550781e+00
-1.477775216102600098e+00 -1.044122099876403809e+00 -2.882832288742065430e+00
-1.678314208984375000e+00 -1.159835815429687500e+00 -3.015250921249389648e+00
-1.428104758262634277e+00 -1.101338982582092285e+00 -3.081283330917358398e+00
-1.595185995101928711e+00 -1.208463311195373535e+00 -2.878097534179687500e+00
-1.704359173774719238e+00 -9.204958081245422363e-01 -3.265697240829467773e+00
-1.350064873695373535e+00 -1.081439375877380371e+00 -2.916946172714233398e+00
-2.445489406585693359e+00 -7.394723594188690186e-02 -2.631024599075317383e+00
-1.463586211204528809e+00 -1.118419170379638672e+00 -3.209060907363891602e+00
-1.464330673217773438e+00 -1.020239830017089844e+00 -2.677981615066528320e+00
-1.736665964126586914e+00 -1.199427843093872070e+00 -3.095189094543457031e+00
-1.300335526466369629e+00 -1.136929273605346680e+00 -3.052902221679687500e+00
-2.101834535598754883e+00 -4.685754179954528809e-01 -2.229637384414672852e+00
-1.674185872077941895e+00 -5.962330698966979980e-01 -3.847111940383911133e+00
-1.295254349708557129e+00 -1.108553409576416016e+00 -2.768688917160034180e+00
-4.264428138732910156e+00 9.214871525764465332e-01 -2.883307456970214844e+00
-1.346944093704223633e+00 -1.179018974304199219e+00 -3.210752487182617188e+00
-1.578827857971191406e+00 -1.176222085952758789e+00 -2.669202089309692383e+00
-1.834795117378234863e+00 -1.117415428161621094e+00 -3.319775104522705078e+00
-1.073230862617492676e+00 -1.082820773124694824e+00 -2.928987979888916016e+00
-2.628875494003295898e+00 -5.643916726112365723e-01 -2.253911018371582031e+00
-1.424742579460144043e+00 -1.029886245727539062e+00 -3.612949371337890625e+00
-1.304726839065551758e+00 -1.118211388587951660e+00 -2.542935371398925781e+00
-3.451144456863403320e+00 -3.028978407382965088e-01 -3.597114562988281250e+00
-1.180121898651123047e+00 -1.203399658203125000e+00 -3.172240495681762695e+00
-2.083597183227539062e+00 -7.442233562469482422e-01 -1.752871751785278320e+00
-1.947528719902038574e+00 -8.845974206924438477e-01 -4.061954021453857422e+00
-1.136700749397277832e+00 -1.211846470832824707e+00 -2.770536422729492188e+00
-4.272071838378906250e+00 -2.309362143278121948e-01 -2.281086921691894531e+00
-1.228134751319885254e+00 -1.181309103965759277e+00 -3.516967773437500000e+00
-1.515392184257507324e+00 -1.323425531387329102e+00 -2.713530778884887695e+00
-1.763313055038452148e+00 -1.342124581336975098e+00 -3.149530887603759766e+00
-7.991611957550048828e-01 -1.178397297859191895e+00 -3.058334112167358398e+00
-4.349654674530029297e+00 -1.744977235794067383e-01 1.647853292524814606e-02
-1.558938980102539062e+00 -1.151024580001831055e+00 -3.983906745910644531e+00
-1.376204729080200195e+00 -1.358505606651306152e+00 -2.788232564926147461e+00
-2.855141878128051758e+00 -1.121580839157104492e+00 -3.114673137664794922e+00
-1.094637632369995117e+00 -1.303524136543273926e+00 -3.351037979125976562e+00
-2.017901420593261719e+00 -9.351763725280761719e-01 -4.986440241336822510e-01
-1.806665062904357910e+00 -1.351865172386169434e+00 -3.380983591079711914e+00
-1.195908308029174805e+00 -1.372894048690795898e+00 -2.894174575805664062e+00
-2.993758440017700195e+00 -1.218456387519836426e+00 -2.261138439178466797e+00
-1.209107995033264160e+00 -1.317292690277099609e+00 -3.951610088348388672e+00
-1.434933543205261230e+00 -1.400168538093566895e+00 -2.678521394729614258e+00
-4.037080287933349609e+00 -1.237348198890686035e+00 -4.167139530181884766e+00
-1.026056885719299316e+00 -1.402905225753784180e+00 -3.160768985748291016e+00
-2.932984352111816406e+00 -1.349261879920959473e+00 -6.586552858352661133e-01
-1.677518129348754883e+00 -1.425886750221252441e+00 -3.524724960327148438e+00
-1.399788022041320801e+00 -1.433391690254211426e+00 -2.878508090972900391e+00
-2.910507678985595703e+00 -1.472504973411560059e+00 -2.827146291732788086e+00
-7.380468845367431641e-01 -1.495781540870666504e+00 -3.965073823928833008e+00
-1.501356720924377441e+00 -1.552744746208190918e+00 -1.283693432807922363e+00
-1.804842591285705566e+00 -1.462713360786437988e+00 -3.239621877670288086e+00
-1.294291973114013672e+00 -1.461527109146118164e+00 -2.981210231781005859e+00
-2.556879997253417969e+00 -1.602002382278442383e+00 -2.174425840377807617e+00
-1.496945023536682129e+00 -1.505482077598571777e+00 -3.473908424377441406e+00
-5.395070910453796387e-01 -1.746168136596679688e+00 -1.507451534271240234e+00
-2.818094015121459961e+00 -1.683059453964233398e+00 -3.283607006072998047e+00
-1.184360623359680176e+00 -1.526012301445007324e+00 -3.209942817687988281e+00
-2.066324472427368164e+00 -1.820372819900512695e+00 -1.445835947990417480e+00
-1.714705586433410645e+00 -1.526286363601684570e+00 -3.325915813446044922e+00
1.070860743522644043e+00 -2.242638111114501953e+00 -1.877246499061584473e+00
-2.927644491195678711e+00 -1.874644160270690918e+00 -2.511929750442504883e+00
-1.373845219612121582e+00 -1.564720034599304199e+00 -3.352102279663085938e+00
-9.596106410026550293e-01 -2.285180091857910156e+00 -6.568116545677185059e-01
-3.354793787002563477e+00 -2.238663196563720703e+00 -4.158994674682617188e+00
-1.360588669776916504e+00 -1.514357924461364746e+00 -3.028886318206787109e+00
-2.111982107162475586e+00 -1.812702298164367676e+00 -2.294201374053955078e+00
-1.588435888290405273e+00 -1.575832843780517578e+00 -3.311555624008178711e+00
5.525367259979248047e-01 -2.827865123748779297e+00 -1.017964959144592285e+00
-3.542616605758666992e+00 -2.441237211227416992e+00 -3.014295816421508789e+00
-1.339488148689270020e+00 -1.593979239463806152e+00 -3.196453809738159180e+00
-1.705783843994140625e+00 -2.264140605926513672e+00 -1.539892435073852539e+00
-2.695619106292724609e+00 -2.563919782638549805e+00 -4.501509666442871094e+00
-4.496062397956848145e-01 -2.149786710739135742e+00 -2.786679506301879883e+00
-2.134154319763183594e+00 -1.880276560783386230e+00 -2.639921426773071289e+00
-1.492565751075744629e+00 -1.617730617523193359e+00 -3.249892950057983398e+00
-4.688382446765899658e-01 -3.228250265121459961e+00 -8.355255126953125000e-01
-1.785921335220336914e+00 -1.617053389549255371e+00 -3.078585624694824219e+00
-1.429513573646545410e+00 -1.550699830055236816e+00 -3.048877954483032227e+00
-1.841515421867370605e+00 -1.990164518356323242e+00 -2.416225433349609375e+00
-2.005309820175170898e+00 -2.831216812133789062e+00 -4.452350139617919922e+00
-7.861142754554748535e-01 -2.309934377670288086e+00 -2.534131765365600586e+00
-1.984667539596557617e+00 -1.873925685882568359e+00 -2.906749725341796875e+00
-1.476891875267028809e+00 -1.593996286392211914e+00 -3.116026639938354492e+00
-1.470052242279052734e+00 -2.346629381179809570e+00 -2.211955547332763672e+00
-1.673598289489746094e+00 -1.610589027404785156e+00 -3.089405536651611328e+00
-2.594282925128936768e-01 -3.159216642379760742e+00 -3.036183834075927734e+00
-1.843021154403686523e+00 -1.986625075340270996e+00 -2.722460269927978516e+00
-1.558490514755249023e+00 -1.576348781585693359e+00 -3.089106321334838867e+00
-1.188846945762634277e+00 -2.422985553741455078e+00 -2.536696910858154297e+00
-1.768663525581359863e+00 -1.812602877616882324e+00 -3.024595499038696289e+00
-9.644919037818908691e-01 -2.919859647750854492e+00 -3.403326749801635742e+00
-1.657761812210083008e+00 -2.389491319656372070e+00 -2.595402956008911133e+00
-1.607517480850219727e+00 -1.676684617996215820e+00 -3.073102474212646484e+00
-1.052807807922363281e+00 -3.266196727752685547e+00 -2.826469898223876953e+00
-1.563763260841369629e+00 -1.431359887123107910e+00 -2.994988441467285156e+00
-1.563763260841369629e+00 -3.941643714904785156e+00 -2.994988441467285156e+00
