-1.954528331756591797e+00 8.212703466415405273e-01 -7.423275709152221680e-01
-2.055197000503540039e+00 7.499916553497314453e-01 -6.501067876815795898e-01
-1.935840964317321777e+00 8.100829124450683594e-01 -9.552603363990783691e-01
-1.608124971389770508e+00 1.641116976737976074e+00 -2.905057370662689209e-01
-2.162918090820312500e+00 5.750803351402282715e-01 -7.791887521743774414e-01
-1.645171761512756348e+00 8.337091207504272461e-01 -9.391149282455444336e-01
-2.054426670074462891e+00 7.897557616233825684e-01 -3.707104623317718506e-01
-2.151219606399536133e+00 7.958171963691711426e-01 -1.121044754981994629e+00
-1.954528331756591797e+00 8.112686872482299805e-02 -7.423275709152221680e-01
-2.262532234191894531e+00 5.552971959114074707e-01 -6.151880621910095215e-01
-1.457479596138000488e+00 1.633846402168273926e+00 -1.804491877555847168e+00
-1.638322949409484863e+00 1.388528585433959961e+00 2.657850980758666992e-01
-2.118310213088989258e+00 3.008241355419158936e-01 -8.372424840927124023e-01
-1.289879918098449707e+00 8.239980340003967285e-01 -8.884486556053161621e-01
-2.737190723419189453e+00 1.481564640998840332e+00 3.709292709827423096e-01
-2.056280851364135742e+00 8.506818413734436035e-01 -1.527544617652893066e+00
-1.083028793334960938e+00 1.128860354423522949e+00 -7.826831191778182983e-03
-3.829663276672363281e+00 1.714763760566711426e+00 -6.647848486900329590e-01
-1.954528331756591797e+00 8.112686872482299805e-02 -7.423275709152221680e-01
-2.050664424896240234e+00 1.709308028221130371e+00 1.336702942848205566e+00
-2.538091659545898438e+00 7.570861577987670898e-01 -1.441631436347961426e+00
5.183051228523254395e-01 1.838154911994934082e+00 -4.096113145351409912e-01
-2.096297264099121094e+00 1.965222954750061035e-01 -6.436884999275207520e-01
-1.487384676933288574e+00 1.430176734924316406e+00 -2.818828105926513672e+00
-1.683308839797973633e+00 4.090034365653991699e-01 -2.690134346485137939e-01
-2.500479698181152344e+00 4.075503349304199219e-01 -9.165009856224060059e-01
-1.273213386535644531e+00 4.859652817249298096e-01 -1.057112336158752441e+00
-1.998000264167785645e+00 1.385897994041442871e-01 -6.384534835815429688e-01
-2.337597131729125977e+00 6.268968582153320312e-01 -1.807356476783752441e+00
-7.811811566352844238e-01 6.842363476753234863e-01 -1.256491988897323608e-01
-2.643180131912231445e+00 3.863631486892700195e-01 -5.608011484146118164e-01
-1.550534963607788086e+00 3.821110427379608154e-01 -1.370630025863647461e+00
-1.341266393661499023e+00 1.449546575546264648e+00 2.826067924499511719e+00
-2.950166225433349609e+00 5.263593792915344238e-01 -1.513405442237854004e+00
1.013944029808044434e+00 1.063222885131835938e+00 -9.882594347000122070e-01
-2.061701536178588867e+00 1.294783949851989746e-01 -6.264763474464416504e-01
-1.950512647628784180e+00 3.144782483577728271e-01 -1.565504074096679688e+00
-1.622175693511962891e+00 2.102242559194564819e-01 -3.759572207927703857e-01
-2.615998983383178711e+00 2.398020178079605103e-01 -8.036324977874755859e-01
-1.187599182128906250e+00 2.901134490966796875e-01 -1.324399471282958984e+00
-1.980559110641479492e+00 1.095676049590110779e-01 -5.992396473884582520e-01
-2.897034168243408203e+00 3.895815312862396240e-01 -2.240063667297363281e+00
1.056656479835510254e+00 5.597158074378967285e-01 8.291334658861160278e-02
-2.279108047485351562e+00 1.294516324996948242e-01 -5.757585763931274414e-01
-1.682421088218688965e+00 1.686442345380783081e-01 -1.476289987564086914e+00
-1.674910664558410645e+00 1.488260775804519653e-01 -5.545362830162048340e-02
-2.389090299606323242e+00 1.152147352695465088e-01 -9.482745528221130371e-01
-7.634510993957519531e-01 1.441568732261657715e-01 -1.109549403190612793e+00
-2.042544841766357422e+00 8.640431612730026245e-02 -5.921429395675659180e-01
-2.122286796569824219e+00 8.919829875230789185e-02 -1.523549318313598633e+00
-1.527034401893615723e+00 7.582989335060119629e-02 -4.386558830738067627e-01
-2.660136461257934570e+00 5.956948921084403992e-02 -6.543889641761779785e-01
-1.221461534500122070e+00 2.393367514014244080e-02 -1.603564500808715820e+00
-1.946750998497009277e+00 6.599938124418258667e-02 -5.290589928627014160e-01
-2.501856327056884766e+00 9.944347664713859558e-03 -1.297724843025207520e+00
1.814362883567810059e+00 -3.407984375953674316e-01 -5.496216416358947754e-01
-2.169948577880859375e+00 4.411222785711288452e-02 -5.643366575241088867e-01
-1.838666915893554688e+00 -4.739950969815254211e-02 -1.572764873504638672e+00
-1.486569762229919434e+00 -6.270161271095275879e-02 -6.270696967840194702e-02
-2.639208078384399414e+00 -5.626403912901878357e-02 -8.998708128929138184e-01
-1.954528331756591797e+00 8.112686872482299805e-02 -7.423275709152221680e-01
-2.014122009277343750e+00 3.499778360128402710e-02 -5.586293339729309082e-01
-2.280580520629882812e+00 -1.239249706268310547e-01 -1.457167625427246094e+00
-1.483455419540405273e+00 -6.393034756183624268e-02 -5.424743890762329102e-01
-2.423214912414550781e+00 -7.120415568351745605e-02 -5.763283967971801758e-01
-1.480031609535217285e+00 -2.520639002323150635e-01 -1.634550809860229492e+00
-1.730926275253295898e+00 -2.348792850971221924e-01 1.230516880750656128e-01
-2.682898998260498047e+00 -2.471846938133239746e-01 -1.215702056884765625e+00
-7.481487989425659180e-01 -4.116862714290618896e-01 -9.436012506484985352e-01
-2.136013746261596680e+00 -4.511484876275062561e-02 -5.103350877761840820e-01
-2.020034790039062500e+00 -3.024527132511138916e-01 -1.582821488380432129e+00
-1.321210503578186035e+00 -3.367873132228851318e-01 -1.506891846656799316e-01
-2.553982019424438477e+00 -2.247951626777648926e-01 -7.481763958930969238e-01
-3.393853902816772461e-01 -1.089994907379150391e+00 -2.193203926086425781e+00
-1.987701535224914551e+00 -1.133939474821090698e-01 -4.024464488029479980e-01
-2.544700384140014648e+00 -5.094121694564819336e-01 -1.527857422828674316e+00
-1.196396708488464355e+00 -4.077288806438446045e-01 -6.005831360816955566e-01
-2.280427217483520508e+00 -1.753663271665573120e-01 -5.394563078880310059e-01
-1.698237061500549316e+00 -5.897566080093383789e-01 -1.659913897514343262e+00
-1.568711280822753906e+00 -5.520406961441040039e-01 1.859913952648639679e-02
-2.174952983856201172e+00 -1.031177192926406860e-01 -8.252724409103393555e-01
-1.208094358444213867e+00 -5.824082493782043457e-01 -1.041954994201660156e+00
-2.103274583816528320e+00 -2.181330770254135132e-01 -4.323792457580566406e-01
-2.252554893493652344e+00 -8.637212514877319336e-01 -1.725989103317260742e+00
-1.299512386322021484e+00 -6.588988900184631348e-01 -3.541465997695922852e-01
-2.471219539642333984e+00 -4.621554017066955566e-01 -6.340081095695495605e-01
-1.535680055618286133e+00 -7.030211091041564941e-01 -1.325910449028015137e+00
-1.877267718315124512e+00 -6.734724640846252441e-01 -9.675162285566329956e-02
-2.626465320587158203e+00 -1.015341639518737793e+00 -1.319942593574523926e+00
-1.350451350212097168e+00 -7.190958261489868164e-01 -7.614064216613769531e-01
-2.302060604095458984e+00 -6.098924875259399414e-01 -4.031704068183898926e-01
-1.918886303901672363e+00 -8.989489674568176270e-01 -1.378532171249389648e+00
-1.652109980583190918e+00 -7.187472581863403320e-01 -3.726564049720764160e-01
-2.099492311477661133e+00 -1.885971873998641968e-01 -7.632741928100585938e-01
-1.838054656982421875e+00 -2.081761062145233154e-01 -8.216916918754577637e-01
-2.064456462860107422e+00 -1.039377093315124512e+00 -2.750251591205596924e-01
-1.986811399459838867e+00 -9.988037496805191040e-02 -7.999621033668518066e-01
-1.714040160179138184e+00 -7.824642658233642578e-01 -6.630119681358337402e-01
-2.133807897567749023e+00 -8.821274638175964355e-01 -6.616089344024658203e-01
-1.954528331756591797e+00 -8.604993224143981934e-01 -7.423275709152221680e-01
