4.351893424987792969e+00 3.868097305297851562e+00 -2.067082977294921875e+01
4.351893424987792969e+00 3.868097305297851562e+00 -2.067082977294921875e+01
4.351893424987792969e+00 3.868097305297851562e+00 -2.067082977294921875e+01
4.351893424987792969e+00 3.868097305297851562e+00 -2.067082977294921875e+01
4.351893424987792969e+00 3.868097305297851562e+00 -2.067082977294921875e+01
4.351893424987792969e+00 3.868097305297851562e+00 -2.067082977294921875e+01
4.351893424987792969e+00 3.868097305297851562e+00 -2.067082977294921875e+01
4.351893424987792969e+00 3.868097305297851562e+00 -2.067082977294921875e+01
4.351893424987792969e+00 3.868097305297851562e+00 -2.067082977294921875e+01
4.351893424987792969e+00 3.868097305297851562e+00 -2.067082977294921875e+01
4.351893424987792969e+00 3.868097305297851562e+00 -2.067082977294921875e+01
4.351893424987792969e+00 3.868097305297851562e+00 -2.067082977294921875e+01
4.351893424987792969e+00 3.868097305297851562e+00 -2.067082977294921875e+01
4.351893424987792969e+00 3.868097305297851562e+00 -2.067082977294921875e+01
4.351893424987792969e+00 3.868097305297851562e+00 -2.067082977294921875e+01
4.351893424987792969e+00 3.868097305297851562e+00 -2.067082977294921875e+01
4.351893424987792969e+00 3.868097305297851562e+00 -2.067082977294921875e+01
4.351893424987792969e+00 3.868097305297851562e+00 -2.067082977294921875e+01
4.351893424987792969e+00 3.868097305297851562e+00 -2.067082977294921875e+01
4.351893424987792969e+00 3.868097305297851562e+00 -2.067082977294921875e+01
4.351893424987792969e+00 3.868097305297851562e+00 -2.067082977294921875e+01
4.351893424987792969e+00 3.868097305297851562e+00 -2.067082977294921875e+01
4.351893424987792969e+00 3.868097305297851562e+00 -2.067082977294921875e+01
4.351893424987792969e+00 3.868097305297851562e+00 -2.067082977294921875e+01
4.351893424987792969e+00 3.868097305297851562e+00 -2.067082977294921875e+01
4.351893424987792969e+00 3.868097305297851562e+00 -2.067082977294921875e+01
4.351893424987792969e+00 3.868097305297851562e+00 -2.067082977294921875e+01
4.351893424987792969e+00 3.868097305297851562e+00 -2.067082977294921875e+01
4.351893424987792969e+00 3.868097305297851562e+00 -2.067082977294921875e+01
4.351893424987792969e+00 3.868097305297851562e+00 -2.067082977294921875e+01
4.351893424987792969e+00 3.868097305297851562e+00 -2.067082977294921875e+01
4.351893424987792969e+00 3.868097305297851562e+00 -2.067082977294921875e+01
4.351893424987792969e+00 3.868097305297851562e+00 -2.067082977294921875e+01
4.351893424987792969e+00 3.868097305297851562e+00 -2.067082977294921875e+01
4.351893424987792969e+00 3.868097305297851562e+00 -2.067082977294921875e+01
4.351893424987792969e+00 3.868097305297851562e+00 -2.067082977294921875e+01
4.142945766448974609e+00 3.880625724792480469e+00 -2.031429672241210938e+01
4.351893424987792969e+00 3.868097305297851562e+00 -2.067082977294921875e+01
4.351893424987792969e+00 3.868097305297851562e+00 -2.067082977294921875e+01
3.141848087310791016e+00 3.831128597259521484e+00 -2.052002334594726562e+01
4.388569831848144531e+00 3.796759128570556641e+00 -1.966509819030761719e+01
4.351893424987792969e+00 3.868097305297851562e+00 -2.067082977294921875e+01
4.351893424987792969e+00 3.868097305297851562e+00 -2.067082977294921875e+01
2.510064363479614258e+00 3.551624536514282227e+00 -1.914901924133300781e+01
4.351893424987792969e+00 3.868097305297851562e+00 -2.067082977294921875e+01
4.351893424987792969e+00 3.868097305297851562e+00 -2.067082977294921875e+01
3.215562105178833008e+00 3.640075922012329102e+00 -2.093229675292968750e+01
4.147999286651611328e+00 3.710270881652832031e+00 -2.004232215881347656e+01
4.351893424987792969e+00 3.868097305297851562e+00 -2.067082977294921875e+01
2.156485080718994141e+00 3.154552698135375977e+00 -1.989326095581054688e+01
4.351893424987792969e+00 3.868097305297851562e+00 -2.067082977294921875e+01
4.862063407897949219e+00 3.147098541259765625e+00 -1.869638252258300781e+01
4.351893424987792969e+00 3.868097305297851562e+00 -2.067082977294921875e+01
4.351893424987792969e+00 3.868097305297851562e+00 -2.067082977294921875e+01
4.043413162231445312e+00 3.653517723083496094e+00 -2.027650070190429688e+01
4.351893424987792969e+00 3.868097305297851562e+00 -2.067082977294921875e+01
4.351893424987792969e+00 3.868097305297851562e+00 -2.067082977294921875e+01
3.633178949356079102e+00 3.501312494277954102e+00 -2.067784309387207031e+01
4.286937236785888672e+00 3.487207412719726562e+00 -2.000531196594238281e+01
4.351893424987792969e+00 3.868097305297851562e+00 -2.067082977294921875e+01
4.351893424987792969e+00 3.868097305297851562e+00 -2.067082977294921875e+01
4.018885612487792969e+00 3.606009244918823242e+00 -2.046353340148925781e+01
4.351893424987792969e+00 3.868097305297851562e+00 -2.067082977294921875e+01
4.633370876312255859e+00 3.406162738800048828e+00 -2.011568641662597656e+01
4.351893424987792969e+00 3.868097305297851562e+00 -2.067082977294921875e+01
4.351893424987792969e+00 3.868097305297851562e+00 -2.067082977294921875e+01
4.114527702331542969e+00 3.390545368194580078e+00 -2.017622184753417969e+01
4.351893424987792969e+00 3.868097305297851562e+00 -2.067082977294921875e+01
4.351893424987792969e+00 3.868097305297851562e+00 -2.067082977294921875e+01
2.926657915115356445e+00 2.369513034820556641e+00 -2.037204170227050781e+01
4.351893424987792969e+00 3.868097305297851562e+00 -2.067082977294921875e+01
4.407073974609375000e+00 3.329154253005981445e+00 -2.020975303649902344e+01
4.351893424987792969e+00 3.868097305297851562e+00 -2.067082977294921875e+01
4.351893424987792969e+00 3.868097305297851562e+00 -2.067082977294921875e+01
3.552135229110717773e+00 2.277890205383300781e+00 -1.989034461975097656e+01
4.351893424987792969e+00 3.868097305297851562e+00 -2.067082977294921875e+01
4.556936740875244141e+00 3.325773000717163086e+00 -2.042018890380859375e+01
3.359509706497192383e+00 2.021641492843627930e+00 -2.081422424316406250e+01
4.351893424987792969e+00 3.868097305297851562e+00 -2.067082977294921875e+01
4.290442466735839844e+00 3.241724252700805664e+00 -2.040960311889648438e+01
4.043304443359375000e+00 2.137874126434326172e+00 -2.122175025939941406e+01
4.351893424987792969e+00 3.868097305297851562e+00 -2.067082977294921875e+01
3.890620231628417969e+00 1.389714598655700684e+00 -2.046314620971679688e+01
4.351893424987792969e+00 1.906731486320495605e+00 -2.067082977294921875e+01
