-2.122181653976440430e+00 9.285005927085876465e-02 -2.195699453353881836e+00
-2.251560688018798828e+00 1.691677272319793701e-01 -2.077177524566650391e+00
-2.103616237640380859e+00 3.374417498707771301e-02 -2.407242774963378906e+00
-1.853415131568908691e+00 5.199058651924133301e-01 -1.845141053199768066e+00
-2.424496650695800781e+00 2.613241784274578094e-02 -2.249174833297729492e+00
-1.172407865524291992e+00 1.620091199874877930e+00 -2.799867868423461914e+00
-2.255726575851440430e+00 2.568441927433013916e-01 -1.698919296264648438e+00
-2.354819059371948242e+00 1.548469513654708862e-01 -2.643628358840942383e+00
-1.433194994926452637e+00 4.377263784408569336e-01 -1.944082617759704590e+00
-2.584402084350585938e+00 2.113033272325992584e-02 -2.004901647567749023e+00
-1.801128268241882324e+00 3.124760985374450684e-01 -2.881771802902221680e+00
-1.915268301963806152e+00 1.650608330965042114e-01 -1.536027073860168457e+00
-2.292137384414672852e+00 -4.624764323234558105e-01 -2.294192314147949219e+00
-1.969775795936584473e+00 -5.201128125190734863e-01 -2.229205369949340820e+00
-2.557892322540283203e+00 8.917281031608581543e-02 -1.575945734977722168e+00
-2.221879720687866211e+00 6.356165558099746704e-02 -2.965062379837036133e+00
-1.281834363937377930e+00 3.198262155055999756e-01 -1.487453937530517578e+00
-2.687716484069824219e+00 -1.977555304765701294e-01 -2.172312736511230469e+00
-9.550079703330993652e-01 6.679379940032958984e-01 -3.357193231582641602e+00
-2.153158187866210938e+00 -1.658310890197753906e-01 -1.525804758071899414e+00
-2.449302673339843750e+00 -3.115409612655639648e-01 -2.587699890136718750e+00
-1.352559804916381836e+00 -1.436141729354858398e-01 -2.092147827148437500e+00
-2.777130603790283203e+00 -1.573472619056701660e-01 -1.740002989768981934e+00
-1.968679189682006836e+00 -2.471604645252227783e-01 -2.878033161163330078e+00
-1.800451278686523438e+00 -3.015163540840148926e-01 -1.634237170219421387e+00
-2.444121360778808594e+00 -4.979681074619293213e-01 -2.298407077789306641e+00
-6.081450581550598145e-01 2.091875970363616943e-01 -2.895222663879394531e+00
-2.492890596389770508e+00 -2.004380822181701660e-01 -1.309909462928771973e+00
-2.440233230590820312e+00 -2.373173981904983521e-01 -3.079963922500610352e+00
-1.143798828125000000e+00 -1.875591129064559937e-01 -1.681488871574401855e+00
-2.226592540740966797e+00 -6.441765427589416504e-01 -2.168177127838134766e+00
-1.314855456352233887e+00 -8.897911757230758667e-02 -3.451277256011962891e+00
-2.017012834548950195e+00 -4.557840526103973389e-01 -1.583752632141113281e+00
-3.431687831878662109e+00 -1.048661991953849792e-01 -3.209854602813720703e+00
-1.668420672416687012e+00 -5.403320789337158203e-01 -2.233292579650878906e+00
-2.566133022308349609e+00 -4.901655316352844238e-01 -1.715800881385803223e+00
-2.107498645782470703e+00 1.627620905637741089e-01 -5.205532073974609375e+00
-1.637721061706542969e+00 -5.022739768028259277e-01 -1.661652326583862305e+00
-2.614394664764404297e+00 -5.723821520805358887e-01 -2.241317749023437500e+00
-7.029510736465454102e-01 -3.037180006504058838e-01 -3.272844791412353516e+00
-2.267065048217773438e+00 -5.321583151817321777e-01 -1.399292349815368652e+00
-2.908634901046752930e+00 -4.330722093582153320e-01 -3.445452213287353516e+00
-1.345276117324829102e+00 -5.669762492179870605e-01 -1.982781887054443359e+00
-2.607685327529907227e+00 -6.181716322898864746e-01 -1.946547031402587891e+00
-1.396962046623229980e+00 -4.572042524814605713e-01 -4.151854991912841797e+00
-1.890909790992736816e+00 -6.344613432884216309e-01 -1.627585887908935547e+00
-4.352392196655273438e+00 -5.155134201049804688e-01 -3.252637863159179688e+00
-1.881342411041259766e+00 -6.777105331420898438e-01 -2.269952774047851562e+00
-2.573369264602661133e+00 -6.634023189544677734e-01 -1.425827622413635254e+00
-2.310116052627563477e+00 -6.814132332801818848e-01 -3.070877313613891602e+00
-1.506215572357177734e+00 -6.980876326560974121e-01 -1.758146047592163086e+00
-2.728173494338989258e+00 -7.089693546295166016e-01 -2.120175838470458984e+00
1.007919758558273315e-01 -8.638897538185119629e-01 -4.807340145111083984e+00
-2.049358129501342773e+00 -8.321021199226379395e-01 -1.987514048814773560e-01
-3.096362590789794922e+00 -8.171520829200744629e-01 -3.184242963790893555e+00
-1.981105327606201172e+00 -7.062488198280334473e-01 -2.188486099243164062e+00
-3.624679088592529297e+00 -9.486224055290222168e-01 -9.542611837387084961e-01
-1.980519294738769531e+00 -8.476031422615051270e-01 -3.211065769195556641e+00
-2.065664291381835938e+00 -7.078261971473693848e-01 -2.113618612289428711e+00
-4.081974983215332031e+00 -1.083716273307800293e+00 -2.646643400192260742e+00
-8.280097842216491699e-01 -1.013321995735168457e+00 -2.928925514221191406e+00
-2.184715986251831055e+00 -7.388607263565063477e-01 -2.002936601638793945e+00
-3.348158121109008789e+00 -1.461463212966918945e+00 -4.883543014526367188e+00
-1.455732464790344238e+00 -8.956747055053710938e-01 -1.912957668304443359e+00
-3.437005758285522461e+00 -1.117795228958129883e+00 -1.730015754699707031e+00
-1.657303094863891602e+00 -1.016892313957214355e+00 -3.069837331771850586e+00
-1.483051180839538574e+00 -1.593708038330078125e+00 2.778477370738983154e-01
-4.008530139923095703e+00 -1.540722966194152832e+00 -3.421653747558593750e+00
-1.456088781356811523e+00 -9.625582098960876465e-01 -2.306831121444702148e+00
-2.501488685607910156e+00 -9.543023109436035156e-01 -1.710831880569458008e+00
-2.262387990951538086e+00 -1.511447072029113770e+00 -3.994644641876220703e+00
-1.149637818336486816e+00 -1.332218170166015625e+00 -1.287160038948059082e+00
-2.978284597396850586e+00 -1.127354383468627930e+00 -2.204052448272705078e+00
-1.587675213813781738e+00 -1.078019976615905762e+00 -2.675844430923461914e+00
-2.275351524353027344e+00 -1.588613510131835938e+00 -6.263712644577026367e-01
-2.774234056472778320e+00 -1.342913269996643066e+00 -3.063593149185180664e+00
-1.947042703628540039e+00 -8.033878207206726074e-01 -2.162954568862915039e+00
-2.843247413635253906e+00 -1.257958054542541504e+00 -1.746837735176086426e+00
-1.050241112709045410e+00 -3.496431112289428711e+00 -6.033512115478515625e+00
-1.221023201942443848e+00 -2.169353961944580078e+00 -4.183920323848724365e-01
-3.029824256896972656e+00 -1.449119687080383301e+00 -2.537241935729980469e+00
-1.803765177726745605e+00 -9.735084772109985352e-01 -2.323515653610229492e+00
-2.421461105346679688e+00 -1.292570471763610840e+00 -1.572079181671142578e+00
-2.546271324157714844e+00 -2.034967422485351562e+00 -3.595442771911621094e+00
-1.445606708526611328e+00 -1.454838156700134277e+00 -1.794741988182067871e+00
-3.190172433853149414e+00 -1.813409566879272461e+00 -1.971805214881896973e+00
-1.053493976593017578e+00 -2.691201925277709961e+00 -3.684705972671508789e+00
-2.016203165054321289e+00 -1.725541114807128906e+00 -1.310161352157592773e+00
-3.358176469802856445e+00 -2.707354784011840820e+00 -3.258193731307983398e+00
-8.033489584922790527e-01 -2.437517166137695312e+00 -2.237352848052978516e+00
-2.497101545333862305e+00 -1.435930967330932617e+00 -1.829814791679382324e+00
-2.078237771987915039e+00 -1.898809552192687988e+00 -2.980088233947753906e+00
-7.757873535156250000e-01 -4.251567840576171875e+00 -5.498895645141601562e-01
-2.698943853378295898e+00 -1.763594388961791992e+00 -2.279038906097412109e+00
-1.088233351707458496e+00 -3.258627176284790039e+00 -2.900222778320312500e+00
-2.452640533447265625e+00 -4.058839797973632812e+00 -7.909260392189025879e-01
-2.341238260269165039e+00 -1.918679356575012207e+00 -2.586778640747070312e+00
-1.715587973594665527e+00 -2.150530099868774414e+00 -2.061600446701049805e+00
-2.314883708953857422e+00 -1.725827336311340332e+00 -2.108937501907348633e+00
-2.122181653976440430e+00 -1.831546306610107422e+00 -2.195699453353881836e+00
