-1.382116675376892090e+00 2.106484889984130859e+00 1.196645259857177734e+00
-1.761109232902526855e+00 2.188357830047607422e+00 1.543833494186401367e+00
-1.375620841979980469e+00 -7.636274397373199463e-02 1.122628808021545410e+00
-1.296321153640747070e+00 5.661952868103981018e-02 1.308550238609313965e+00
-2.121095657348632812e+00 1.421876668930053711e+00 1.065930247306823730e+00
-1.192826509475708008e+00 1.307414323091506958e-01 1.076234340667724609e+00
-1.671711802482604980e+00 1.724490046501159668e+00 2.273924589157104492e+00
-1.861473441123962402e+00 1.412021517753601074e+00 2.736730873584747314e-01
-1.057707428932189941e+00 2.014528512954711914e-01 1.315119028091430664e+00
-1.839255809783935547e+00 3.740119338035583496e-01 1.385345697402954102e+00
-1.254153966903686523e+00 6.998880207538604736e-02 9.231962561607360840e-01
-1.311129212379455566e+00 -3.624227643013000488e-02 1.422964453697204590e+00
-2.026902914047241211e+00 5.351660847663879395e-01 8.229784965515136719e-01
5.014259219169616699e-01 1.775466442108154297e+00 7.825536727905273438e-01
-1.720731854438781738e+00 2.761415541172027588e-01 1.678290605545043945e+00
-1.617787957191467285e+00 1.452632546424865723e+00 -6.220136880874633789e-01
-9.555926322937011719e-01 1.830241531133651733e-01 1.556120157241821289e+00
-1.884295582771301270e+00 1.077522411942481995e-01 1.217411994934082031e+00
-8.667032718658447266e-01 2.701030671596527100e-01 6.837400794029235840e-01
-1.433668971061706543e+00 5.433500409126281738e-01 2.311511516571044922e+00
-1.827722311019897461e+00 1.864073872566223145e-01 6.626608371734619141e-01
-5.764642357826232910e-01 2.426908910274505615e-01 1.305044651031494141e+00
-1.831503272056579590e+00 3.603545948863029480e-02 1.509316802024841309e+00
-1.382116675376892090e+00 -3.297512233257293701e-01 1.196645259857177734e+00
-2.215985804796218872e-01 1.073196291923522949e+00 3.221904039382934570e+00
-1.909519672393798828e+00 -1.441787742078304291e-02 1.028389334678649902e+00
-4.344385266304016113e-01 2.333606481552124023e-01 7.587938904762268066e-01
-1.614734888076782227e+00 -2.226757816970348358e-02 1.752474546432495117e+00
-2.097640275955200195e+00 6.896773576736450195e-01 -7.926927208900451660e-01
1.689732789993286133e+00 1.249203085899353027e+00 2.811123132705688477e+00
-1.887876987457275391e+00 -1.055792942643165588e-01 1.329962015151977539e+00
6.659655570983886719e-01 1.196116328239440918e+00 -1.988593220710754395e+00
-1.322741985321044922e+00 -1.972638964653015137e-01 1.542129278182983398e+00
-1.824079632759094238e+00 -1.321128159761428833e-01 8.543642759323120117e-01
-5.415902137756347656e-01 -5.166958272457122803e-02 1.127009391784667969e+00
-1.790168762207031250e+00 -1.456574499607086182e-01 1.637737631797790527e+00
-1.380695819854736328e+00 -2.471869289875030518e-01 9.053892493247985840e-01
-2.812888622283935547e-01 9.784872829914093018e-02 2.410147190093994141e+00
-1.846177935600280762e+00 -2.184311002492904663e-01 1.153636217117309570e+00
-5.015230178833007812e-01 -8.979128301143646240e-02 5.283060669898986816e-01
-1.478814125061035156e+00 -2.241012454032897949e-01 1.728179931640625000e+00
-1.638869643211364746e+00 -2.457234561443328857e-01 7.886390686035156250e-01
2.258844375610351562e-01 -7.418020814657211304e-02 1.637331724166870117e+00
-2.004019260406494141e+00 -2.371598631143569946e-01 1.515795350074768066e+00
-5.940766930580139160e-01 -7.629527896642684937e-02 -9.289572834968566895e-01
-1.025436758995056152e+00 -2.433942109346389771e-01 2.072820663452148438e+00
-1.775252580642700195e+00 -2.989128828048706055e-01 1.010330796241760254e+00
-3.273047804832458496e-01 -2.739321589469909668e-01 8.714354634284973145e-01
-1.659814119338989258e+00 -3.131005764007568359e-01 1.670486688613891602e+00
-1.623117566108703613e+00 -3.181558549404144287e-01 7.434620708227157593e-02
1.334749460220336914e+00 -3.634152412414550781e-01 3.126579761505126953e+00
-1.929693698883056641e+00 -3.464805185794830322e-01 1.264888763427734375e+00
-3.853504955768585205e-01 -4.075179994106292725e-01 2.560343593358993530e-02
-1.366418004035949707e+00 -3.602862656116485596e-01 1.627131104469299316e+00
-1.621078848838806152e+00 -3.608293533325195312e-01 9.541600942611694336e-01
1.488155722618103027e+00 -6.510766148567199707e-01 1.343404173851013184e+00
-1.906989693641662598e+00 -4.199376702308654785e-01 1.630321502685546875e+00
-1.205504536628723145e+00 -5.256692171096801758e-01 -6.922405213117599487e-02
-9.090341329574584961e-01 -4.751545786857604980e-01 1.883707523345947266e+00
-1.747892141342163086e+00 -4.031493663787841797e-01 1.112481236457824707e+00
-4.702914059162139893e-01 -5.572310090065002441e-01 6.800414919853210449e-01
-1.527595043182373047e+00 -4.423603415489196777e-01 1.645084500312805176e+00
-1.489858388900756836e+00 -3.975092470645904541e-01 9.604310989379882812e-01
2.072278499603271484e+00 -1.393461108207702637e+00 2.662175893783569336e+00
-2.449179887771606445e+00 -6.765646934509277344e-01 1.574577212333679199e+00
-6.678892374038696289e-01 -8.312805294990539551e-01 -1.463575065135955811e-01
-1.180477857589721680e+00 -6.147177815437316895e-01 1.977022886276245117e+00
-1.627460598945617676e+00 -4.403394758701324463e-01 1.037194132804870605e+00
-4.845849871635437012e-01 -6.963981986045837402e-01 1.046900153160095215e+00
-1.688988447189331055e+00 -5.432119965553283691e-01 1.588918805122375488e+00
-1.396851658821105957e+00 -4.160332381725311279e-01 1.007585406303405762e+00
-8.737177252769470215e-01 -6.652337908744812012e-01 1.671585798263549805e+00
-1.787556171417236328e+00 -5.366610288619995117e-01 1.192689418792724609e+00
-2.276986241340637207e-01 -1.166806578636169434e+00 1.596362143754959106e-01
-1.417872190475463867e+00 -5.394142270088195801e-01 1.562983989715576172e+00
-1.527785301208496094e+00 -4.755104482173919678e-01 1.002757549285888672e+00
-4.520828127861022949e-01 -9.294523596763610840e-01 1.370529532432556152e+00
-1.754907846450805664e+00 -6.231502294540405273e-01 1.428706884384155273e+00
-1.337966442108154297e+00 -4.453215003013610840e-01 1.038576483726501465e+00
-1.132198333740234375e+00 -7.398942708969116211e-01 1.689545989036560059e+00
-1.610004067420959473e+00 -5.202337503433227539e-01 1.110892057418823242e+00
-4.869164526462554932e-01 -1.125530600547790527e+00 8.373012542724609375e-01
-1.516579031944274902e+00 -6.002736687660217285e-01 1.476829767227172852e+00
-1.433874845504760742e+00 -4.938426911830902100e-01 1.025813102722167969e+00
-4.042049869894981384e-02 -1.845576524734497070e+00 1.991772294044494629e+00
-1.681490659713745117e+00 -6.445322632789611816e-01 1.259406208992004395e+00
-1.296069145202636719e+00 -4.908452630043029785e-01 1.076754927635192871e+00
-1.290395021438598633e+00 -1.225590825080871582e+00 1.963055253028869629e+00
-1.516534566879272461e+00 -5.490947365760803223e-01 1.081096053123474121e+00
-4.284900426864624023e-01 -1.593023538589477539e+00 1.166526436805725098e+00
-1.542461872100830078e+00 -6.485752463340759277e-01 1.353126287460327148e+00
-1.354140162467956543e+00 -1.099040508270263672e+00 6.972702145576477051e-01
-1.233161330223083496e+00 -7.237269878387451172e-01 1.378725767135620117e+00
-1.542462706565856934e+00 -6.280952692031860352e-01 1.173475980758666992e+00
-1.347755670547485352e+00 -4.150989353656768799e-01 1.173231959342956543e+00
-1.416841268539428711e+00 -6.837004423141479492e-01 1.344258546829223633e+00
-1.437325954437255859e+00 -6.393030881881713867e-01 1.098080754280090332e+00
-9.498931169509887695e-01 -1.881862640380859375e+00 1.339197278022766113e+00
-1.443532228469848633e+00 -6.597316265106201172e-01 1.224296927452087402e+00
-1.382116675376892090e+00 -6.830102801322937012e-01 1.196645259857177734e+00
