-1.728702425956726074e+00 1.865843534469604492e+00 2.033870220184326172e+00
-1.728702425956726074e+00 -1.247996330261230469e+00 2.033870220184326172e+00
-1.699489712715148926e+00 -1.084654629230499268e-01 1.701005935668945312e+00
-1.522777438163757324e+00 -3.206353485584259033e-01 2.302462816238403320e+00
-2.180618524551391602e+00 -1.768040806055068970e-01 1.953932642936706543e+00
-1.175523877143859863e+00 9.773965179920196533e-02 1.681983351707458496e+00
-1.962263703346252441e+00 4.087693989276885986e-01 2.902706623077392578e+00
-1.931112170219421387e+00 -5.125276446342468262e-01 1.644142508506774902e+00
-1.356105566024780273e+00 -6.378872990608215332e-01 2.169941902160644531e+00
-2.305531263351440430e+00 -3.599716424942016602e-01 2.271976709365844727e+00
-1.506214737892150879e+00 -5.529721379280090332e-01 1.558426976203918457e+00
-1.564907073974609375e+00 -5.707584619522094727e-01 2.556075572967529297e+00
-2.178671121597290039e+00 -6.444075703620910645e-01 1.773104190826416016e+00
-1.124945163726806641e+00 -5.731825828552246094e-01 1.901135921478271484e+00
-1.728702425956726074e+00 -1.247996330261230469e+00 2.033870220184326172e+00
-1.810310363769531250e+00 -6.307945847511291504e-01 1.404107093811035156e+00
-1.378762006759643555e+00 -8.272912502288818359e-01 2.328800439834594727e+00
-2.360744953155517578e+00 -6.973543167114257812e-01 2.060007095336914062e+00
-1.223479747772216797e+00 -6.600024104118347168e-01 1.531106233596801758e+00
-1.772288203239440918e+00 -5.098172426223754883e-01 2.976453781127929688e+00
-1.930963277816772461e+00 -1.013711333274841309e+00 1.791494131088256836e+00
-1.271849513053894043e+00 -9.233875870704650879e-01 2.095339059829711914e+00
-1.757377386093139648e+00 -1.224655866622924805e+00 2.053821563720703125e+00
-1.728702425956726074e+00 -1.247996330261230469e+00 2.033870220184326172e+00
-1.357561469078063965e+00 -7.993249893188476562e-01 2.681560516357421875e+00
-2.032590150833129883e+00 -1.066302418708801270e+00 1.936921715736389160e+00
-1.058453679084777832e+00 -8.497334718704223633e-01 1.724198341369628906e+00
-1.741185188293457031e+00 -1.231496095657348633e+00 2.063697099685668945e+00
-2.654088020324707031e+00 7.042922079563140869e-02 -5.389377474784851074e-01
-1.367879271507263184e+00 -1.062530517578125000e+00 2.223508834838867188e+00
-1.775362133979797363e+00 -1.227315068244934082e+00 2.046169519424438477e+00
-1.203764081001281738e+00 -8.569054603576660156e-01 1.217470526695251465e+00
-1.472133517265319824e+00 -6.754939556121826172e-01 3.526771068572998047e+00
-1.824178218841552734e+00 -1.205301165580749512e+00 1.959928393363952637e+00
-1.217106580734252930e+00 -1.078738808631896973e+00 1.991485595703125000e+00
-1.752859711647033691e+00 -1.237097740173339844e+00 2.059983491897583008e+00
-1.718358278274536133e+00 -6.469073295593261719e-01 -8.654722571372985840e-02
-1.134486556053161621e+00 -1.017182111740112305e+00 2.688906431198120117e+00
-3.691456556320190430e+00 -7.771661877632141113e-01 1.851962566375732422e+00
-5.171822309494018555e-01 -9.178596138954162598e-01 1.114369630813598633e+00
-1.735197424888610840e+00 -1.240900039672851562e+00 2.069572448730468750e+00
-2.158782958984375000e+00 -1.107243537902832031e+00 1.350429296493530273e+00
-1.428985714912414551e+00 -1.200360178947448730e+00 2.116010189056396484e+00
-1.768399477005004883e+00 -1.242086052894592285e+00 2.054242134094238281e+00
-1.341620326042175293e+00 -1.123499751091003418e+00 9.897826313972473145e-01
-1.092248678207397461e+00 -1.093902349472045898e+00 3.597302913665771484e+00
-1.820473670959472656e+00 -1.240797638893127441e+00 1.990378141403198242e+00
-1.075394392013549805e+00 -1.213424205780029297e+00 1.832448363304138184e+00
-1.747379660606384277e+00 -1.246876478195190430e+00 2.065739631652832031e+00
-2.195520162582397461e+00 -1.225536108016967773e+00 -1.400190144777297974e-01
-1.476816058158874512e+00 -1.251117348670959473e+00 2.212798595428466797e+00
-1.798547744750976562e+00 -1.250130176544189453e+00 2.042574882507324219e+00
-2.953649759292602539e-01 -1.359823942184448242e+00 3.499265909194946289e-01
-1.727141976356506348e+00 -1.251031637191772461e+00 2.076661825180053711e+00
-1.796015143394470215e+00 -1.256750702857971191e+00 1.965565085411071777e+00
-1.448363184928894043e+00 -1.279380202293395996e+00 2.048204183578491211e+00
-1.761718869209289551e+00 -1.253669381141662598e+00 2.061150074005126953e+00
-1.590626716613769531e+00 -1.401165366172790527e+00 1.044211030006408691e+00
-1.682010412216186523e+00 -1.262347221374511719e+00 2.101681470870971680e+00
-1.841625571250915527e+00 -1.270655989646911621e+00 2.007886886596679688e+00
-4.377036094665527344e-01 -1.570071339607238770e+00 1.302441954612731934e+00
-1.741127729415893555e+00 -1.257614254951477051e+00 2.072171449661254883e+00
-3.206273317337036133e+00 -2.177229881286621094e+00 -1.205571413040161133e+00
-8.117994070053100586e-01 -1.530337810516357422e+00 2.422867298126220703e+00
-1.785560369491577148e+00 -1.266476154327392578e+00 2.054008245468139648e+00
-1.234310269355773926e+00 -1.595157742500305176e+00 1.104236245155334473e+00
-1.714731812477111816e+00 -1.267740368843078613e+00 2.087939262390136719e+00
-1.813349246978759766e+00 -1.286150693893432617e+00 1.978857517242431641e+00
-1.424468874931335449e+00 -1.372277498245239258e+00 1.983111619949340820e+00
-1.755605936050415039e+00 -1.266710519790649414e+00 2.068260908126831055e+00
-1.857336521148681641e+00 -2.001225709915161133e+00 3.834050595760345459e-01
-1.562749981880187988e+00 -1.357505083084106445e+00 2.188901185989379883e+00
-1.843075752258300781e+00 -1.306365013122558594e+00 2.032754182815551758e+00
-1.103272199630737305e+00 -1.701488733291625977e+00 1.472048759460449219e+00
-1.733357667922973633e+00 -1.275293946266174316e+00 2.081566810607910156e+00
-1.778533935546875000e+00 -1.297858834266662598e+00 1.967543482780456543e+00
-7.072575092315673828e-01 -1.906640887260437012e+00 2.224845170974731445e+00
-1.777524471282958984e+00 -1.286420941352844238e+00 2.064261913299560547e+00
-1.475474715232849121e+00 -1.910860300064086914e+00 1.127252340316772461e+00
-1.686282277107238770e+00 -1.317612290382385254e+00 2.117533206939697266e+00
-1.805419683456420898e+00 -1.312121391296386719e+00 2.005001783370971680e+00
-5.300474166870117188e-01 -2.313528776168823242e+00 1.552715897560119629e+00
-1.750246882438659668e+00 -1.291341185569763184e+00 2.078763246536254883e+00
-1.748309612274169922e+00 -1.310158014297485352e+00 1.969154953956604004e+00
-1.517184734344482422e+00 -1.486965298652648926e+00 2.159221649169921875e+00
-1.820511341094970703e+00 -1.344530105590820312e+00 2.053117036819458008e+00
-1.222061991691589355e+00 -2.196504592895507812e+00 1.327966332435607910e+00
-1.720007777214050293e+00 -1.332915902137756348e+00 2.106520891189575195e+00
-1.804815649986267090e+00 -1.372198224067687988e+00 1.968441247940063477e+00
-1.570686101913452148e+00 -1.457321047782897949e+00 2.028879404067993164e+00
-1.779651641845703125e+00 -1.349301695823669434e+00 2.083591699600219727e+00
-1.725265622138977051e+00 -1.342499852180480957e+00 1.972524404525756836e+00
-1.635960698127746582e+00 -1.493291258811950684e+00 2.147236108779907227e+00
-1.794757485389709473e+00 -1.370900034904479980e+00 2.024325609207153320e+00
-1.648007035255432129e+00 -1.448431372642517090e+00 1.978885054588317871e+00
-1.753167033195495605e+00 -1.497365593910217285e+00 2.137868881225585938e+00
-1.760149240493774414e+00 -1.424314618110656738e+00 1.977728605270385742e+00
-1.656722426414489746e+00 -1.506475806236267090e+00 2.057610034942626953e+00
-1.810055375099182129e+00 -1.685098648071289062e+00 2.070498466491699219e+00
-1.728702425956726074e+00 -1.554106473922729492e+00 2.033870220184326172e+00
