5.527818202972412109e+00 4.557984352111816406e+00 -2.083041191101074219e+01
5.527818202972412109e+00 4.557984352111816406e+00 -2.083041191101074219e+01
5.527818202972412109e+00 4.557984352111816406e+00 -2.083041191101074219e+01
5.527818202972412109e+00 4.557984352111816406e+00 -2.083041191101074219e+01
5.527818202972412109e+00 4.557984352111816406e+00 -2.083041191101074219e+01
5.527818202972412109e+00 4.557984352111816406e+00 -2.083041191101074219e+01
5.527818202972412109e+00 4.557984352111816406e+00 -2.083041191101074219e+01
5.527818202972412109e+00 4.557984352111816406e+00 -2.083041191101074219e+01
5.527818202972412109e+00 4.557984352111816406e+00 -2.083041191101074219e+01
5.527818202972412109e+00 4.557984352111816406e+00 -2.083041191101074219e+01
5.527818202972412109e+00 4.557984352111816406e+00 -2.083041191101074219e+01
5.527818202972412109e+00 4.557984352111816406e+00 -2.083041191101074219e+01
5.527818202972412109e+00 4.557984352111816406e+00 -2.083041191101074219e+01
5.527818202972412109e+00 4.557984352111816406e+00 -2.083041191101074219e+01
5.527818202972412109e+00 4.557984352111816406e+00 -2.083041191101074219e+01
5.527818202972412109e+00 4.557984352111816406e+00 -2.083041191101074219e+01
5.527818202972412109e+00 4.557984352111816406e+00 -2.083041191101074219e+01
5.527818202972412109e+00 4.557984352111816406e+00 -2.083041191101074219e+01
5.527818202972412109e+00 4.557984352111816406e+00 -2.083041191101074219e+01
5.527818202972412109e+00 4.557984352111816406e+00 -2.083041191101074219e+01
5.527818202972412109e+00 4.557984352111816406e+00 -2.083041191101074219e+01
5.527818202972412109e+00 4.557984352111816406e+00 -2.083041191101074219e+01
5.527818202972412109e+00 4.557984352111816406e+00 -2.083041191101074219e+01
5.527818202972412109e+00 4.557984352111816406e+00 -2.083041191101074219e+01
5.527818202972412109e+00 4.557984352111816406e+00 -2.083041191101074219e+01
5.527818202972412109e+00 4.557984352111816406e+00 -2.083041191101074219e+01
5.527818202972412109e+00 4.557984352111816406e+00 -2.083041191101074219e+01
5.527818202972412109e+00 4.557984352111816406e+00 -2.083041191101074219e+01
5.527818202972412109e+00 4.557984352111816406e+00 -2.083041191101074219e+01
5.527818202972412109e+00 4.557984352111816406e+00 -2.083041191101074219e+01
5.527818202972412109e+00 4.557984352111816406e+00 -2.083041191101074219e+01
5.527818202972412109e+00 4.557984352111816406e+00 -2.083041191101074219e+01
5.527818202972412109e+00 4.557984352111816406e+00 -2.083041191101074219e+01
5.527818202972412109e+00 4.557984352111816406e+00 -2.083041191101074219e+01
5.527818202972412109e+00 4.557984352111816406e+00 -2.083041191101074219e+01
5.527818202972412109e+00 4.557984352111816406e+00 -2.083041191101074219e+01
5.527818202972412109e+00 4.557984352111816406e+00 -2.083041191101074219e+01
5.527818202972412109e+00 4.557984352111816406e+00 -2.083041191101074219e+01
5.527818202972412109e+00 4.557984352111816406e+00 -2.083041191101074219e+01
5.527818202972412109e+00 4.557984352111816406e+00 -2.083041191101074219e+01
5.527818202972412109e+00 4.557984352111816406e+00 -2.083041191101074219e+01
5.527818202972412109e+00 4.557984352111816406e+00 -2.083041191101074219e+01
5.527818202972412109e+00 4.557984352111816406e+00 -2.083041191101074219e+01
2.879099369049072266e+00 4.102867603302001953e+00 -1.864190864562988281e+01
5.527818202972412109e+00 4.557984352111816406e+00 -2.083041191101074219e+01
5.527818202972412109e+00 4.557984352111816406e+00 -2.083041191101074219e+01
5.527818202972412109e+00 4.557984352111816406e+00 -2.083041191101074219e+01
4.053601741790771484e+00 3.416851758956909180e+00 -1.628611946105957031e+01
5.527818202972412109e+00 4.557984352111816406e+00 -2.083041191101074219e+01
4.458681583404541016e+00 4.210496902465820312e+00 -2.045174598693847656e+01
5.527818202972412109e+00 4.557984352111816406e+00 -2.083041191101074219e+01
5.527818202972412109e+00 4.557984352111816406e+00 -2.083041191101074219e+01
5.527818202972412109e+00 4.557984352111816406e+00 -2.083041191101074219e+01
4.463041782379150391e+00 3.817323207855224609e+00 -1.946931076049804688e+01
5.527818202972412109e+00 4.557984352111816406e+00 -2.083041191101074219e+01
5.527818202972412109e+00 4.557984352111816406e+00 -2.083041191101074219e+01
4.514501571655273438e+00 4.040853977203369141e+00 -2.084029960632324219e+01
5.527818202972412109e+00 4.557984352111816406e+00 -2.083041191101074219e+01
5.347716331481933594e+00 3.501903772354125977e+00 -1.898514938354492188e+01
5.527818202972412109e+00 4.557984352111816406e+00 -2.083041191101074219e+01
5.527818202972412109e+00 4.557984352111816406e+00 -2.083041191101074219e+01
4.233412265777587891e+00 3.539243936538696289e+00 -2.002464675903320312e+01
5.527818202972412109e+00 4.557984352111816406e+00 -2.083041191101074219e+01
5.527818202972412109e+00 4.557984352111816406e+00 -2.083041191101074219e+01
5.527818202972412109e+00 4.557984352111816406e+00 -2.083041191101074219e+01
4.639297008514404297e+00 2.770383834838867188e+00 -1.897896575927734375e+01
4.981946468353271484e+00 3.984019756317138672e+00 -2.071597480773925781e+01
5.527818202972412109e+00 4.557984352111816406e+00 -2.083041191101074219e+01
5.527818202972412109e+00 4.557984352111816406e+00 -2.083041191101074219e+01
4.950854301452636719e+00 3.410771846771240234e+00 -2.026735115051269531e+01
5.181121826171875000e+00 3.912911891937255859e+00 -2.088050842285156250e+01
5.414485454559326172e+00 3.402778387069702148e+00 -2.034863662719726562e+01
5.527818202972412109e+00 4.557984352111816406e+00 -2.083041191101074219e+01
5.527818202972412109e+00 4.557984352111816406e+00 -2.083041191101074219e+01
5.349709510803222656e+00 3.601022005081176758e+00 -2.075022125244140625e+01
5.527818202972412109e+00 4.557984352111816406e+00 -2.083041191101074219e+01
