-1.153442621231079102e+00 1.598202586174011230e-01 9.873007535934448242e-01
-1.165369987487792969e+00 -8.879900574684143066e-01 9.982271790504455566e-01
-1.120185375213623047e+00 3.300586342811584473e-01 6.083520650863647461e-01
-1.136432647705078125e+00 -8.906351327896118164e-01 1.009487271308898926e+00
-1.193267583847045898e+00 -8.728392720222473145e-01 9.802562594413757324e-01
-5.352550745010375977e-01 5.366477370262145996e-01 5.940604209899902344e-01
-1.204445004463195801e+00 -6.054527759552001953e-01 1.177027106285095215e+00
-1.926036357879638672e+00 1.840029954910278320e+00 -5.002814531326293945e-01
-1.116139531135559082e+00 -9.061559438705444336e-01 1.000923752784729004e+00
-1.365433692932128906e+00 -6.408788561820983887e-01 1.074807524681091309e+00
-7.232268452644348145e-01 3.767035305500030518e-01 6.795462220907211304e-02
-5.184374451637268066e-01 1.658292412757873535e+00 3.011797428131103516e+00
-1.932792067527770996e+00 7.818282395601272583e-02 5.356518030166625977e-01
-4.039748907089233398e-01 -1.295649409294128418e-01 8.225323557853698730e-01
-1.671490430831909180e+00 -4.028193652629852295e-02 1.724170446395874023e+00
-1.447726011276245117e+00 1.258429408073425293e+00 -1.283663511276245117e+00
7.688674330711364746e-01 1.343800067901611328e+00 2.607425689697265625e+00
-1.252990484237670898e+00 -8.805107474327087402e-01 9.914173483848571777e-01
-3.337455689907073975e-01 -1.324872672557830811e-02 1.715926975011825562e-01
-1.173016667366027832e+00 -6.357282400131225586e-01 1.410606622695922852e+00
-1.864203691482543945e+00 -1.439415067434310913e-01 1.355713903903961182e-01
-1.094619870185852051e+00 -9.254423975944519043e-01 9.952152967453002930e-01
-1.224600434303283691e+00 -9.093176722526550293e-01 1.036810517311096191e+00
-6.818648576736450195e-01 3.946169912815093994e-01 -1.108909726142883301e+00
-3.497255146503448486e-01 4.373793024569749832e-03 2.389894247055053711e+00
-1.249164819717407227e+00 -9.100058078765869141e-01 9.567627906799316406e-01
-4.754764139652252197e-01 -5.643892884254455566e-01 6.740631461143493652e-01
-1.964812278747558594e+00 1.052616015076637268e-01 2.926026821136474609e+00
-1.790955543518066406e+00 -5.895362794399261475e-02 -7.851474285125732422e-01
1.142358303070068359e+00 2.128214389085769653e-01 2.193909406661987305e+00
-1.249989867210388184e+00 -9.244444966316223145e-01 1.012750267982482910e+00
-4.520468413829803467e-01 -4.446821808815002441e-01 -1.035308614373207092e-01
-1.064780950546264648e+00 -7.694002389907836914e-01 1.503197312355041504e+00
-1.232530593872070312e+00 -9.318710565567016602e-01 9.260505437850952148e-01
-6.299360394477844238e-01 -7.940398454666137695e-01 9.439293146133422852e-01
-1.245367527008056641e+00 -9.257657527923583984e-01 1.086668848991394043e+00
-1.145981431007385254e+00 -5.336741209030151367e-01 -5.421503186225891113e-01
4.344963133335113525e-01 -3.504269719123840332e-01 2.737771749496459961e+00
-1.283593535423278809e+00 -9.360169768333435059e-01 9.752383828163146973e-01
1.732803344726562500e+00 -1.807418912649154663e-01 -1.203256964683532715e+00
-1.379361748695373535e+00 -7.204024791717529297e-01 2.229152202606201172e+00
-1.211464285850524902e+00 -9.482491016387939453e-01 8.950985670089721680e-01
-5.140832662582397461e-01 -8.656199574470520020e-01 1.162522673606872559e+00
-1.243020415306091309e+00 -9.539011716842651367e-01 1.033270597457885742e+00
-6.674496531486511230e-01 -8.109288215637207031e-01 -3.235817551612854004e-01
-8.732025027275085449e-01 -8.993880152702331543e-01 1.675703525543212891e+00
-1.260044813156127930e+00 -9.588758349418640137e-01 9.367799758911132812e-01
-5.608246326446533203e-01 -9.358774423599243164e-01 8.045902848243713379e-01
-2.196907758712768555e+00 -9.046720266342163086e-01 2.767789125442504883e+00
-1.171207427978515625e+00 -9.663831591606140137e-01 9.045729041099548340e-01
-4.616393148899078369e-01 -9.758098721504211426e-01 1.478725433349609375e+00
-1.273196697235107422e+00 -9.708965420722961426e-01 1.002225518226623535e+00
-2.837697863578796387e-01 -1.035089015960693359e+00 -3.442658483982086182e-02
-1.121194601058959961e+00 -1.029962420463562012e+00 1.871596813201904297e+00
-1.237649202346801758e+00 -9.781893491744995117e-01 9.018526673316955566e-01
-5.101209282875061035e-01 -1.039257407188415527e+00 1.020194172859191895e+00
-1.234790682792663574e+00 -9.812155365943908691e-01 1.054514527320861816e+00
-1.143605351448059082e+00 -9.781505465507507324e-01 9.167917966842651367e-01
1.788574904203414917e-01 -1.376724362373352051e+00 2.922212839126586914e+00
-1.300269961357116699e+00 -9.967009425163269043e-01 9.535161256790161133e-01
-3.590783178806304932e-01 -1.165413856506347656e+00 5.372456908226013184e-01
-2.089946985244750977e+00 -1.692148923873901367e+00 3.874088764190673828e+00
-1.196281790733337402e+00 -9.941791296005249023e-01 8.933798074722290039e-01
-4.466631412506103516e-01 -1.184876084327697754e+00 1.287152647972106934e+00
-1.261333107948303223e+00 -1.002304077148437500e+00 1.025513410568237305e+00
-1.120387434959411621e+00 -9.904491901397705078e-01 9.251451492309570312e-01
-9.246764183044433594e-01 -1.290542244911193848e+00 1.872666120529174805e+00
-1.359430313110351562e+00 -1.060086369514465332e+00 8.534275293350219727e-01
-4.589601755142211914e-01 -1.250938057899475098e+00 8.714325428009033203e-01
-1.221339464187622070e+00 -1.014467120170593262e+00 1.074093222618103027e+00
-1.160321235656738281e+00 -1.007516384124755859e+00 8.990430831909179688e-01
5.723630189895629883e-01 -2.106063604354858398e+00 2.599529027938842773e+00
-1.312991976737976074e+00 -1.048661470413208008e+00 9.857440590858459473e-01
-3.571976721286773682e-01 -1.544586062431335449e+00 2.720371484756469727e-01
-1.237448453903198242e+00 -1.459831118583679199e+00 1.847996115684509277e+00
-1.548769116401672363e+00 -1.362810254096984863e+00 4.611138403415679932e-01
-4.571566879749298096e-01 -1.416214585304260254e+00 1.117482185363769531e+00
-1.260092854499816895e+00 -1.051175117492675781e+00 1.053690314292907715e+00
-1.131527423858642578e+00 -1.024604439735412598e+00 9.088389277458190918e-01
-7.536471486091613770e-01 -1.623345613479614258e+00 1.775796413421630859e+00
-2.271216392517089844e+00 -1.901543021202087402e+00 5.666867494583129883e-01
-4.696831405162811279e-01 -1.575059056282043457e+00 7.128315567970275879e-01
-1.971409559249877930e+00 -2.612891435623168945e+00 2.691730499267578125e+00
-1.302525520324707031e+00 -1.439882636070251465e+00 4.952401816844940186e-01
6.022205352783203125e-01 -2.950756072998046875e+00 2.027756452560424805e+00
-1.317207574844360352e+00 -1.139430880546569824e+00 1.021632552146911621e+00
3.799700364470481873e-02 -3.197794675827026367e+00 -6.727364659309387207e-01
-1.079429507255554199e+00 -1.690119028091430664e+00 1.605741143226623535e+00
-2.181266546249389648e+00 -2.644443750381469727e+00 1.037556827068328857e-01
1.763218455016613007e-02 -2.518564462661743164e+00 9.503141045570373535e-01
-1.238564252853393555e+00 -1.136490345001220703e+00 1.070371031761169434e+00
-1.044282913208007812e+00 -3.968880891799926758e+00 -9.611802101135253906e-01
-8.197044134140014648e-01 -1.849950551986694336e+00 1.395256757736206055e+00
-2.120881557464599609e+00 -2.767280817031860352e+00 8.475104570388793945e-01
-1.153442621231079102e+00 -9.672378897666931152e-01 9.873007535934448242e-01
-1.159932017326354980e+00 -1.033385157585144043e+00 1.014887213706970215e+00
-1.439043760299682617e+00 -2.568569660186767578e+00 4.774203598499298096e-01
-6.779552102088928223e-01 -2.674709558486938477e+00 1.144121646881103516e+00
-1.304623723030090332e+00 -1.779521465301513672e+00 1.055368423461914062e+00
-1.153442621231079102e+00 -1.325551390647888184e+00 9.873007535934448242e-01
