-1.385649681091308594e+00 4.869458377361297607e-01 -3.781274318695068359e+00
-1.588669180870056152e+00 3.343595862388610840e-01 -3.595291852951049805e+00
-1.356535077095031738e+00 1.211566701531410217e-01 -4.113020420074462891e+00
-1.218012094497680664e+00 -2.596082389354705811e-01 -3.562620878219604492e+00
-2.432258844375610352e+00 1.466268181800842285e+00 -3.966404676437377930e+00
-1.145049571990966797e+00 -4.292299151420593262e-01 -3.934324502944946289e+00
-1.499184846878051758e+00 -2.091846764087677002e-01 -3.358929157257080078e+00
-1.644466876983642578e+00 -7.411753386259078979e-02 -4.279611110687255859e+00
-1.066591978073120117e+00 -4.921047091484069824e-01 -3.664754867553710938e+00
-1.740289568901062012e+00 -4.685797095298767090e-01 -3.634884119033813477e+00
-3.749397099018096924e-01 2.142788410186767578e+00 -5.941102981567382812e+00
-7.338653802871704102e-01 1.680360078811645508e+00 -1.703283309936523438e+00
-1.521357297897338867e+00 -8.325074315071105957e-01 -3.859919786453247070e+00
-8.926703929901123047e-01 -4.635476469993591309e-01 -3.889654397964477539e+00
-1.925358533859252930e+00 -4.883118718862533569e-02 -3.013593912124633789e+00
-1.430656671524047852e+00 -6.741579771041870117e-01 -4.128590106964111328e+00
-9.661278724670410156e-01 -5.101887583732604980e-01 -3.427700996398925781e+00
-3.060521841049194336e+00 4.446198940277099609e-01 -3.712013006210327148e+00
-5.208873748779296875e-01 -8.108408190310001373e-03 -4.641828536987304688e+00
-1.462806463241577148e+00 2.921974956989288330e-01 -2.112688779830932617e+00
-1.563612699508666992e+00 -8.084059357643127441e-01 -3.994533538818359375e+00
-8.784238100051879883e-01 -6.541455388069152832e-01 -3.713027715682983398e+00
-1.603022813796997070e+00 -8.376109600067138672e-01 -3.630031824111938477e+00
-1.250924706459045410e+00 -6.254777312278747559e-01 -4.380140304565429688e+00
-6.275967359542846680e-01 -9.813757240772247314e-02 -2.458370923995971680e+00
-2.085304975509643555e+00 -5.962231159210205078e-01 -4.004483699798583984e+00
-2.400805801153182983e-01 -3.338469266891479492e-01 -4.310556411743164062e+00
-2.027908325195312500e+00 -1.655838191509246826e-01 -2.246630191802978516e+00
-1.968798279762268066e+00 -1.837161928415298462e-01 -5.402575969696044922e+00
-8.460214138031005859e-01 -7.371728420257568359e-01 -3.497660875320434570e+00
-2.091193199157714844e+00 -7.018226385116577148e-01 -3.595295429229736328e+00
-6.925789117813110352e-01 -4.981925487518310547e-01 -4.859158515930175781e+00
-1.054434657096862793e+00 -2.754797637462615967e-01 -1.854029178619384766e+00
-1.722710967063903809e+00 -8.638177514076232910e-01 -4.042313575744628906e+00
-5.735440850257873535e-01 -7.458670735359191895e-01 -3.848555564880371094e+00
-2.830281257629394531e+00 -3.627965748310089111e-01 -2.219669818878173828e+00
-1.377891302108764648e+00 -5.637093782424926758e-01 -5.371657371520996094e+00
-1.409764885902404785e-01 -5.310714244842529297e-01 -2.409203767776489258e+00
-2.984983205795288086e+00 -6.308940052986145020e-01 -3.929500102996826172e+00
6.566042453050613403e-02 -6.190669536590576172e-01 -4.882766723632812500e+00
-1.644970774650573730e+00 -7.312160730361938477e-01 -2.355815887451171875e+00
-1.505756020545959473e+00 -9.752386212348937988e-01 -3.972135305404663086e+00
1.811638027429580688e-01 -7.655211687088012695e-01 -3.351875782012939453e+00
-1.901693344116210938e+00 -9.377152323722839355e-01 -3.516449213027954102e+00
-1.032091856002807617e+00 -9.008317589759826660e-01 -4.734935760498046875e+00
-3.015395700931549072e-01 -7.520682811737060547e-01 -1.118184804916381836e+00
-1.921045422554016113e+00 -9.725484848022460938e-01 -4.035008430480957031e+00
4.140325784683227539e-01 -9.193094372749328613e-01 -4.336135387420654297e+00
-1.759664893150329590e+00 -9.921200871467590332e-01 -3.143083810806274414e+00
-1.832438468933105469e+00 -9.930493831634521484e-01 -5.861891746520996094e+00
8.907908201217651367e-01 -1.042752742767333984e+00 -2.164197683334350586e+00
-1.989020586013793945e+00 -1.032979846000671387e+00 -3.706077337265014648e+00
-6.684489846229553223e-01 -1.070501208305358887e+00 -4.623871326446533203e+00
-1.353066921234130859e+00 -1.077921509742736816e+00 -2.887800455093383789e+00
-1.577994704246520996e+00 -1.039561271667480469e+00 -3.976455211639404297e+00
4.059485495090484619e-01 -1.215114355087280273e+00 -3.689668655395507812e+00
-1.844657421112060547e+00 -1.093415021896362305e+00 -3.402019262313842773e+00
-1.082181811332702637e+00 -1.351186394691467285e+00 -5.956383228302001953e+00
-9.254874587059020996e-01 -1.155978202819824219e+00 -3.112976312637329102e+00
-2.112652778625488281e+00 -1.160429596900939941e+00 -3.948555946350097656e+00
1.217576980590820312e+00 -1.663992047309875488e+00 -5.256158351898193359e+00
-1.650929331779479980e+00 -1.219888448715209961e+00 -2.963545799255371094e+00
-1.465517401695251465e+00 -1.064774155616760254e+00 -3.956377029418945312e+00
2.040526866912841797e+00 -2.069566488265991211e+00 -2.327715396881103516e+00
-1.877388358116149902e+00 -1.174369215965270996e+00 -3.607110500335693359e+00
-7.011821269989013672e-01 -1.495177865028381348e+00 -5.068317890167236328e+00
-1.246205449104309082e+00 -1.211615800857543945e+00 -3.241600513458251953e+00
-1.722928404808044434e+00 -1.166573643684387207e+00 -4.000474929809570312e+00
2.628354132175445557e-01 -1.687961816787719727e+00 -4.056309223175048828e+00
-1.811299562454223633e+00 -1.310629129409790039e+00 -3.237166881561279297e+00
-1.395015120506286621e+00 -1.069386124610900879e+00 -3.901439189910888672e+00
-4.346741437911987305e-01 -1.642076253890991211e+00 -2.892883777618408203e+00
-1.973605155944824219e+00 -1.314599990844726562e+00 -3.787010908126831055e+00
1.512516438961029053e-01 -2.128935575485229492e+00 -5.161866664886474609e+00
-1.464238882064819336e+00 -1.475377440452575684e+00 -2.976075410842895508e+00
-1.536801099777221680e+00 -1.165791273117065430e+00 -3.982459545135498047e+00
5.737211182713508606e-02 -1.945030093193054199e+00 -3.511479139328002930e+00
-1.799888134002685547e+00 -1.340565323829650879e+00 -3.523411750793457031e+00
-1.357874989509582520e+00 -1.087250709533691406e+00 -3.880714654922485352e+00
-1.100252509117126465e+00 -1.482913613319396973e+00 -3.218400478363037109e+00
-1.905373334884643555e+00 -1.448963403701782227e+00 -3.976844310760498047e+00
-1.196311235427856445e+00 -1.182856440544128418e+00 -3.857276916503906250e+00
-1.723893880844116211e+00 -1.695053577423095703e+00 -3.076461553573608398e+00
-1.444016695022583008e+00 -1.199589848518371582e+00 -3.973919630050659180e+00
-9.780690073966979980e-01 -1.475023508071899414e+00 -3.539730548858642578e+00
-1.783029437065124512e+00 -1.432376503944396973e+00 -3.697967290878295898e+00
-1.322673201560974121e+00 -1.132447600364685059e+00 -3.869019746780395508e+00
-1.326782226562500000e+00 -1.589500665664672852e+00 -3.289388179779052734e+00
-1.609060883522033691e+00 -1.379108786582946777e+00 -3.973324537277221680e+00
-6.266407966613769531e-01 -2.020007371902465820e+00 -3.805246353149414062e+00
-1.614543437957763672e+00 -1.469669103622436523e+00 -3.557896614074707031e+00
-1.375264644622802734e+00 -1.300109863281250000e+00 -3.966644763946533203e+00
-1.155658841133117676e+00 -1.622854709625244141e+00 -3.500137329101562500e+00
-1.630656123161315918e+00 -1.470411419868469238e+00 -3.816676616668701172e+00
-1.047301650047302246e+00 -1.854951381683349609e+00 -4.011821746826171875e+00
-1.435596466064453125e+00 -1.523656129837036133e+00 -3.568951606750488281e+00
-1.460475087165832520e+00 -1.434083104133605957e+00 -3.914859294891357422e+00
-1.214119434356689453e+00 -1.630509734153747559e+00 -3.724701881408691406e+00
-1.476475000381469727e+00 -1.502542614936828613e+00 -3.740381240844726562e+00
-1.385649681091308594e+00 -1.531399726867675781e+00 -3.781274318695068359e+00
