-2.122181653976440430e+00 -6.246986389160156250e-01 -1.365351438522338867e+00
-2.131550312042236328e+00 -1.735339164733886719e+00 -1.356769084930419922e+00
-2.066580772399902344e+00 3.712933957576751709e-01 -1.998895049095153809e+00
-2.111755609512329102e+00 -1.750633597373962402e+00 -1.351752638816833496e+00
-2.586419343948364258e+00 -6.971870064735412598e-01 -1.447468519210815430e+00
-1.273987293243408203e+00 2.658451497554779053e-01 -1.904903292655944824e+00
-2.137847661972045898e+00 -1.686459302902221680e+00 -1.307074785232543945e+00
-2.576233148574829102e+00 -1.477609276771545410e-01 -2.239600181579589844e+00
-2.098729610443115234e+00 -1.759184241294860840e+00 -1.356786727905273438e+00
-2.196896076202392578e+00 -1.682563543319702148e+00 -1.334510445594787598e+00
-1.713114738464355469e+00 -5.197109580039978027e-01 -2.239503622055053711e+00
-2.095804691314697266e+00 -1.688526511192321777e+00 -1.281257867813110352e+00
-2.178323268890380859e+00 -1.722277402877807617e+00 -1.397886633872985840e+00
-1.397241234779357910e+00 -9.873268604278564453e-01 -1.524727582931518555e+00
-2.200982570648193359e+00 -1.656585454940795898e+00 -1.253265261650085449e+00
-2.337438583374023438e+00 -1.695957481861114502e-01 -3.026474475860595703e+00
-2.044446945190429688e+00 -1.704131603240966797e+00 -1.299836516380310059e+00
-2.224252223968505859e+00 -1.708660960197448730e+00 -1.361130475997924805e+00
-1.403168439865112305e+00 -9.607756733894348145e-01 -2.080865621566772461e+00
-2.129464387893676758e+00 -1.674245834350585938e+00 -1.207858085632324219e+00
-2.173445940017700195e+00 -1.738204836845397949e+00 -1.426783204078674316e+00
-2.083423137664794922e+00 -1.770046591758728027e+00 -1.360136508941650391e+00
-2.234656572341918945e+00 -1.706034660339355469e+00 -1.287094235420227051e+00
-1.427256226539611816e+00 2.092679291963577271e-01 -4.454364776611328125e+00
-2.028161048889160156e+00 -1.683924436569213867e+00 -1.201272726058959961e+00
-2.243148326873779297e+00 -1.725260138511657715e+00 -1.403943061828613281e+00
-1.235275030136108398e+00 -1.270584464073181152e+00 -1.775124788284301758e+00
-2.212464809417724609e+00 -1.678246021270751953e+00 -1.149624347686767578e+00
-2.801378965377807617e+00 -8.299123644828796387e-01 -3.253693342208862305e+00
-1.962695121765136719e+00 -1.715608596801757812e+00 -1.281529784202575684e+00
-2.240372896194458008e+00 -1.745199084281921387e+00 -1.334196686744689941e+00
-1.258904576301574707e+00 -1.154424905776977539e+00 -2.707945823669433594e+00
-2.072712659835815430e+00 -1.687201857566833496e+00 -1.077505707740783691e+00
-2.266377210617065430e+00 -1.733103990554809570e+00 -1.477024674415588379e+00
-2.069868803024291992e+00 -1.780278563499450684e+00 -1.369685411453247070e+00
-2.268606424331665039e+00 -1.731526017189025879e+00 -1.207070708274841309e+00
-2.108977556228637695e+00 -1.030301690101623535e+00 -4.072043418884277344e+00
-1.870385885238647461e+00 -1.699779629707336426e+00 -1.087783455848693848e+00
-2.243869543075561523e+00 -1.768395066261291504e+00 -1.376629471778869629e+00
8.734186291694641113e-01 -9.812909960746765137e-01 -3.638905286788940430e+00
-2.213354825973510742e+00 -1.697971582412719727e+00 -8.641829490661621094e-01
-2.202759742736816406e+00 -1.771214962005615234e+00 -1.493397951126098633e+00
-1.944981217384338379e+00 -1.769422173500061035e+00 -1.316788196563720703e+00
-2.259261131286621094e+00 -1.777176856994628906e+00 -1.295004487037658691e+00
-1.476308584213256836e+00 -1.589854836463928223e+00 -3.107482910156250000e+00
-1.945440053939819336e+00 -1.754794359207153320e+00 -9.311901330947875977e-01
-2.700023651123046875e+00 -1.752258777618408203e+00 -1.639201521873474121e+00
1.778849959373474121e+00 -1.591149091720581055e+00 -2.568081140518188477e+00
-2.386241436004638672e+00 -1.781752943992614746e+00 -9.147802591323852539e-01
-2.274574518203735352e+00 -1.790253758430480957e+00 -2.075018405914306641e+00
-1.575623989105224609e+00 -1.804358124732971191e+00 -9.771024584770202637e-01
-2.227878808975219727e+00 -1.800815105438232422e+00 -1.352178573608398438e+00
2.873240113258361816e-01 -1.985573291778564453e+00 -4.196137428283691406e+00
-2.098394393920898438e+00 -1.843853831291198730e+00 -7.130614519119262695e-01
-2.506076574325561523e+00 -1.847513198852539062e+00 -1.754906177520751953e+00
-2.000221729278564453e+00 -1.811239242553710938e+00 -1.359115600585937500e+00
-2.279640197753906250e+00 -1.824641227722167969e+00 -1.235251426696777344e+00
-2.105991601943969727e+00 -1.815545678138732910e+00 -1.481393814086914062e+00
-1.751864433288574219e+00 -1.911404013633728027e+00 -8.275362253189086914e-01
-4.131550788879394531e+00 -2.200794935226440430e+00 -1.827702641487121582e+00
-2.037269115447998047e+00 -1.818769574165344238e+00 -1.413459420204162598e+00
-2.356138944625854492e+00 -1.978682994842529297e+00 -6.441745162010192871e-01
-2.385977745056152344e+00 -1.963485240936279297e+00 -1.943700671195983887e+00
-1.650675535202026367e+00 -1.942776441574096680e+00 -1.165314435958862305e+00
-2.238960266113281250e+00 -1.835540771484375000e+00 -1.323990941047668457e+00
-6.683561801910400391e-01 -2.818459749221801758e+00 -4.099062919616699219e+00
-1.957256674766540527e+00 -2.030666589736938477e+00 -7.270627617835998535e-01
-2.635737657546997070e+00 -2.029070138931274414e+00 -1.699115991592407227e+00
2.522725462913513184e-01 -2.767564296722412109e+00 -1.761507868766784668e+00
-2.313524484634399414e+00 -1.930684328079223633e+00 -1.120758295059204102e+00
-2.178751945495605469e+00 -2.128838062286376953e+00 -2.091186285018920898e+00
-1.609744668006896973e+00 -2.135733127593994141e+00 -8.866385817527770996e-01
-2.177006483078002930e+00 -1.825564861297607422e+00 -1.365886330604553223e+00
-1.164316296577453613e+00 -2.492123126983642578e+00 -2.225797891616821289e+00
-2.178240537643432617e+00 -2.126303672790527344e+00 -7.909914851188659668e-01
-2.539191484451293945e+00 -2.214855194091796875e+00 -1.920399427413940430e+00
-1.747980713844299316e+00 -2.038876771926879883e+00 -1.295388817787170410e+00
-2.242403745651245117e+00 -1.892204642295837402e+00 -1.290513396263122559e+00
-1.937992453575134277e+00 -2.279730319976806641e+00 -2.024794340133666992e+00
-1.812888264656066895e+00 -2.305169820785522461e+00 -7.553483247756958008e-01
-3.537946701049804688e+00 -2.980970621109008789e+00 -1.898098349571228027e+00
-5.243851542472839355e-01 -3.217931270599365234e+00 -2.006726026535034180e+00
-2.284457683563232422e+00 -2.124066352844238281e+00 -1.027210354804992676e+00
-2.708294868469238281e+00 -3.655769586563110352e+00 -3.299867630004882812e+00
-1.267047882080078125e+00 -2.763701438903808594e+00 -8.585749864578247070e-01
-2.183389663696289062e+00 -1.861943960189819336e+00 -1.352519750595092773e+00
-1.846308588981628418e+00 -2.314062356948852539e+00 -1.749726414680480957e+00
-2.071145772933959961e+00 -2.296051025390625000e+00 -9.389037489891052246e-01
-3.081488609313964844e+00 -3.362985372543334961e+00 -2.189997434616088867e+00
-1.832545161247253418e+00 -2.181268215179443359e+00 -1.374499201774597168e+00
-2.215604782104492188e+00 -1.983344435691833496e+00 -1.274179816246032715e+00
-2.052796363830566406e+00 -3.705526113510131836e+00 -2.603868246078491211e+00
-1.468090653419494629e+00 -3.527607679367065430e+00 -5.658016204833984375e-01
-2.149336338043212891e+00 -1.848110675811767578e+00 -1.369275212287902832e+00
-1.903628349304199219e+00 -2.340439319610595703e+00 -1.514271736145019531e+00
-2.158988714218139648e+00 -2.172762155532836914e+00 -1.208885431289672852e+00
-2.450968503952026367e+00 -3.641054630279541016e+00 -1.952330708503723145e+00
-2.067196846008300781e+00 -1.995035648345947266e+00 -1.347216844558715820e+00
-2.141105651855468750e+00 -1.899262785911560059e+00 -1.356831073760986328e+00
-2.122181653976440430e+00 -1.894188761711120605e+00 -1.365351438522338867e+00
