-1.320740342140197754e+00 4.612314328551292419e-02 -5.486666202545166016e+00
-1.409494876861572266e+00 -3.952866494655609131e-01 -5.405359745025634766e+00
-1.300338745117187500e+00 -1.891666352748870850e-01 -5.719131469726562500e+00
-1.112573146820068359e+00 -4.753242060542106628e-02 -5.215148925781250000e+00
-1.733985662460327148e+00 -5.461124237626791000e-03 -5.559763431549072266e+00
-1.143292546272277832e+00 -5.533077716827392578e-01 -5.599544048309326172e+00
-1.363928198814392090e+00 -6.786379814147949219e-01 -5.326009273529052734e+00
-1.503931641578674316e+00 -3.193539381027221680e-01 -5.839389801025390625e+00
-9.216867089271545410e-01 -3.315604031085968018e-01 -5.340932369232177734e+00
-2.072472810745239258e+00 1.722968220710754395e-01 -5.176362037658691406e+00
-1.233469486236572266e+00 -7.123675346374511719e-01 -5.673159122467041016e+00
-1.197841644287109375e+00 -4.768468439579010010e-01 -5.094845771789550781e+00
-1.869681715965270996e+00 -2.486400902271270752e-01 -5.804789066314697266e+00
-1.099817991256713867e+00 -7.380682229995727539e-01 -5.535235404968261719e+00
-1.978487491607666016e+00 1.919325739145278931e-01 -4.551088333129882812e+00
-1.361708879470825195e+00 -6.751453876495361328e-01 -5.802817821502685547e+00
-7.097495794296264648e-01 -2.504462897777557373e-01 -4.971722602844238281e+00
-1.578395843505859375e+00 -7.605189681053161621e-01 -5.476011276245117188e+00
-1.189996361732482910e+00 -8.328271508216857910e-01 -5.616774082183837891e+00
-1.383299231529235840e+00 7.452005892992019653e-02 -4.133772373199462891e+00
-1.710083842277526855e+00 -5.340025424957275391e-01 -5.953229904174804688e+00
-1.022460222244262695e+00 -7.730534076690673828e-01 -5.446533203125000000e+00
-2.241087913513183594e+00 -2.358568012714385986e-01 -4.846312522888183594e+00
-1.273162245750427246e+00 -8.475916385650634766e-01 -5.698155879974365234e+00
-9.525349140167236328e-01 -5.398684144020080566e-01 -4.844098567962646484e+00
-2.409791707992553711e+00 -3.338490128517150879e-01 -5.834103107452392578e+00
-1.146470785140991211e+00 -8.814398646354675293e-01 -5.567183017730712891e+00
-2.540001153945922852e+00 6.266745328903198242e-01 -2.573305130004882812e+00
-1.469771862030029297e+00 -7.726612091064453125e-01 -5.901011943817138672e+00
-7.856294512748718262e-01 -7.099399566650390625e-01 -5.205426692962646484e+00
-3.179198980331420898e+00 -1.612526178359985352e-01 -4.996782302856445312e+00
-1.224998712539672852e+00 -9.136613607406616211e-01 -5.635566711425781250e+00
-1.255743980407714844e+00 -8.399596214294433594e-01 -5.108471393585205078e+00
-1.920263409614562988e+00 -7.168944478034973145e-01 -5.950970649719238281e+00
-1.089107394218444824e+00 -9.083571434020996094e-01 -5.505856513977050781e+00
-2.244611978530883789e+00 -5.681839585304260254e-01 -4.487987995147705078e+00
-1.319435358047485352e+00 -9.091571569442749023e-01 -5.754179954528808594e+00
-1.192057728767395020e+00 -9.350062608718872070e-01 -5.344812393188476562e+00
-1.773387670516967773e+00 -8.764089345932006836e-01 -5.528617382049560547e+00
-1.192926645278930664e+00 -9.501621127128601074e-01 -5.583672046661376953e+00
-1.562825202941894531e+00 -7.204933166503906250e-01 -4.155953884124755859e+00
-1.682837843894958496e+00 -8.664871454238891602e-01 -6.062075138092041016e+00
-9.811671972274780273e-01 -9.310203194618225098e-01 -5.393603324890136719e+00
-4.482048034667968750e+00 -5.143227577209472656e-01 -3.864335298538208008e+00
-1.257848381996154785e+00 -9.647632837295532227e-01 -5.656306266784667969e+00
-1.168850183486938477e+00 -9.482164382934570312e-01 -5.113552093505859375e+00
-1.931474685668945312e+00 -9.370838999748229980e-01 -5.776104450225830078e+00
-1.164048910140991211e+00 -9.766991734504699707e-01 -5.534976005554199219e+00
-2.094417572021484375e+00 -9.386016130447387695e-01 -4.166523456573486328e+00
-1.408205747604370117e+00 -9.807828068733215332e-01 -5.893977165222167969e+00
-1.109717488288879395e+00 -9.876058101654052734e-01 -5.336765289306640625e+00
-2.853985309600830078e+00 -1.031834006309509277e+00 -5.295580863952636719e+00
-1.199631810188293457e+00 -9.944398403167724609e-01 -5.628949642181396484e+00
-1.258832812309265137e+00 -1.105405330657958984e+00 -3.789055347442626953e+00
-1.801098108291625977e+00 -1.047463774681091309e+00 -5.974105834960937500e+00
-1.031110167503356934e+00 -1.017415046691894531e+00 -5.471857070922851562e+00
-2.141597747802734375e+00 -1.126035094261169434e+00 -4.808433055877685547e+00
-1.284734487533569336e+00 -1.024932742118835449e+00 -5.744738578796386719e+00
-1.004987716674804688e+00 -1.082038640975952148e+00 -5.028095722198486328e+00
-1.714253425598144531e+00 -1.063955187797546387e+00 -5.577212810516357422e+00
-1.182010769844055176e+00 -1.019600987434387207e+00 -5.565264701843261719e+00
-1.808695793151855469e+00 -1.362698197364807129e+00 -3.982536315917968750e+00
-1.712907314300537109e+00 -1.231622099876403809e+00 -6.346457004547119141e+00
-9.304045438766479492e-01 -1.105186939239501953e+00 -5.321065902709960938e+00
-2.098085165023803711e+00 -1.237641215324401855e+00 -5.211346626281738281e+00
-1.231308460235595703e+00 -1.047790050506591797e+00 -5.654829978942871094e+00
-9.650791883468627930e-01 -1.487630128860473633e+00 -4.110195159912109375e+00
-1.798775911331176758e+00 -1.200464606285095215e+00 -5.797345638275146484e+00
-1.153034925460815430e+00 -1.053499698638916016e+00 -5.514646530151367188e+00
-2.163766622543334961e+00 -1.571402192115783691e+00 -4.409027576446533203e+00
-1.356268763542175293e+00 -1.193031311035156250e+00 -5.942521095275878906e+00
-8.477195501327514648e-01 -1.297128319740295410e+00 -5.044775485992431641e+00
-2.762580633163452148e+00 -1.720812082290649414e+00 -5.500734329223632812e+00
-1.154363274574279785e+00 -1.105629205703735352e+00 -5.636122226715087891e+00
-1.609920501708984375e+00 -2.680685997009277344e+00 -2.523822784423828125e+00
-1.995598435401916504e+00 -1.660268902778625488e+00 -6.384914875030517578e+00
9.953195452690124512e-01 -2.478424549102783203e+00 -5.053642749786376953e+00
-1.974311947822570801e+00 -1.499373555183410645e+00 -5.079819202423095703e+00
-1.276419043540954590e+00 -1.101009249687194824e+00 -5.645347595214843750e+00
-9.639773368835449219e-01 -1.570477724075317383e+00 -4.783041477203369141e+00
-2.617611408233642578e+00 -2.068996667861938477e+00 -5.974673748016357422e+00
-1.074946045875549316e+00 -1.203487515449523926e+00 -5.585330963134765625e+00
-2.211729526519775391e+00 -2.777556657791137695e+00 -3.630077362060546875e+00
-1.369126677513122559e+00 -1.138392806053161621e+00 -5.646369457244873047e+00
-7.806094288825988770e-01 -1.595221757888793945e+00 -5.166569232940673828e+00
-2.853456497192382812e+00 -2.596587419509887695e+00 -5.165346622467041016e+00
-1.202196598052978516e+00 -1.206923007965087891e+00 -5.651833534240722656e+00
-1.239771127700805664e+00 -1.775812149047851562e+00 -4.810101509094238281e+00
-1.533361077308654785e+00 -1.331946134567260742e+00 -5.669440746307373047e+00
-9.778149127960205078e-01 -1.439265489578247070e+00 -5.497497081756591797e+00
-1.744734168052673340e+00 -1.828043460845947266e+00 -5.072890281677246094e+00
-1.310125589370727539e+00 -1.276872396469116211e+00 -5.676137447357177734e+00
-1.066564202308654785e+00 -1.657268047332763672e+00 -5.175965785980224609e+00
-2.056631326675415039e+00 -2.354209423065185547e+00 -5.592998981475830078e+00
-1.054232239723205566e+00 -1.646957039833068848e+00 -5.668262481689453125e+00
-1.405514240264892578e+00 -1.849095463752746582e+00 -5.126294136047363281e+00
-1.448713898658752441e+00 -1.702523469924926758e+00 -5.715136051177978516e+00
-1.118920207023620605e+00 -1.709725618362426758e+00 -5.420103549957275391e+00
-1.489553928375244141e+00 -1.892012119293212891e+00 -5.410659790039062500e+00
-1.320740342140197754e+00 -1.816051125526428223e+00 -5.486666202545166016e+00
