4.935774803161621094e+00 4.014848709106445312e+00 -2.060174369812011719e+01
4.935774803161621094e+00 4.014848709106445312e+00 -2.060174369812011719e+01
4.935774803161621094e+00 4.014848709106445312e+00 -2.060174369812011719e+01
4.935774803161621094e+00 4.014848709106445312e+00 -2.060174369812011719e+01
4.935774803161621094e+00 4.014848709106445312e+00 -2.060174369812011719e+01
4.935774803161621094e+00 4.014848709106445312e+00 -2.060174369812011719e+01
4.935774803161621094e+00 4.014848709106445312e+00 -2.060174369812011719e+01
4.935774803161621094e+00 4.014848709106445312e+00 -2.060174369812011719e+01
4.935774803161621094e+00 4.014848709106445312e+00 -2.060174369812011719e+01
4.935774803161621094e+00 4.014848709106445312e+00 -2.060174369812011719e+01
4.935774803161621094e+00 4.014848709106445312e+00 -2.060174369812011719e+01
4.935774803161621094e+00 4.014848709106445312e+00 -2.060174369812011719e+01
4.935774803161621094e+00 4.014848709106445312e+00 -2.060174369812011719e+01
4.935774803161621094e+00 4.014848709106445312e+00 -2.060174369812011719e+01
4.935774803161621094e+00 4.014848709106445312e+00 -2.060174369812011719e+01
4.935774803161621094e+00 4.014848709106445312e+00 -2.060174369812011719e+01
4.935774803161621094e+00 4.014848709106445312e+00 -2.060174369812011719e+01
4.935774803161621094e+00 4.014848709106445312e+00 -2.060174369812011719e+01
4.935774803161621094e+00 4.014848709106445312e+00 -2.060174369812011719e+01
4.935774803161621094e+00 4.014848709106445312e+00 -2.060174369812011719e+01
4.935774803161621094e+00 4.014848709106445312e+00 -2.060174369812011719e+01
4.935774803161621094e+00 4.014848709106445312e+00 -2.060174369812011719e+01
4.935774803161621094e+00 4.014848709106445312e+00 -2.060174369812011719e+01
4.935774803161621094e+00 4.014848709106445312e+00 -2.060174369812011719e+01
4.935774803161621094e+00 4.014848709106445312e+00 -2.060174369812011719e+01
4.935774803161621094e+00 4.014848709106445312e+00 -2.060174369812011719e+01
4.311910629272460938e+00 3.995788812637329102e+00 -2.052399253845214844e+01
5.018261432647705078e+00 3.854407072067260742e+00 -1.833982276916503906e+01
4.935774803161621094e+00 4.014848709106445312e+00 -2.060174369812011719e+01
4.935774803161621094e+00 4.014848709106445312e+00 -2.060174369812011719e+01
4.184317588806152344e+00 3.885729312896728516e+00 -1.998085212707519531e+01
4.935774803161621094e+00 4.014848709106445312e+00 -2.060174369812011719e+01
4.935774803161621094e+00 4.014848709106445312e+00 -2.060174369812011719e+01
4.786453723907470703e+00 3.984885215759277344e+00 -2.063610267639160156e+01
4.935774803161621094e+00 4.014848709106445312e+00 -2.060174369812011719e+01
4.501551628112792969e+00 3.678733825683593750e+00 -1.926324462890625000e+01
4.935774803161621094e+00 4.014848709106445312e+00 -2.060174369812011719e+01
4.935774803161621094e+00 4.014848709106445312e+00 -2.060174369812011719e+01
4.073564529418945312e+00 3.734615802764892578e+00 -2.029636573791503906e+01
4.935774803161621094e+00 4.014848709106445312e+00 -2.060174369812011719e+01
4.935774803161621094e+00 4.014848709106445312e+00 -2.060174369812011719e+01
4.935774803161621094e+00 4.014848709106445312e+00 -2.060174369812011719e+01
4.935774803161621094e+00 4.014848709106445312e+00 -2.060174369812011719e+01
4.355507373809814453e+00 3.611213207244873047e+00 -1.985998916625976562e+01
4.935774803161621094e+00 4.014848709106445312e+00 -2.060174369812011719e+01
4.935774803161621094e+00 4.014848709106445312e+00 -2.060174369812011719e+01
4.136574268341064453e+00 3.606988906860351562e+00 -2.060954093933105469e+01
4.935774803161621094e+00 4.014848709106445312e+00 -2.060174369812011719e+01
4.762166023254394531e+00 2.996840476989746094e+00 -1.882300376892089844e+01
4.935774803161621094e+00 4.014848709106445312e+00 -2.060174369812011719e+01
4.935774803161621094e+00 4.014848709106445312e+00 -2.060174369812011719e+01
4.184544563293457031e+00 3.423605680465698242e+00 -2.013410568237304688e+01
4.935774803161621094e+00 4.014848709106445312e+00 -2.060174369812011719e+01
4.935774803161621094e+00 4.014848709106445312e+00 -2.060174369812011719e+01
4.935774803161621094e+00 4.014848709106445312e+00 -2.060174369812011719e+01
4.935774803161621094e+00 4.014848709106445312e+00 -2.060174369812011719e+01
4.636358261108398438e+00 3.412457942962646484e+00 -1.997783851623535156e+01
4.935774803161621094e+00 4.014848709106445312e+00 -2.060174369812011719e+01
4.935774803161621094e+00 4.014848709106445312e+00 -2.060174369812011719e+01
3.316507101058959961e+00 2.312246561050415039e+00 -2.026227951049804688e+01
4.935774803161621094e+00 4.014848709106445312e+00 -2.060174369812011719e+01
5.003515243530273438e+00 3.353233098983764648e+00 -2.003571701049804688e+01
4.935774803161621094e+00 4.014848709106445312e+00 -2.060174369812011719e+01
4.935774803161621094e+00 4.014848709106445312e+00 -2.060174369812011719e+01
4.624438762664794922e+00 3.395800828933715820e+00 -2.029791069030761719e+01
4.935774803161621094e+00 4.014848709106445312e+00 -2.060174369812011719e+01
4.935774803161621094e+00 4.014848709106445312e+00 -2.060174369812011719e+01
4.845127582550048828e+00 3.846188306808471680e+00 -2.061484146118164062e+01
4.935774803161621094e+00 4.014848709106445312e+00 -2.060174369812011719e+01
4.879129409790039062e+00 3.437458038330078125e+00 -2.036094474792480469e+01
4.788186550140380859e+00 3.187337875366210938e+00 -2.086523246765136719e+01
4.935774803161621094e+00 4.014848709106445312e+00 -2.060174369812011719e+01
4.889630794525146484e+00 3.766919612884521484e+00 -2.058096694946289062e+01
4.935774803161621094e+00 2.958908319473266602e+00 -2.060174369812011719e+01
