5.590566158294677734e+00 4.497910976409912109e+00 -2.114667701721191406e+01
5.590566158294677734e+00 4.497910976409912109e+00 -2.114667701721191406e+01
5.590566158294677734e+00 4.497910976409912109e+00 -2.114667701721191406e+01
5.590566158294677734e+00 4.497910976409912109e+00 -2.114667701721191406e+01
5.590566158294677734e+00 4.497910976409912109e+00 -2.114667701721191406e+01
5.590566158294677734e+00 4.497910976409912109e+00 -2.114667701721191406e+01
5.590566158294677734e+00 4.497910976409912109e+00 -2.114667701721191406e+01
5.590566158294677734e+00 4.497910976409912109e+00 -2.114667701721191406e+01
5.590566158294677734e+00 4.497910976409912109e+00 -2.114667701721191406e+01
5.590566158294677734e+00 4.497910976409912109e+00 -2.114667701721191406e+01
4.509134769439697266e+00 4.312093734741210938e+00 -2.025314521789550781e+01
5.590566158294677734e+00 4.497910976409912109e+00 -2.114667701721191406e+01
4.004965782165527344e+00 3.270560026168823242e+00 -1.625904083251953125e+01
5.590566158294677734e+00 4.497910976409912109e+00 -2.114667701721191406e+01
4.431779861450195312e+00 4.121285915374755859e+00 -2.073625946044921875e+01
5.590566158294677734e+00 4.497910976409912109e+00 -2.114667701721191406e+01
4.444102287292480469e+00 3.700427770614624023e+00 -1.968115425109863281e+01
5.590566158294677734e+00 4.497910976409912109e+00 -2.114667701721191406e+01
4.524096488952636719e+00 3.953654527664184570e+00 -2.115708160400390625e+01
5.411448955535888672e+00 3.447603702545166016e+00 -1.931150245666503906e+01
5.590566158294677734e+00 4.497910976409912109e+00 -2.114667701721191406e+01
4.933763980865478516e+00 3.980985641479492188e+00 -2.073781967163085938e+01
5.590566158294677734e+00 4.497910976409912109e+00 -2.114667701721191406e+01
5.015385627746582031e+00 3.340715408325195312e+00 -1.994815063476562500e+01
5.100560188293457031e+00 3.982686996459960938e+00 -2.104395103454589844e+01
5.590566158294677734e+00 4.497910976409912109e+00 -2.114667701721191406e+01
5.590566158294677734e+00 4.497910976409912109e+00 -2.114667701721191406e+01
5.247348308563232422e+00 3.815470218658447266e+00 -2.081172943115234375e+01
4.813134193420410156e+00 3.051400184631347656e+00 -2.125901222229003906e+01
5.489338874816894531e+00 3.466098070144653320e+00 -2.071636199951171875e+01
5.590566158294677734e+00 4.497910976409912109e+00 -2.114667701721191406e+01
5.590566158294677734e+00 4.497910976409912109e+00 -2.114667701721191406e+01
5.590566158294677734e+00 4.497910976409912109e+00 -2.114667701721191406e+01
5.590566158294677734e+00 4.497910976409912109e+00 -2.114667701721191406e+01
