-7.581943869590759277e-01 -9.857436418533325195e-01 -5.189898490905761719e+00
-8.846538662910461426e-01 -1.455192267894744873e-01 -5.074051380157470703e+00
-7.204909324645996094e-01 4.849918186664581299e-01 -5.619509696960449219e+00
-7.581943869590759277e-01 -9.857436418533325195e-01 -5.189898490905761719e+00
-1.162294864654541016e+00 -2.789012342691421509e-02 -5.261378288269042969e+00
-2.724427580833435059e-01 1.959607303142547607e-01 -5.498893737792968750e+00
-8.394436240196228027e-01 -4.094027578830718994e-01 -4.887655258178710938e+00
-1.437826395034790039e+00 1.483741879463195801e+00 -6.498488426208496094e+00
3.481446504592895508e-01 8.258320093154907227e-01 -4.785865306854248047e+00
-1.133063673973083496e+00 -4.086343348026275635e-01 -5.035157680511474609e+00
-2.069928944110870361e-01 7.361423373222351074e-01 -6.367784023284912109e+00
-6.718476414680480957e-01 -6.287292242050170898e-01 -4.914611339569091797e+00
-1.559154510498046875e+00 8.866573125123977661e-02 -5.654071331024169922e+00
8.130984753370285034e-02 -4.743776470422744751e-02 -5.374461174011230469e+00
-9.987807273864746094e-01 -5.552564859390258789e-01 -4.847689151763916016e+00
-9.641507267951965332e-01 5.719057917594909668e-01 -6.779249191284179688e+00
-1.691115051507949829e-01 -2.775369286537170410e-01 -4.693418979644775391e+00
-1.254473567008972168e+00 -5.533800721168518066e-01 -5.169375896453857422e+00
-2.327736765146255493e-01 -3.742425441741943359e-01 -5.712762355804443359e+00
-7.750689387321472168e-01 -6.999522447586059570e-01 -4.824970245361328125e+00
-7.581943869590759277e-01 -9.857436418533325195e-01 -5.189898490905761719e+00
1.824366003274917603e-01 -3.173949122428894043e-01 -5.063337802886962891e+00
-1.224339842796325684e+00 -6.063157916069030762e-01 -4.865566730499267578e+00
-4.351980388164520264e-01 -5.297252163290977478e-02 -6.625649452209472656e+00
-2.502985298633575439e-01 -3.717495501041412354e-01 -4.303552627563476562e+00
-1.382918596267700195e+00 -6.122220754623413086e-01 -5.389202594757080078e+00
4.493503645062446594e-02 -5.085228681564331055e-01 -5.560964584350585938e+00
-9.291347861289978027e-01 -7.597880363464355469e-01 -4.781445026397705078e+00
-1.686290621757507324e+00 3.365437686443328857e-01 -7.770242691040039062e+00
2.769858017563819885e-02 -5.817885994911193848e-01 -4.776854991912841797e+00
-1.274218440055847168e+00 -7.570224404335021973e-01 -5.053876399993896484e+00
-3.008280992507934570e-01 -6.449954509735107422e-01 -5.901207923889160156e+00
-6.907469034194946289e-01 -8.352427482604980469e-01 -4.797441005706787109e+00
-1.744989037513732910e+00 -5.444656610488891602e-01 -5.954127788543701172e+00
1.586060822010040283e-01 -6.824273467063903809e-01 -5.265853404998779297e+00
-1.280058383941650391e+00 -7.503033280372619629e-01 -4.625778675079345703e+00
-7.505125403404235840e-01 -5.393550992012023926e-01 -6.764590263366699219e+00
-2.475331574678421021e-01 -7.873849868774414062e-01 -4.626968860626220703e+00
-1.243318319320678711e+00 -8.693709373474121094e-01 -5.234859466552734375e+00
-1.402953118085861206e-01 -8.173674345016479492e-01 -5.658861637115478516e+00
-8.401826620101928711e-01 -8.961646556854248047e-01 -4.739218235015869141e+00
-2.739809989929199219e+00 -3.372186720371246338e-01 -8.338884353637695312e+00
1.439202874898910522e-01 -8.423641324043273926e-01 -4.942666053771972656e+00
-1.216919898986816406e+00 -9.174467325210571289e-01 -4.954488277435302734e+00
2.564350962638854980e-01 -6.594101190567016602e-01 -7.926687240600585938e+00
-5.538171529769897461e-01 -9.362611770629882812e-01 -4.687850952148437500e+00
-1.149082899093627930e+00 -9.550815820693969727e-01 -5.375147819519042969e+00
2.189640700817108154e-01 -9.340338706970214844e-01 -5.491167068481445312e+00
-9.921451807022094727e-01 -9.717160463333129883e-01 -4.790702819824218750e+00
-1.626022338867187500e+00 -9.439894556999206543e-01 -9.231221199035644531e+00
5.456059575080871582e-01 -1.001898765563964844e+00 -4.263739585876464844e+00
-1.090141296386718750e+00 -9.958851337432861328e-01 -5.148528575897216797e+00
-3.280905485153198242e-01 -1.019299983978271484e+00 -5.695202350616455078e+00
-7.386613488197326660e-01 -1.023736715316772461e+00 -4.654268264770507812e+00
-9.719582200050354004e-01 -1.013544559478759766e+00 -5.406814098358154297e+00
2.138433158397674561e-01 -1.094562768936157227e+00 -5.140197753906250000e+00
-1.051790356636047363e+00 -1.036190867424011230e+00 -4.947314739227294922e+00
-5.389485359191894531e-01 -1.228955626487731934e+00 -6.761344909667968750e+00
-5.270545482635498047e-01 -1.056785225868225098e+00 -4.854211807250976562e+00
-1.018989086151123047e+00 -1.038075804710388184e+00 -5.249906539916992188e+00
6.980199813842773438e-01 -1.349036216735839844e+00 -6.014931201934814453e+00
-8.987644314765930176e-01 -1.094553351402282715e+00 -4.756589412689208984e+00
-1.808263301849365234e+00 -1.646124482154846191e+00 -7.492080688476562500e+00
9.950684905052185059e-01 -1.525624871253967285e+00 -4.446074962615966797e+00
-1.010584592819213867e+00 -1.067774653434753418e+00 -5.100507259368896484e+00
-5.089351534843444824e-01 -1.160773038864135742e+00 -5.658595085144042969e+00
-5.188007354736328125e-01 -1.324067354202270508e+00 -4.263402938842773438e+00
-9.612584710121154785e-01 -1.077274322509765625e+00 -5.321871757507324219e+00
1.392840385437011719e+00 -1.864454030990600586e+00 -5.548779487609863281e+00
-9.707860350608825684e-01 -1.133622884750366211e+00 -4.918142795562744141e+00
-7.859972715377807617e-01 -1.148545980453491211e+00 -5.546628475189208984e+00
-3.853639662265777588e-01 -1.231767177581787109e+00 -4.841604709625244141e+00
-9.690136313438415527e-01 -1.093332052230834961e+00 -5.191955566406250000e+00
1.543482303619384766e+00 -2.654663324356079102e+00 -7.257485389709472656e+00
-8.100602030754089355e-01 -1.289874434471130371e+00 -4.658498764038085938e+00
-8.985471725463867188e-01 -1.126183748245239258e+00 -5.376710891723632812e+00
5.056591331958770752e-02 -1.507245659828186035e+00 -5.038688182830810547e+00
-9.470072388648986816e-01 -1.134345650672912598e+00 -5.072362899780273438e+00
-6.604372859001159668e-01 -1.241638541221618652e+00 -5.539893150329589844e+00
7.845139503479003906e-02 -2.358769893646240234e+00 -3.539826154708862305e+00
-9.226164221763610840e-01 -1.123177886009216309e+00 -5.251770019531250000e+00
9.793251156806945801e-01 -2.530294418334960938e+00 -5.887359619140625000e+00
-9.128479361534118652e-01 -1.296888470649719238e+00 -4.867640972137451172e+00
-8.222046494483947754e-01 -1.188678622245788574e+00 -5.401169776916503906e+00
-3.543023467063903809e-01 -1.442053914070129395e+00 -4.950540542602539062e+00
-9.117930531501770020e-01 -1.147247195243835449e+00 -5.157698154449462891e+00
-1.881931573152542114e-01 -2.052872896194458008e+00 -5.984083175659179688e+00
-6.888026595115661621e-01 -1.663488268852233887e+00 -4.610073566436767578e+00
-8.670027256011962891e-01 -1.163297295570373535e+00 -5.283432960510253906e+00
-8.070568740367889404e-02 -1.883215069770812988e+00 -5.211296081542968750e+00
-8.628719449043273926e-01 -1.193880319595336914e+00 -5.087743759155273438e+00
-7.347404360771179199e-01 -1.630673170089721680e+00 -5.608546733856201172e+00
-4.428268969058990479e-02 -2.873986959457397461e+00 -4.317224979400634766e+00
-8.601101040840148926e-01 -1.175370812416076660e+00 -5.204624652862548828e+00
-2.542059123516082764e-01 -2.237575054168701172e+00 -5.533311843872070312e+00
-8.441533446311950684e-01 -1.861927270889282227e+00 -4.824489116668701172e+00
-9.472739100456237793e-01 -2.045890331268310547e+00 -5.527460098266601562e+00
-5.630534887313842773e-01 -1.686493039131164551e+00 -5.125538825988769531e+00
-8.023914098739624023e-01 -1.223210453987121582e+00 -5.169999122619628906e+00
-7.581943869590759277e-01 -2.050225019454956055e+00 -5.189898490905761719e+00
