-6.993754506111145020e-01 -3.848729282617568970e-02 -3.174710273742675781e+00
-8.306558132171630859e-01 1.634686812758445740e-02 -3.054446697235107422e+00
-6.893582344055175781e-01 -4.651581346988677979e-01 -3.288851022720336914e+00
-5.341992378234863281e-01 -1.120552346110343933e-01 -2.959267139434814453e+00
-9.854205846786499023e-01 -1.778856962919235229e-01 -3.225307703018188477e+00
-4.086088389158248901e-02 7.460820674896240234e-01 -3.593603372573852539e+00
-8.302920460700988770e-01 7.274778932332992554e-02 -2.687706947326660156e+00
-7.864122986793518066e-01 -5.396546125411987305e-01 -3.342294454574584961e+00
-6.993754506111145020e-01 -8.559085130691528320e-01 -3.174710273742675781e+00
-2.793128728866577148e+00 2.367413282394409180e+00 -2.310439348220825195e+00
-6.023926138877868652e-01 -5.529460310935974121e-01 -3.381957054138183594e+00
-5.322413444519042969e-01 -1.648658514022827148e-01 -2.641860485076904297e+00
-1.086306929588317871e+00 -3.368780016899108887e-01 -3.398944854736328125e+00
1.779631376266479492e-01 1.246844679117202759e-01 -3.367590665817260742e+00
-2.616635560989379883e+00 2.574693441390991211e+00 -4.476049542427062988e-01
-7.186223268508911133e-01 -7.103443741798400879e-01 -3.323236942291259766e+00
-1.875937730073928833e-01 -2.406347692012786865e-01 -2.743380069732666016e+00
-1.460547089576721191e+00 -1.927679330110549927e-01 -3.143233537673950195e+00
-1.769748628139495850e-01 -2.479223161935806274e-01 -3.694568634033203125e+00
-8.519107699394226074e-01 1.727463722229003906e+00 1.240072548389434814e-01
-8.735158443450927734e-01 -6.541963815689086914e-01 -3.383388757705688477e+00
2.850742638111114502e-01 -1.564251631498336792e-01 -3.042253971099853516e+00
-2.552508831024169922e+00 6.524844169616699219e-01 -1.885348200798034668e+00
-5.613120794296264648e-01 -4.571995139122009277e-01 -3.788415908813476562e+00
-2.888127863407135010e-01 -3.595802783966064453e-01 -2.458223581314086914e+00
-4.286033630371093750e+00 1.288548350334167480e+00 -4.318952083587646484e+00
1.328266024589538574e+00 3.489193022251129150e-01 -4.111532211303710938e+00
-1.196545243263244629e+00 -1.987303793430328369e-01 -1.986748456954956055e+00
-9.459586143493652344e-01 -5.045938491821289062e-01 -3.860274314880371094e+00
2.012314051389694214e-01 -3.929896652698516846e-01 -2.701376438140869141e+00
-2.087161302566528320e+00 -2.407898902893066406e-01 -2.808894395828247070e+00
-3.427697122097015381e-01 -5.902291536331176758e-01 -3.729314088821411133e+00
-3.581177294254302979e-01 -9.443321079015731812e-02 -1.189029335975646973e+00
-2.237319946289062500e+00 -1.681656241416931152e-01 -4.365780830383300781e+00
7.550435662269592285e-01 -3.747252821922302246e-01 -3.295205831527709961e+00
-1.533336043357849121e+00 -4.796650409698486328e-01 -2.273223400115966797e+00
-6.987038254737854004e-01 -8.168817758560180664e-01 -3.312382221221923828e+00
6.078995466232299805e-01 -3.481172621250152588e-01 -1.733630418777465820e+00
-3.397612094879150391e+00 -2.086490541696548462e-01 -3.424782276153564453e+00
9.608289003372192383e-01 -4.035062789916992188e-01 -4.434746265411376953e+00
-1.186001420021057129e+00 -3.242293596267700195e-01 -4.997839033603668213e-01
-7.794727087020874023e-01 -8.296949863433837891e-01 -3.301992893218994141e+00
4.159049391746520996e-01 -6.786490678787231445e-01 -2.869058132171630859e+00
-2.550381422042846680e+00 -5.803232192993164062e-01 -2.224804639816284180e+00
-1.453142315149307251e-01 -6.777067780494689941e-01 -4.669195175170898438e+00
-3.588550686836242676e-01 -7.734639644622802734e-01 -2.338230371475219727e+00
-2.738287210464477539e+00 -6.959723830223083496e-01 -4.140988826751708984e+00
9.284482002258300781e-01 -7.697665095329284668e-01 -3.676585674285888672e+00
-1.396045088768005371e+00 -8.141364455223083496e-01 -1.985967040061950684e+00
-7.211872935295104980e-01 -8.548590540885925293e-01 -3.276284217834472656e+00
9.066669344902038574e-01 -8.758085966110229492e-01 -2.033853054046630859e+00
-4.097290992736816406e+00 -9.597198963165283203e-01 -2.751234531402587891e+00
3.557497560977935791e-01 -9.382284283638000488e-01 -4.414314746856689453e+00
-6.346590518951416016e-01 -9.817861914634704590e-01 -1.400075674057006836e+00
-7.880956530570983887e-01 -8.674469590187072754e-01 -3.264738559722900391e+00
1.217436432838439941e+00 -1.070494532585144043e+00 -3.076702356338500977e+00
-1.483123064041137695e+00 -9.905761480331420898e-01 -2.527138948440551758e+00
-4.671044945716857910e-01 -1.113569378852844238e+00 -4.839514255523681641e+00
4.128054678440093994e-01 -1.197740674018859863e+00 -1.559479475021362305e+00
-8.615105748176574707e-01 -8.884432911872863770e-01 -3.212017297744750977e+00
1.107082605361938477e+00 -1.306578993797302246e+00 -4.198177337646484375e+00
-1.220522046089172363e+00 -1.259307503700256348e+00 -1.568268537521362305e+00
-7.354258894920349121e-01 -8.785803914070129395e-01 -3.253747701644897461e+00
2.332282066345214844e+00 -1.789445161819458008e+00 -1.888526439666748047e+00
-1.581133842468261719e+00 -1.142494797706604004e+00 -2.862409591674804688e+00
1.712106347084045410e+00 -2.549247026443481445e+00 -7.709157466888427734e+00
-2.464192211627960205e-01 -1.496050000190734863e+00 -1.421689987182617188e+00
-7.920156121253967285e-01 -8.976658582687377930e-01 -3.234917879104614258e+00
1.041531562805175781e+00 -1.567079305648803711e+00 -3.465165138244628906e+00
-1.501311898231506348e+00 -1.413737535476684570e+00 -2.149596214294433594e+00
-7.047339677810668945e-01 -8.872857689857482910e-01 -3.243463754653930664e+00
1.860275387763977051e+00 -2.544972419738769531e+00 -7.835133671760559082e-01
-8.421012759208679199e-01 -9.287464618682861328e-01 -3.176102876663208008e+00
1.445974588394165039e+00 -2.411477327346801758e+00 -5.101869583129882812e+00
-9.864101409912109375e-01 -2.539022684097290039e+00 -2.338487803936004639e-01
-7.407693266868591309e-01 -8.973281383514404297e-01 -3.229806184768676758e+00
-6.993754506111145020e-01 -8.559085130691528320e-01 -3.174710273742675781e+00
-8.726249933242797852e-01 -9.922616481781005859e-01 -3.066862821578979492e+00
-1.359799355268478394e-01 -2.330686330795288086e+00 -5.191805839538574219e+00
-2.089841514825820923e-01 -1.660693764686584473e+00 -2.207537412643432617e+00
-7.838073372840881348e-01 -9.264819622039794922e-01 -3.206481695175170898e+00
6.482405066490173340e-01 -2.053858280181884766e+00 -3.715659379959106445e+00
-8.732657432556152344e-01 -1.205755352973937988e+00 -2.812368392944335938e+00
-7.149837613105773926e-01 -9.053922891616821289e-01 -3.226226806640625000e+00
4.193574935197830200e-02 -1.693429231643676758e+00 -2.735388278961181641e+00
-8.028106093406677246e-01 -9.646669030189514160e-01 -3.153026103973388672e+00
1.250900179147720337e-01 -2.399433851242065430e+00 -4.323441028594970703e+00
-4.223109185695648193e-01 -3.561980962753295898e+00 -8.596071600914001465e-01
-7.386083602905273438e-01 -9.199288487434387207e-01 -3.208436012268066406e+00
9.721938371658325195e-01 -3.070241689682006836e+00 -3.227504253387451172e+00
-7.774117588996887207e-01 -1.011072874069213867e+00 -3.098554611206054688e+00
-6.601923704147338867e-01 -1.933353781700134277e+00 -3.874121189117431641e+00
-2.417260855436325073e-01 -2.066356897354125977e+00 -2.615287303924560547e+00
-7.505794763565063477e-01 -9.511801004409790039e-01 -3.182109117507934570e+00
-2.646755194291472435e-03 -2.586477518081665039e+00 -3.649455070495605469e+00
-7.168012857437133789e-01 -1.033530592918395996e+00 -3.100633621215820312e+00
-7.130845785140991211e-01 -9.327739477157592773e-01 -3.199185132980346680e+00
-1.503001749515533447e-01 -2.827633619308471680e+00 -2.993619441986083984e+00
-7.201576232910156250e-01 -9.675692915916442871e-01 -3.165353298187255859e+00
-6.993754506111145020e-01 -3.818870782852172852e+00 -3.174710273742675781e+00
