-1.145320892333984375e+00 1.661033391952514648e+00 -2.752210855484008789e+00
-1.564994931221008301e+00 1.542054653167724609e+00 -2.367755174636840820e+00
-1.142187118530273438e+00 -1.124110102653503418e+00 -2.787918090820312500e+00
-5.191187858581542969e-01 1.573682665824890137e+00 -1.935441136360168457e+00
-1.744457602500915527e+00 1.738038510084152222e-01 -2.858189821243286133e+00
-6.320094466209411621e-01 2.399159129709005356e-03 -3.078737497329711914e+00
-1.327970266342163086e+00 4.927160963416099548e-02 -2.072764158248901367e+00
-1.179387450218200684e+00 -1.122568011283874512e+00 -2.817803859710693359e+00
-4.996751844882965088e-01 -1.891378462314605713e-01 -2.516422033309936523e+00
-2.277411460876464844e+00 4.964962005615234375e-01 -2.284900426864624023e+00
-1.107350468635559082e+00 -1.127735853195190430e+00 -2.833351373672485352e+00
-4.156102538108825684e-01 1.770754218101501465e+00 -4.257783293724060059e-01
-1.240992546081542969e+00 -1.118016719818115234e+00 -2.807654619216918945e+00
2.384694367647171021e-01 3.002983927726745605e-01 -3.056433200836181641e+00
-1.535098671913146973e+00 -5.489116311073303223e-01 -2.197792053222656250e+00
-1.161843180656433105e+00 -1.121393084526062012e+00 -2.879711866378784180e+00
8.981999158859252930e-01 1.210408926010131836e+00 -1.029929399490356445e+00
-1.288905382156372070e+00 -1.121258616447448730e+00 -2.746273279190063477e+00
-1.045759201049804688e+00 -1.130477905273437500e+00 -2.851288080215454102e+00
-1.346364617347717285e+00 2.158569335937500000e+00 1.595544338226318359e+00
-1.267049670219421387e+00 -1.105348706245422363e+00 -2.898082733154296875e+00
7.258384674787521362e-02 -3.809902071952819824e-01 -2.588343381881713867e+00
-1.293940544128417969e+00 -1.125379085540771484e+00 -2.648805141448974609e+00
-1.094741106033325195e+00 -1.100282907485961914e+00 -2.977043390274047852e+00
-2.758818268775939941e-01 -1.952880769968032837e-01 -1.234923720359802246e+00
-1.486898064613342285e+00 -1.042122483253479004e+00 -2.861183404922485352e+00
-9.356163144111633301e-01 -1.121744036674499512e+00 -2.849099636077880859e+00
-1.435078740119934082e+00 -8.633378148078918457e-01 -2.059849262237548828e+00
-1.225869894027709961e+00 -1.131590127944946289e+00 -2.976157665252685547e+00
-4.402632117271423340e-01 -8.839458227157592773e-01 -2.381652355194091797e+00
-1.590046167373657227e+00 -1.049232006072998047e+00 -2.634982585906982422e+00
-9.570639133453369141e-01 -1.106095194816589355e+00 -3.044993638992309570e+00
-9.064162969589233398e-01 -7.132642269134521484e-01 -1.362093448638916016e+00
-1.587238788604736328e+00 -1.048732638359069824e+00 -3.094456911087036133e+00
5.528485178947448730e-01 -6.845247745513916016e-01 -2.892900705337524414e+00
-1.271109580993652344e+00 -1.189600944519042969e+00 -2.616236925125122070e+00
-1.143996119499206543e+00 -1.169366240501403809e+00 -3.023783922195434570e+00
2.926391363143920898e-01 -6.877970099449157715e-01 -1.167069792747497559e+00
-1.553505420684814453e+00 -1.148434638977050781e+00 -2.790041208267211914e+00
-7.534701824188232422e-01 -1.139572381973266602e+00 -3.049611568450927734e+00
-1.370723366737365723e+00 -1.000079989433288574e+00 -1.513199567794799805e+00
-1.427232265472412109e+00 -1.154089570045471191e+00 -3.200196266174316406e+00
1.410977125167846680e+00 -8.400602936744689941e-01 -2.051635503768920898e+00
-1.602613210678100586e+00 -1.178267359733581543e+00 -2.517535924911499023e+00
-1.009331583976745605e+00 -1.202612876892089844e+00 -3.119018793106079102e+00
-6.001684069633483887e-01 -1.114362120628356934e+00 -1.413057327270507812e+00
-1.679248809814453125e+00 -1.204468607902526855e+00 -3.005249261856079102e+00
-9.377111792564392090e-01 -1.235364437103271484e+00 -2.816219091415405273e+00
-1.251960158348083496e+00 -1.239956855773925781e+00 -2.570249795913696289e+00
-1.407337188720703125e+00 -1.233744382858276367e+00 -3.972375154495239258e+00
-3.475076258182525635e-01 -1.256236433982849121e+00 -2.185481786727905273e+00
-1.546679735183715820e+00 -1.258612990379333496e+00 -2.702190399169921875e+00
-8.692722916603088379e-01 -1.267887949943542480e+00 -3.076524019241333008e+00
-9.833051562309265137e-01 -1.561482191085815430e+00 1.690538167953491211e+00
-1.804575562477111816e+00 -1.332090020179748535e+00 -3.421185016632080078e+00
1.734163165092468262e+00 -1.568707585334777832e+00 -2.604980945587158203e+00
-2.459694147109985352e+00 -1.472193479537963867e+00 -1.666210174560546875e+00
-1.071864604949951172e+00 -1.327836751937866211e+00 -3.278708934783935547e+00
-3.650067150592803955e-01 -1.486182808876037598e+00 -1.618953227996826172e+00
-1.537654042243957520e+00 -1.325078248977661133e+00 -2.842485904693603516e+00
-1.043948054313659668e+00 -1.271641135215759277e+00 -2.809644699096679688e+00
-1.225547790527343750e+00 -1.308451294898986816e+00 -2.504910469055175781e+00
-1.532293081283569336e+00 -1.489714980125427246e+00 -3.600612878799438477e+00
-4.758052229881286621e-01 -1.452514529228210449e+00 -2.468168020248413086e+00
-1.512568593025207520e+00 -1.365712523460388184e+00 -2.622139215469360352e+00
-1.005564928054809570e+00 -1.344487309455871582e+00 -3.015002012252807617e+00
-7.361083626747131348e-01 -1.824671506881713867e+00 -1.168486475944519043e+00
-1.766844391822814941e+00 -1.526501297950744629e+00 -3.156144380569458008e+00
-6.231745481491088867e-01 -1.459650754928588867e+00 -2.839326381683349609e+00
-2.928496360778808594e+00 -2.486732244491577148e+00 -4.727808535099029541e-01
-1.206216096878051758e+00 -1.602928638458251953e+00 -3.533538818359375000e+00
3.312068581581115723e-01 -2.220682859420776367e+00 -1.372855305671691895e+00
-1.401373982429504395e+00 -1.377023577690124512e+00 -2.754709243774414062e+00
-1.090462684631347656e+00 -1.286127924919128418e+00 -2.801489830017089844e+00
-1.341836214065551758e+00 -2.398678064346313477e+00 -7.387798428535461426e-01
-1.518069028854370117e+00 -1.619330883026123047e+00 -3.248345613479614258e+00
-4.758546352386474609e-01 -1.678033709526062012e+00 -2.627043724060058594e+00
-1.344155550003051758e+00 -1.402840375900268555e+00 -2.628436803817749023e+00
-1.128623366355895996e+00 -1.290059328079223633e+00 -2.811992168426513672e+00
-5.615864992141723633e-01 -2.204322099685668945e+00 -1.600942254066467285e+00
-1.247415304183959961e+00 -1.331687808036804199e+00 -2.790628671646118164e+00
-1.093313694000244141e+00 -1.292582154273986816e+00 -2.773087263107299805e+00
-1.657505869865417480e+00 -2.276807069778442383e+00 -1.684950947761535645e+00
-1.162447452545166016e+00 -1.300648212432861328e+00 -2.808738708496093750e+00
8.769515156745910645e-02 -2.639391183853149414e+00 -2.021490812301635742e+00
-1.233669400215148926e+00 -1.339246153831481934e+00 -2.733689546585083008e+00
-1.118627071380615234e+00 -1.296325683593750000e+00 -2.789403438568115234e+00
-8.563148379325866699e-01 -4.069055080413818359e+00 -3.373267054557800293e-01
-1.187745451927185059e+00 -1.315579414367675781e+00 -2.788680076599121094e+00
-1.105025172233581543e+00 -1.299730777740478516e+00 -2.753483533859252930e+00
-1.187238335609436035e+00 -1.329697728157043457e+00 -2.711303710937500000e+00
-1.143253684043884277e+00 -1.303192973136901855e+00 -2.789109230041503906e+00
-5.310697555541992188e-01 -2.870999336242675781e+00 -2.001360654830932617e+00
-1.185479164123535156e+00 -1.321070432662963867e+00 -2.758013486862182617e+00
-1.122955918312072754e+00 -1.301901936531066895e+00 -2.767450094223022461e+00
-1.152129173278808594e+00 -1.315747976303100586e+00 -2.723268985748291016e+00
-1.156711697578430176e+00 -1.310217857360839844e+00 -2.772546768188476562e+00
-1.128282427787780762e+00 -1.307535767555236816e+00 -2.746591329574584961e+00
-1.158258676528930664e+00 -1.315864324569702148e+00 -2.746385812759399414e+00
-1.145320892333984375e+00 -1.311125397682189941e+00 -2.752210855484008789e+00
