6.456443071365356445e-01 1.792846798896789551e+00 -6.733949780464172363e-01
3.036467730998992920e-01 1.858633518218994141e+00 -3.600972294807434082e-01
6.663649082183837891e-01 3.945955634117126465e-01 -9.094954133033752441e-01
6.456443071365356445e-01 -4.136727750301361084e-01 -6.733949780464172363e-01
3.155327439308166504e-01 3.688021898269653320e-01 -7.317870855331420898e-01
1.427066802978515625e+00 1.487320184707641602e+00 -1.170472025871276855e+00
4.781918525695800781e-01 7.741504311561584473e-01 -5.048015713691711426e-02
-1.223810985684394836e-01 2.376995801925659180e+00 -2.152181148529052734e+00
1.802677869796752930e+00 1.480912566184997559e+00 -2.508482038974761963e-01
1.023551449179649353e-01 4.227179288864135742e-01 -4.491330981254577637e-01
1.194687962532043457e+00 1.301472187042236328e+00 -1.846669197082519531e+00
1.038012742996215820e+00 1.208637118339538574e+00 5.775374770164489746e-01
-1.031583309173583984e+00 1.836163282394409180e+00 -1.645382642745971680e+00
6.937627792358398438e-01 -3.598912358283996582e-01 -6.839736700057983398e-01
1.024063527584075928e-01 5.583565831184387207e-01 9.930511564016342163e-02
4.051116108894348145e-01 1.405477881431579590e+00 -2.529569149017333984e+00
1.282464981079101562e+00 3.519252240657806396e-01 -1.366818547248840332e-01
-1.552675724029541016e+00 1.501526236534118652e+00 -5.824875235557556152e-01
6.921915411949157715e-01 -3.594996333122253418e-01 -7.197157144546508789e-01
5.324234962463378906e-01 1.503860116004943848e+00 1.775109767913818359e+00
-3.508017957210540771e-01 7.405412793159484863e-01 -1.867470383644104004e+00
6.456443071365356445e-01 -4.136727750301361084e-01 -6.733949780464172363e-01
-3.868401795625686646e-02 1.433491557836532593e-01 -1.972571611404418945e-01
6.877043247222900391e-01 -2.922088801860809326e-01 -8.603560924530029297e-01
8.605887889862060547e-01 -1.538269072771072388e-01 -2.982881963253021240e-01
-4.233296513557434082e-01 2.254649847745895386e-01 -1.014426827430725098e+00
2.212014675140380859e+00 5.170670151710510254e-01 -1.397097826004028320e+00
6.935339421033859253e-02 3.480906784534454346e-01 7.036226987838745117e-01
5.598903894424438477e-01 -2.914965450763702393e-01 -9.118126630783081055e-01
1.319421052932739258e+00 -6.734632700681686401e-02 -3.192767798900604248e-01
-4.398950099945068359e+00 1.822280406951904297e+00 6.563439369201660156e-01
6.999209523200988770e-01 -3.732354640960693359e-01 -7.578076124191284180e-01
9.300838112831115723e-01 2.210195362567901611e-01 9.816770553588867188e-01
-2.190385341644287109e+00 8.545520305633544922e-01 -2.869775772094726562e+00
1.901949167251586914e+00 1.965900417417287827e-03 -7.774772644042968750e-01
1.369415898807346821e-03 -1.230064779520034790e-01 2.304730191826820374e-02
6.476155519485473633e-01 -2.991262376308441162e-01 -1.077472448348999023e+00
1.232044696807861328e+00 -1.858943998813629150e-01 -2.697414904832839966e-02
-2.392484903335571289e+00 3.151209354400634766e-01 -9.549680948257446289e-01
2.287918329238891602e+00 3.384345024824142456e-02 -1.919822335243225098e+00
3.565578460693359375e-01 -9.782186150550842285e-02 9.156798124313354492e-01
2.248012274503707886e-01 -2.759431302547454834e-01 -1.342156767845153809e+00
2.392838716506958008e+00 -1.359788030385971069e-01 -1.945614516735076904e-01
-2.048759162425994873e-01 -2.870438694953918457e-01 -2.369220405817031860e-01
7.051084041595458984e-01 -3.945474326610565186e-01 -8.337891697883605957e-01
1.761765003204345703e+00 -1.434449404478073120e-01 2.068327903747558594e+00
-8.061093091964721680e-01 -2.997944653034210205e-01 -1.361408114433288574e+00
2.064684867858886719e+00 -3.385792970657348633e-01 -1.110900402069091797e+00
2.210470661520957947e-02 -3.762855529785156250e-01 3.905647993087768555e-01
4.395883083343505859e-01 -4.037587046623229980e-01 -1.632961869239807129e+00
2.635844230651855469e+00 -4.383328557014465332e-01 7.403498291969299316e-01
-9.829078316688537598e-01 -4.634274542331695557e-01 -4.704316556453704834e-01
1.882641315460205078e+00 -5.101821422576904297e-01 -2.126669883728027344e+00
6.885547041893005371e-01 -4.971362948417663574e-01 5.032809376716613770e-01
-3.321914933621883392e-03 -4.980738162994384766e-01 -1.331928968429565430e+00
2.535929203033447266e+00 -6.252891421318054199e-01 -5.767434239387512207e-01
-2.008623361587524414e+00 -8.697429895401000977e-01 1.519693136215209961e+00
6.826815009117126465e-01 -4.547585546970367432e-01 -9.388592243194580078e-01
1.558208227157592773e+00 -6.941520571708679199e-01 6.519302129745483398e-01
3.690849244594573975e-01 -4.691683948040008545e-01 -7.370306253433227539e-01
1.880214452743530273e+00 -7.216700911521911621e-01 -1.372853040695190430e+00
-1.322451326996088028e-02 -9.236771464347839355e-01 1.357577562332153320e+00
2.702518403530120850e-01 -6.497544050216674805e-01 -1.496409416198730469e+00
2.148426055908203125e+00 -8.764235377311706543e-01 -3.583821281790733337e-02
-1.542504429817199707e-01 -6.736519932746887207e-01 -3.900886774063110352e-01
1.378805518150329590e+00 -9.284973740577697754e-01 -2.052000045776367188e+00
8.146501779556274414e-01 -6.525207757949829102e-01 -1.931249164044857025e-02
7.045434415340423584e-02 -6.729384064674377441e-01 -1.047215938568115234e+00
2.120899438858032227e+00 -1.016323208808898926e+00 -9.195281267166137695e-01
-6.331318616867065430e-02 -9.068253636360168457e-01 2.328641116619110107e-01
6.062123179435729980e-01 -6.445705294609069824e-01 -1.179334759712219238e+00
1.772796034812927246e+00 -1.157458424568176270e+00 3.795774877071380615e-01
-2.024769783020019531e-01 -8.464984297752380371e-01 -6.816700100898742676e-01
1.732033252716064453e+00 -1.201400995254516602e+00 -1.649293780326843262e+00
5.543592572212219238e-01 -9.489502906799316406e-01 2.618814408779144287e-01
3.349493443965911865e-01 -7.245609760284423828e-01 -1.086935758590698242e+00
2.104488849639892578e+00 -1.354359745979309082e+00 -4.006414115428924561e-01
-1.608916744589805603e-02 -9.344789385795593262e-01 -2.614674270153045654e-01
1.088215589523315430e+00 -1.572173833847045898e+00 -2.257909536361694336e+00
1.249925136566162109e+00 -1.405362963676452637e+00 5.183962583541870117e-01
1.643032431602478027e-01 -8.160076737403869629e-01 -8.545217514038085938e-01
2.436251163482666016e+00 -2.005414962768554688e+00 -1.392165780067443848e+00
2.829790711402893066e-01 -1.143312692642211914e+00 8.230481296777725220e-02
5.406301617622375488e-01 -7.466042041778564453e-01 -1.020002961158752441e+00
1.664312481880187988e+00 -1.564546585083007812e+00 -6.970342993736267090e-02
8.270708471536636353e-02 -1.005581140518188477e+00 -5.553804636001586914e-01
1.672290205955505371e+00 -2.335710763931274414e+00 -2.103824377059936523e+00
7.745113372802734375e-01 -1.672309160232543945e+00 4.033954739570617676e-01
3.628201782703399658e-01 -8.751859068870544434e-01 -9.165181517601013184e-01
2.133363008499145508e+00 -2.384458541870117188e+00 -7.203823328018188477e-01
2.630174905061721802e-02 -1.645148873329162598e+00 -6.897781789302825928e-02
6.545941829681396484e-01 -6.597746014595031738e-01 -8.331490159034729004e-01
1.167794704437255859e+00 -1.794721722602844238e+00 -3.512708097696304321e-02
2.506632804870605469e-01 -1.148585081100463867e+00 -7.304678559303283691e-01
1.061182141304016113e+00 -1.445806264877319336e+00 -9.565389156341552734e-01
4.649764597415924072e-01 -2.255228996276855469e+00 9.461985528469085693e-02
4.938617944717407227e-01 -1.264699459075927734e+00 -9.443705677986145020e-01
9.668588638305664062e-01 -1.567151784896850586e+00 -5.674549341201782227e-01
4.519873857498168945e-01 -1.454175233840942383e+00 -5.862030982971191406e-01
6.456443071365356445e-01 -1.479507565498352051e+00 -6.733949780464172363e-01
