3.994444608688354492e+00 3.940642595291137695e+00 -2.115340805053710938e+01
3.994444608688354492e+00 3.940642595291137695e+00 -2.115340805053710938e+01
3.994444608688354492e+00 3.940642595291137695e+00 -2.115340805053710938e+01
3.994444608688354492e+00 3.940642595291137695e+00 -2.115340805053710938e+01
3.994444608688354492e+00 3.940642595291137695e+00 -2.115340805053710938e+01
3.994444608688354492e+00 3.940642595291137695e+00 -2.115340805053710938e+01
3.994444608688354492e+00 3.940642595291137695e+00 -2.115340805053710938e+01
3.994444608688354492e+00 3.940642595291137695e+00 -2.115340805053710938e+01
3.994444608688354492e+00 3.940642595291137695e+00 -2.115340805053710938e+01
3.994444608688354492e+00 3.940642595291137695e+00 -2.115340805053710938e+01
3.994444608688354492e+00 3.940642595291137695e+00 -2.115340805053710938e+01
3.994444608688354492e+00 3.940642595291137695e+00 -2.115340805053710938e+01
3.994444608688354492e+00 3.940642595291137695e+00 -2.115340805053710938e+01
3.994444608688354492e+00 3.940642595291137695e+00 -2.115340805053710938e+01
3.994444608688354492e+00 3.940642595291137695e+00 -2.115340805053710938e+01
3.994444608688354492e+00 3.940642595291137695e+00 -2.115340805053710938e+01
3.994444608688354492e+00 3.940642595291137695e+00 -2.115340805053710938e+01
3.994444608688354492e+00 3.940642595291137695e+00 -2.115340805053710938e+01
3.994444608688354492e+00 3.940642595291137695e+00 -2.115340805053710938e+01
3.994444608688354492e+00 3.940642595291137695e+00 -2.115340805053710938e+01
3.994444608688354492e+00 3.940642595291137695e+00 -2.115340805053710938e+01
3.994444608688354492e+00 3.940642595291137695e+00 -2.115340805053710938e+01
3.994444608688354492e+00 3.940642595291137695e+00 -2.115340805053710938e+01
3.994444608688354492e+00 3.940642595291137695e+00 -2.115340805053710938e+01
4.278293132781982422e+00 4.009366035461425781e+00 -2.045614242553710938e+01
3.994444608688354492e+00 3.940642595291137695e+00 -2.115340805053710938e+01
3.576977729797363281e+00 3.965673685073852539e+00 -2.044107437133789062e+01
3.994444608688354492e+00 3.940642595291137695e+00 -2.115340805053710938e+01
-4.461510658264160156e+00 3.682300567626953125e+00 -2.009955787658691406e+01
4.054760456085205078e+00 3.823324441909790039e+00 -1.949944686889648438e+01
3.994444608688354492e+00 3.940642595291137695e+00 -2.115340805053710938e+01
1.537643313407897949e+00 3.518501996994018555e+00 -1.912347602844238281e+01
3.994444608688354492e+00 3.940642595291137695e+00 -2.115340805053710938e+01
2.364015340805053711e+00 3.613473415374755859e+00 -2.152856636047363281e+01
3.994444608688354492e+00 3.940642595291137695e+00 -2.115340805053710938e+01
3.731999158859252930e+00 3.737493991851806641e+00 -2.034441566467285156e+01
3.994444608688354492e+00 3.940642595291137695e+00 -2.115340805053710938e+01
3.320464372634887695e+00 3.721587657928466797e+00 -2.091469764709472656e+01
3.994444608688354492e+00 3.940642595291137695e+00 -2.115340805053710938e+01
4.150895595550537109e+00 3.719538211822509766e+00 -2.054791641235351562e+01
3.994444608688354492e+00 3.940642595291137695e+00 -2.115340805053710938e+01
3.542736053466796875e+00 3.626432895660400391e+00 -2.057599067687988281e+01
3.994444608688354492e+00 3.940642595291137695e+00 -2.115340805053710938e+01
2.412419795989990234e+00 3.133280515670776367e+00 -2.116884422302246094e+01
3.994444608688354492e+00 3.940642595291137695e+00 -2.115340805053710938e+01
3.917513608932495117e+00 3.489534378051757812e+00 -2.036519813537597656e+01
3.994444608688354492e+00 3.940642595291137695e+00 -2.115340805053710938e+01
3.994444608688354492e+00 3.940642595291137695e+00 -2.115340805053710938e+01
3.654421329498291016e+00 3.673032999038696289e+00 -2.094174385070800781e+01
3.994444608688354492e+00 3.940642595291137695e+00 -2.115340805053710938e+01
4.217855453491210938e+00 3.574001312255859375e+00 -2.071278572082519531e+01
3.994444608688354492e+00 3.940642595291137695e+00 -2.115340805053710938e+01
3.994444608688354492e+00 3.940642595291137695e+00 -2.115340805053710938e+01
3.764222621917724609e+00 3.477462768554687500e+00 -2.067368507385253906e+01
3.994444608688354492e+00 3.940642595291137695e+00 -2.115340805053710938e+01
3.994444608688354492e+00 3.940642595291137695e+00 -2.115340805053710938e+01
3.370913743972778320e+00 3.285022020339965820e+00 -2.102268981933593750e+01
3.994444608688354492e+00 3.940642595291137695e+00 -2.115340805053710938e+01
4.035567283630371094e+00 3.539001941680908203e+00 -2.080979537963867188e+01
3.994444608688354492e+00 3.940642595291137695e+00 -2.115340805053710938e+01
3.994444608688354492e+00 3.940642595291137695e+00 -2.115340805053710938e+01
3.883874416351318359e+00 3.720789194107055664e+00 -2.104550170898437500e+01
3.994444608688354492e+00 3.940642595291137695e+00 -2.115340805053710938e+01
4.124027252197265625e+00 3.597905635833740234e+00 -2.099500846862792969e+01
2.936012744903564453e+00 1.971295952796936035e+00 -2.130634689331054688e+01
3.994444608688354492e+00 3.940642595291137695e+00 -2.115340805053710938e+01
3.969751119613647461e+00 3.688939809799194336e+00 -2.104843711853027344e+01
3.994444608688354492e+00 3.940642595291137695e+00 -2.115340805053710938e+01
4.041890621185302734e+00 3.770264625549316406e+00 -2.113776016235351562e+01
3.967406988143920898e+00 3.795371294021606445e+00 -2.114123535156250000e+01
3.994444608688354492e+00 3.809349060058593750e+00 -2.115340805053710938e+01
