-1.122943520545959473e+00 -7.819623351097106934e-01 1.325895071029663086e+00
-1.284174084663391113e+00 -6.578596234321594238e-01 1.473595380783081055e+00
-1.101458787918090820e+00 -8.910354375839233398e-01 1.081087946891784668e+00
-9.170323014259338379e-01 -8.018113970756530762e-01 1.594469785690307617e+00
-1.582674384117126465e+00 -6.393942832946777344e-01 1.244575142860412598e+00
-4.527565538883209229e-01 -9.872391074895858765e-02 8.995769619941711426e-01
-1.333207249641418457e+00 -2.376057654619216919e-01 2.108065605163574219e+00
-1.258756279945373535e+00 -1.235625982284545898e+00 1.064395785331726074e+00
-5.665513873100280762e-01 -8.180456757545471191e-01 1.529088616371154785e+00
-2.226565122604370117e+00 -3.009079582989215851e-02 1.781454086303710938e+00
3.055086359381675720e-02 1.874264955520629883e+00 -1.139055371284484863e+00
-9.684586524963378906e-01 -1.090368032455444336e+00 1.818417191505432129e+00
-2.512112855911254883e+00 1.343237310647964478e-01 5.208430886268615723e-01
-4.725314378738403320e-01 -1.002151012420654297e+00 1.182903766632080078e+00
-2.512820720672607422e+00 7.578319907188415527e-01 3.302852392196655273e+00
-1.163649201393127441e+00 -1.421253323554992676e+00 1.011772513389587402e+00
3.013076782226562500e-01 -1.684827730059623718e-02 2.526255369186401367e+00
-2.069569110870361328e+00 -9.044004678726196289e-01 1.365041017532348633e+00
-4.756770431995391846e-01 -9.758013486862182617e-01 6.817784905433654785e-01
-1.146854519844055176e+00 -1.324147582054138184e+00 1.842993497848510742e+00
-1.322052240371704102e+00 -1.498476624488830566e+00 1.087296366691589355e+00
-4.323200881481170654e-01 -1.238400101661682129e+00 1.418817520141601562e+00
-1.887950062751770020e+00 -1.106418848037719727e+00 1.858166694641113281e+00
-7.884740233421325684e-01 -7.632062435150146484e-01 -1.608553677797317505e-01
-5.581058934330940247e-02 -4.390559196472167969e-01 3.188184261322021484e+00
-2.264857292175292969e+00 -1.046362042427062988e+00 9.615934491157531738e-01
-4.668053388595581055e-01 -1.339231967926025391e+00 1.022742629051208496e+00
-1.389030098915100098e+00 -1.377386808395385742e+00 1.961695432662963867e+00
-1.204424142837524414e+00 -1.613022327423095703e+00 1.099358081817626953e+00
9.111117571592330933e-02 -1.105076909065246582e+00 1.963968157768249512e+00
-2.251990079879760742e+00 -1.228674650192260742e+00 1.623508095741271973e+00
-2.760111689567565918e-01 -1.098126649856567383e+00 8.720667101442813873e-03
-1.063856840133666992e+00 -1.597265481948852539e+00 1.669703841209411621e+00
-1.377056479454040527e+00 -1.615475296974182129e+00 1.129095673561096191e+00
3.173659443855285645e-01 -1.252595186233520508e+00 1.206568360328674316e+00
-1.705276846885681152e+00 -1.466389179229736328e+00 1.955380320549011230e+00
-1.111192822456359863e+00 -1.046282410621643066e+00 -1.082866668701171875e+00
-8.160669207572937012e-01 -1.609908819198608398e+00 1.664181709289550781e+00
-2.615816354751586914e+00 -1.370996475219726562e+00 1.187536001205444336e+00
-4.813380241394042969e-01 -1.554274201393127441e+00 8.389393687248229980e-01
-1.203232049942016602e+00 -1.641388535499572754e+00 1.767231702804565430e+00
-1.235861659049987793e+00 -1.692155480384826660e+00 1.146456718444824219e+00
5.110785365104675293e-01 -1.469403624534606934e+00 1.773712754249572754e+00
-4.120759963989257812e+00 -1.282783269882202148e+00 2.864325046539306641e+00
-5.855446308851242065e-02 -1.386772751808166504e+00 -1.545111656188964844e+00
-7.920382618904113770e-01 -1.648993730545043945e+00 2.138755559921264648e+00
-1.522590160369873047e+00 -1.697761297225952148e+00 1.136495113372802734e+00
-3.496665954589843750e-01 -1.688189744949340820e+00 1.087485551834106445e+00
-2.794938802719116211e+00 -1.628858089447021484e+00 4.178858757019042969e+00
-1.154315948486328125e+00 -1.727600932121276855e+00 1.179799437522888184e+00
-8.819128870964050293e-01 -1.732096910476684570e+00 1.497111916542053223e+00
-3.772294044494628906e+00 -1.810051918029785156e+00 1.656078577041625977e+00
-5.078880488872528076e-02 -1.812758922576904297e+00 6.628371775150299072e-02
-1.058827996253967285e+00 -1.853819370269775391e+00 3.084053039550781250e+00
-1.271297931671142578e+00 -1.748404502868652344e+00 1.175353527069091797e+00
2.289522409439086914e+00 -2.111134052276611328e+00 1.500376701354980469e+00
-1.230445981025695801e+00 -1.747581958770751953e+00 1.414718985557556152e+00
-1.109441161155700684e+00 -1.744088649749755859e+00 1.229116797447204590e+00
-5.871179103851318359e-01 -1.893797993659973145e+00 2.104079723358154297e+00
-1.466999053955078125e+00 -1.798150062561035156e+00 1.246728658676147461e+00
3.605944663286209106e-02 -2.018255472183227539e+00 6.692503094673156738e-01
-1.228878259658813477e+00 -1.811110258102416992e+00 1.652440428733825684e+00
-1.210780978202819824e+00 -1.784350752830505371e+00 1.133319258689880371e+00
7.062602043151855469e-01 -2.292376041412353516e+00 2.101936578750610352e+00
-1.274100542068481445e+00 -1.778238892555236816e+00 1.379431843757629395e+00
-1.085193991661071777e+00 -1.755618095397949219e+00 1.254912376403808594e+00
-8.519172668457031250e-01 -2.112138748168945312e+00 2.374814271926879883e+00
-1.431632518768310547e+00 -1.868251323699951172e+00 1.125275373458862305e+00
1.513964653015136719e+00 -2.806302785873413086e+00 8.859505057334899902e-01
-1.288406848907470703e+00 -1.844207048416137695e+00 1.537406563758850098e+00
-1.133128046989440918e+00 -1.788746714591979980e+00 1.195220708847045898e+00
-4.466961622238159180e-01 -2.175352811813354492e+00 1.957637786865234375e+00
-1.528330445289611816e+00 -1.935993313789367676e+00 1.321939706802368164e+00
-1.065335631370544434e+00 -1.770881175994873047e+00 1.274146199226379395e+00
-1.193083882331848145e+00 -2.140399456024169922e+00 2.044529676437377930e+00
-1.251291751861572266e+00 -1.857538461685180664e+00 1.155061125755310059e+00
-9.877147078514099121e-01 -1.816308140754699707e+00 1.351178169250488281e+00
-1.358492612838745117e+00 -1.914495348930358887e+00 1.472523808479309082e+00
-1.095493674278259277e+00 -1.800964832305908203e+00 1.227617621421813965e+00
-7.164725661277770996e-01 -2.396173238754272461e+00 2.127556324005126953e+00
-1.461465835571289062e+00 -2.012068510055541992e+00 1.198510408401489258e+00
-1.041520833969116211e+00 -1.801490187644958496e+00 1.293211102485656738e+00
-1.346909403800964355e+00 -2.179703474044799805e+00 1.792581558227539062e+00
-1.168735742568969727e+00 -1.874287724494934082e+00 1.174754023551940918e+00
-4.938409924507141113e-01 -2.439859628677368164e+00 1.698719024658203125e+00
-1.475574970245361328e+00 -2.099889755249023438e+00 1.399820923805236816e+00
-1.068845272064208984e+00 -1.830390453338623047e+00 1.250519871711730957e+00
-9.887067079544067383e-01 -3.040193080902099609e+00 2.447554588317871094e+00
-1.277309775352478027e+00 -1.981005549430847168e+00 1.193197727203369141e+00
-9.970982074737548828e-01 -1.895817995071411133e+00 1.321920394897460938e+00
-1.483981609344482422e+00 -2.446984052658081055e+00 1.678232550621032715e+00
-1.116463184356689453e+00 -1.907304883003234863e+00 1.210222244262695312e+00
-6.821838617324829102e-01 -2.894886732101440430e+00 1.864672303199768066e+00
-1.341599822044372559e+00 -2.135948181152343750e+00 1.294300317764282227e+00
-1.035355091094970703e+00 -1.946666955947875977e+00 1.266213059425354004e+00
-1.206366062164306641e+00 -2.579440593719482422e+00 1.680522441864013672e+00
-1.173957705497741699e+00 -2.015141010284423828e+00 1.234820008277893066e+00
-8.803531527519226074e-01 -2.600250482559204102e+00 1.405903935432434082e+00
-1.238060712814331055e+00 -2.347625494003295898e+00 1.377725362777709961e+00
-1.122943520545959473e+00 -2.241705656051635742e+00 1.325895071029663086e+00
