-1.728690624237060547e+00 -6.184652820229530334e-02 1.377971619367599487e-01
-1.764481306076049805e+00 -6.702983379364013672e-02 1.705843210220336914e-01
-1.721832752227783203e+00 -3.731972724199295044e-02 5.965548753738403320e-02
-1.728690624237060547e+00 -3.048306703567504883e-01 1.377971619367599487e-01
-1.822524905204772949e+00 -8.241200447082519531e-02 1.211991980671882629e-01
-1.728690624237060547e+00 -3.048306703567504883e-01 1.377971619367599487e-01
-1.985125660896301270e+00 1.514189839363098145e+00 1.091722607612609863e+00
-1.812783718109130859e+00 7.267090259119868279e-04 -2.411888912320137024e-02
-1.018940448760986328e+00 8.573502302169799805e-01 3.969967961311340332e-01
-1.847117543220520020e+00 -1.225131005048751831e-01 1.866820603609085083e-01
-1.514429450035095215e+00 3.644951581954956055e-01 -3.200666308403015137e-01
-1.245189785957336426e+00 1.694280624389648438e+00 1.679274082183837891e+00
-1.871371746063232422e+00 -1.134379878640174866e-01 5.511054769158363342e-02
-4.008320868015289307e-01 1.179304122924804688e+00 -1.541288197040557861e-01
-1.822080969810485840e+00 -1.377249658107757568e-01 2.706353068351745605e-01
-1.786685466766357422e+00 1.337848603725433350e-01 -3.097451031208038330e-01
-1.126045942306518555e+00 4.196803867816925049e-01 6.457067728042602539e-01
-1.882456064224243164e+00 -1.708686649799346924e-01 1.441558450460433960e-01
-1.412700533866882324e+00 6.292849779129028320e-02 -1.766551733016967773e-01
-1.753047823905944824e+00 1.076877340674400330e-01 6.645434498786926270e-01
-1.892235875129699707e+00 -1.153911501169204712e-01 -5.818474665284156799e-02
-8.081398010253906250e-01 3.492504656314849854e-01 2.616559863090515137e-01
-2.344107866287231445e+00 1.960998773574829102e-01 5.659885406494140625e-01
-1.597176313400268555e+00 7.496544718742370605e-02 -4.467971324920654297e-01
-1.399302124977111816e+00 9.336627274751663208e-02 7.126239538192749023e-01
-1.919211387634277344e+00 -1.909186094999313354e-01 7.701583951711654663e-02
1.207430958747863770e-01 7.941058278083801270e-01 -7.166880965232849121e-01
-1.894186496734619141e+00 -8.607193827629089355e-02 5.332409739494323730e-01
-1.916751503944396973e+00 -3.689457103610038757e-02 -3.850599229335784912e-01
-3.780753314495086670e-01 3.893959820270538330e-01 8.476427197456359863e-01
-3.207287788391113281e+00 3.505389690399169922e-01 5.275506377220153809e-01
-1.391450881958007812e+00 -5.357942357659339905e-02 -3.866881728172302246e-01
-1.633054614067077637e+00 -9.143047779798507690e-02 6.942757368087768555e-01
-1.946799039840698242e+00 -2.072962671518325806e-01 -3.111824207007884979e-02
-2.187394648790359497e-01 1.947249174118041992e-01 1.270079519599676132e-02
-2.273375034332275391e+00 -5.909488350152969360e-02 7.265850305557250977e-01
-1.724383711814880371e+00 -5.456138774752616882e-02 -7.450593709945678711e-01
-6.776262521743774414e-01 1.034394353628158569e-01 1.296442270278930664e+00
-1.924546718597412109e+00 -2.578482329845428467e-01 1.196452602744102478e-01
-1.504906535148620605e+00 -2.438499629497528076e-01 -3.204700723290443420e-02
-2.445831060409545898e+00 4.787046909332275391e-01 4.079834938049316406e+00
-1.996172189712524414e+00 -2.172917425632476807e-01 -2.872578799724578857e-01
-4.963544607162475586e-01 -1.089667454361915588e-01 4.755294024944305420e-01
-2.760231494903564453e+00 -1.512506753206253052e-01 6.671668887138366699e-01
-1.439848899841308594e+00 -2.119309902191162109e-01 -6.413038969039916992e-01
-1.468490004539489746e+00 -2.418326139450073242e-01 7.769734859466552734e-01
-1.946988701820373535e+00 -2.877069413661956787e-01 3.434161841869354248e-02
-5.263254642486572266e-01 -2.412033230066299438e-01 -2.329048812389373779e-01
-3.133200407028198242e+00 -2.206167131662368774e-01 2.534343957901000977e+00
-1.928420424461364746e+00 -2.952210009098052979e-01 -7.923094630241394043e-01
1.057735562324523926e+00 -3.393566012382507324e-01 2.117143869400024414e+00
-3.430177688598632812e+00 -3.568136394023895264e-01 3.498502373695373535e-01
-1.172622203826904297e+00 -3.482146263122558594e-01 -5.154948830604553223e-01
-1.696756005287170410e+00 -3.669457435607910156e-01 1.013500690460205078e+00
-1.983768820762634277e+00 -3.380047678947448730e-01 -1.210417151451110840e-01
-2.873415052890777588e-01 -4.661889076232910156e-01 2.114943116903305054e-01
-3.763822555541992188e+00 -6.545177698135375977e-01 1.819324493408203125e+00
-1.577189683914184570e+00 -4.728924632072448730e-01 -9.480870366096496582e-01
-5.026791095733642578e-01 -6.816490292549133301e-01 1.918345212936401367e+00
-1.912105083465576172e+00 -3.416354358196258545e-01 9.559392929077148438e-02
-1.524770379066467285e+00 -3.557041585445404053e-01 2.226407080888748169e-02
-2.069675922393798828e+00 -5.687739253044128418e-01 1.188889265060424805e+00
-2.235482215881347656e+00 -6.235482096672058105e-01 -9.732978343963623047e-01
-5.068026781082153320e-01 -6.810859441757202148e-01 6.561843752861022949e-01
-3.097036838531494141e+00 -7.495661973953247070e-01 6.224373579025268555e-01
-1.192336082458496094e+00 -6.814579367637634277e-01 -8.707410097122192383e-01
-1.235887289047241211e+00 -1.001286149024963379e+00 2.045032501220703125e+00
-1.944368481636047363e+00 -4.020470082759857178e-01 -2.373748458921909332e-03
-3.792545497417449951e-01 -8.560832738876342773e-01 -8.734419941902160645e-02
-2.265301227569580078e+00 -6.780983209609985352e-01 8.237454295158386230e-01
-1.830609202384948730e+00 -9.016244411468505859e-01 -1.169888615608215332e+00
-4.373697340488433838e-01 -1.156948328018188477e+00 1.344134569168090820e+00
-3.953779458999633789e+00 -1.440370678901672363e+00 1.160871833562850952e-01
-1.213641047477722168e+00 -6.782872080802917480e-01 -3.248697519302368164e-01
-1.892383098602294922e+00 -1.264690995216369629e+00 1.814935922622680664e+00
-2.322496652603149414e+00 -8.990060091018676758e-01 -6.525697112083435059e-01
-2.878510355949401855e-01 -1.233907818794250488e+00 4.071844518184661865e-01
-2.537972927093505859e+00 -9.417626261711120605e-01 6.415734887123107910e-01
-1.581525206565856934e+00 -6.900596618652343750e-01 -3.890914320945739746e-01
-1.309298276901245117e+00 -9.930987954139709473e-01 9.649425148963928223e-01
-2.604492187500000000e+00 -1.036880373954772949e+00 -1.917636096477508545e-01
-1.468530297279357910e+00 -5.360975861549377441e-01 3.336573019623756409e-02
-3.276030540466308594e+00 -3.417896747589111328e+00 3.362049818038940430e+00
-1.916163682937622070e+00 -8.991857171058654785e-01 -4.809734225273132324e-01
2.347689718008041382e-01 -2.523113489151000977e+00 1.301398754119873047e+00
-3.686609268188476562e+00 -2.363512277603149414e+00 5.482563972473144531e-01
-1.522804975509643555e+00 -6.902801394462585449e-01 -1.490641236305236816e-01
-1.421257019042968750e+00 -3.307516336441040039e+00 2.706659317016601562e+00
-1.873958468437194824e+00 -5.418791174888610840e-01 1.292102690786123276e-02
-1.539222359657287598e+00 -5.558198094367980957e-01 1.318130940198898315e-01
-2.609354734420776367e+00 -2.055907964706420898e+00 9.972382187843322754e-01
-1.716285943984985352e+00 -6.459301710128784180e-01 -8.362352102994918823e-02
-1.397476553916931152e+00 -1.180867195129394531e+00 5.426676869392395020e-01
-2.937796831130981445e+00 -2.554526090621948242e+00 -3.691286221146583557e-02
-9.880222678184509277e-01 -2.144539117813110352e+00 -3.668878376483917236e-01
-1.855876326560974121e+00 -1.601241230964660645e+00 6.784608364105224609e-01
-1.769179701805114746e+00 -5.318481922149658203e-01 6.551245599985122681e-02
-8.580480813980102539e-01 -3.431301355361938477e+00 4.249444603919982910e-01
-2.357737064361572266e+00 -3.684643983840942383e+00 4.210182428359985352e-01
-1.728690624237060547e+00 -2.416189670562744141e+00 1.377971619367599487e-01
