3.413470268249511719e+00 4.983587741851806641e+00 -1.990978622436523438e+01
3.413470268249511719e+00 4.983587741851806641e+00 -1.990978622436523438e+01
3.413470268249511719e+00 4.983587741851806641e+00 -1.990978622436523438e+01
3.413470268249511719e+00 4.983587741851806641e+00 -1.990978622436523438e+01
3.413470268249511719e+00 4.983587741851806641e+00 -1.990978622436523438e+01
3.413470268249511719e+00 4.983587741851806641e+00 -1.990978622436523438e+01
3.413470268249511719e+00 4.983587741851806641e+00 -1.990978622436523438e+01
3.413470268249511719e+00 4.983587741851806641e+00 -1.990978622436523438e+01
3.413470268249511719e+00 4.983587741851806641e+00 -1.990978622436523438e+01
3.413470268249511719e+00 4.983587741851806641e+00 -1.990978622436523438e+01
3.413470268249511719e+00 4.983587741851806641e+00 -1.990978622436523438e+01
3.413470268249511719e+00 4.983587741851806641e+00 -1.990978622436523438e+01
3.413470268249511719e+00 4.983587741851806641e+00 -1.990978622436523438e+01
3.413470268249511719e+00 4.983587741851806641e+00 -1.990978622436523438e+01
3.413470268249511719e+00 4.983587741851806641e+00 -1.990978622436523438e+01
3.413470268249511719e+00 4.983587741851806641e+00 -1.990978622436523438e+01
3.413470268249511719e+00 4.983587741851806641e+00 -1.990978622436523438e+01
3.413470268249511719e+00 4.983587741851806641e+00 -1.990978622436523438e+01
3.413470268249511719e+00 4.983587741851806641e+00 -1.990978622436523438e+01
3.413470268249511719e+00 4.983587741851806641e+00 -1.990978622436523438e+01
3.413470268249511719e+00 4.983587741851806641e+00 -1.990978622436523438e+01
3.413470268249511719e+00 4.983587741851806641e+00 -1.990978622436523438e+01
3.413470268249511719e+00 4.983587741851806641e+00 -1.990978622436523438e+01
3.413470268249511719e+00 4.983587741851806641e+00 -1.990978622436523438e+01
3.413470268249511719e+00 4.983587741851806641e+00 -1.990978622436523438e+01
3.413470268249511719e+00 4.983587741851806641e+00 -1.990978622436523438e+01
3.413470268249511719e+00 4.983587741851806641e+00 -1.990978622436523438e+01
3.427209854125976562e+00 4.956863403320312500e+00 -1.953302383422851562e+01
3.413470268249511719e+00 4.983587741851806641e+00 -1.990978622436523438e+01
3.413470268249511719e+00 4.983587741851806641e+00 -1.990978622436523438e+01
4.140700817108154297e+00 4.760071277618408203e+00 -1.885362243652343750e+01
3.083168029785156250e+00 4.917307853698730469e+00 -1.998578834533691406e+01
3.413470268249511719e+00 4.983587741851806641e+00 -1.990978622436523438e+01
2.960219144821166992e+00 4.632743835449218750e+00 -1.851263427734375000e+01
2.510540485382080078e+00 4.690120220184326172e+00 -1.958998680114746094e+01
3.413470268249511719e+00 4.983587741851806641e+00 -1.990978622436523438e+01
4.349173069000244141e+00 3.661203145980834961e+00 -1.628845024108886719e+01
3.413470268249511719e+00 4.983587741851806641e+00 -1.990978622436523438e+01
2.389487981796264648e+00 4.271303176879882812e+00 -1.860083198547363281e+01
5.071393966674804688e+00 3.889556169509887695e+00 -1.836097335815429688e+01
3.108159303665161133e+00 4.827776908874511719e+00 -1.991276550292968750e+01
3.413470268249511719e+00 4.983587741851806641e+00 -1.990978622436523438e+01
3.234430789947509766e+00 3.933736324310302734e+00 -1.807540893554687500e+01
3.413470268249511719e+00 4.983587741851806641e+00 -1.990978622436523438e+01
3.413470268249511719e+00 4.983587741851806641e+00 -1.990978622436523438e+01
2.830728054046630859e+00 4.524950027465820312e+00 -1.954703140258789062e+01
3.413470268249511719e+00 4.983587741851806641e+00 -1.990978622436523438e+01
3.627086162567138672e+00 4.633020877838134766e+00 -1.948848342895507812e+01
3.413470268249511719e+00 4.983587741851806641e+00 -1.990978622436523438e+01
3.413470268249511719e+00 4.983587741851806641e+00 -1.990978622436523438e+01
3.088488578796386719e+00 4.329762458801269531e+00 -1.923260879516601562e+01
3.413470268249511719e+00 4.983587741851806641e+00 -1.990978622436523438e+01
4.117915630340576172e+00 4.187717437744140625e+00 -1.949231147766113281e+01
4.762855172157287598e-01 1.895242691040039062e+00 -1.929403305053710938e+01
3.413470268249511719e+00 4.983587741851806641e+00 -1.990978622436523438e+01
3.612533092498779297e+00 3.039352416992187500e+00 -1.824645042419433594e+01
3.413470268249511719e+00 4.983587741851806641e+00 -1.990978622436523438e+01
3.413470268249511719e+00 4.983587741851806641e+00 -1.990978622436523438e+01
2.965612649917602539e+00 4.093085289001464844e+00 -1.947272109985351562e+01
3.413470268249511719e+00 4.983587741851806641e+00 -1.990978622436523438e+01
3.608861923217773438e+00 4.466791629791259766e+00 -1.967094230651855469e+01
2.219984054565429688e+00 2.762955427169799805e+00 -2.008223915100097656e+01
3.413470268249511719e+00 4.983587741851806641e+00 -1.990978622436523438e+01
3.152847766876220703e+00 2.327051162719726562e+00 -1.880188560485839844e+01
2.921987771987915039e+00 2.227903366088867188e+00 -2.078722381591796875e+01
3.555481433868408203e+00 4.473626136779785156e+00 -1.986294937133789062e+01
2.974080085754394531e+00 2.622781753540039062e+00 -1.971195602416992188e+01
3.413470268249511719e+00 2.417158126831054688e+00 -1.990978622436523438e+01
