-2.311144351959228516e+00 6.567794680595397949e-01 -4.966645836830139160e-01
-2.520856618881225586e+00 9.321604371070861816e-01 -3.045509159564971924e-01
-2.268923044204711914e+00 1.185749888420104980e+00 -9.777534008026123047e-01
-1.891540646553039551e+00 1.428425908088684082e+00 5.063411965966224670e-02
-2.563141107559204102e+00 1.361028403043746948e-01 -5.412392616271972656e-01
-2.047723054885864258e+00 1.796199232339859009e-01 -6.642316579818725586e-01
-2.589776039123535156e+00 1.515258550643920898e+00 5.398314595222473145e-01
-2.523746728897094727e+00 3.112902045249938965e-01 -9.060176014900207520e-01
-9.335374832153320312e-01 1.794549226760864258e+00 6.435229908674955368e-03
-2.738681793212890625e+00 1.969774812459945679e-01 -3.201833367347717285e-01
-2.147363424301147461e+00 5.041714012622833252e-02 -8.466546535491943359e-01
-1.668086409568786621e+00 2.197611570358276367e+00 1.553505420684814453e+00
-2.523388624191284180e+00 -1.765093654394149780e-01 -6.196644306182861328e-01
-1.829999446868896484e+00 7.655698060989379883e-02 -6.024429202079772949e-01
-2.723734617233276367e+00 2.770442068576812744e-01 9.020269662141799927e-02
-2.375700473785400391e+00 2.702502906322479248e-02 -9.948403239250183105e-01
-1.072885870933532715e+00 1.027444005012512207e+00 5.469409227371215820e-01
-2.730592727661132812e+00 -9.578625112771987915e-02 -4.793190658092498779e-01
-2.026666402816772461e+00 -1.301296800374984741e-01 -7.797581553459167480e-01
-2.357400417327880859e+00 3.221879303455352783e-01 5.036643147468566895e-01
-2.639782428741455078e+00 -8.054259419441223145e-02 -8.904827237129211426e-01
-1.470276594161987305e+00 1.362496167421340942e-01 -3.835270106792449951e-01
-3.916653394699096680e+00 8.456202149391174316e-01 6.204067468643188477e-01
-2.246801376342773438e+00 -2.753997743129730225e-01 -7.826758623123168945e-01
-1.179242610931396484e+00 9.071391820907592773e-01 1.478654861450195312e+00
-4.422331809997558594e+00 8.010612726211547852e-01 -1.170190930366516113e+00
-1.699578881263732910e+00 -9.782089293003082275e-02 -7.792233228683471680e-01
-2.728025913238525391e+00 8.983596414327621460e-02 4.994525611400604248e-01
-2.432570219039916992e+00 -2.882150709629058838e-01 -8.342590928077697754e-01
-1.488654255867004395e+00 -3.844784200191497803e-02 -6.438685208559036255e-02
-3.710677146911621094e+00 1.591113060712814331e-01 -1.277522146701812744e-01
-2.142487764358520508e+00 -3.355610370635986328e-01 -7.589644193649291992e-01
-2.129080772399902344e+00 -5.496130138635635376e-02 5.627110600471496582e-01
-3.199255466461181641e+00 -6.406568735837936401e-02 -1.184467792510986328e+00
-1.419814825057983398e+00 -1.663246452808380127e-01 -5.705094337463378906e-01
-3.207587718963623047e+00 -5.678127706050872803e-02 4.723644852638244629e-01
-2.309551715850830078e+00 -3.686656951904296875e-01 -8.231406807899475098e-01
-1.986686110496520996e+00 -3.351831734180450439e-01 -1.389967352151870728e-01
-4.391124248504638672e+00 3.773645684123039246e-02 -6.894366741180419922e-01
-1.883166313171386719e+00 -3.445909619331359863e-01 -8.214846253395080566e-01
-2.546528577804565430e+00 -2.040373980998992920e-01 7.972146868705749512e-01
-2.512912988662719727e+00 -3.951811194419860840e-01 -8.172950148582458496e-01
-1.277478814125061035e+00 -2.969262897968292236e-01 -2.133797258138656616e-01
-3.701300621032714844e+00 -2.542419433593750000e-01 2.167406678199768066e-01
-2.195966005325317383e+00 -4.241694808006286621e-01 -8.073381781578063965e-01
-1.712298989295959473e+00 -3.162255585193634033e-01 9.743841290473937988e-01
-3.842598438262939453e+00 -3.410839140415191650e-01 -1.222449183464050293e+00
-1.276552796363830566e+00 -4.064650535583496094e-01 -8.156402111053466797e-01
-2.983705997467041016e+00 -4.208875000476837158e-01 6.509426832199096680e-01
-2.386131763458251953e+00 -4.576061666011810303e-01 -8.458682298660278320e-01
-1.550434827804565430e+00 -4.706398248672485352e-01 4.370779544115066528e-02
-3.255801677703857422e+00 -4.900747537612915039e-01 -3.789337575435638428e-01
-2.027897119522094727e+00 -4.833127558231353760e-01 -8.294351100921630859e-01
-2.249474763870239258e+00 -5.811657309532165527e-01 1.194424271583557129e+00
-2.493437290191650391e+00 -4.849221110343933105e-01 -6.816451549530029297e-01
-1.149489045143127441e+00 -5.912607312202453613e-01 -4.372683763504028320e-01
-3.255646228790283203e+00 -6.235033273696899414e-01 2.837299108505249023e-01
-2.260652303695678711e+00 -5.172254443168640137e-01 -8.585662841796875000e-01
-2.056448221206665039e+00 -5.394957065582275391e-01 -1.267669200897216797e-01
-3.002045631408691406e+00 -5.998533964157104492e-01 -6.556393504142761230e-01
-6.823024153709411621e-01 -8.675733208656311035e-01 -1.419501304626464844e+00
-3.391389846801757812e+00 -1.297389626502990723e+00 2.833207845687866211e+00
-2.644149541854858398e+00 -6.706386804580688477e-01 -1.226748824119567871e+00
-1.544486403465270996e+00 -6.972906589508056641e-01 -1.714091300964355469e-01
-3.072553634643554688e+00 -7.086848616600036621e-01 -2.269890308380126953e-01
-2.080840110778808594e+00 -6.229332685470581055e-01 -9.297186732292175293e-01
-1.665116190910339355e+00 -1.374215006828308105e+00 2.003577947616577148e+00
-2.721109628677368164e+00 -6.460050344467163086e-01 -7.631046175956726074e-01
-1.607815980911254883e+00 -7.485278844833374023e-01 -6.140086650848388672e-01
-3.363561153411865234e+00 -1.193277835845947266e+00 8.486379981040954590e-01
-2.406132936477661133e+00 -1.017428278923034668e+00 -1.715433001518249512e+00
-1.222804903984069824e+00 -1.179388165473937988e+00 5.200498104095458984e-01
-2.911767721176147461e+00 -7.677329778671264648e-01 -5.025247931480407715e-01
-1.732355117797851562e+00 -8.808875083923339844e-01 -1.016588568687438965e+00
-2.417289972305297852e+00 -1.083630561828613281e+00 5.908674597740173340e-01
-2.684882640838623047e+00 -8.351846933364868164e-01 -9.941170215606689453e-01
-1.805562973022460938e+00 -7.872212529182434082e-01 -4.021382927894592285e-01
-2.971933603286743164e+00 -9.812770485877990723e-01 -8.532483875751495361e-02
-2.138989686965942383e+00 -9.118561148643493652e-01 -1.113020420074462891e+00
-2.224629640579223633e+00 -6.031941771507263184e-01 -3.260360062122344971e-01
-2.782148361206054688e+00 -8.549085259437561035e-01 -6.739015579223632812e-01
-1.865397334098815918e+00 -8.574565052986145020e-01 -6.755927205085754395e-01
-3.331011533737182617e+00 -2.513067483901977539e+00 1.628472805023193359e+00
-2.437032461166381836e+00 -8.603236675262451172e-01 -9.121692180633544922e-01
-1.969055175781250000e+00 -8.477005362510681152e-01 -2.939328849315643311e-01
-2.778888463973999023e+00 -9.530302882194519043e-01 -3.986064195632934570e-01
-2.109012842178344727e+00 -8.396351933479309082e-01 -7.782952189445495605e-01
-2.169945955276489258e+00 -1.840290904045104980e+00 6.831653118133544922e-01
-2.529742002487182617e+00 -8.179224133491516113e-01 -6.845770478248596191e-01
-1.969607710838317871e+00 -9.136488437652587891e-01 -5.074515342712402344e-01
-2.584841728210449219e+00 -1.005423069000244141e+00 -2.295629382133483887e-01
-2.297446966171264648e+00 -8.378590941429138184e-01 -7.411592602729797363e-01
-1.569383621215820312e+00 -2.423115730285644531e+00 4.100512564182281494e-01
-2.509135961532592773e+00 -8.296023607254028320e-01 -5.252733826637268066e-01
-2.137435674667358398e+00 -8.926804065704345703e-01 -6.150282025337219238e-01
-2.348789930343627930e+00 -8.449369072914123535e-01 -3.366342782974243164e-01
-2.380078792572021484e+00 -8.477216958999633789e-01 -6.197325587272644043e-01
-2.107711315155029297e+00 -1.191740870475769043e+00 -4.295701384544372559e-01
-2.380477190017700195e+00 -8.337337970733642578e-01 -4.654482305049896240e-01
-2.311144351959228516e+00 -1.203022718429565430e+00 -4.966645836830139160e-01
