4.292293548583984375e+00 4.639577388763427734e+00 -2.076208496093750000e+01
4.292293548583984375e+00 4.639577388763427734e+00 -2.076208496093750000e+01
4.292293548583984375e+00 4.639577388763427734e+00 -2.076208496093750000e+01
4.292293548583984375e+00 4.639577388763427734e+00 -2.076208496093750000e+01
4.292293548583984375e+00 4.639577388763427734e+00 -2.076208496093750000e+01
4.292293548583984375e+00 4.639577388763427734e+00 -2.076208496093750000e+01
4.292293548583984375e+00 4.639577388763427734e+00 -2.076208496093750000e+01
4.292293548583984375e+00 4.639577388763427734e+00 -2.076208496093750000e+01
4.292293548583984375e+00 4.639577388763427734e+00 -2.076208496093750000e+01
4.292293548583984375e+00 4.639577388763427734e+00 -2.076208496093750000e+01
4.292293548583984375e+00 4.639577388763427734e+00 -2.076208496093750000e+01
4.292293548583984375e+00 4.639577388763427734e+00 -2.076208496093750000e+01
4.292293548583984375e+00 4.639577388763427734e+00 -2.076208496093750000e+01
4.292293548583984375e+00 4.639577388763427734e+00 -2.076208496093750000e+01
-6.423198223114013672e+00 2.489359140396118164e+00 -2.322769546508789062e+01
4.005561828613281250e+00 4.417629718780517578e+00 -1.987823104858398438e+01
4.292293548583984375e+00 4.639577388763427734e+00 -2.076208496093750000e+01
3.993251085281372070e+00 4.542383670806884766e+00 -2.065616989135742188e+01
4.467845916748046875e+00 4.391477108001708984e+00 -2.008266639709472656e+01
4.292293548583984375e+00 4.639577388763427734e+00 -2.076208496093750000e+01
4.292293548583984375e+00 4.639577388763427734e+00 -2.076208496093750000e+01
3.648400306701660156e+00 4.191683769226074219e+00 -1.993899726867675781e+01
4.292293548583984375e+00 4.639577388763427734e+00 -2.076208496093750000e+01
3.980929613113403320e+00 4.480677604675292969e+00 -2.076512336730957031e+01
4.211647987365722656e+00 4.166687965393066406e+00 -1.993581771850585938e+01
4.292293548583984375e+00 4.639577388763427734e+00 -2.076208496093750000e+01
4.292293548583984375e+00 4.639577388763427734e+00 -2.076208496093750000e+01
3.629467725753784180e+00 4.117911338806152344e+00 -2.034947776794433594e+01
4.292293548583984375e+00 4.639577388763427734e+00 -2.076208496093750000e+01
4.292293548583984375e+00 4.639577388763427734e+00 -2.076208496093750000e+01
4.292293548583984375e+00 4.639577388763427734e+00 -2.076208496093750000e+01
4.292293548583984375e+00 4.639577388763427734e+00 -2.076208496093750000e+01
3.723913908004760742e+00 3.496064186096191406e+00 -1.957773017883300781e+01
4.292293548583984375e+00 4.639577388763427734e+00 -2.076208496093750000e+01
4.292293548583984375e+00 4.639577388763427734e+00 -2.076208496093750000e+01
3.351576089859008789e+00 3.650446653366088867e+00 -2.056487274169921875e+01
4.292293548583984375e+00 4.639577388763427734e+00 -2.076208496093750000e+01
4.343436717987060547e+00 4.140064239501953125e+00 -2.033474159240722656e+01
4.292293548583984375e+00 4.639577388763427734e+00 -2.076208496093750000e+01
4.292293548583984375e+00 4.639577388763427734e+00 -2.076208496093750000e+01
3.753422975540161133e+00 3.568108558654785156e+00 -2.023620033264160156e+01
4.292293548583984375e+00 4.639577388763427734e+00 -2.076208496093750000e+01
4.469181537628173828e+00 4.171721458435058594e+00 -2.054586029052734375e+01
3.649601936340332031e+00 3.443768024444580078e+00 -2.085494995117187500e+01
4.292293548583984375e+00 4.639577388763427734e+00 -2.076208496093750000e+01
4.221528530120849609e+00 3.918266296386718750e+00 -2.046126365661621094e+01
4.292293548583984375e+00 4.639577388763427734e+00 -2.076208496093750000e+01
4.292293548583984375e+00 4.639577388763427734e+00 -2.076208496093750000e+01
4.088809490203857422e+00 3.546274423599243164e+00 -2.067046928405761719e+01
4.292293548583984375e+00 3.565337896347045898e+00 -2.076208496093750000e+01
