-2.101907730102539062e+00 5.967670083045959473e-01 -2.205209016799926758e+00
-2.172993421554565430e+00 5.445485711097717285e-01 -2.140088796615600586e+00
-2.090601205825805664e+00 5.132828354835510254e-01 -2.334040403366088867e+00
-1.669582843780517578e+00 2.019168615341186523e+00 -1.641317844390869141e+00
-2.296983480453491211e+00 5.346351861953735352e-01 -2.239715099334716797e+00
-1.517796397209167480e+00 1.493227601051330566e+00 -2.576772928237915039e+00
-2.154664278030395508e+00 4.464687407016754150e-01 -2.008957147598266602e+00
-2.183560132980346680e+00 3.689297139644622803e-01 -2.362425804138183594e+00
-2.101907730102539062e+00 7.224034518003463745e-02 -2.205209016799926758e+00
-2.465690374374389648e+00 6.322817802429199219e-01 -2.055044889450073242e+00
-1.962967395782470703e+00 5.062730312347412109e-01 -2.502116441726684570e+00
-2.050574541091918945e+00 2.844856381416320801e-01 -2.041550636291503906e+00
-2.464147806167602539e+00 5.581498146057128906e-01 -2.415134429931640625e+00
-2.101907730102539062e+00 7.224034518003463745e-02 -2.205209016799926758e+00
-2.453912734985351562e+00 7.020916342735290527e-01 -1.704518198966979980e+00
-2.129637479782104492e+00 2.819609344005584717e-01 -2.419197797775268555e+00
-1.800666570663452148e+00 4.343982338905334473e-01 -1.951322674751281738e+00
-2.737083673477172852e+00 6.256121993064880371e-01 -2.178942441940307617e+00
-1.177954912185668945e+00 1.147565603256225586e+00 -3.124665498733520508e+00
-2.106204748153686523e+00 1.450162827968597412e-01 -2.112281084060668945e+00
-2.203022480010986328e+00 1.893647313117980957e-01 -2.326378345489501953e+00
-2.101907730102539062e+00 7.224034518003463745e-02 -2.205209016799926758e+00
-2.224500894546508789e+00 1.720273792743682861e-01 -2.119911909103393555e+00
-2.037478923797607422e+00 2.583020627498626709e-01 -2.491601228713989258e+00
-2.039718151092529297e+00 1.474211513996124268e-01 -2.096679925918579102e+00
-2.843435525894165039e+00 5.155985355377197266e-01 -2.441776514053344727e+00
-3.843927085399627686e-01 1.092790484428405762e+00 -2.998744487762451172e+00
-2.265480518341064453e+00 2.884570062160491943e-01 -1.814360380172729492e+00
-2.156653165817260742e+00 1.502378880977630615e-01 -2.357415437698364258e+00
-1.781824231147766113e+00 2.367657274007797241e-01 -2.036982059478759766e+00
-2.287035226821899414e+00 1.542958021163940430e-01 -2.156409978866577148e+00
-1.428253054618835449e+00 5.741282701492309570e-01 -3.252896785736083984e+00
-1.994383692741394043e+00 3.121673464775085449e-01 -1.579557061195373535e+00
-2.933325767517089844e+00 4.440364837646484375e-01 -2.849105834960937500e+00
-5.037735700607299805e-01 6.009706258773803711e-01 -2.337611198425292969e+00
-2.353950738906860352e+00 1.859502196311950684e-01 -1.932757854461669922e+00
-2.100682258605957031e+00 1.434510201215744019e-01 -2.456413745880126953e+00
-2.017229318618774414e+00 1.051324084401130676e-01 -2.111863374710083008e+00
-2.321098327636718750e+00 1.248202994465827942e-01 -2.225523471832275391e+00
-1.122563362121582031e+00 3.391096293926239014e-01 -2.948496341705322266e+00
-2.215396404266357422e+00 1.962360292673110962e-01 -1.581375479698181152e+00
-3.558289289474487305e+00 5.488715171813964844e-01 -4.519545078277587891e+00
-1.678626298904418945e+00 1.395154595375061035e-01 -2.089205026626586914e+00
-2.408896684646606445e+00 1.179461255669593811e-01 -2.047667264938354492e+00
-1.956035971641540527e+00 1.191568300127983093e-01 -2.598673105239868164e+00
-1.822735548019409180e+00 1.398316770792007446e-01 -1.519429445266723633e+00
-2.394227743148803711e+00 9.517047554254531860e-02 -2.343744754791259766e+00
-8.617044687271118164e-01 1.378700286149978638e-01 -2.587576866149902344e+00
-2.478287935256958008e+00 9.480797499418258667e-02 -1.562983036041259766e+00
-2.135540962219238281e+00 7.385855913162231445e-02 -2.361833572387695312e+00
-1.982979536056518555e+00 7.076673209667205811e-02 -2.120728015899658203e+00
-2.419993638992309570e+00 6.252234429121017456e-02 -2.165566682815551758e+00
-1.394482374191284180e+00 1.704766787588596344e-02 -3.036321401596069336e+00
-2.076966762542724609e+00 2.372865192592144012e-02 -1.521286845207214355e+00
-2.412862062454223633e+00 3.179931640625000000e-02 -2.520747661590576172e+00
7.077708840370178223e-01 -2.423016279935836792e-01 -2.061548233032226562e+00
-2.814789533615112305e+00 -5.025075003504753113e-02 -1.616190552711486816e+00
-2.062160968780517578e+00 2.814880944788455963e-02 -2.490094184875488281e+00
-1.676995515823364258e+00 -5.835771560668945312e-02 -1.588104963302612305e+00
-2.433120012283325195e+00 5.777824204415082932e-03 -2.281420230865478516e+00
5.387443304061889648e-01 -5.865426063537597656e-01 -3.701296806335449219e+00
-2.374516248703002930e+00 -1.387750804424285889e-01 -1.364889621734619141e+00
-2.508718729019165039e+00 -1.836002022027969360e-01 -3.097105741500854492e+00
-1.933846950531005859e+00 2.048949524760246277e-02 -2.133908987045288086e+00
-2.834800958633422852e+00 -1.659622341394424438e-01 -1.945633292198181152e+00
-1.647653222084045410e+00 -2.467364370822906494e-01 -3.059369802474975586e+00
-1.947161436080932617e+00 -1.464552581310272217e-01 -1.606313586235046387e+00
-2.451793193817138672e+00 -8.546981960535049438e-02 -2.432602643966674805e+00
1.512788772583007812e+00 -1.404384493827819824e+00 -2.808288812637329102e+00
-2.618223905563354492e+00 -2.869105339050292969e-01 -1.545202851295471191e+00
-2.114491939544677734e+00 -1.447645830921828747e-03 -2.366672992706298828e+00
-1.505731940269470215e+00 -3.211645185947418213e-01 -1.648268222808837891e+00
-2.628194808959960938e+00 -1.963421404361724854e-01 -2.210343837738037109e+00
-8.743628263473510742e-01 -8.178384900093078613e-01 -3.307907581329345703e+00
-2.169160127639770508e+00 -3.221137523651123047e-01 -1.516164422035217285e+00
-2.455123901367187500e+00 -2.811956107616424561e-01 -2.675346374511718750e+00
-1.903720617294311523e+00 -5.555399134755134583e-02 -2.168154954910278320e+00
-2.659771680831909180e+00 -3.668171465396881104e-01 -1.857939958572387695e+00
-1.788631319999694824e+00 -7.478108406066894531e-01 -3.326816320419311523e+00
-1.810091733932495117e+00 -4.066612720489501953e-01 -1.629675745964050293e+00
-2.536228895187377930e+00 -2.907923161983489990e-01 -2.368642330169677734e+00
-2.893525362014770508e-01 -1.539012670516967773e+00 -2.932790279388427734e+00
-2.600837230682373047e+00 -9.315471649169921875e-01 -1.165570139884948730e+00
-2.177309989929199219e+00 -1.668113917112350464e-01 -2.454080820083618164e+00
-1.429489016532897949e+00 -6.874467730522155762e-01 -1.806714653968811035e+00
-2.734487056732177734e+00 -5.928941369056701660e-01 -2.072594642639160156e+00
-1.202692985534667969e+00 -1.611226916313171387e+00 -3.458088159561157227e+00
-1.999121546745300293e+00 -9.316654205322265625e-01 -1.346346020698547363e+00
-2.364440917968750000e+00 -3.561621904373168945e-01 -2.430889606475830078e+00
-1.954771995544433594e+00 -1.226708292961120605e-01 -2.209856033325195312e+00
-2.528373718261718750e+00 -7.757278084754943848e-01 -1.789020299911499023e+00
-2.094926357269287109e+00 -1.197340935468673706e-01 -2.329826831817626953e+00
-1.786674141883850098e+00 -7.615288496017456055e-01 -1.819872856140136719e+00
-2.435477018356323242e+00 -5.484074354171752930e-01 -2.253408193588256836e+00
-2.024047136306762695e+00 -1.211535185575485229e-01 -2.258262634277343750e+00
-2.181761264801025391e+00 -7.417114973068237305e-01 -1.865753173828125000e+00
-2.156433820724487305e+00 -2.334805876016616821e-01 -2.302553653717041016e+00
-1.838040709495544434e+00 -8.753039836883544922e-01 -2.118182897567749023e+00
-2.240537881851196289e+00 -6.726074814796447754e-01 -2.142792463302612305e+00
-2.101907730102539062e+00 -6.097470521926879883e-01 -2.205209016799926758e+00
