5.197810649871826172e+00 4.229105949401855469e+00 -2.155532646179199219e+01
5.197810649871826172e+00 4.229105949401855469e+00 -2.155532646179199219e+01
5.197810649871826172e+00 4.229105949401855469e+00 -2.155532646179199219e+01
5.197810649871826172e+00 4.229105949401855469e+00 -2.155532646179199219e+01
5.197810649871826172e+00 4.229105949401855469e+00 -2.155532646179199219e+01
5.197810649871826172e+00 4.229105949401855469e+00 -2.155532646179199219e+01
5.197810649871826172e+00 4.229105949401855469e+00 -2.155532646179199219e+01
5.197810649871826172e+00 4.229105949401855469e+00 -2.155532646179199219e+01
5.197810649871826172e+00 4.229105949401855469e+00 -2.155532646179199219e+01
5.197810649871826172e+00 4.229105949401855469e+00 -2.155532646179199219e+01
5.197810649871826172e+00 4.229105949401855469e+00 -2.155532646179199219e+01
5.197810649871826172e+00 4.229105949401855469e+00 -2.155532646179199219e+01
5.197810649871826172e+00 4.229105949401855469e+00 -2.155532646179199219e+01
5.197810649871826172e+00 4.229105949401855469e+00 -2.155532646179199219e+01
5.305008888244628906e+00 4.020598888397216797e+00 -1.861577224731445312e+01
5.197810649871826172e+00 4.229105949401855469e+00 -2.155532646179199219e+01
4.399578571319580078e+00 4.091949462890625000e+00 -2.089578819274902344e+01
5.197810649871826172e+00 4.229105949401855469e+00 -2.155532646179199219e+01
4.898087501525878906e+00 3.997102022171020508e+00 -2.063142585754394531e+01
4.387091159820556641e+00 3.965608596801757812e+00 -2.126818656921386719e+01
5.197810649871826172e+00 4.229105949401855469e+00 -2.155532646179199219e+01
5.197810649871826172e+00 4.229105949401855469e+00 -2.155532646179199219e+01
4.823214530944824219e+00 3.968535900115966797e+00 -2.107648086547851562e+01
1.711107254028320312e+00 2.449720382690429688e+00 -2.158934593200683594e+01
5.149359226226806641e+00 3.944996118545532227e+00 -2.105890846252441406e+01
5.197810649871826172e+00 4.229105949401855469e+00 -2.155532646179199219e+01
4.533711433410644531e+00 3.706437826156616211e+00 -2.114192581176757812e+01
5.197810649871826172e+00 4.229105949401855469e+00 -2.155532646179199219e+01
5.197810649871826172e+00 4.229105949401855469e+00 -2.155532646179199219e+01
5.197810649871826172e+00 4.229105949401855469e+00 -2.155532646179199219e+01
4.995167732238769531e+00 3.821411848068237305e+00 -2.113307189941406250e+01
2.956953525543212891e+00 1.872924566268920898e+00 -2.108555221557617188e+01
5.275506019592285156e+00 3.470261573791503906e+00 -2.090611839294433594e+01
5.197810649871826172e+00 4.229105949401855469e+00 -2.155532646179199219e+01
3.820193052291870117e+00 1.489906191825866699e+00 -2.021090698242187500e+01
5.197810649871826172e+00 4.229105949401855469e+00 -2.155532646179199219e+01
5.197810649871826172e+00 4.229105949401855469e+00 -2.155532646179199219e+01
5.084748744964599609e+00 3.076659679412841797e+00 -2.107470321655273438e+01
5.197810649871826172e+00 4.229105949401855469e+00 -2.155532646179199219e+01
4.984396934509277344e+00 3.082453250885009766e+00 -2.145923995971679688e+01
5.197810649871826172e+00 4.229105949401855469e+00 -2.155532646179199219e+01
