-1.771189808845520020e+00 2.381469458341598511e-01 -2.952183961868286133e+00
-1.864928841590881348e+00 3.933565914630889893e-01 -2.866311311721801758e+00
-1.759217619895935059e+00 2.375464439392089844e-01 -3.088601350784301758e+00
-1.723053336143493652e+00 -1.268898602575063705e-02 -2.889398574829101562e+00
-1.979995965957641602e+00 2.654742300510406494e-01 -2.989118814468383789e+00
-1.597529053688049316e+00 1.930042356252670288e-01 -3.062652826309204102e+00
-1.841739416122436523e+00 2.709774374961853027e-01 -2.689742803573608398e+00
-1.793103098869323730e+00 -1.498428732156753540e-01 -2.994376659393310547e+00
-1.652576684951782227e+00 -3.524306416511535645e-02 -2.908866643905639648e+00
-2.154323339462280273e+00 3.603658378124237061e-01 -2.794032096862792969e+00
-1.742783308029174805e+00 -1.407276540994644165e-01 -3.012887001037597656e+00
-1.312738776206970215e+00 1.666072845458984375e+00 -1.490569710731506348e+00
-1.824393033981323242e+00 -1.580992937088012695e-01 -2.983016252517700195e+00
-1.542525768280029297e+00 2.610944025218486786e-02 -3.002454996109008789e+00
-2.524893522262573242e+00 1.119155049324035645e+00 -1.880117893218994141e+00
-1.777405619621276855e+00 -1.824558377265930176e-01 -3.000151157379150391e+00
-6.792424619197845459e-02 1.818232297897338867e+00 -1.516669988632202148e+00
-1.872115492820739746e+00 -1.415386497974395752e-01 -2.948010444641113281e+00
-1.702011108398437500e+00 -1.489538401365280151e-01 -3.021025896072387695e+00
-1.859826803207397461e+00 1.271710038185119629e+00 -1.035326480865478516e+00
-1.805259346961975098e+00 -1.900023370981216431e-01 -2.993010759353637695e+00
-5.902477502822875977e-01 6.096312999725341797e-01 -2.793289899826049805e+00
-1.849750995635986328e+00 -1.655197888612747192e-01 -2.897523164749145508e+00
-1.758864402770996094e+00 -1.938720792531967163e-01 -3.006971597671508789e+00
-1.308437585830688477e-01 1.753544211387634277e+00 -8.956138789653778076e-02
-3.377496719360351562e+00 7.309420108795166016e-01 -3.464639663696289062e+00
-8.113531470298767090e-01 3.408703207969665527e-01 -3.395652770996093750e+00
-2.251418352127075195e+00 4.053183794021606445e-01 -1.804702281951904297e+00
-1.788067340850830078e+00 -2.054202556610107422e-01 -2.999107837677001953e+00
-3.298042118549346924e-01 5.114170908927917480e-01 -2.194632053375244141e+00
-1.863266229629516602e+00 -1.886544823646545410e-01 -2.927912950515747070e+00
-1.728866457939147949e+00 -1.979343593120574951e-01 -3.018006324768066406e+00
-1.495436668395996094e+00 3.858436942100524902e-01 -1.347655057907104492e+00
-4.664523124694824219e+00 1.064383745193481445e+00 -5.192944049835205078e+00
-6.971434354782104492e-01 1.258736997842788696e-01 -3.041166543960571289e+00
-2.388068437576293945e+00 4.884019121527671814e-02 -2.285356283187866211e+00
-1.770938396453857422e+00 -2.148556262254714966e-01 -3.003724575042724609e+00
3.996277749538421631e-01 6.137551665306091309e-01 -5.591744184494018555e-01
-2.142571449279785156e+00 -1.403782665729522705e-01 -2.986603498458862305e+00
-6.944451928138732910e-01 6.394447386264801025e-02 -3.769394636154174805e+00
-2.031862020492553711e+00 5.533976480364799500e-02 -1.519299268722534180e+00
-3.857207536697387695e+00 4.532265663146972656e-01 -6.267075061798095703e+00
1.112196803092956543e+00 2.288108915090560913e-01 -2.161967277526855469e+00
-1.854909896850585938e+00 -2.170016020536422729e-01 -2.909220218658447266e+00
-1.751187682151794434e+00 -2.230329513549804688e-01 -3.006136178970336914e+00
-1.244499444961547852e+00 -1.019473597407341003e-01 -1.658382058143615723e+00
-4.499048709869384766e+00 -1.548774074763059616e-02 -4.244966983795166016e+00
-4.967274963855743408e-01 -1.620235592126846313e-01 -3.345114231109619141e+00
-2.765046596527099609e+00 -1.698748618364334106e-01 -1.256343603134155273e+00
-2.365325689315795898e+00 -2.008802741765975952e-01 -5.718971252441406250e+00
2.738393306732177734e+00 -2.853433191776275635e-01 2.512126863002777100e-01
-2.528390169143676758e+00 -2.525997757911682129e-01 -2.857815504074096680e+00
-1.708916544914245605e+00 -2.343246787786483765e-01 -3.025345087051391602e+00
-1.723505020141601562e+00 -3.222163617610931396e-01 -1.644583582878112793e+00
-3.622588872909545898e+00 -4.702491164207458496e-01 -4.830878257751464844e+00
6.836725473403930664e-01 -5.042867064476013184e-01 -2.826665163040161133e+00
-1.846437692642211914e+00 -2.423956692218780518e-01 -2.890010356903076172e+00
-1.711992144584655762e+00 -2.951348423957824707e-01 -3.376483678817749023e+00
-3.723883330821990967e-01 -6.593920588493347168e-01 -9.206913709640502930e-01
-2.535085678100585938e+00 -3.827529549598693848e-01 -3.127954721450805664e+00
-3.657882511615753174e-01 -5.800820589065551758e-01 -3.748428344726562500e+00
-2.532608747482299805e+00 -8.188505172729492188e-01 -6.050994992256164551e-01
-2.526983737945556641e+00 -7.047796249389648438e-01 -4.609194755554199219e+00
1.832404613494873047e+00 -1.339118957519531250e+00 -1.423355340957641602e+00
-4.020473003387451172e+00 -9.605209231376647949e-01 -2.155534029006958008e+00
-1.736439585685729980e+00 -2.538677453994750977e-01 -3.017526865005493164e+00
-1.466578722000122070e+00 -6.599585413932800293e-01 -1.773285627365112305e+00
-2.982804536819458008e+00 -7.755989432334899902e-01 -3.739622831344604492e+00
9.795354008674621582e-01 -1.353153586387634277e+00 -3.411117792129516602e+00
-2.400968551635742188e+00 -6.675418615341186523e-01 -2.147139072418212891e+00
-1.860143065452575684e+00 -7.503401637077331543e-01 -4.093515396118164062e+00
1.725972771644592285e+00 -2.537175893783569336e+00 3.148258924484252930e-01
-2.285794973373413086e+00 -4.920870959758758545e-01 -2.957204818725585938e+00
1.119772076606750488e+00 -2.325669765472412109e+00 -5.549123287200927734e+00
-1.864595651626586914e+00 -7.771792411804199219e-01 -1.995179295539855957e+00
-2.617299556732177734e+00 -1.076102137565612793e+00 -4.078371524810791016e+00
1.315424084663391113e+00 -2.219765663146972656e+00 -2.375093698501586914e+00
-3.337659835815429688e+00 -1.462329983711242676e+00 -1.977060079574584961e+00
-1.488240480422973633e+00 -9.701311588287353516e-01 -3.965212345123291016e+00
3.119493126869201660e-01 -3.648123025894165039e+00 1.156281590461730957e+00
-2.458863258361816406e+00 -8.042665123939514160e-01 -3.210952758789062500e+00
6.816353648900985718e-02 -1.864541172981262207e+00 -3.690522193908691406e+00
-3.210755109786987305e+00 -3.125702619552612305e+00 4.749447479844093323e-02
-1.970902442932128906e+00 -8.626248240470886230e-01 -3.611352205276489258e+00
1.631304502487182617e+00 -4.073545932769775391e+00 -9.357697367668151855e-01
-3.647534608840942383e+00 -2.202375888824462891e+00 -2.558825969696044922e+00
-9.549834728240966797e-01 -1.757529139518737793e+00 -4.089407444000244141e+00
-1.676615476608276367e+00 -1.153167963027954102e+00 -2.161937236785888672e+00
-2.115282773971557617e+00 -7.909579873085021973e-01 -3.247975587844848633e+00
-1.110967755317687988e+00 -1.104064464569091797e+00 -2.973036050796508789e+00
-2.506272315979003906e+00 -1.691075086593627930e+00 -2.234816074371337891e+00
-1.725959897041320801e+00 -1.473184704780578613e+00 -3.759529113769531250e+00
-1.316343307495117188e+00 -1.432501316070556641e+00 -2.396187067031860352e+00
-3.256366252899169922e+00 -2.992825269699096680e+00 -3.166784763336181641e+00
-1.396634221076965332e+00 -1.159805893898010254e+00 -3.207402944564819336e+00
-1.940050125122070312e+00 -1.950667023658752441e+00 -2.234362840652465820e+00
-2.138257980346679688e+00 -2.287574529647827148e+00 -3.607506752014160156e+00
-1.541508436203002930e+00 -1.054250359535217285e+00 -2.876432657241821289e+00
-2.183527946472167969e+00 -2.444924354553222656e+00 -2.766533374786376953e+00
-1.771189808845520020e+00 -3.833761215209960938e+00 -2.952183961868286133e+00
