-9.398732185363769531e-01 -8.278935551643371582e-01 -1.350891113281250000e+00
-1.029089450836181641e+00 -6.868478059768676758e-01 -1.269161701202392578e+00
-9.162520766258239746e-01 -3.582066595554351807e-01 -1.620041847229003906e+00
-6.253545284271240234e-01 1.367811858654022217e-01 -9.406571388244628906e-01
-1.056131482124328613e+00 -1.004048824310302734e+00 -1.371455550193786621e+00
-8.433161377906799316e-01 -1.044722318649291992e+00 -1.412312865257263184e+00
-1.041133403778076172e+00 -5.613313317298889160e-01 -9.742082953453063965e-01
-1.178874373435974121e+00 -4.111941158771514893e-01 -1.811073303222656250e+00
-2.538873255252838135e-01 -1.563518345355987549e-01 -1.100370168685913086e+00
-1.341281056404113770e+00 -6.616548299789428711e-01 -1.185195803642272949e+00
-5.512068271636962891e-01 -6.547375023365020752e-02 -2.181448698043823242e+00
-8.149201869964599609e-01 -7.629815936088562012e-01 -9.525210857391357422e-01
-1.521072149276733398e+00 -4.999986886978149414e-01 -1.687707781791687012e+00
-6.707793474197387695e-01 -9.788562655448913574e-01 -1.410050630569458008e+00
-1.747879266738891602e+00 1.661657094955444336e-01 -2.015856206417083740e-01
-1.149880647659301758e+00 3.086681663990020752e-01 -2.971504211425781250e+00
-4.126775562763214111e-01 -6.458151936531066895e-01 -9.065700769424438477e-01
-3.050078868865966797e+00 5.588129758834838867e-01 -1.263627529144287109e+00
-1.168613135814666748e-02 -1.993666738271713257e-01 -2.274561166763305664e+00
-9.532086849212646484e-01 -1.053767681121826172e+00 -1.062499642372131348e+00
-1.423859715461730957e+00 -7.190036177635192871e-01 -1.930868625640869141e+00
5.733847618103027344e-02 -5.710687637329101562e-01 -1.216717720031738281e+00
-2.193141222000122070e+00 -2.594988048076629639e-01 -4.788998663425445557e-01
-3.765418529510498047e-01 3.472073078155517578e-01 -3.854955434799194336e+00
-7.367265820503234863e-01 -1.034036517143249512e+00 -9.963731765747070312e-01
-1.693490505218505859e+00 -8.290334343910217285e-01 -1.591315627098083496e+00
1.510429501533508301e+00 1.763538867235183716e-01 -2.482993125915527344e+00
-1.021455883979797363e+00 -1.171780824661254883e+00 -1.155953526496887207e+00
-1.648501992225646973e+00 -2.700147330760955811e-01 -3.321059465408325195e+00
-3.654842376708984375e-01 -9.843795895576477051e-01 -1.049008369445800781e+00
-1.622050404548645020e+00 -9.772534966468811035e-01 -1.171071410179138184e+00
-3.621239662170410156e-01 -8.491836786270141602e-01 -2.249423980712890625e+00
-8.949347138404846191e-01 -1.179345011711120605e+00 -1.089406609535217285e+00
-1.341978907585144043e+00 -1.099804997444152832e+00 -1.662304401397705078e+00
-5.156624317169189453e-01 -1.139273047447204590e+00 -1.386036157608032227e+00
-1.070747256278991699e+00 -1.220575809478759766e+00 -1.209420084953308105e+00
-9.289382696151733398e-01 -6.441983580589294434e-01 -3.592421054840087891e+00
-4.961782991886138916e-01 -1.107273340225219727e+00 -8.617822527885437012e-01
-1.135354876518249512e+00 -1.232727289199829102e+00 -1.369008302688598633e+00
-1.594073623418807983e-01 -1.066944599151611328e+00 -1.943236827850341797e+00
-9.740694761276245117e-01 -1.242257714271545410e+00 -1.162918329238891602e+00
-1.262390255928039551e+00 -1.174069523811340332e+00 -1.863402843475341797e+00
4.461475014686584473e-01 -1.059329867362976074e+00 -9.710403084754943848e-01
-1.211329221725463867e+00 -1.239204406738281250e+00 -1.211584329605102539e+00
2.401249259710311890e-01 -9.000991582870483398e-01 -4.533733367919921875e+00
-8.332250714302062988e-01 -1.253798961639404297e+00 -1.088912606239318848e+00
-1.173074126243591309e+00 -1.261327266693115234e+00 -1.461409330368041992e+00
5.888379644602537155e-03 -1.229571700096130371e+00 -1.642479538917541504e+00
-1.024681091308593750e+00 -1.274534821510314941e+00 -1.206181526184082031e+00
-1.210378766059875488e+00 -1.266605019569396973e+00 -2.610588312149047852e+00
-3.665305972099304199e-01 -1.286724090576171875e+00 -9.436153769493103027e-01
-1.119476675987243652e+00 -1.285107135772705078e+00 -1.328507542610168457e+00
-3.292877674102783203e-01 -1.327257275581359863e+00 -2.068232059478759766e+00
-9.333114027976989746e-01 -1.292383074760437012e+00 -1.170954465866088867e+00
-1.231647133827209473e+00 -1.317566514015197754e+00 -1.646966695785522461e+00
5.494843721389770508e-01 -1.446352720260620117e+00 -1.274739265441894531e+00
-1.068517565727233887e+00 -1.301724314689636230e+00 -1.244598746299743652e+00
-5.706094503402709961e-01 -1.689248561859130859e+00 -3.997592210769653320e+00
-7.052869796752929688e-01 -1.351720690727233887e+00 -1.010199308395385742e+00
-1.160166740417480469e+00 -1.323825001716613770e+00 -1.401580095291137695e+00
-2.997806072235107422e-01 -1.439308524131774902e+00 -1.713541984558105469e+00
-9.845337271690368652e-01 -1.314189910888671875e+00 -1.213224411010742188e+00
-1.747015476226806641e+00 -1.787225961685180664e+00 -3.120478153228759766e+00
-3.265654146671295166e-01 -1.468475461006164551e+00 -1.090694665908813477e+00
-2.205288410186767578e+00 -1.690901041030883789e+00 -9.027070403099060059e-01
-3.997329473495483398e-01 -1.658905506134033203e+00 -2.366547822952270508e+00
-8.982930779457092285e-01 -1.338383078575134277e+00 -1.189968705177307129e+00
-1.307167530059814453e+00 -1.445177078247070312e+00 -1.589598894119262695e+00
-2.404337972402572632e-01 -1.565345048904418945e+00 -1.467586278915405273e+00
-1.020524382591247559e+00 -1.335721015930175781e+00 -1.247794985771179199e+00
-1.138614058494567871e+00 -2.443365335464477539e+00 -3.900873184204101562e+00
-4.755687713623046875e-01 -1.586005449295043945e+00 -9.171431660652160645e-01
-1.993857502937316895e+00 -1.817504644393920898e+00 -1.361174702644348145e+00
6.449188590049743652e-01 -2.428734779357910156e+00 -2.774503469467163086e+00
-9.520410299301147461e-01 -1.350969433784484863e+00 -1.226223945617675781e+00
-1.736419320106506348e+00 -2.076661586761474609e+00 -2.411108732223510742e+00
-3.334562778472900391e-01 -1.670647621154785156e+00 -1.237512111663818359e+00
-1.551786422729492188e+00 -1.761215925216674805e+00 -9.699765443801879883e-01
-5.724611282348632812e-01 -2.241379737854003906e+00 -2.666317462921142578e+00
-8.725206255912780762e-01 -1.390152812004089355e+00 -1.218055129051208496e+00
-3.290651559829711914e+00 -3.244547128677368164e+00 -2.235479831695556641e+00
-5.048202276229858398e-01 -1.666355967521667480e+00 -1.525526523590087891e+00
-1.539834737777709961e+00 -2.486672163009643555e+00 -1.007277742028236389e-01
-1.321469664573669434e+00 -2.489413976669311523e+00 -2.610382318496704102e+00
-7.697984576225280762e-01 -1.471767544746398926e+00 -1.250100016593933105e+00
-1.658636212348937988e+00 -2.035373687744140625e+00 -1.200209140777587891e+00
-2.591569721698760986e-01 -2.554024696350097656e+00 -2.299335479736328125e+00
-8.089064359664916992e-01 -2.558764696121215820e+00 -2.565552890300750732e-01
-1.558334231376647949e+00 -2.288826227188110352e+00 -1.882536768913269043e+00
-6.709566712379455566e-01 -1.635854601860046387e+00 -1.359384417533874512e+00
-1.898232817649841309e+00 -3.185184001922607422e+00 -4.156268239021301270e-01
-8.961282968521118164e-01 -2.482505798339843750e+00 -2.131730079650878906e+00
-6.371387839317321777e-01 -2.080329895019531250e+00 -9.808336496353149414e-01
-1.535341024398803711e+00 -2.387563467025756836e+00 -1.436933398246765137e+00
-5.646139383316040039e-01 -2.211707353591918945e+00 -1.606589555740356445e+00
-1.073767185211181641e+00 -2.644407987594604492e+00 -7.817108631134033203e-01
-1.184492349624633789e+00 -2.651170253753662109e+00 -1.787606835365295410e+00
-3.324583172798156738e-01 -3.460842370986938477e+00 -1.150559067726135254e+00
-1.383675932884216309e+00 -3.664134502410888672e+00 -1.151073932647705078e+00
-9.398732185363769531e-01 -3.823839902877807617e+00 -1.350891113281250000e+00
