-1.202158808708190918e+00 -6.170965433120727539e-01 1.219221830368041992e+00
-1.256237864494323730e+00 -4.969976246356964111e-01 1.268762588500976562e+00
-1.196269869804382324e+00 -6.265957951545715332e-01 1.152120709419250488e+00
-1.159124016761779785e+00 -6.625075340270996094e-01 1.275353193283081055e+00
-1.777529001235961914e+00 5.075097084045410156e-01 1.117446899414062500e+00
-1.144686818122863770e+00 -7.164961695671081543e-01 1.182662844657897949e+00
-1.261567950248718262e+00 -4.348919689655303955e-01 1.440220832824707031e+00
-1.276681542396545410e+00 -5.855272412300109863e-01 1.075732827186584473e+00
-1.124830842018127441e+00 -7.296895384788513184e-01 1.247461915016174316e+00
-1.833566188812255859e+00 1.157379299402236938e-01 1.479857563972473145e+00
-1.157176136970520020e+00 -7.157899141311645508e-01 1.123096466064453125e+00
-1.158874869346618652e+00 -6.773460507392883301e-01 1.357217788696289062e+00
-2.129726409912109375e+00 3.879306614398956299e-01 6.816774010658264160e-01
-1.117952704429626465e+00 -7.621939182281494141e-01 1.200709342956542969e+00
-1.292422175407409668e+00 -6.947997808456420898e-01 1.347612142562866211e+00
-1.224094033241271973e+00 -6.904140114784240723e-01 1.049949169158935547e+00
-1.107753753662109375e+00 -7.428147792816162109e-01 1.298786520957946777e+00
-1.911029815673828125e+00 -2.387345731258392334e-01 1.248535871505737305e+00
-1.126477003097534180e+00 -7.682294249534606934e-01 1.143908262252807617e+00
-1.210158228874206543e+00 -7.208306193351745605e-01 1.392216324806213379e+00
-1.339418649673461914e+00 -6.973180174827575684e-01 1.054738640785217285e+00
-1.100389719009399414e+00 -7.840000987052917480e-01 1.232914686203002930e+00
-1.817675352096557617e+00 -3.552990257740020752e-01 1.647482156753540039e+00
-1.167879939079284668e+00 -7.573174238204956055e-01 1.066848874092102051e+00
-1.104681730270385742e+00 -7.384704947471618652e-01 1.389332413673400879e+00
-3.231274843215942383e+00 3.568948209285736084e-01 5.718784332275390625e-01
-1.104975938796997070e+00 -7.985640764236450195e-01 1.174320936203002930e+00
-2.012421846389770508e+00 2.147264331579208374e-01 3.155303955078125000e+00
-1.275663256645202637e+00 -7.515863180160522461e-01 1.014860868453979492e+00
1.157058954238891602e+00 3.563458025455474854e-01 2.459160566329956055e+00
-2.232239007949829102e+00 -3.997401893138885498e-01 1.490747690200805664e+00
-1.122288584709167480e+00 -7.968051433563232422e-01 1.095005154609680176e+00
-1.140238761901855469e+00 -7.181433439254760742e-01 1.579516530036926270e+00
-4.431092739105224609e+00 5.876147150993347168e-01 -1.281446218490600586e+00
-1.087726473808288574e+00 -8.184512853622436523e-01 1.209741353988647461e+00
-2.479919672012329102e+00 -2.798451781272888184e-01 2.600443840026855469e+00
-1.201220035552978516e+00 -8.017599582672119141e-01 1.026788592338562012e+00
-8.647612333297729492e-01 -7.252532839775085449e-01 1.591153383255004883e+00
-2.242692947387695312e+00 -6.067045331001281738e-01 1.122785329818725586e+00
-1.097316026687622070e+00 -8.277408480644226074e-01 1.139649868011474609e+00
-1.382311224937438965e+00 -6.594789028167724609e-01 2.209498643875122070e+00
-1.299299478530883789e+00 -8.245189785957336426e-01 1.064855575561523438e+00
1.944986701011657715e+00 -3.561121523380279541e-01 2.081723928451538086e+00
-2.638040542602539062e+00 -6.425303816795349121e-01 1.956092715263366699e+00
-1.139389157295227051e+00 -8.361217975616455078e-01 1.049911379814147949e+00
-1.021019101142883301e+00 -8.124539256095886230e-01 1.664187073707580566e+00
-2.379060506820678711e+00 -7.639918923377990723e-01 6.614661812782287598e-01
-5.853398442268371582e-01 -8.236691951751708984e-01 1.029049992561340332e+00
-2.182974100112915039e+00 -7.975009679794311523e-01 2.892809152603149414e+00
-1.247600913047790527e+00 -8.541239500045776367e-01 1.007605791091918945e+00
-6.295844316482543945e-01 -8.634049296379089355e-01 1.625951886177062988e+00
-2.539138317108154297e+00 -8.971570134162902832e-01 1.385846972465515137e+00
-1.089264035224914551e+00 -8.651182651519775391e-01 1.086588382720947266e+00
-1.175653219223022461e+00 -9.078654646873474121e-01 1.946050643920898438e+00
-4.218215465545654297e+00 -1.248562335968017578e+00 -1.841300606727600098e+00
-4.667408466339111328e-01 -9.386399388313293457e-01 1.256824254989624023e+00
-1.922320961952209473e+00 -9.800523519515991211e-01 1.814255595207214355e+00
-1.170199632644653320e+00 -8.917629718780517578e-01 9.901545047760009766e-01
-8.560438156127929688e-01 -9.626898169517517090e-01 1.721887946128845215e+00
-2.883901596069335938e+00 -1.193776249885559082e+00 8.322567343711853027e-01
-5.447522401809692383e-01 -1.020318388938903809e+00 8.467615246772766113e-01
-2.141815900802612305e+00 -1.583661794662475586e+00 4.115727901458740234e+00
-1.266963839530944824e+00 -8.970657587051391602e-01 1.077142477035522461e+00
-4.335128366947174072e-01 -1.092998981475830078e+00 1.545320630073547363e+00
-2.466591358184814453e+00 -1.267272114753723145e+00 1.667057871818542480e+00
-1.115372419357299805e+00 -9.172515273094177246e-01 1.056032538414001465e+00
-1.043300390243530273e+00 -1.080817341804504395e+00 1.834031701087951660e+00
-3.917408704757690430e+00 -2.080203294754028320e+00 -5.454427599906921387e-01
-4.731716513633728027e-01 -1.154105901718139648e+00 1.097596883773803711e+00
-1.786646127700805664e+00 -1.262881159782409668e+00 1.966370940208435059e+00
-1.234781622886657715e+00 -1.047336339950561523e+00 8.006484508514404297e-01
4.979517757892608643e-01 -1.978180289268493652e+00 2.807446002960205078e+00
-3.688183546066284180e+00 -2.125015020370483398e+00 1.194965958595275879e+00
-3.899500966072082520e-01 -1.445233583450317383e+00 4.896180629730224609e-01
-1.272346973419189453e+00 -1.267879486083984375e+00 1.938345909118652344e+00
-3.440929889678955078e+00 -3.096473693847656250e+00 -1.760624051094055176e+00
-4.515917897224426270e-01 -1.340288281440734863e+00 1.359552025794982910e+00
-3.708478450775146484e+00 -2.828866720199584961e+00 2.779399871826171875e+00
-1.137693047523498535e+00 -1.025059580802917480e+00 9.884186387062072754e-01
7.925607264041900635e-02 -2.959250688552856445e+00 3.746488809585571289e+00
-2.463457345962524414e+00 -1.910582423210144043e+00 7.446000576019287109e-01
-4.605208635330200195e-01 -1.515581965446472168e+00 9.215195775032043457e-01
-2.016950368881225586e+00 -2.495575189590454102e+00 2.917034864425659180e+00
-1.254167795181274414e+00 -1.021196961402893066e+00 1.047561764717102051e+00
-5.359677076339721680e-01 -1.608961582183837891e+00 1.614025473594665527e+00
-3.236028671264648438e+00 -2.994851827621459961e+00 1.645603537559509277e+00
3.421081462875008583e-03 -3.113339900970458984e+00 -4.605170488357543945e-01
-1.136667251586914062e+00 -1.495962858200073242e+00 1.766458392143249512e+00
-1.478830695152282715e+00 -1.307784318923950195e+00 9.813872575759887695e-01
9.704934805631637573e-02 -2.577375650405883789e+00 1.178188323974609375e+00
-2.041659593582153320e+00 -2.525540113449096680e+00 2.038491487503051758e+00
-1.192580342292785645e+00 -1.119697213172912598e+00 1.048247337341308594e+00
-8.943501710891723633e-01 -1.670441269874572754e+00 1.595481991767883301e+00
-1.616121649742126465e+00 -1.626540660858154297e+00 1.159406185150146484e+00
-4.865220785140991211e-01 -2.633844137191772461e+00 7.315931320190429688e-01
-1.306854605674743652e+00 -1.923480033874511719e+00 1.664281368255615234e+00
-1.292929291725158691e+00 -1.365249872207641602e+00 1.057170271873474121e+00
-8.839492201805114746e-01 -1.998998641967773438e+00 1.324170827865600586e+00
-1.377545237541198730e+00 -1.798646688461303711e+00 1.298187613487243652e+00
-1.202158808708190918e+00 -1.700549483299255371e+00 1.219221830368041992e+00
