-9.238038063049316406e-01 3.090182244777679443e-01 1.878383636474609375e+00
-1.058744788169860840e+00 -4.361410737037658691e-01 2.002000570297241211e+00
-9.161756634712219238e-01 -1.035159111022949219e+00 1.791464686393737793e+00
-2.672309577465057373e-01 1.624086618423461914e+00 2.734766721725463867e+00
-1.141351342201232910e+00 -8.170579671859741211e-01 1.839902520179748535e+00
-7.642500400543212891e-01 -9.445665478706359863e-01 1.776888608932495117e+00
-1.070108056068420410e+00 -2.949097752571105957e-01 2.422628164291381836e+00
-1.079294323921203613e+00 -7.677336931228637695e-01 1.578996062278747559e+00
-6.253856420516967773e-01 -8.440733551979064941e-01 1.987365484237670898e+00
-1.199692130088806152e+00 -9.079897403717041016e-01 1.992266297340393066e+00
-4.838869571685791016e-01 4.152802005410194397e-02 9.383068680763244629e-01
-6.751039624214172363e-01 -3.044292032718658447e-01 2.671277999877929688e+00
-1.017156958580017090e+00 -1.207494378089904785e+00 1.824283599853515625e+00
-5.544651746749877930e-01 -9.199120998382568359e-01 1.797185540199279785e+00
-1.931241393089294434e+00 4.699150919914245605e-01 3.311359882354736328e+00
-1.278635978698730469e+00 1.350880146026611328e+00 -8.598316907882690430e-01
1.161720976233482361e-01 -8.243940770626068115e-02 2.754876375198364258e+00
-1.140980839729309082e+00 -1.143511533737182617e+00 1.887364625930786133e+00
-5.172510743141174316e-01 -8.595595359802246094e-01 1.473809361457824707e+00
-9.724400043487548828e-01 -5.090045332908630371e-01 2.930186748504638672e+00
-1.515911221504211426e+00 -6.468622088432312012e-01 1.168841123580932617e+00
1.144716143608093262e+00 1.370319277048110962e-01 2.156700134277343750e+00
-1.311942934989929199e+00 -1.016785264015197754e+00 2.148440837860107422e+00
4.230862483382225037e-02 1.457287788391113281e+00 -2.416083097457885742e+00
-5.356007814407348633e-02 -2.806828320026397705e-01 3.397074937820434570e+00
-1.067257165908813477e+00 -1.246947884559631348e+00 1.832618117332458496e+00
-4.294298291206359863e-01 -1.038960576057434082e+00 1.649970293045043945e+00
-1.245161414146423340e+00 -9.079355597496032715e-01 2.646251201629638672e+00
-1.232786417007446289e+00 -8.925014138221740723e-01 1.019333362579345703e+00
1.304299712181091309e+00 -1.874560117721557617e-01 3.049412488937377930e+00
-1.282784104347229004e+00 -1.173604846000671387e+00 1.973009705543518066e+00
-4.735848307609558105e-01 -9.972950816154479980e-01 1.178189754486083984e+00
-7.323316931724548340e-01 -9.054715037345886230e-01 2.992505073547363281e+00
-1.015707373619079590e+00 -1.291620612144470215e+00 1.807208299636840820e+00
-8.774406462907791138e-02 -1.056114554405212402e+00 1.809117794036865234e+00
-1.332493066787719727e+00 -1.148337125778198242e+00 2.320164680480957031e+00
-9.139996170997619629e-01 -7.630034089088439941e-01 -1.313578486442565918e-01
1.043007820844650269e-01 -9.333666563034057617e-01 3.011718988418579102e+00
-1.153136610984802246e+00 -1.277705430984497070e+00 1.857129096984863281e+00
-4.166375994682312012e-01 -1.194516658782958984e+00 1.493462562561035156e+00
-1.058692097663879395e+00 -1.185341715812683105e+00 2.619848966598510742e+00
-2.443367719650268555e+00 -8.354094624519348145e-01 -5.363552570343017578e-01
7.156854867935180664e-01 -1.072142720222473145e+00 2.327699661254882812e+00
-1.464673995971679688e+00 -1.252191424369812012e+00 2.155949354171752930e+00
-2.506714165210723877e-01 -1.116219997406005859e+00 6.272458285093307495e-02
1.399880498647689819e-01 -1.075160026550292969e+00 4.491561889648437500e+00
-1.058002233505249023e+00 -1.322191596031188965e+00 1.814784526824951172e+00
-2.565005719661712646e-01 -1.297405719757080078e+00 1.672646880149841309e+00
-1.233837008476257324e+00 -1.314128875732421875e+00 2.407400369644165039e+00
-1.210461258888244629e+00 -1.318926334381103516e+00 5.434699654579162598e-01
7.566554546356201172e-01 -1.353540539741516113e+00 3.072103261947631836e+00
-1.298744320869445801e+00 -1.344173312187194824e+00 1.925111770629882812e+00
-4.586660265922546387e-01 -1.369007945060729980e+00 1.331920742988586426e+00
-8.835122585296630859e-01 -1.411088109016418457e+00 2.983247280120849609e+00
-1.006851077079772949e+00 -1.343519091606140137e+00 1.794111967086791992e+00
9.285213798284530640e-02 -1.446532487869262695e+00 1.930365920066833496e+00
-1.368805050849914551e+00 -1.409180879592895508e+00 2.246065855026245117e+00
-5.258564352989196777e-01 -1.774166107177734375e+00 -9.739075303077697754e-01
7.640371471643447876e-02 -1.640135169029235840e+00 3.330994367599487305e+00
-1.134036302566528320e+00 -1.374904513359069824e+00 1.830009579658508301e+00
-4.064829647541046143e-01 -1.461778283119201660e+00 1.585290312767028809e+00
-1.131669878959655762e+00 -1.493619322776794434e+00 2.519133806228637695e+00
-1.633329033851623535e+00 -1.778933644294738770e+00 3.228131532669067383e-01
2.195288658142089844e+00 -2.293178796768188477e+00 3.201661825180053711e+00
-1.383858084678649902e+00 -1.482243776321411133e+00 2.041325330734252930e+00
-3.837157487869262695e-01 -1.711967349052429199e+00 8.628250956535339355e-01
-5.109058618545532227e-01 -1.916247367858886719e+00 3.476371288299560547e+00
-1.047130584716796875e+00 -1.388307571411132812e+00 1.798232555389404297e+00
-2.129518240690231323e-01 -1.623105645179748535e+00 1.759784340858459473e+00
-1.233109712600708008e+00 -1.547872304916381836e+00 2.273768663406372070e+00
-1.082799196243286133e+00 -2.263730764389038086e+00 -1.616370826959609985e-01
1.160859987139701843e-01 -2.018921375274658203e+00 2.849837064743041992e+00
-1.314979910850524902e+00 -1.532349109649658203e+00 1.874566912651062012e+00
-5.191856622695922852e-01 -1.626102328300476074e+00 1.514916777610778809e+00
-1.009544372558593750e+00 -1.835484266281127930e+00 2.756853342056274414e+00
-9.986107349395751953e-01 -1.407571911811828613e+00 1.778814196586608887e+00
-3.051599860191345215e-02 -1.908725023269653320e+00 2.045397520065307617e+00
-1.258842349052429199e+00 -1.596404790878295898e+00 2.086944341659545898e+00
-2.193171232938766479e-01 -3.176824808120727539e+00 -6.438530087471008301e-01
6.225200742483139038e-02 -2.950942754745483398e+00 3.823129653930664062e+00
-1.174540400505065918e+00 -1.542299747467041016e+00 1.784032464027404785e+00
-5.693502426147460938e-01 -1.647806406021118164e+00 1.736101746559143066e+00
-1.181875228881835938e+00 -1.851927757263183594e+00 2.416136980056762695e+00
-1.041975617408752441e+00 -1.707364320755004883e+00 1.488347649574279785e+00
2.587464153766632080e-01 -2.668743371963500977e+00 2.579196214675903320e+00
-1.214277863502502441e+00 -1.638141512870788574e+00 1.939278841018676758e+00
-7.611106634140014648e-01 -1.637304782867431641e+00 1.651702761650085449e+00
-8.589637279510498047e-01 -1.966007471084594727e+00 2.420176029205322266e+00
-1.122040987014770508e+00 -1.656202316284179688e+00 1.707973718643188477e+00
-6.628575325012207031e-01 -1.678394675254821777e+00 1.870141983032226562e+00
-1.185370564460754395e+00 -1.852807402610778809e+00 2.133646965026855469e+00
-9.173519611358642578e-01 -1.510129213333129883e+00 1.763219475746154785e+00
-8.531941771507263184e-01 -1.519475698471069336e+00 1.964695692062377930e+00
-1.197156071662902832e+00 -1.841324925422668457e+00 1.838885545730590820e+00
-8.392839431762695312e-01 -1.542652964591979980e+00 1.820792555809020996e+00
-1.062773942947387695e+00 -2.749247789382934570e+00 2.469142436981201172e+00
-1.150708198547363281e+00 -2.604944705963134766e+00 1.473293781280517578e+00
-8.766361474990844727e-01 -1.502097129821777344e+00 1.893940091133117676e+00
-1.157959938049316406e+00 -2.590819835662841797e+00 1.983809828758239746e+00
-9.238038063049316406e-01 -2.799450874328613281e+00 1.878383636474609375e+00
