-5.728837847709655762e-01 -1.533037722110748291e-01 -9.411215186119079590e-01
-8.096088767051696777e-01 1.419549345970153809e+00 -7.242619395256042480e-01
-5.542798638343811035e-01 5.723985433578491211e-01 -1.153103828430175781e+00
-9.983856976032257080e-02 1.977004289627075195e+00 -3.241178095340728760e-01
-1.190342783927917480e+00 1.310280799865722656e+00 -1.050341367721557617e+00
-4.212954342365264893e-01 2.154703289270401001e-01 -1.037549614906311035e+00
-8.382704257965087891e-01 1.729215025901794434e+00 4.610354080796241760e-02
-6.754984855651855469e-01 2.195531129837036133e-01 -1.138699889183044434e+00
1.132476702332496643e-01 9.702026844024658203e-01 -6.905474066734313965e-01
-6.294457912445068359e-01 -6.622686237096786499e-02 -9.177735447883605957e-01
-4.747243523597717285e-01 1.533342748880386353e-01 -1.150882482528686523e+00
-3.493605852127075195e-01 7.708885073661804199e-01 -2.284943759441375732e-01
-8.112298846244812012e-01 1.664141565561294556e-01 -1.079247951507568359e+00
8.778561949729919434e-01 1.468174457550048828e+00 -1.260062575340270996e+00
-1.405743837356567383e+00 1.336953759193420410e+00 2.435362786054611206e-01
-6.026744246482849121e-01 7.200290262699127197e-02 -1.171013593673706055e+00
-1.728760078549385071e-02 5.146446228027343750e-01 -4.728644788265228271e-01
-1.716549396514892578e+00 8.430694341659545898e-01 -8.938273787498474121e-01
-4.100245237350463867e-01 3.623695299029350281e-02 -1.103188276290893555e+00
-6.154525876045227051e-01 5.676512718200683594e-01 -2.053138241171836853e-02
-7.362534403800964355e-01 3.593227267265319824e-02 -1.136892914772033691e+00
3.791126906871795654e-01 5.231205224990844727e-01 -8.130317330360412598e-01
-6.568772792816162109e-01 -8.493570238351821899e-02 -8.826810717582702637e-01
-5.209384560585021973e-01 -3.292473731562495232e-03 -1.172023653984069824e+00
-3.457431122660636902e-02 4.974572658538818359e-01 -1.699710614047944546e-03
-7.693407535552978516e-01 -3.584246337413787842e-02 -1.003796696662902832e+00
-3.825473189353942871e-01 -4.020553082227706909e-02 -1.029061794281005859e+00
-1.775002241134643555e+00 1.435702562332153320e+00 1.931279182434082031e+00
-6.685578823089599609e-01 -1.699389889836311340e-02 -1.207119941711425781e+00
1.009723544120788574e+00 6.601685881614685059e-01 -1.093474552035331726e-01
-6.861929893493652344e-01 -1.030808836221694946e-01 -9.112535715103149414e-01
-4.234505891799926758e-01 -4.197266325354576111e-02 -1.173524498939514160e+00
-3.780045807361602783e-01 2.815456092357635498e-01 1.928248554468154907e-01
-7.901804447174072266e-01 -5.613236501812934875e-02 -1.109408259391784668e+00
8.721447587013244629e-01 3.247726857662200928e-01 -1.060839176177978516e+00
-3.030579090118408203e+00 9.554919004440307617e-01 1.715575098991394043e+00
-5.714667439460754395e-01 -7.096031308174133301e-02 -1.231598496437072754e+00
9.785467386245727539e-01 4.493260085582733154e-01 7.691041827201843262e-01
-7.409189343452453613e-01 -1.129950955510139465e-01 -9.566949605941772461e-01
-3.170347809791564941e-01 -8.358545601367950439e-02 -1.135301828384399414e+00
-1.001106023788452148e+00 3.145645260810852051e-01 1.412766575813293457e+00
-7.481038570404052734e-01 -9.595935046672821045e-02 -1.219563722610473633e+00
1.546218991279602051e+00 1.835002452135086060e-01 -3.603633046150207520e-01
-7.279825210571289062e-01 -1.302120387554168701e-01 -8.615273833274841309e-01
-4.645332396030426025e-01 -1.184551715850830078e-01 -1.233378529548645020e+00
-2.633735835552215576e-01 -7.836719602346420288e-02 -1.808174252510070801e-01
-8.121562600135803223e-01 -1.345347762107849121e-01 -1.054517269134521484e+00
-3.415859639644622803e-01 -1.410638391971588135e-01 -1.012433052062988281e+00
-1.538118600845336914e+00 -9.542860835790634155e-02 7.058805227279663086e-01
-6.535629630088806152e-01 -1.494220197200775146e-01 -1.316830515861511230e+00
2.429091930389404297e+00 -1.905005127191543579e-01 1.191341519355773926e+00
-7.495438456535339355e-01 -1.587010025978088379e-01 -9.191046953201293945e-01
-3.267510235309600830e-01 -1.725068241357803345e-01 -1.230288386344909668e+00
-4.557325839996337891e-01 -3.811706006526947021e-01 2.271365165710449219e+00
-8.033340573310852051e-01 -1.832748949527740479e-01 -1.174969315528869629e+00
6.313905715942382812e-01 -2.881216108798980713e-01 -8.795461654663085938e-01
-1.185037970542907715e+00 -2.584873437881469727e-01 -4.353292286396026611e-01
-5.198019742965698242e-01 -2.121880203485488892e-01 -1.321585655212402344e+00
5.264887809753417969e-01 -4.911992847919464111e-01 6.555076837539672852e-01
-8.039920330047607422e-01 -1.996789872646331787e-01 -9.942989945411682129e-01
1.087146043777465820e+00 -5.674436688423156738e-01 -1.881628036499023438e+00
-7.582612633705139160e-01 -2.967971861362457275e-01 -3.696927130222320557e-01
-7.641071677207946777e-01 -2.735627889633178711e-01 -1.360361695289611816e+00
2.838008165359497070e+00 -1.203617811203002930e+00 5.059528946876525879e-01
-1.269883513450622559e+00 -3.798403739929199219e-01 -6.942585110664367676e-01
-3.747521936893463135e-01 -2.924314439296722412e-01 -1.313679695129394531e+00
-4.270749986171722412e-01 -3.593684136867523193e-01 -3.768158853054046631e-01
-8.624661564826965332e-01 -2.838324010372161865e-01 -1.129323601722717285e+00
6.312785744667053223e-01 -6.452111601829528809e-01 -1.142025232315063477e+00
-9.566910862922668457e-01 -4.202810823917388916e-01 -4.505013525485992432e-01
-6.133213043212890625e-01 -3.900895714759826660e-01 -1.459963083267211914e+00
6.262745261192321777e-01 -9.446051120758056641e-01 1.791186481714248657e-01
-7.813760042190551758e-01 -2.597045600414276123e-01 -9.431557655334472656e-01
-1.468935459852218628e-01 -4.621844589710235596e-01 -1.323786854743957520e+00
-6.223713159561157227e-01 -4.434887468814849854e-01 -4.340888857841491699e-01
-8.912566900253295898e-01 -4.718746840953826904e-01 -1.364881753921508789e+00
-2.930940687656402588e-01 -3.337167799472808838e-01 -8.888105154037475586e-01
-2.767906665802001953e+00 -1.880859494209289551e+00 4.252751171588897705e-01
-4.469758570194244385e-01 -4.828879237174987793e-01 -1.391903162002563477e+00
-3.235675692558288574e-01 -5.624586939811706543e-01 -4.494082629680633545e-01
-1.015349149703979492e+00 -5.231439471244812012e-01 -1.107619524002075195e+00
-7.587172091007232666e-02 -5.951177477836608887e-01 -1.140628099441528320e+00
-1.784787893295288086e+00 -2.591512680053710938e+00 1.584170699119567871e+00
-7.350066900253295898e-01 -6.672900319099426270e-01 -1.476221919059753418e+00
-2.214831411838531494e-01 -5.503101944923400879e-01 -7.328715920448303223e-01
-2.149597406387329102e+00 -1.811161875724792480e+00 -6.105783581733703613e-01
-3.302221000194549561e-01 -6.076034903526306152e-01 -1.279222965240478516e+00
-5.131202936172485352e-01 -7.370098233222961426e-01 -4.417484402656555176e-01
-1.051590442657470703e+00 -9.344586133956909180e-01 -1.352630615234375000e+00
-1.613687723875045776e-01 -6.984390020370483398e-01 -9.541186094284057617e-01
-1.454302787780761719e+00 -1.905882000923156738e+00 -8.094368875026702881e-02
-5.465723276138305664e-01 -8.768087625503540039e-01 -1.410776257514953613e+00
-3.279741406440734863e-01 -8.010715246200561523e-01 -6.417480707168579102e-01
-9.722305536270141602e-01 -8.963390588760375977e-01 -9.988251924514770508e-01
-3.201888501644134521e-01 -7.809599041938781738e-01 -1.113305687904357910e+00
-7.618893384933471680e-01 -2.079846620559692383e+00 -1.376632750034332275e-01
-7.987552881240844727e-01 -1.419738769531250000e+00 -1.344367384910583496e+00
-4.226577579975128174e-01 -6.927642226219177246e-01 -8.915753364562988281e-01
-9.826959967613220215e-01 -2.355190515518188477e+00 -7.566081285476684570e-01
-5.728837847709655762e-01 -8.475707173347473145e-01 -9.411215186119079590e-01
