2.955144643783569336e+00 -3.209481239318847656e+00 -1.941053581237792969e+01
2.812049150466918945e+00 -3.241746425628662109e+00 -1.927944946289062500e+01
2.965556144714355469e+00 -3.786370515823364258e+00 -1.952916908264160156e+01
3.075015783309936523e+00 -3.652677059173583984e+00 -1.925418472290039062e+01
2.471472740173339844e+00 -3.046039581298828125e+00 -1.949608993530273438e+01
2.955144643783569336e+00 -4.192503929138183594e+00 -1.941053581237792969e+01
2.877160549163818359e+00 -3.639323711395263672e+00 -1.912043952941894531e+01
2.806766033172607422e+00 -3.653361082077026367e+00 -1.969622993469238281e+01
3.144018411636352539e+00 -3.883232355117797852e+00 -1.934155845642089844e+01
2.473108291625976562e+00 -3.450411558151245117e+00 -1.921155738830566406e+01
2.955144643783569336e+00 -4.192503929138183594e+00 -1.941053581237792969e+01
3.050489425659179688e+00 -3.798285484313964844e+00 -1.910656166076660156e+01
2.519580841064453125e+00 -3.608237981796264648e+00 -1.966295433044433594e+01
2.955144643783569336e+00 -4.192503929138183594e+00 -1.941053581237792969e+01
2.676724195480346680e+00 -3.694319248199462891e+00 -1.901451110839843750e+01
2.907261848449707031e+00 -3.830365657806396484e+00 -1.978004455566406250e+01
3.164016008377075195e+00 -3.941394805908203125e+00 -1.923449897766113281e+01
2.300042152404785156e+00 -3.621771812438964844e+00 -1.938344573974609375e+01
2.955144643783569336e+00 -4.192503929138183594e+00 -1.941053581237792969e+01
2.955144643783569336e+00 -4.192503929138183594e+00 -1.941053581237792969e+01
2.955144643783569336e+00 -4.192503929138183594e+00 -1.941053581237792969e+01
2.403688907623291016e+00 -3.743636131286621094e+00 -1.902684783935546875e+01
2.955144643783569336e+00 -4.192503929138183594e+00 -1.941053581237792969e+01
2.955144643783569336e+00 -4.192503929138183594e+00 -1.941053581237792969e+01
2.445246458053588867e+00 -3.887636661529541016e+00 -1.957320785522460938e+01
2.723016500473022461e+00 -3.885668039321899414e+00 -1.885587692260742188e+01
2.955144643783569336e+00 -4.192503929138183594e+00 -1.941053581237792969e+01
1.688343882560729980e+00 -3.631010293960571289e+00 -1.907661056518554688e+01
2.955144643783569336e+00 -4.192503929138183594e+00 -1.941053581237792969e+01
2.955144643783569336e+00 -4.192503929138183594e+00 -1.941053581237792969e+01
2.495602846145629883e+00 -3.985180616378784180e+00 -1.891378402709960938e+01
2.492104530334472656e+00 -4.081428527832031250e+00 -1.945345115661621094e+01
2.851272106170654297e+00 -4.079014778137207031e+00 -1.883956146240234375e+01
2.955144643783569336e+00 -4.192503929138183594e+00 -1.941053581237792969e+01
2.401594638824462891e+00 -4.110089302062988281e+00 -1.912646293640136719e+01
2.955144643783569336e+00 -4.192503929138183594e+00 -1.941053581237792969e+01
2.630006074905395508e+00 -4.173008918762207031e+00 -1.885574531555175781e+01
2.595612764358520508e+00 -4.203488349914550781e+00 -1.936572837829589844e+01
2.955144643783569336e+00 -4.192503929138183594e+00 -1.941053581237792969e+01
2.955144643783569336e+00 -4.192503929138183594e+00 -1.941053581237792969e+01
2.955144643783569336e+00 -4.192503929138183594e+00 -1.941053581237792969e+01
2.955144643783569336e+00 -4.192503929138183594e+00 -1.941053581237792969e+01
2.955144643783569336e+00 -4.192503929138183594e+00 -1.941053581237792969e+01
