-2.193830251693725586e+00 1.908024907112121582e+00 -3.849246740341186523e+00
-2.592554807662963867e+00 2.085053920745849609e+00 -3.483982324600219727e+00
-2.140291213989257812e+00 1.524292111396789551e+00 -4.459296703338623047e+00
-1.658872604370117188e+00 1.844965219497680664e+00 -3.151489257812500000e+00
-3.033046960830688477e+00 1.425065875053405762e+00 -3.997692346572875977e+00
-1.769797682762145996e+00 4.673995077610015869e-01 -4.118981361389160156e+00
-2.397016525268554688e+00 8.771417737007141113e-01 -3.093404054641723633e+00
-2.897946357727050781e+00 1.994291305541992188e+00 -5.204979419708251953e+00
-1.642155528068542480e+00 3.391813039779663086e-01 -3.647776126861572266e+00
-2.873336315155029297e+00 4.819368720054626465e-01 -3.568756580352783203e+00
-1.865513920783996582e+00 4.614611566066741943e-01 -4.550839900970458984e+00
-1.644118666648864746e+00 1.708711147308349609e+00 -2.096679687500000000e+00
-3.202431440353393555e+00 7.887805700302124023e-01 -4.433751583099365234e+00
-1.495398879051208496e+00 2.164712101221084595e-01 -4.002794742584228516e+00
-2.813836097717285156e+00 5.452330112457275391e-01 -2.967352390289306641e+00
-2.274154424667358398e+00 4.333424940705299377e-02 -4.469103813171386719e+00
-1.568086147308349609e+00 1.881226748228073120e-01 -3.321868896484375000e+00
-4.223544597625732422e+00 1.204149127006530762e+00 -3.765311717987060547e+00
-1.739284753799438477e+00 -3.514466434717178345e-02 -4.301579952239990234e+00
-2.244755744934082031e+00 2.983273565769195557e-01 -2.747934818267822266e+00
-3.262636423110961914e+00 6.738719940185546875e-01 -5.130033493041992188e+00
-1.984716653823852539e-01 8.536078333854675293e-01 -3.580774068832397461e+00
-3.071534872055053711e+00 1.502652615308761597e-01 -3.238562822341918945e+00
-2.030129909515380859e+00 -9.141352772712707520e-02 -4.576911449432373047e+00
-1.769262671470642090e+00 -5.090021342039108276e-02 -3.108319759368896484e+00
-4.370915889739990234e+00 7.375169396400451660e-01 -4.543796539306640625e+00
-1.500895500183105469e+00 -1.524159759283065796e-01 -4.169400215148925781e+00
-2.511241674423217773e+00 -1.445921808481216431e-01 -3.090808153152465820e+00
-2.372035026550292969e+00 -3.102650642395019531e-01 -4.344701290130615234e+00
-1.394335389137268066e+00 -1.532123982906341553e-01 -3.429054737091064453e+00
-3.546180486679077148e+00 3.525332733988761902e-02 -3.492771625518798828e+00
-4.174008667469024658e-01 7.593210935592651367e-01 -6.612002372741699219e+00
-2.029417276382446289e+00 -1.972910463809967041e-01 -2.892574071884155273e+00
-3.092919349670410156e+00 -1.621013730764389038e-01 -4.545551776885986328e+00
-1.129891633987426758e+00 -2.121630907058715820e-01 -3.937391996383666992e+00
-4.467059612274169922e+00 4.614143967628479004e-01 -1.391952514648437500e+00
-2.187563180923461914e+00 -1.999820917844772339e-01 -5.133926391601562500e+00
-7.365594506263732910e-01 1.895922352559864521e-03 -2.242818355560302734e+00
-3.946422100067138672e+00 -1.437430381774902344e-01 -4.011676311492919922e+00
2.691650986671447754e-01 1.070021837949752808e-01 -5.718572616577148438e+00
-2.346082687377929688e+00 -3.978105783462524414e-01 -3.012332916259765625e+00
-2.491562843322753906e+00 -4.667197465896606445e-01 -4.322373390197753906e+00
-1.142997026443481445e+00 -3.971425592899322510e-01 -3.561256885528564453e+00
-2.751991033554077148e+00 -4.810576736927032471e-01 -3.562807798385620117e+00
-1.460114002227783203e+00 -3.281750380992889404e-01 -5.828320026397705078e+00
-2.019991159439086914e+00 -5.220701098442077637e-01 -3.422215223312377930e+00
-4.321481227874755859e+00 -3.972619175910949707e-01 -4.857580184936523438e+00
-1.833173871040344238e+00 -5.450735092163085938e-01 -3.960440874099731445e+00
-2.552328109741210938e+00 -5.426635146141052246e-01 -3.237533569335937500e+00
-2.258368015289306641e+00 -5.610538125038146973e-01 -4.149787425994873047e+00
-1.722719192504882812e+00 -5.699963569641113281e-01 -3.514591455459594727e+00
-4.455432415008544922e+00 -6.332542300224304199e-01 -3.567387580871582031e+00
-2.074554681777954102e+00 -5.734646916389465332e-01 -3.989376544952392578e+00
-2.133663415908813477e+00 -6.811873912811279297e-01 -2.199369192123413086e+00
-4.137875080108642578e+00 -8.169908523559570312e-01 -5.821952342987060547e+00
-1.645892381668090820e+00 -6.255002617835998535e-01 -3.821230411529541016e+00
-2.575719356536865234e+00 -6.297770738601684570e-01 -3.533710956573486328e+00
-2.160035610198974609e+00 -6.016476750373840332e-01 -4.091470241546630859e+00
-1.833095788955688477e+00 -6.750317811965942383e-01 -3.325348615646362305e+00
-4.187292098999023438e+00 -9.641758203506469727e-01 -4.307937622070312500e+00
-1.890872716903686523e+00 -6.397399902343750000e-01 -4.020890235900878906e+00
-2.375716686248779297e+00 -7.049500942230224609e-01 -3.288578987121582031e+00
-2.531763315200805664e+00 -7.766825556755065918e-01 -4.590134620666503906e+00
-1.659611463546752930e+00 -7.286605834960937500e-01 -3.622603893280029297e+00
-2.913909196853637695e+00 -7.981966137886047363e-01 -3.594209671020507812e+00
-2.081084012985229492e+00 -6.433291435241699219e-01 -4.061249732971191406e+00
-2.127167463302612305e+00 -6.583703160285949707e-01 -3.591249942779541016e+00
-3.465734481811523438e+00 -1.137467026710510254e+00 -4.675868511199951172e+00
-1.555280804634094238e+00 -8.250101208686828613e-01 -3.955783128738403320e+00
-2.272320032119750977e+00 -6.187566518783569336e-01 -3.748913288116455078e+00
-2.275658369064331055e+00 -1.043311238288879395e+00 -4.899158477783203125e+00
-1.695619940757751465e+00 -8.929182887077331543e-01 -3.383824348449707031e+00
-2.742396116256713867e+00 -8.441110253334045410e-01 -3.854598999023437500e+00
-1.936830759048461914e+00 -7.505063414573669434e-01 -4.080108165740966797e+00
-2.213122606277465820e+00 -6.772860884666442871e-01 -3.651582717895507812e+00
-2.594517707824707031e+00 -9.650955796241760254e-01 -4.382569313049316406e+00
-1.027063846588134766e+00 -1.316509127616882324e+00 -3.631101608276367188e+00
-2.405445814132690430e+00 -7.307073473930358887e-01 -3.717516660690307617e+00
-2.101641893386840820e+00 -8.054769635200500488e-01 -4.179304122924804688e+00
-2.081958770751953125e+00 -7.477519512176513672e-01 -3.628608703613281250e+00
-2.669060230255126953e+00 -9.613857269287109375e-01 -4.028073787689208984e+00
-1.766517043113708496e+00 -9.440147280693054199e-01 -4.020775318145751953e+00
-2.265384435653686523e+00 -7.081175446510314941e-01 -3.700146436691284180e+00
-2.429887056350708008e+00 -1.312541127204895020e+00 -4.628371715545654297e+00
-1.275677084922790527e+00 -1.601472616195678711e+00 -3.305123329162597656e+00
-2.463220357894897461e+00 -8.474129438400268555e-01 -3.792771577835083008e+00
-2.007260322570800781e+00 -9.134464263916015625e-01 -4.109195232391357422e+00
-2.174867868423461914e+00 -7.493641972541809082e-01 -3.690799713134765625e+00
-2.579875707626342773e+00 -1.194108843803405762e+00 -4.181101799011230469e+00
-1.483539462089538574e+00 -1.505083441734313965e+00 -3.871680259704589844e+00
-2.295125007629394531e+00 -7.655692696571350098e-01 -3.750393152236938477e+00
-2.174647331237792969e+00 -1.091648340225219727e+00 -4.191660404205322266e+00
-2.090909719467163086e+00 -8.363762497901916504e-01 -3.723438262939453125e+00
-2.436057806015014648e+00 -1.014853954315185547e+00 -3.884247541427612305e+00
-1.957435250282287598e+00 -1.151328563690185547e+00 -4.010324478149414062e+00
-2.217622041702270508e+00 -8.066703677177429199e-01 -3.748108148574829102e+00
-2.514759302139282227e+00 -2.363570690155029297e+00 -4.422197818756103516e+00
-2.060705661773681641e+00 -1.042207956314086914e+00 -3.805340766906738281e+00
-2.258533239364624023e+00 -9.118022918701171875e-01 -3.820115089416503906e+00
-2.193830251693725586e+00 -1.001717329025268555e+00 -3.849246740341186523e+00
