-1.770731568336486816e+00 1.465101391077041626e-01 -2.922849059104919434e-01
-1.875743269920349121e+00 -5.067987367510795593e-02 -1.960855722427368164e-01
-1.749590754508972168e+00 7.625850290060043335e-02 -5.331731438636779785e-01
-1.584786653518676758e+00 8.898212760686874390e-02 -4.975272342562675476e-02
-2.002620697021484375e+00 -1.987459212541580200e-01 -3.333028256893157959e-01
-1.471278429031372070e+00 -1.991086639463901520e-02 -4.827724993228912354e-01
-1.862544894218444824e+00 -9.712360054254531860e-02 4.925591126084327698e-02
-2.017765760421752930e+00 1.492137312889099121e-01 -7.679342627525329590e-01
-1.429031610488891602e+00 -1.888838261365890503e-01 -1.674966365098953247e-01
-2.012921094894409180e+00 -3.755509853363037109e-01 -1.923125386238098145e-01
-1.572406888008117676e+00 -1.288587599992752075e-01 -7.160931229591369629e-01
-1.654838323593139648e+00 -2.692213058471679688e-01 7.720118016004562378e-02
-2.625807762145996094e+00 3.986001014709472656e-01 -7.878190279006958008e-01
-1.289212942123413086e+00 -2.102118283510208130e-01 -3.981454372406005859e-01
-1.953896760940551758e+00 -4.206584393978118896e-01 -3.175119683146476746e-02
-1.838693261146545410e+00 -2.344060093164443970e-01 -8.167403936386108398e-01
-1.450678825378417969e+00 -3.636270463466644287e-01 -2.254408411681652069e-02
-2.091019153594970703e+00 -4.693627953529357910e-01 -2.790400087833404541e-01
-1.371237039566040039e+00 -2.834563553333282471e-01 -6.898353099822998047e-01
-1.788591623306274414e+00 -4.459189474582672119e-01 9.395507723093032837e-02
-2.149374961853027344e+00 -3.098064363002777100e-01 -7.460261583328247070e-01
-1.186562895774841309e+00 -3.333298861980438232e-01 -2.136858254671096802e-01
-2.031379938125610352e+00 -5.362409353256225586e-01 -1.109325215220451355e-01
-1.637773752212524414e+00 -3.644358813762664795e-01 -8.832957148551940918e-01
-1.553935289382934570e+00 -4.863161742687225342e-01 8.605344593524932861e-02
-2.256615161895751953e+00 -4.578916430473327637e-01 -4.472950100898742676e-01
-1.179163932800292969e+00 -3.968901932239532471e-01 -5.656041502952575684e-01
-1.868264675140380859e+00 -6.194776296615600586e-01 -5.923457071185112000e-02
-1.967720270156860352e+00 -4.677446782588958740e-01 -8.399637937545776367e-01
-1.299144983291625977e+00 -5.060015320777893066e-01 -4.443224146962165833e-02
-2.099230289459228516e+00 -6.027976870536804199e-01 -2.056936770677566528e-01
-1.372281312942504883e+00 -4.515462219715118408e-01 -9.119665622711181641e-01
-1.293540835380554199e+00 3.163928389549255371e-01 2.484351634979248047e+00
-2.462454319000244141e+00 -4.390738308429718018e-01 -8.279939293861389160e-01
-6.301342248916625977e-01 -3.710428774356842041e-01 -3.867810666561126709e-01
-1.938931345939636230e+00 -6.725168824195861816e-01 -1.104658916592597961e-01
-1.767433643341064453e+00 -5.567628145217895508e-01 -9.683115482330322266e-01
-1.466437458992004395e+00 -6.302021741867065430e-01 4.315494000911712646e-02
-2.234758138656616211e+00 -6.370888352394104004e-01 -3.352907896041870117e-01
-1.189133763313293457e+00 -5.899164080619812012e-01 -7.336969375610351562e-01
-2.135535001754760742e+00 -3.498227000236511230e-01 1.712996959686279297e+00
-2.184977293014526367e+00 -6.128301024436950684e-01 -9.505628943443298340e-01
-1.450698137283325195e+00 -6.975354552268981934e-01 -2.045770138502120972e-01
-2.023657560348510742e+00 -7.107439637184143066e-01 -1.624874621629714966e-01
-1.440799236297607422e+00 -6.422850489616394043e-01 -1.182220816612243652e+00
-9.244377613067626953e-01 -5.435014963150024414e-01 1.786614775657653809e+00
-2.461307287216186523e+00 -6.942305564880371094e-01 -6.195615530014038086e-01
-2.927841544151306152e-01 -6.701898574829101562e-01 -7.479518651962280273e-01
-2.504308938980102539e+00 -7.044155597686767578e-01 9.594346284866333008e-01
-2.108551740646362305e+00 -7.321469187736511230e-01 -1.865454912185668945e+00
-1.353496432304382324e+00 -7.535704970359802246e-01 4.099360201507806778e-03
-2.222748756408691406e+00 -7.622104287147521973e-01 -2.359508872032165527e-01
-1.251478195190429688e+00 -7.889122962951660156e-01 -9.023250937461853027e-01
-1.632223367691040039e+00 -1.017808318138122559e+00 3.505848169326782227e+00
-2.669582843780517578e+00 -8.653003573417663574e-01 -1.204388022422790527e+00
-7.517140507698059082e-01 -8.624790906906127930e-01 -2.401818633079528809e-01
-4.083382606506347656e+00 -1.145772457122802734e+00 1.618542432785034180e+00
-1.594950199127197266e+00 -9.433969259262084961e-01 -1.552199125289916992e+00
5.356702804565429688e-01 -1.457280278205871582e+00 3.057324171066284180e+00
-2.540766954421997070e+00 -9.029193520545959473e-01 -4.694682359695434570e-01
-6.263590455055236816e-01 -1.033895730972290039e+00 -9.406406283378601074e-01
-2.242531299591064453e+00 -1.113602161407470703e+00 1.162044167518615723e+00
-1.960971355438232422e+00 -8.680410981178283691e-01 -7.093687057495117188e-01
-2.496499568223953247e-01 -1.216786384582519531e+00 3.530355393886566162e-01
-1.982594609260559082e+00 -8.172596693038940430e-01 -2.172473520040512085e-01
-1.353070020675659180e+00 -1.041681885719299316e+00 -1.077637791633605957e+00
-1.451199889183044434e+00 -1.199979543685913086e+00 9.443586468696594238e-01
-3.140171766281127930e+00 -1.365672826766967773e+00 -1.182296037673950195e+00
1.713786005973815918e+00 -2.171846628189086914e+00 -8.736455440521240234e-01
-3.771860361099243164e+00 -2.140390872955322266e+00 2.265754222869873047e+00
-1.971113681793212891e+00 -1.921757102012634277e+00 -2.863326311111450195e+00
-4.720830619335174561e-01 -1.605353593826293945e+00 9.208979010581970215e-01
-1.969903230667114258e+00 -8.500448465347290039e-01 -2.942281961441040039e-01
-7.729302644729614258e-01 -1.471894979476928711e+00 -1.188605785369873047e+00
-1.905860543251037598e+00 -1.540769815444946289e+00 1.092200994491577148e+00
-2.776054143905639648e+00 -1.754348397254943848e+00 -1.630387902259826660e+00
-3.854704499244689941e-01 -1.641639828681945801e+00 -3.328887373208999634e-02
-3.111296892166137695e+00 -1.803470015525817871e+00 5.422139167785644531e-01
-1.493378996849060059e+00 -1.474415302276611328e+00 -1.285275816917419434e+00
-1.418886661529541016e+00 -1.325816154479980469e+00 4.016402065753936768e-01
-1.971935987472534180e+00 -9.165798425674438477e-01 -3.679973483085632324e-01
1.324959039688110352e+00 -3.500284194946289062e+00 -1.534931898117065430e+00
-2.533383131027221680e+00 -2.282766342163085938e+00 1.296882152557373047e+00
-2.068359375000000000e+00 -1.691984534263610840e+00 -1.274630308151245117e+00
-3.152410387992858887e-01 -2.392788887023925781e+00 5.702798962593078613e-01
-2.109148740768432617e+00 -1.104234099388122559e+00 -2.213389426469802856e-01
-5.713919401168823242e-01 -2.993747472763061523e+00 -1.963329195976257324e+00
-1.686359286308288574e+00 -1.572459936141967773e+00 4.127155244350433350e-01
-2.352094888687133789e+00 -1.697070837020874023e+00 -7.920404076576232910e-01
-7.452821135520935059e-01 -2.106816768646240234e+00 -3.246721923351287842e-01
-2.805772066116333008e+00 -2.806433916091918945e+00 7.178123593330383301e-01
-1.732750892639160156e+00 -1.792783498764038086e+00 -9.702336788177490234e-01
-8.455770611763000488e-01 -3.195365428924560547e+00 8.386084437370300293e-01
-2.065450906753540039e+00 -1.296763420104980469e+00 -3.348704278469085693e-01
-1.089902758598327637e+00 -2.439476728439331055e+00 -7.561957240104675293e-01
-1.921933531761169434e+00 -2.289609909057617188e+00 3.504712581634521484e-01
-2.326486825942993164e+00 -3.864454507827758789e+00 -1.284468293190002441e+00
-1.425043821334838867e+00 -1.989762663841247559e+00 -1.782733649015426636e-01
-2.113540649414062500e+00 -2.590285062789916992e+00 -1.379389613866806030e-01
-1.770731568336486816e+00 -2.480587482452392578e+00 -2.922849059104919434e-01
