-1.516304731369018555e+00 2.494449138641357422e+00 -4.311791419982910156e+00
-1.516304731369018555e+00 -3.465135097503662109e-01 -4.311791419982910156e+00
-1.506722450256347656e+00 2.727207727730274200e-02 -4.420976638793945312e+00
-1.220965385437011719e+00 9.835153222084045410e-01 -3.926573514938354492e+00
-1.625505566596984863e+00 -8.767100423574447632e-02 -4.331107616424560547e+00
-5.054250359535217285e-01 2.112687587738037109e+00 -4.954830169677734375e+00
-1.542898535728454590e+00 -1.578706502914428711e-01 -4.212863922119140625e+00
-1.738603115081787109e+00 4.612216055393218994e-01 -4.739813327789306641e+00
-1.372401595115661621e+00 -1.108792945742607117e-01 -4.259238243103027344e+00
-2.702558279037475586e+00 1.479717254638671875e+00 -3.822123289108276367e+00
-1.516304731369018555e+00 -3.465135097503662109e-01 -4.311791419982910156e+00
-1.471329331398010254e+00 -1.605556309223175049e-01 -4.168402671813964844e+00
-1.760564327239990234e+00 -1.886328682303428650e-02 -4.453344821929931641e+00
-1.399276375770568848e+00 -2.157120257616043091e-01 -4.337519645690917969e+00
-2.304905414581298828e+00 1.064549565315246582e+00 -3.190088033676147461e+00
-1.819168210029602051e+00 1.944045186042785645e+00 -6.648967742919921875e+00
-1.385244131088256836e+00 -1.889498978853225708e-01 -4.201333522796630859e+00
-2.748479127883911133e+00 7.269695401191711426e-01 -4.260837078094482422e+00
6.509507447481155396e-02 1.493969202041625977e+00 -5.885495662689208984e+00
-1.521062254905700684e+00 -2.659386098384857178e-01 -4.208905220031738281e+00
-1.889092326164245605e+00 8.529777824878692627e-02 -4.758515357971191406e+00
-1.374706268310546875e+00 -2.459032237529754639e-01 -4.292739391326904297e+00
-2.727334260940551758e+00 6.392267942428588867e-01 -3.469188690185546875e+00
-1.087342619895935059e+00 8.922728896141052246e-01 -6.218571186065673828e+00
-1.444178819656372070e+00 -2.593207359313964844e-01 -4.185922145843505859e+00
-1.986299991607666016e+00 -6.550411880016326904e-02 -4.461732864379882812e+00
-1.396988987922668457e+00 -2.756159305572509766e-01 -4.366918087005615234e+00
-2.157437801361083984e+00 5.009608268737792969e-01 -2.779836654663085938e+00
-1.851818919181823730e+00 1.315039694309234619e-01 -5.244606494903564453e+00
-1.343947529792785645e+00 -2.579206228256225586e-01 -4.221205234527587891e+00
-4.232490062713623047e+00 8.574014306068420410e-01 -3.595813751220703125e+00
-1.944973617792129517e-01 6.382628083229064941e-01 -6.367505550384521484e+00
-1.496038675308227539e+00 -3.012922406196594238e-01 -4.193869113922119141e+00
-2.062141656875610352e+00 -1.024243906140327454e-01 -4.734518051147460938e+00
-1.373661279678344727e+00 -2.993210256099700928e-01 -4.323609352111816406e+00
-3.011118888854980469e+00 3.278757929801940918e-01 -2.695940971374511719e+00
-1.510529398918151855e+00 -1.091383118182420731e-02 -5.495661735534667969e+00
-1.402385473251342773e+00 -3.022632896900177002e-01 -4.186212062835693359e+00
-2.211093425750732422e+00 -1.798459291458129883e-01 -4.376184463500976562e+00
3.067557513713836670e-01 1.502666771411895752e-01 -5.695429325103759766e+00
-1.741095662117004395e+00 -1.009108424186706543e-01 -3.076142072677612305e+00
-2.083204984664916992e+00 -1.609836071729660034e-01 -5.212652683258056641e+00
-1.337723612785339355e+00 -3.181303441524505615e-01 -4.262849807739257812e+00
-3.406533241271972656e+00 -6.508862227201461792e-02 -3.341757297515869141e+00
-1.195678710937500000e+00 -2.433910965919494629e-01 -5.176625251770019531e+00
-1.464225172996520996e+00 -3.339043557643890381e-01 -4.183859348297119141e+00
-2.285448074340820312e+00 -2.861804366111755371e-01 -4.676302909851074219e+00
-1.376126170158386230e+00 -3.390954732894897461e-01 -4.355010032653808594e+00
-2.293235778808593750e+00 -2.999289631843566895e-01 -2.986096382141113281e+00
-1.770815849304199219e+00 -3.342681229114532471e-01 -5.497005462646484375e+00
-1.312106132507324219e+00 -3.490436971187591553e-01 -4.166738510131835938e+00
-4.504429817199707031e+00 -4.378051757812500000e-01 -3.939387083053588867e+00
-7.811449766159057617e-01 -4.038699865341186523e-01 -5.175487518310546875e+00
-1.423322677612304688e+00 -5.273697376251220703e-01 -1.762064576148986816e+00
-2.523050546646118164e+00 -4.774453938007354736e-01 -5.333379745483398438e+00
-1.340766072273254395e+00 -3.661649823188781738e-01 -4.302815914154052734e+00
-2.699424028396606445e+00 -5.498033165931701660e-01 -3.334239244461059570e+00
-1.369532942771911621e+00 -5.093291997909545898e-01 -5.363779544830322266e+00
-1.415669441223144531e+00 -3.774440586566925049e-01 -4.165637969970703125e+00
-2.262367725372314453e+00 -4.962218105792999268e-01 -4.483458518981933594e+00
-1.379305243492126465e+00 -3.806917667388916016e-01 -4.389410018920898438e+00
-1.828750133514404297e+00 -5.883651375770568848e-01 -3.348674058914184570e+00
-2.067191362380981445e+00 -6.929621696472167969e-01 -5.519561290740966797e+00
-1.299145579338073730e+00 -4.133832156658172607e-01 -4.219661235809326172e+00
-2.204052209854125977e+00 -5.700430274009704590e-01 -4.068205356597900391e+00
-1.204823493957519531e+00 -5.652351379394531250e-01 -4.897487640380859375e+00
-1.477632284164428711e+00 -4.011674821376800537e-01 -4.162122249603271484e+00
-2.930084228515625000e+00 -9.837715625762939453e-01 -5.230618953704833984e+00
-1.341281414031982422e+00 -4.180115461349487305e-01 -4.340992450714111328e+00
-1.794178962707519531e+00 -5.398035645484924316e-01 -3.956585168838500977e+00
-1.608529448509216309e+00 -8.865440487861633301e-01 -5.495098590850830078e+00
-1.338085532188415527e+00 -4.641169011592864990e-01 -4.145300865173339844e+00
-2.183995962142944336e+00 -6.872594952583312988e-01 -4.318305969238281250e+00
-1.379094600677490234e+00 -4.460030198097229004e-01 -4.435046672821044922e+00
-1.646234273910522461e+00 -1.108394622802734375e+00 -2.980576515197753906e+00
-2.858595371246337891e+00 -1.689638972282409668e+00 -6.098405361175537109e+00
-1.280061364173889160e+00 -4.988470971584320068e-01 -4.267621994018554688e+00
-1.943920612335205078e+00 -6.830614209175109863e-01 -4.045601367950439453e+00
-1.133620023727416992e+00 -1.348251819610595703e+00 -5.681897163391113281e+00
-1.429587721824645996e+00 -4.888255298137664795e-01 -4.140764236450195312e+00
-2.172794818878173828e+00 -8.952489495277404785e-01 -4.558825969696044922e+00
-1.336989045143127441e+00 -5.059143900871276855e-01 -4.383770942687988281e+00
-1.636306166648864746e+00 -5.879422426223754883e-01 -4.061739921569824219e+00
-2.212414741516113281e+00 -2.553425550460815430e+00 -6.609361171722412109e+00
-1.300408601760864258e+00 -5.904291868209838867e-01 -4.183845520019531250e+00
-2.128402948379516602e+00 -9.901130199432373047e-01 -4.183470726013183594e+00
-1.297795891761779785e+00 -7.555954456329345703e-01 -4.616240501403808594e+00
-1.492650985717773438e+00 -5.775382518768310547e-01 -4.114144802093505859e+00
-2.069483280181884766e+00 -1.249191761016845703e+00 -4.787318706512451172e+00
-1.289359331130981445e+00 -6.471488475799560547e-01 -4.318959236145019531e+00
-1.800776124000549316e+00 -9.121450185775756836e-01 -4.034175395965576172e+00
-1.461231470108032227e+00 -1.860901594161987305e+00 -5.294838428497314453e+00
-1.392252564430236816e+00 -6.746223568916320801e-01 -4.160151958465576172e+00
-2.169138193130493164e+00 -1.561192989349365234e+00 -4.406122684478759766e+00
-1.349233746528625488e+00 -7.614926099777221680e-01 -4.425631999969482422e+00
-1.552413463592529297e+00 -7.145714163780212402e-01 -4.158294200897216797e+00
-1.780027270317077637e+00 -1.825174570083618164e+00 -4.782612323760986328e+00
-1.401993632316589355e+00 -7.570037245750427246e-01 -4.274090290069580078e+00
-1.516304731369018555e+00 -3.465135097503662109e-01 -4.311791419982910156e+00
-1.516304731369018555e+00 -6.659522652626037598e-01 -4.311791419982910156e+00
