-1.153442621231079102e+00 1.189443230628967285e+00 -5.655481815338134766e+00
-1.193186044692993164e+00 -8.415653109550476074e-01 -5.619073390960693359e+00
-1.102788329124450684e+00 8.702911138534545898e-01 -6.232660770416259766e+00
-9.849322438240051270e-01 -3.467609882354736328e-01 -5.435689926147460938e+00
-1.232285857200622559e+00 -9.187442660331726074e-01 -5.669427871704101562e+00
-3.354467153549194336e-01 8.843370079994201660e-01 -6.175823688507080078e+00
-1.176249265670776367e+00 -9.438502788543701172e-01 -5.570641994476318359e+00
-1.662676334381103516e+00 7.447036504745483398e-01 -6.635980606079101562e+00
-2.710576355457305908e-01 3.392327427864074707e-01 -5.333236217498779297e+00
-1.580882668495178223e+00 -4.475876390933990479e-01 -5.479040622711181641e+00
-6.417235732078552246e-01 4.929184019565582275e-01 -6.748995780944824219e+00
-1.112753748893737793e+00 -9.373944401741027832e-01 -5.525759220123291016e+00
-1.257757902145385742e+00 -9.657005667686462402e-01 -5.715934753417968750e+00
-3.567692935466766357e-01 -2.151950299739837646e-01 -5.830628395080566406e+00
-1.372021555900573730e+00 -7.145205140113830566e-01 -5.344575881958007812e+00
-1.510413289070129395e+00 1.594143152236938477e+00 -8.410200119018554688e+00
-1.153442621231079102e+00 -1.105629205703735352e+00 -5.655481815338134766e+00
-2.339551687240600586e+00 -7.227881997823715210e-02 -5.606432437896728516e+00
-3.935306370258331299e-01 -2.212197929620742798e-01 -6.411695957183837891e+00
-1.159828305244445801e+00 -9.974799156188964844e-01 -5.517385482788085938e+00
-2.526292324066162109e+00 4.845845699310302734e-01 -7.300614356994628906e+00
1.018120869994163513e-01 -2.137301564216613770e-01 -5.486588954925537109e+00
-1.413799166679382324e+00 -8.937070965766906738e-01 -5.474332332611083984e+00
-8.711126446723937988e-01 -2.902971208095550537e-01 -6.910467147827148438e+00
-1.029223918914794922e+00 -9.554615616798400879e-01 -5.438703536987304688e+00
-1.277400374412536621e+00 -1.031515121459960938e+00 -5.695027828216552734e+00
-2.555589675903320312e-01 -5.721052885055541992e-01 -6.070326805114746094e+00
-1.216131448745727539e+00 -1.022764682769775391e+00 -5.505690097808837891e+00
-2.299490213394165039e+00 5.271800160408020020e-01 -8.841785430908203125e+00
1.350981891155242920e-01 -4.433093070983886719e-01 -4.978260993957519531e+00
-1.706068158149719238e+00 -8.606848716735839844e-01 -5.509811401367187500e+00
-5.017747282981872559e-01 -6.201218962669372559e-01 -6.668975353240966797e+00
-1.110917687416076660e+00 -1.010739922523498535e+00 -5.408041477203369141e+00
-1.293635129928588867e+00 -1.042937517166137695e+00 -5.764054775238037109e+00
-2.693567574024200439e-01 -8.131362795829772949e-01 -5.728726387023925781e+00
-1.256600737571716309e+00 -1.059089183807373047e+00 -5.543971061706542969e+00
-1.145608782768249512e+00 -6.504119038581848145e-01 -7.261318683624267578e+00
-9.967727661132812500e-01 -1.044773101806640625e+00 -5.482776165008544922e+00
-1.284830451011657715e+00 -1.074111580848693848e+00 -5.667658805847167969e+00
4.042127430438995361e-01 -6.811713576316833496e-01 -6.837686538696289062e+00
-1.179480433464050293e+00 -1.077180743217468262e+00 -5.512355327606201172e+00
-1.875080347061157227e+00 -8.694582581520080566e-01 -6.802236557006835938e+00
1.930955648422241211e-01 -8.916143178939819336e-01 -5.286451339721679688e+00
-1.262483716011047363e+00 -1.089394688606262207e+00 -5.599523544311523438e+00
-7.432428002357482910e-01 -9.736973643302917480e-01 -6.761925220489501953e+00
-1.097105145454406738e+00 -1.091989159584045410e+00 -5.517090320587158203e+00
-1.301502823829650879e+00 -1.094015121459960938e+00 -5.725650310516357422e+00
-5.238619446754455566e-01 -1.072312712669372559e+00 -5.849588394165039062e+00
-1.206505775451660156e+00 -1.102447509765625000e+00 -5.564939022064208984e+00
-1.913858890533447266e+00 -1.069043040275573730e+00 -9.196607589721679688e+00
-9.776948094367980957e-01 -1.107806801795959473e+00 -5.530638694763183594e+00
-1.276316404342651367e+00 -1.109383225440979004e+00 -5.640168190002441406e+00
2.200299948453903198e-01 -1.212786316871643066e+00 -7.269093990325927734e+00
-1.148470878601074219e+00 -1.115299701690673828e+00 -5.519146919250488281e+00
-1.700105786323547363e+00 -1.176725268363952637e+00 -6.210204601287841797e+00
-7.806518673896789551e-01 -1.147362947463989258e+00 -5.636420726776123047e+00
-2.438875913619995117e+00 -1.326499104499816895e+00 -4.593392848968505859e+00
-8.044562935829162598e-01 -1.492763876914978027e+00 -8.156844139099121094e+00
-1.063254594802856445e+00 -1.133348822593688965e+00 -5.524500846862792969e+00
-1.786682963371276855e+00 -1.232698082923889160e+00 -5.801188945770263672e+00
-6.895711272954940796e-02 -1.376183867454528809e+00 -6.269907951354980469e+00
-2.337998390197753906e+00 -2.022547006607055664e+00 -2.004071712493896484e+00
-2.100623846054077148e+00 -1.701304674148559570e+00 -7.732091426849365234e+00
-7.296440601348876953e-01 -1.236129283905029297e+00 -5.475684642791748047e+00
-3.362661361694335938e+00 -1.823662400245666504e+00 -4.873021602630615234e+00
-6.608507037162780762e-01 -1.451526403427124023e+00 -6.581730365753173828e+00
-1.120609045028686523e+00 -1.152031302452087402e+00 -5.528410434722900391e+00
-1.897508740425109863e+00 -1.441015481948852539e+00 -6.139056682586669922e+00
-4.965699315071105957e-01 -1.373965620994567871e+00 -5.765075206756591797e+00
-2.408087730407714844e+00 -1.978363513946533203e+00 -4.051671028137207031e+00
-1.338301539421081543e+00 -2.188088178634643555e+00 -8.027350425720214844e+00
-1.028833031654357910e+00 -1.187856674194335938e+00 -5.539072990417480469e+00
-1.245064496994018555e+00 -1.152387022972106934e+00 -5.656375885009765625e+00
-1.399715989828109741e-01 -1.840485572814941406e+00 -6.565878868103027344e+00
-1.522713184356689453e+00 -3.270958662033081055e+00 -1.872058153152465820e+00
-1.797704100608825684e+00 -1.750291347503662109e+00 -6.513005733489990234e+00
-9.932528138160705566e-01 -1.208922266960144043e+00 -5.625531673431396484e+00
-2.921740531921386719e+00 -2.497338294982910156e+00 -4.554720401763916016e+00
-1.079295158386230469e+00 -1.299722075462341309e+00 -5.920948028564453125e+00
-6.971384286880493164e-01 -1.854473710060119629e+00 -4.755537033081054688e+00
-1.789340853691101074e+00 -1.637152671813964844e+00 -5.894767761230468750e+00
-6.505894064903259277e-01 -1.552635550498962402e+00 -5.857333183288574219e+00
-2.173309326171875000e+00 -3.157481431961059570e+00 -3.530345439910888672e+00
-1.258252263069152832e+00 -1.437912344932556152e+00 -6.001414775848388672e+00
-1.040799736976623535e+00 -1.232891321182250977e+00 -5.588726520538330078e+00
-2.928416967391967773e+00 -2.971951484680175781e+00 -5.283375263214111328e+00
-1.079776883125305176e+00 -1.243542671203613281e+00 -5.758120536804199219e+00
-1.069730639457702637e+00 -1.923238992691040039e+00 -4.955998897552490234e+00
-1.643605232238769531e+00 -1.905477881431579590e+00 -6.076838970184326172e+00
-1.049263119697570801e+00 -1.243636131286621094e+00 -5.658771991729736328e+00
-2.188244819641113281e+00 -3.163188457489013672e+00 -4.645617008209228516e+00
-1.138143777847290039e+00 -1.526311397552490234e+00 -5.928562641143798828e+00
-7.968632578849792480e-01 -2.048754930496215820e+00 -5.219604969024658203e+00
-1.212782144546508789e+00 -1.216037869453430176e+00 -5.664056301116943359e+00
-8.073045611381530762e-01 -1.965384006500244141e+00 -5.891337394714355469e+00
-1.252929687500000000e+00 -2.119705200195312500e+00 -5.232564926147460938e+00
-1.207006216049194336e+00 -1.405953764915466309e+00 -5.751108169555664062e+00
-1.115485429763793945e+00 -1.241933345794677734e+00 -5.642962932586669922e+00
-1.174943566322326660e+00 -1.221151709556579590e+00 -5.645801067352294922e+00
-1.153442621231079102e+00 -1.244020462036132812e+00 -5.655481815338134766e+00
