5.627731323242187500e+00 4.014848709106445312e+00 -2.170887374877929688e+01
5.627731323242187500e+00 4.014848709106445312e+00 -2.170887374877929688e+01
5.627731323242187500e+00 4.014848709106445312e+00 -2.170887374877929688e+01
5.627731323242187500e+00 4.014848709106445312e+00 -2.170887374877929688e+01
5.627731323242187500e+00 4.014848709106445312e+00 -2.170887374877929688e+01
5.627731323242187500e+00 4.014848709106445312e+00 -2.170887374877929688e+01
5.627731323242187500e+00 4.014848709106445312e+00 -2.170887374877929688e+01
5.627731323242187500e+00 4.014848709106445312e+00 -2.170887374877929688e+01
5.627731323242187500e+00 4.014848709106445312e+00 -2.170887374877929688e+01
5.627731323242187500e+00 4.014848709106445312e+00 -2.170887374877929688e+01
5.627731323242187500e+00 4.014848709106445312e+00 -2.170887374877929688e+01
5.627731323242187500e+00 4.014848709106445312e+00 -2.170887374877929688e+01
5.627731323242187500e+00 4.014848709106445312e+00 -2.170887374877929688e+01
5.627731323242187500e+00 4.014848709106445312e+00 -2.170887374877929688e+01
5.627731323242187500e+00 4.014848709106445312e+00 -2.170887374877929688e+01
5.627731323242187500e+00 4.014848709106445312e+00 -2.170887374877929688e+01
5.627731323242187500e+00 4.014848709106445312e+00 -2.170887374877929688e+01
5.627731323242187500e+00 4.014848709106445312e+00 -2.170887374877929688e+01
5.627731323242187500e+00 4.014848709106445312e+00 -2.170887374877929688e+01
5.627731323242187500e+00 4.014848709106445312e+00 -2.170887374877929688e+01
5.627731323242187500e+00 4.014848709106445312e+00 -2.170887374877929688e+01
5.627731323242187500e+00 4.014848709106445312e+00 -2.170887374877929688e+01
5.627731323242187500e+00 4.014848709106445312e+00 -2.170887374877929688e+01
5.627731323242187500e+00 4.014848709106445312e+00 -2.170887374877929688e+01
5.611837387084960938e+00 4.032214164733886719e+00 -2.162150573730468750e+01
5.627731323242187500e+00 4.014848709106445312e+00 -2.170887374877929688e+01
5.627731323242187500e+00 4.014848709106445312e+00 -2.170887374877929688e+01
5.627731323242187500e+00 4.014848709106445312e+00 -2.170887374877929688e+01
5.627731323242187500e+00 4.014848709106445312e+00 -2.170887374877929688e+01
-4.494235992431640625e+00 3.705607414245605469e+00 -2.044739341735839844e+01
5.627731323242187500e+00 4.014848709106445312e+00 -2.170887374877929688e+01
5.615257263183593750e+00 4.012705326080322266e+00 -2.169856643676757812e+01
5.627731323242187500e+00 4.014848709106445312e+00 -2.170887374877929688e+01
5.627731323242187500e+00 4.014848709106445312e+00 -2.170887374877929688e+01
5.618617534637451172e+00 4.007793903350830078e+00 -2.168078041076660156e+01
5.627731323242187500e+00 4.014848709106445312e+00 -2.170887374877929688e+01
3.415841341018676758e+00 3.295947313308715820e+00 -2.092546844482421875e+01
5.627731323242187500e+00 4.014848709106445312e+00 -2.170887374877929688e+01
5.627731323242187500e+00 4.014848709106445312e+00 -2.170887374877929688e+01
5.627731323242187500e+00 4.014848709106445312e+00 -2.170887374877929688e+01
5.106956958770751953e+00 3.652596712112426758e+00 -2.104316902160644531e+01
5.627731323242187500e+00 4.014848709106445312e+00 -2.170887374877929688e+01
2.110755205154418945e+00 2.220013856887817383e+00 -2.174318885803222656e+01
5.627731323242187500e+00 4.014848709106445312e+00 -2.170887374877929688e+01
5.625229835510253906e+00 4.000180721282958984e+00 -2.168324470520019531e+01
5.627731323242187500e+00 4.014848709106445312e+00 -2.170887374877929688e+01
3.893001794815063477e+00 2.649559259414672852e+00 -2.062900924682617188e+01
5.627731323242187500e+00 4.014848709106445312e+00 -2.170887374877929688e+01
5.627731323242187500e+00 4.014848709106445312e+00 -2.170887374877929688e+01
5.627731323242187500e+00 4.014848709106445312e+00 -2.170887374877929688e+01
5.627731323242187500e+00 4.014848709106445312e+00 -2.170887374877929688e+01
5.242224693298339844e+00 3.239254236221313477e+00 -2.090557861328125000e+01
5.627731323242187500e+00 4.014848709106445312e+00 -2.170887374877929688e+01
4.791851043701171875e+00 3.135950565338134766e+00 -2.153363990783691406e+01
5.627731323242187500e+00 4.014848709106445312e+00 -2.170887374877929688e+01
5.627731323242187500e+00 4.014848709106445312e+00 -2.170887374877929688e+01
5.627731323242187500e+00 4.014848709106445312e+00 -2.170887374877929688e+01
5.627731323242187500e+00 4.014848709106445312e+00 -2.170887374877929688e+01
5.147776603698730469e+00 3.060526132583618164e+00 -2.124048614501953125e+01
5.627731323242187500e+00 4.014848709106445312e+00 -2.170887374877929688e+01
5.193138599395751953e+00 3.206233739852905273e+00 -2.177166938781738281e+01
5.627731323242187500e+00 4.014848709106445312e+00 -2.170887374877929688e+01
5.627731323242187500e+00 4.014848709106445312e+00 -2.170887374877929688e+01
5.627731323242187500e+00 4.014848709106445312e+00 -2.170887374877929688e+01
5.627731323242187500e+00 4.014848709106445312e+00 -2.170887374877929688e+01
