-1.173938870429992676e+00 2.964681088924407959e-01 -1.302400946617126465e+00
-1.390890359878540039e+00 6.107805371284484863e-01 -1.103655576705932617e+00
-1.173938870429992676e+00 -8.306924104690551758e-01 -1.302400946617126465e+00
-6.922378540039062500e-01 1.338596105575561523e+00 -6.741073131561279297e-01
-2.322471618652343750e+00 1.891715168952941895e+00 -1.505560278892517090e+00
-5.260359048843383789e-01 7.454829216003417969e-01 -1.714543819427490234e+00
-1.711457371711730957e+00 2.982192754745483398e+00 6.971412301063537598e-01
-1.347662329673767090e+00 -1.994574666023254395e-01 -1.636894822120666504e+00
-9.654393792152404785e-01 -4.892847239971160889e-01 -1.226257205009460449e+00
-2.144491910934448242e+00 6.634686589241027832e-01 -9.017707705497741699e-01
-1.008934259414672852e+00 -3.152382671833038330e-01 -1.655006170272827148e+00
-1.109582543373107910e+00 -5.646011233329772949e-01 -1.097223043441772461e+00
-1.696886897087097168e+00 -1.292090117931365967e-01 -1.605460047721862793e+00
-9.101849198341369629e-01 -5.358971357345581055e-01 -1.360386490821838379e+00
-1.284765839576721191e+00 -6.323869824409484863e-01 -1.144761085510253906e+00
-1.230658531188964844e+00 -4.017212092876434326e-01 -1.740102529525756836e+00
-7.473085522651672363e-01 -3.177892565727233887e-01 -9.428364634513854980e-01
-2.886686086654663086e+00 6.614705920219421387e-01 -1.231573462486267090e+00
-4.243284761905670166e-01 4.172766953706741333e-02 -2.048363447189331055e+00
-1.194320440292358398e+00 -4.855056405067443848e-01 -8.616306781768798828e-01
-1.489635348320007324e+00 -4.650115668773651123e-01 -1.680710792541503906e+00
-9.940842390060424805e-01 -7.028998732566833496e-01 -1.278201818466186523e+00
-1.469206809997558594e+00 -5.903535485267639160e-01 -1.096961259841918945e+00
-8.521187901496887207e-01 9.868187457323074341e-02 -2.732923507690429688e+00
-9.749683141708374023e-01 -5.901573896408081055e-01 -9.551708102226257324e-01
-2.033688783645629883e+00 -3.166494071483612061e-01 -1.576684594154357910e+00
-8.263872265815734863e-01 -6.241766810417175293e-01 -1.462978601455688477e+00
-1.780661106109619141e+00 -2.870361134409904480e-02 1.473309099674224854e-01
-1.359174251556396484e+00 -5.667818188667297363e-01 -1.817402601242065430e+00
-4.507787823677062988e-01 -4.589825570583343506e-01 -9.223282933235168457e-01
-1.542115926742553711e+00 -6.675025224685668945e-01 -1.205350637435913086e+00
-4.076644778251647949e-01 -2.598006725311279297e-01 -2.494133710861206055e+00
-1.110206842422485352e+00 -6.884820461273193359e-01 -9.315623044967651367e-01
-1.631049275398254395e+00 -6.262803077697753906e-01 -1.656412959098815918e+00
-9.370648860931396484e-01 -7.523245215415954590e-01 -1.322025418281555176e+00
-2.090951204299926758e+00 -4.169799387454986572e-01 -3.111375570297241211e-01
-1.164041280746459961e+00 -2.555468976497650146e-01 -3.331299304962158203e+00
-8.602961301803588867e-01 -7.088626027107238770e-01 -9.566556215286254883e-01
-1.529416441917419434e+00 -7.454196214675903320e-01 -1.335346579551696777e+00
1.691394209861755371e+00 -4.989513009786605835e-02 -3.477086544036865234e+00
-1.261888265609741211e+00 -7.346003651618957520e-01 -8.189529776573181152e-01
-1.478722214698791504e+00 -7.309457063674926758e-01 -1.786732077598571777e+00
-3.031380772590637207e-01 -6.922898888587951660e-01 -1.063750505447387695e+00
-2.480439662933349609e+00 -6.361752748489379883e-01 -6.319263577461242676e-01
-3.124140799045562744e-01 -5.536016821861267090e-01 -3.626216173171997070e+00
-1.025069952011108398e+00 -7.946492433547973633e-01 -9.367082715034484863e-01
-1.595998525619506836e+00 -7.975852489471435547e-01 -1.502422928810119629e+00
-8.247044086456298828e-01 -8.122114539146423340e-01 -1.410073637962341309e+00
-1.386764645576477051e+00 -8.179314732551574707e-01 -9.392514824867248535e-01
-1.651343941688537598e+00 -8.077228069305419922e-01 -3.525593280792236328e+00
-6.740198135375976562e-01 -8.368867635726928711e-01 -9.472818970680236816e-01
-2.637151956558227539e+00 -8.753957748413085938e-01 -1.120043516159057617e+00
-3.632562756538391113e-01 -8.939411044120788574e-01 -2.254824161529541016e+00
-1.161065936088562012e+00 -8.557312488555908203e-01 -9.494014382362365723e-01
-2.917927503585815430e+00 -1.057506084442138672e+00 -3.072101354598999023e+00
-4.549000263214111328e-01 -9.111884236335754395e-01 -1.265635967254638672e+00
-1.544441342353820801e+00 -8.943541049957275391e-01 -9.962733387947082520e-01
-9.510437846183776855e-01 -1.077952623367309570e+00 -2.900003433227539062e+00
-9.705410003662109375e-01 -8.932073712348937988e-01 -1.007004261016845703e+00
-2.336494445800781250e+00 -1.063975930213928223e+00 -1.569902300834655762e+00
-1.253497153520584106e-01 -1.092291712760925293e+00 -1.896489620208740234e+00
-1.277005434036254883e+00 -9.104721546173095703e-01 -9.846969246864318848e-01
-1.413646221160888672e+00 -9.814426302909851074e-01 -1.827937722206115723e+00
-3.748647570610046387e-01 -1.076750874519348145e+00 -9.633929133415222168e-01
-1.608419060707092285e+00 -9.719057679176330566e-01 -1.148517012596130371e+00
1.605385243892669678e-01 -1.767760276794433594e+00 -3.811695098876953125e+00
-1.098925471305847168e+00 -9.367052912712097168e-01 -1.012085795402526855e+00
-1.545972824096679688e+00 -9.983859658241271973e-01 -1.544189095497131348e+00
-5.843598246574401855e-01 -1.071538925170898438e+00 -1.400766968727111816e+00
-1.382076978683471680e+00 -9.754737615585327148e-01 -1.036338448524475098e+00
-1.236361145973205566e+00 -1.196212053298950195e+00 -2.103322029113769531e+00
-8.716400861740112305e-01 -1.030173540115356445e+00 -1.019996881484985352e+00
-1.639056801795959473e+00 -1.068058133125305176e+00 -1.306939005851745605e+00
-3.495050668716430664e-01 -1.428480029106140137e+00 -2.042986392974853516e+00
-1.200066566467285156e+00 -9.839001297950744629e-01 -1.034705162048339844e+00
-1.391765594482421875e+00 -1.048654675483703613e+00 -1.592332363128662109e+00
-3.579021692276000977e-01 -1.356886267662048340e+00 -1.149830222129821777e+00
-1.478343844413757324e+00 -1.070269227027893066e+00 -1.112909555435180664e+00
-5.816688537597656250e-01 -2.381053924560546875e+00 -3.422874212265014648e+00
-1.058034300804138184e+00 -1.020904302597045898e+00 -1.073808550834655762e+00
-1.561998248100280762e+00 -1.155056595802307129e+00 -1.448426127433776855e+00
-9.446768164634704590e-01 -1.034492611885070801e+00 -1.394429445266723633e+00
-1.281479835510253906e+00 -1.047052264213562012e+00 -1.078313589096069336e+00
-1.281611323356628418e+00 -1.172051906585693359e+00 -1.657783150672912598e+00
-6.256194114685058594e-01 -1.450174331665039062e+00 -9.774513244628906250e-01
-1.493839144706726074e+00 -1.167056083679199219e+00 -1.235336899757385254e+00
-3.483620584011077881e-01 -2.376298189163208008e+00 -2.452680110931396484e+00
-1.149224758148193359e+00 -1.072073817253112793e+00 -1.095893979072570801e+00
-1.503612518310546875e+00 -1.368654727935791016e+00 -1.585797309875488281e+00
-3.617511987686157227e-01 -1.906599998474121094e+00 -1.328052639961242676e+00
-1.332883358001708984e+00 -1.146731376647949219e+00 -1.147286772727966309e+00
-1.114820122718811035e+00 -2.456321716308593750e+00 -2.357658863067626953e+00
-1.054873824119567871e+00 -1.145610570907592773e+00 -1.156857848167419434e+00
-1.503644585609436035e+00 -1.444151759147644043e+00 -1.350041866302490234e+00
-1.035390615463256836e+00 -1.174825549125671387e+00 -1.396806597709655762e+00
-1.206984162330627441e+00 -1.167525172233581543e+00 -1.161925911903381348e+00
-1.275434136390686035e+00 -1.399764418601989746e+00 -1.483599305152893066e+00
-1.037483096122741699e+00 -1.320703983306884766e+00 -1.257396340370178223e+00
-1.265227913856506348e+00 -1.321180582046508789e+00 -1.261299133300781250e+00
-1.173938870429992676e+00 -1.344457268714904785e+00 -1.302400946617126465e+00
