-1.968174338340759277e+00 -7.192217111587524414e-01 -3.295328378677368164e+00
-1.983153343200683594e+00 -7.623476982116699219e-01 -3.281606435775756836e+00
-1.963297843933105469e+00 -6.716504096984863281e-01 -3.350893020629882812e+00
-1.950272202491760254e+00 -7.812507152557373047e-01 -3.271978139877319336e+00
-2.040325880050659180e+00 -6.908479928970336914e-01 -3.308090925216674805e+00
-1.799768805503845215e+00 -4.521855115890502930e-01 -3.402454137802124023e+00
-1.980211377143859863e+00 -7.764868140220642090e-01 -3.250551223754882812e+00
-2.016164779663085938e+00 -6.874949932098388672e-01 -3.387731075286865234e+00
-1.924564480781555176e+00 -7.904623150825500488e-01 -3.279402256011962891e+00
-2.046531438827514648e+00 -7.412407398223876953e-01 -3.262983560562133789e+00
-1.816358208656311035e+00 -3.876161277294158936e-01 -3.619750738143920898e+00
-1.952417135238647461e+00 -7.967205643653869629e-01 -3.245091915130615234e+00
-2.107069015502929688e+00 -6.755575537681579590e-01 -3.375820636749267578e+00
-1.829318523406982422e+00 -7.066733837127685547e-01 -3.325855493545532227e+00
-2.015803813934326172e+00 -7.766467928886413574e-01 -3.227580547332763672e+00
-1.984083294868469238e+00 -7.415512800216674805e-01 -3.418097019195556641e+00
-1.920365214347839355e+00 -8.043941855430603027e-01 -3.255034685134887695e+00
-3.109683036804199219e+00 1.326228827238082886e-01 -3.248123407363891602e+00
-1.717955112457275391e+00 -5.706582665443420410e-01 -3.544329881668090820e+00
-1.971155166625976562e+00 -8.113873004913330078e-01 -3.230865240097045898e+00
-3.200787544250488281e+00 5.659023523330688477e-01 -4.772410869598388672e+00
-1.881582140922546387e+00 -8.003447055816650391e-01 -3.283677577972412109e+00
-2.102041244506835938e+00 -7.529077529907226562e-01 -3.202187299728393555e+00
-1.246907830238342285e+00 1.221052050590515137e+00 -6.501430511474609375e+00
-1.936444878578186035e+00 -8.235135674476623535e-01 -3.239956378936767578e+00
-4.920444488525390625e+00 9.032861590385437012e-01 -4.237183094024658203e+00
-1.711960434913635254e+00 -7.096285223960876465e-01 -3.413705825805664062e+00
-2.001603364944458008e+00 -8.176835179328918457e-01 -3.215451478958129883e+00
-2.071369886398315430e+00 -7.148452997207641602e-01 -3.582238435745239258e+00
-1.894978046417236328e+00 -8.242477774620056152e-01 -3.256858587265014648e+00
-2.174552679061889648e+00 -7.703967094421386719e-01 -3.240927696228027344e+00
-1.417364597320556641e+00 -4.515055119991302490e-01 -4.151964187622070312e+00
-1.956336498260498047e+00 -8.354564309120178223e-01 -3.226447105407714844e+00
-2.534718513488769531e+00 -6.085221767425537109e-01 -3.734091997146606445e+00
-1.791862010955810547e+00 -8.035396933555603027e-01 -3.309935569763183594e+00
-2.059888124465942383e+00 -8.204942941665649414e-01 -3.196188449859619141e+00
-1.967146754264831543e+00 -8.021617531776428223e-01 -3.505961179733276367e+00
-1.917591691017150879e+00 -8.422231674194335938e-01 -3.239568471908569336e+00
-2.588867425918579102e+00 -7.129778861999511719e-01 -3.352854013442993164e+00
-1.886463403701782227e+00 -8.396052122116088867e-01 -3.357343912124633789e+00
-1.983530521392822266e+00 -8.450933694839477539e-01 -3.210917472839355469e+00
-2.246402740478515625e+00 -7.708151936531066895e-01 -3.737461090087890625e+00
-1.868856549263000488e+00 -8.460859656333923340e-01 -3.268109560012817383e+00
-2.141850233078002930e+00 -8.360136747360229492e-01 -3.206200838088989258e+00
-1.262836933135986328e+00 -6.350147724151611328e-01 -5.197854995727539062e+00
-1.939498543739318848e+00 -8.549284338951110840e-01 -3.224887132644653320e+00
-2.770428657531738281e+00 -7.989408969879150391e-01 -3.675531625747680664e+00
-1.705525994300842285e+00 -8.479722738265991211e-01 -3.376305580139160156e+00
-2.031610727310180664e+00 -8.580676317214965820e-01 -3.187085628509521484e+00
-2.051677465438842773e+00 -8.578536510467529297e-01 -3.684187889099121094e+00
-1.891942024230957031e+00 -8.628157973289489746e-01 -3.241176605224609375e+00
-2.940162897109985352e+00 -8.915669322013854980e-01 -3.174191236495971680e+00
-1.888792276382446289e+00 -8.680645823478698730e-01 -3.388589620590209961e+00
-1.965009212493896484e+00 -8.680275678634643555e-01 -3.208535671234130859e+00
-2.502702474594116211e+00 -9.313890933990478516e-01 -3.837737083435058594e+00
-1.744326710700988770e+00 -8.869308829307556152e-01 -3.283882856369018555e+00
-2.123416185379028320e+00 -8.885456919670104980e-01 -3.167059898376464844e+00
-1.929772377014160156e+00 -9.044709801673889160e-01 -3.570574760437011719e+00
-1.918884754180908203e+00 -8.770205378532409668e-01 -3.223744630813598633e+00
-4.084393501281738281e+00 -1.286521196365356445e+00 -3.782265424728393555e+00
-1.877256393432617188e+00 -8.845531940460205078e-01 -3.346838951110839844e+00
-2.002137184143066406e+00 -8.881605863571166992e-01 -3.190637111663818359e+00
-2.233638763427734375e+00 -1.028819918632507324e+00 -3.877335309982299805e+00
-1.859459996223449707e+00 -8.953475952148437500e-01 -3.249206304550170898e+00
-2.947345495223999023e+00 -1.180118203163146973e+00 -2.948526144027709961e+00
-1.892186641693115234e+00 -9.152296781539916992e-01 -3.438212394714355469e+00
-1.945714235305786133e+00 -8.936130404472351074e-01 -3.208403825759887695e+00
-3.642040491104125977e+00 -1.616362929344177246e+00 -4.383188724517822266e+00
-1.450175166130065918e+00 -1.073476910591125488e+00 -3.381752014160156250e+00
-2.060936927795410156e+00 -9.263970851898193359e-01 -3.176750183105468750e+00
-2.002663850784301758e+00 -1.063827276229858398e+00 -3.737851381301879883e+00
-1.887581825256347656e+00 -9.150527119636535645e-01 -3.220039844512939453e+00
-2.893403053283691406e+00 -1.334047436714172363e+00 -3.304355859756469727e+00
-1.877081632614135742e+00 -9.279215335845947266e-01 -3.377156734466552734e+00
-1.978122949600219727e+00 -9.202080368995666504e-01 -3.193397998809814453e+00
-3.169347524642944336e+00 -2.063791513442993164e+00 -4.894112110137939453e+00
-1.082686781883239746e+00 -1.432848215103149414e+00 -3.129772663116455078e+00
-2.927605628967285156e+00 -1.616975545883178711e+00 -2.698084592819213867e+00
-1.889847993850708008e+00 -1.066902995109558105e+00 -3.575756072998046875e+00
-1.922192811965942383e+00 -9.373319745063781738e-01 -3.204641342163085938e+00
-3.500214576721191406e+00 -2.142446041107177734e+00 -3.871829271316528320e+00
-1.864384293556213379e+00 -9.541343450546264648e-01 -3.336990833282470703e+00
-2.019102096557617188e+00 -9.643321633338928223e-01 -3.189208030700683594e+00
-2.162741184234619141e+00 -1.478716254234313965e+00 -3.937512874603271484e+00
-1.412518501281738281e+00 -1.489641666412353516e+00 -2.966031074523925781e+00
-2.932086467742919922e+00 -1.875390410423278809e+00 -3.093253374099731445e+00
-1.858469724655151367e+00 -1.067254900932312012e+00 -3.448180198669433594e+00
-1.761427044868469238e+00 -2.881159543991088867e+00 -1.567783713340759277e+00
-3.162309169769287109e+00 -2.810463666915893555e+00 -4.321838855743408203e+00
-1.431918263435363770e+00 -1.572251319885253906e+00 -3.312265157699584961e+00
-2.580022335052490234e+00 -2.078445434570312500e+00 -2.698225021362304688e+00
-1.903060436248779297e+00 -2.652356147766113281e+00 -4.457600593566894531e+00
-1.403315544128417969e+00 -2.355880737304687500e+00 -2.604854345321655273e+00
-2.587294578552246094e+00 -2.013823032379150391e+00 -3.384788274765014648e+00
-1.815219402313232422e+00 -1.241788268089294434e+00 -3.399550676345825195e+00
-2.070950508117675781e+00 -1.909473180770874023e+00 -2.858429431915283203e+00
-2.453053474426269531e+00 -3.580531835556030273e+00 -4.160977840423583984e+00
-1.815911173820495605e+00 -1.408647060394287109e+00 -3.245110273361206055e+00
-2.161955833435058594e+00 -1.903043270111083984e+00 -3.208080291748046875e+00
-1.968174338340759277e+00 -2.914637804031372070e+00 -3.295328378677368164e+00
