-1.121097564697265625e+00 -5.565883517265319824e-01 1.767235875129699707e+00
-1.246491193771362305e+00 6.569403409957885742e-02 1.882106781005859375e+00
-1.115651249885559082e+00 -5.549968481063842773e-01 1.705177307128906250e+00
-1.075257658958435059e+00 -5.610135793685913086e-01 1.827026009559631348e+00
-1.403688192367553711e+00 -9.761448949575424194e-02 1.717249631881713867e+00
-1.037108778953552246e+00 -5.631264448165893555e-01 1.713809013366699219e+00
-1.314283370971679688e+00 6.029137372970581055e-01 2.485877513885498047e+00
-1.178928852081298828e+00 -5.573154091835021973e-01 1.655885338783264160e+00
-9.848440885543823242e-01 -5.443404912948608398e-01 1.816995382308959961e+00
-2.738475322723388672e+00 1.722495555877685547e+00 2.434865951538085938e+00
-1.057770848274230957e+00 -5.696238875389099121e-01 1.631910324096679688e+00
-9.399164319038391113e-01 -1.832648925483226776e-02 2.344869852066040039e+00
-1.351266384124755859e+00 -4.586999118328094482e-01 1.633848309516906738e+00
-9.574413299560546875e-01 -5.845318436622619629e-01 1.731256484985351562e+00
-1.418987274169921875e+00 -2.344273626804351807e-01 2.190953254699707031e+00
-1.149541139602661133e+00 -5.523300170898437500e-01 1.547738909721374512e+00
-7.522884607315063477e-01 -3.240594863891601562e-01 2.078068494796752930e+00
-2.228629112243652344e+00 1.974439620971679688e-01 1.813035726547241211e+00
-9.968216419219970703e-01 -6.228126287460327148e-01 1.643564701080322266e+00
-1.149756908416748047e+00 -2.820676267147064209e-01 2.387020826339721680e+00
-1.289679765701293945e+00 -5.721749067306518555e-01 1.565218091011047363e+00
-8.235411047935485840e-01 -5.560253262519836426e-01 1.807271718978881836e+00
-2.832008600234985352e+00 6.251793503761291504e-01 2.957643032073974609e+00
-1.075243115425109863e+00 -6.350271701812744141e-01 1.563408136367797852e+00
-6.425373554229736328e-01 -1.889185756444931030e-01 2.602387189865112305e+00
-1.601281046867370605e+00 -4.803479313850402832e-01 1.614044308662414551e+00
-9.200584888458251953e-01 -6.479910612106323242e-01 1.674350738525390625e+00
-1.230786800384521484e+00 -6.224573850631713867e-01 2.029332637786865234e+00
-1.204046368598937988e+00 -6.492691040039062500e-01 1.536617040634155273e+00
-6.237467527389526367e-01 -5.118067264556884766e-01 2.028629541397094727e+00
-2.215507030487060547e+00 -2.823655903339385986e-01 2.055718660354614258e+00
-1.003361463546752930e+00 -6.797327995300292969e-01 1.584129214286804199e+00
-9.617872834205627441e-01 -4.119672775268554688e-01 2.694216728210449219e+00
-1.490905523300170898e+00 -6.020769476890563965e-01 1.480835795402526855e+00
-7.525737881660461426e-01 -6.455256342887878418e-01 1.736704468727111816e+00
-2.252356052398681641e+00 -2.570786476135253906e-01 2.990093231201171875e+00
-1.119815587997436523e+00 -6.929562091827392578e-01 1.504453778266906738e+00
-3.996002078056335449e-01 -4.871940910816192627e-01 2.562581300735473633e+00
-2.080277919769287109e+00 -5.373583436012268066e-01 1.678339242935180664e+00
-9.102988839149475098e-01 -7.100066542625427246e-01 1.607247233390808105e+00
-1.423072576522827148e+00 -4.375160932540893555e-01 3.427157640457153320e+00
-1.381390452384948730e+00 -6.822625994682312012e-01 1.353604435920715332e+00
-5.648503303527832031e-01 -6.790405511856079102e-01 1.919680118560791016e+00
-2.380074501037597656e+00 -5.800072550773620605e-01 2.413321971893310547e+00
-1.021040678024291992e+00 -7.352677583694458008e-01 1.497349739074707031e+00
-6.745979189872741699e-01 -6.593452692031860352e-01 2.864051103591918945e+00
-1.998117327690124512e+00 -6.986537575721740723e-01 1.351599812507629395e+00
-6.943495869636535645e-01 -7.448659539222717285e-01 1.635664939880371094e+00
-1.908488512039184570e+00 -7.202371358871459961e-01 3.110778808593750000e+00
-1.212241649627685547e+00 -7.630636096000671387e-01 1.342793941497802734e+00
-6.117877960205078125e-01 -7.737596035003662109e-01 2.129025697708129883e+00
-4.770948886871337891e+00 -8.789572715759277344e-01 2.222109794616699219e+00
-9.755668044090270996e-01 -7.788029909133911133e-01 1.596260428428649902e+00
-1.076730608940124512e+00 -8.537454009056091309e-01 2.983852863311767578e+00
-2.213907718658447266e+00 -9.095738530158996582e-01 6.583142876625061035e-01
-4.374756515026092529e-01 -8.439799547195434570e-01 1.802189946174621582e+00
-2.221185207366943359e+00 -9.564716815948486328e-01 2.676183223724365234e+00
-6.748109459877014160e-01 -1.262519836425781250e+00 -1.431527018547058105e+00
-7.053779363632202148e-01 -8.952215313911437988e-01 2.370989322662353516e+00
-2.022136926651000977e+00 -9.482554197311401367e-01 1.559908866882324219e+00
-8.625175356864929199e-01 -8.319587111473083496e-01 1.620734810829162598e+00
-1.185787677764892578e+00 -8.175228834152221680e-01 1.966643929481506348e+00
-2.070189476013183594e+00 -1.364326000213623047e+00 -3.135632276535034180e-01
-6.922292709350585938e-01 -8.995100259780883789e-01 1.949183702468872070e+00
-2.499598979949951172e+00 -1.215484857559204102e+00 2.255472660064697266e+00
-1.884876005351543427e-02 -1.541446089744567871e+00 -3.053856492042541504e-01
-6.899737715721130371e-01 -1.376735568046569824e+00 3.435760736465454102e+00
-3.736246585845947266e+00 -1.946221709251403809e+00 6.762773543596267700e-02
-6.732876300811767578e-01 -9.503818154335021973e-01 1.692522764205932617e+00
-2.998864173889160156e+00 -2.073627948760986328e+00 4.167581558227539062e+00
-1.178320765495300293e+00 -1.102524399757385254e+00 1.033023238182067871e+00
-7.792558670043945312e-01 -9.930235147476196289e-01 2.086580514907836914e+00
-1.941059589385986328e+00 -1.185903906822204590e+00 1.759235620498657227e+00
-9.991571903228759766e-01 -8.558664321899414062e-01 1.657697319984436035e+00
-1.191395282745361328e+00 -1.179660797119140625e+00 2.487483024597167969e+00
-1.742593765258789062e+00 -1.389331579208374023e+00 9.400129318237304688e-01
-7.683895826339721680e-01 -9.948807358741760254e-01 1.833180069923400879e+00
-3.922852516174316406e+00 -2.972522735595703125e+00 3.511321783065795898e+00
-9.554971754550933838e-02 -3.451984167098999023e+00 -1.904479265213012695e+00
-8.520844578742980957e-01 -1.208928465843200684e+00 2.297796249389648438e+00
-2.776395320892333984e+00 -2.151050090789794922e+00 1.144353747367858887e+00
-9.431243538856506348e-01 -9.256563782691955566e-01 1.695795297622680664e+00
-1.270645976066589355e+00 -1.068322658538818359e+00 2.078855752944946289e+00
-1.334317564964294434e+00 -1.443430542945861816e+00 1.063485503196716309e+00
-8.344317674636840820e-01 -1.091318964958190918e+00 1.937122106552124023e+00
-1.798506617546081543e+00 -1.479720354080200195e+00 1.909248352050781250e+00
-2.050275951623916626e-01 -2.482471704483032227e+00 4.908722341060638428e-01
-9.937693476676940918e-01 -2.011055707931518555e+00 2.831168174743652344e+00
-2.811764240264892578e+00 -3.526283025741577148e+00 3.138936161994934082e-01
-9.348875880241394043e-01 -1.014121770858764648e+00 1.761354684829711914e+00
-1.366258025169372559e+00 -1.254916071891784668e+00 2.006488323211669922e+00
-1.024522542953491211e+00 -3.423041820526123047e+00 4.338911920785903931e-02
-8.894467353820800781e-01 -1.380147933959960938e+00 2.050401926040649414e+00
-2.029810905456542969e+00 -2.458225011825561523e+00 1.635931134223937988e+00
-6.324712634086608887e-01 -1.981122970581054688e+00 1.434290170669555664e+00
-1.152946472167968750e+00 -1.092086076736450195e+00 1.902624726295471191e+00
-1.310473561286926270e+00 -1.829257607460021973e+00 1.429145097732543945e+00
-1.064016819000244141e+00 -9.724252820014953613e-01 1.786061763763427734e+00
-1.261997699737548828e+00 -1.524493455886840820e+00 1.830674529075622559e+00
-1.121097564697265625e+00 -1.454646587371826172e+00 1.767235875129699707e+00
