-7.382686734199523926e-01 -1.163989305496215820e+00 -2.887655735015869141e+00
-7.523886561393737793e-01 -1.150204062461853027e+00 -2.874720573425292969e+00
-7.357956767082214355e-01 -1.147554636001586914e+00 -2.915833950042724609e+00
-5.033327937126159668e-01 -1.860120445489883423e-01 -2.581223487854003906e+00
-8.106796741485595703e-01 -1.072382092475891113e+00 -2.900464296340942383e+00
5.000519007444381714e-02 6.736399531364440918e-01 -3.389091014862060547e+00
-7.486513853073120117e-01 -1.170370936393737793e+00 -2.849032640457153320e+00
-8.166569471359252930e-01 -9.591917395591735840e-01 -3.038587570190429688e+00
-1.608482301235198975e-01 -2.985229492187500000e-01 -2.676782608032226562e+00
-8.378363251686096191e-01 -1.090736627578735352e+00 -2.846555709838867188e+00
-4.844171702861785889e-01 -4.510194063186645508e-01 -3.430121660232543945e+00
5.255164578557014465e-02 2.025752305984497070e+00 -3.663959503173828125e-01
-9.074317216873168945e-01 -1.017104864120483398e+00 -2.985689163208007812e+00
3.168663084506988525e-01 -6.470616161823272705e-02 -3.119624137878417969e+00
-7.936049103736877441e-01 -1.145005941390991211e+00 -2.808945655822753906e+00
-7.644364833831787109e-01 -1.046113133430480957e+00 -3.089590787887573242e+00
-1.651455760002136230e-01 -5.550009012222290039e-01 -2.404627084732055664e+00
-9.231014847755432129e-01 -1.082992196083068848e+00 -2.880012273788452148e+00
4.794438779354095459e-01 1.731916069984436035e-01 -4.099442481994628906e+00
-7.409831285476684570e-01 -1.198047637939453125e+00 -2.828952789306640625e+00
-9.081258177757263184e-01 -1.047269701957702637e+00 -3.091201305389404297e+00
3.111606836318969727e-01 -4.983669817447662354e-01 -2.746456384658813477e+00
-8.386613726615905762e-01 -1.162303924560546875e+00 -2.817805051803588867e+00
-5.741165876388549805e-01 -7.699707746505737305e-01 -3.617328166961669922e+00
-4.501022100448608398e-01 -8.956567049026489258e-01 -2.384766817092895508e+00
-1.027080655097961426e+00 -1.071340203285217285e+00 -2.979794740676879883e+00
1.003196239471435547e+00 -2.092391848564147949e-01 -3.692256689071655273e+00
-7.804834246635437012e-01 -1.188219308853149414e+00 -2.786785602569580078e+00
-8.003395199775695801e-01 -1.155586123466491699e+00 -3.060228586196899414e+00
1.648919582366943359e+00 -1.698730885982513428e-02 -1.633016467094421387e+00
-9.231779575347900391e-01 -1.162061810493469238e+00 -2.838914155960083008e+00
2.050136178731918335e-01 -5.412538647651672363e-01 -4.354676246643066406e+00
-4.804668128490447998e-01 -6.687667965888977051e-01 -1.387580513954162598e+00
-9.787449240684509277e-01 -1.136483550071716309e+00 -3.073894023895263672e+00
5.945131182670593262e-01 -8.030799627304077148e-01 -2.998074054718017578e+00
-8.238819837570190430e-01 -1.205395817756652832e+00 -2.795110225677490234e+00
-7.273830175399780273e-01 -6.114628911018371582e-01 -5.119082450866699219e+00
-2.264575362205505371e-01 -1.045215129852294922e+00 -2.323458671569824219e+00
-1.223299622535705566e+00 -1.127670049667358398e+00 -2.932608366012573242e+00
3.337882161140441895e-01 -9.518871903419494629e-01 -3.701308727264404297e+00
-1.015502929687500000e+00 -9.411190748214721680e-01 -1.363731145858764648e+00
-8.536573052406311035e-01 -1.206257104873657227e+00 -3.071019887924194336e+00
2.282944679260253906e+00 -7.638376355171203613e-01 -2.059666395187377930e+00
-8.877155780792236328e-01 -1.221770167350769043e+00 -2.810961961746215820e+00
2.245197296142578125e-01 -9.343605041503906250e-01 -5.484611988067626953e+00
1.515532433986663818e-01 -1.028582572937011719e+00 -7.018303871154785156e-01
-1.828709959983825684e+00 -1.158484220504760742e+00 -3.404436111450195312e+00
5.599802136421203613e-01 -1.175319075584411621e+00 -3.287919759750366211e+00
-8.047045469284057617e-01 -1.240036964416503906e+00 -2.774294614791870117e+00
-7.699169516563415527e-01 -1.242497801780700684e+00 -3.035036325454711914e+00
1.792904287576675415e-01 -1.255389690399169922e+00 -2.235864639282226562e+00
-9.543220996856689453e-01 -1.250621199607849121e+00 -2.860729455947875977e+00
1.296002984046936035e+00 -1.402732491493225098e+00 -5.277601718902587891e+00
-6.842632293701171875e-01 -1.349064588546752930e+00 -1.406734228134155273e+00
-9.576124548912048340e-01 -1.272547125816345215e+00 -3.110233306884765625e+00
1.563467383384704590e+00 -1.501698493957519531e+00 -2.769966363906860352e+00
-8.257729411125183105e-01 -1.259055852890014648e+00 -2.815355300903320312e+00
-7.258085012435913086e-01 -1.257842659950256348e+00 -2.976964235305786133e+00
-4.391357898712158203e-01 -1.335959911346435547e+00 -2.453222274780273438e+00
-9.756228327751159668e-01 -1.291648983955383301e+00 -2.942270278930664062e+00
5.036590695381164551e-01 -1.553853392601013184e+00 -3.591282367706298828e+00
-7.651836872100830078e-01 -1.264854311943054199e+00 -2.804689645767211914e+00
-7.954613566398620605e-01 -1.279988527297973633e+00 -3.013045549392700195e+00
9.196403026580810547e-01 -1.754539489746093750e+00 -2.184286117553710938e+00
-8.342962861061096191e-01 -1.275231003761291504e+00 -2.853644609451293945e+00
-6.508771330118179321e-02 -1.716727018356323242e+00 -4.153476238250732422e+00
-3.999593853950500488e-01 -1.722136855125427246e+00 -1.578339338302612305e+00
-9.906612634658813477e-01 -1.357785940170288086e+00 -3.051687955856323242e+00
1.002606391906738281e+00 -1.955178141593933105e+00 -3.178105115890502930e+00
-7.819571495056152344e-01 -1.274410247802734375e+00 -2.831808805465698242e+00
-7.483378648757934570e-01 -1.302981495857238770e+00 -3.016850233078002930e+00
-4.941281378269195557e-01 -1.405124068260192871e+00 -2.659582376480102539e+00
-8.341745138168334961e-01 -1.292964577674865723e+00 -2.888591527938842773e+00
1.111210361123085022e-01 -1.859903335571289062e+00 -3.650659084320068359e+00
-7.442187070846557617e-01 -1.278910398483276367e+00 -2.826693534851074219e+00
-8.067850470542907715e-01 -1.312579512596130371e+00 -2.978852272033691406e+00
-5.069329738616943359e-01 -1.393189549446105957e+00 -2.844403982162475586e+00
-7.893384099006652832e-01 -1.284214019775390625e+00 -2.855865001678466797e+00
-4.712958335876464844e-01 -1.942864537239074707e+00 -3.843484640121459961e+00
4.776471853256225586e-01 -3.239470005035400391e+00 -4.895689487457275391e-01
-8.183786273002624512e-01 -1.310981392860412598e+00 -2.917800903320312500e+00
-5.798123478889465332e-01 -1.384878635406494141e+00 -2.951261997222900391e+00
-7.585512399673461914e-01 -1.284826517105102539e+00 -2.845392227172851562e+00
-7.642017006874084473e-01 -1.326237201690673828e+00 -2.973249912261962891e+00
-6.538829803466796875e-01 -1.339357972145080566e+00 -2.837646484375000000e+00
-7.864962816238403320e-01 -1.294730067253112793e+00 -2.877545356750488281e+00
-2.935985326766967773e-01 -2.076510906219482422e+00 -3.507216215133666992e+00
-5.237450003623962402e-01 -3.339259624481201172e+00 -1.095133423805236816e+00
-7.781785726547241211e-01 -1.309145569801330566e+00 -2.921963453292846680e+00
-5.989023447036743164e-01 -1.428639531135559082e+00 -2.892057418823242188e+00
-7.627004384994506836e-01 -1.292599558830261230e+00 -2.863812685012817383e+00
-7.011553049087524414e-01 -2.264553785324096680e+00 -3.550122737884521484e+00
-2.407012581825256348e-01 -2.560049295425415039e+00 -2.279437541961669922e+00
-7.706983089447021484e-01 -1.304359912872314453e+00 -2.892341613769531250e+00
-3.488787114620208740e-01 -2.211206436157226562e+00 -3.152982711791992188e+00
-8.478258848190307617e-01 -2.360742092132568359e+00 -2.421930789947509766e+00
-7.512853741645812988e-01 -1.317003726959228516e+00 -2.910894393920898438e+00
-4.692030549049377441e-01 -2.210232973098754883e+00 -2.798914909362792969e+00
-7.493551969528198242e-01 -1.303587317466735840e+00 -2.882664203643798828e+00
-7.382686734199523926e-01 -2.390284299850463867e+00 -2.887655735015869141e+00
