-1.405708938837051392e-01 -4.924151003360748291e-01 -7.287513017654418945e-01
-4.730803370475769043e-01 1.716850280761718750e+00 -4.241454005241394043e-01
-8.478281646966934204e-02 1.683765292167663574e+00 -1.364427685737609863e+00
4.942633956670761108e-02 3.632169663906097412e-01 -4.809335470199584961e-01
-9.416955709457397461e-01 1.406518697738647461e+00 -8.704589605331420898e-01
8.041743040084838867e-01 1.805898427963256836e+00 -1.329720854759216309e+00
-3.076565861701965332e-01 6.928064823150634766e-01 -1.072008237242698669e-01
-4.771746098995208740e-01 7.306556701660156250e-01 -1.376861333847045898e+00
-1.405708938837051392e-01 -4.924151003360748291e-01 -7.287513017654418945e-01
-1.549639105796813965e+00 1.676837801933288574e+00 -1.471084207296371460e-01
-1.405708938837051392e-01 -4.924151003360748291e-01 -7.287513017654418945e-01
2.293596789240837097e-02 1.836300939321517944e-01 -2.074656635522842407e-01
-5.297825932502746582e-01 2.967414073646068573e-02 -9.543074369430541992e-01
5.554426908493041992e-01 2.855126559734344482e-01 -8.817679286003112793e-01
-6.706824302673339844e-01 4.561268687248229980e-01 2.527783997356891632e-02
-2.708162665367126465e-01 4.926316142082214355e-01 -1.733845710754394531e+00
8.415041565895080566e-01 6.882543563842773438e-01 9.894261509180068970e-02
-2.274213552474975586e+00 1.366436362266540527e+00 -6.405184864997863770e-01
9.090483784675598145e-01 7.291647195816040039e-01 -1.773262619972229004e+00
-1.645105928182601929e-01 -8.696708828210830688e-02 -2.110332399606704712e-01
-3.266508579254150391e-01 -2.768729627132415771e-01 -9.517372846603393555e-01
-1.405708938837051392e-01 -4.924151003360748291e-01 -7.287513017654418945e-01
-2.527398586273193359e+00 1.450388193130493164e+00 9.319412112236022949e-01
-4.097682237625122070e-02 -2.048004567623138428e-01 -1.171456933021545410e+00
7.356219291687011719e-01 5.668122768402099609e-01 8.003219366073608398e-01
-7.367952466011047363e-01 -1.359335482120513916e-01 -9.189631342887878418e-01
1.234718084335327148e+00 3.247838318347930908e-01 -1.364169716835021973e+00
-3.145388662815093994e-01 -2.624575495719909668e-01 -3.130637109279632568e-01
-3.335379064083099365e-01 -2.174890637397766113e-01 -1.265248656272888184e+00
1.110808849334716797e+00 1.508037298917770386e-01 -7.106115669012069702e-02
-1.455089211463928223e+00 9.022864699363708496e-02 -3.822484910488128662e-01
2.112086564302444458e-01 -2.303313910961151123e-01 -1.275849342346191406e+00
-1.411502133123576641e-03 -1.818977594375610352e-01 8.097737282514572144e-02
-2.844281792640686035e-01 -4.280845522880554199e-01 -8.401624560356140137e-01
-1.405708938837051392e-01 -4.924151003360748291e-01 -7.287513017654418945e-01
-4.721834957599639893e-01 -3.428072035312652588e-01 -3.702877759933471680e-01
-1.376285552978515625e-01 -3.214375078678131104e-01 -1.331896305084228516e+00
1.458266615867614746e+00 1.286291927099227905e-01 1.033733725547790527e+00
-2.301905393600463867e+00 2.605094574391841888e-02 -9.290632605552673340e-01
5.567395687103271484e-01 -3.023994565010070801e-01 -1.257985115051269531e+00
-2.170670628547668457e-01 -4.088366925716400146e-01 -3.082607090473175049e-01
-5.778861045837402344e-01 -3.492946028709411621e-01 -1.423688888549804688e+00
2.384130001068115234e+00 -9.114646911621093750e-02 -3.683542460203170776e-02
-7.119034528732299805e-01 -4.073527753353118896e-01 -4.355528652667999268e-01
9.764749556779861450e-02 -4.157973229885101318e-01 -1.371304512023925781e+00
5.017815232276916504e-01 -3.368929624557495117e-01 8.491714000701904297e-01
-9.587389826774597168e-01 -4.282364547252655029e-01 -1.116496443748474121e+00
7.030786871910095215e-01 -4.477704465389251709e-01 -9.888575077056884766e-01
-3.385394513607025146e-01 -4.805449545383453369e-01 -3.909530341625213623e-01
-2.677281200885772705e-01 -4.862971305847167969e-01 -1.320900321006774902e+00
1.105144143104553223e+00 -5.078504681587219238e-01 1.561463028192520142e-01
-1.199462175369262695e+00 -5.247657895088195801e-01 -5.967836976051330566e-01
8.986069560050964355e-01 -5.734907984733581543e-01 -1.949620127677917480e+00
-1.020941138267517090e-01 -5.672550201416015625e-01 3.263481259346008301e-01
-8.436756134033203125e-01 -5.838571190834045410e-01 -1.442221879959106445e+00
5.813329219818115234e-01 -5.732318162918090820e-01 -6.918398737907409668e-01
-4.996615648269653320e-01 -5.541159510612487793e-01 -4.320527017116546631e-01
-7.509727776050567627e-02 -5.650457739830017090e-01 -1.198033928871154785e+00
6.005907654762268066e-01 -7.202134132385253906e-01 3.476447463035583496e-01
-2.637540340423583984e+00 -9.934680461883544922e-01 -1.303298115730285645e+00
5.843239426612854004e-01 -6.732599735260009766e-01 -1.139447808265686035e+00
-2.273179590702056885e-01 -5.595625638961791992e-01 -4.613521993160247803e-01
-3.905760645866394043e-01 -6.496415734291076660e-01 -1.276865243911743164e+00
1.057287096977233887e+00 -8.612708449363708496e-01 -2.205587923526763916e-01
-4.076234340667724609e+00 -1.771571636199951172e+00 6.651799082756042480e-01
6.200761720538139343e-02 -6.346653699874877930e-01 -1.109671235084533691e+00
2.265612781047821045e-01 -1.011265516281127930e+00 6.921147108078002930e-01
-3.228997588157653809e-01 -5.745994448661804199e-01 -8.472484350204467773e-01
6.028723716735839844e-01 -7.961160540580749512e-01 -8.527881503105163574e-01
-2.709820568561553955e-01 -5.831294059753417969e-01 -5.620469450950622559e-01
-1.670824885368347168e-01 -6.476562023162841797e-01 -1.068913340568542480e+00
7.379238605499267578e-01 -1.072116732597351074e+00 9.192859381437301636e-02
-3.229945182800292969e+00 -2.069029808044433594e+00 -7.588940262794494629e-01
1.688112318515777588e-01 -7.167445421218872070e-01 -1.006667971611022949e+00
-1.571400016546249390e-01 -5.895730257034301758e-01 -5.589898228645324707e-01
-6.513876318931579590e-01 -1.003549456596374512e+00 -1.408657789230346680e+00
5.581005811691284180e-01 -9.429299831390380859e-01 -5.981238484382629395e-01
-3.183231949806213379e-01 -6.323120594024658203e-01 -6.181008815765380859e-01
-6.875129789113998413e-02 -6.804143786430358887e-01 -9.858832359313964844e-01
2.414531260728836060e-01 -1.119357824325561523e+00 2.469454705715179443e-02
-2.967490255832672119e-01 -6.229585409164428711e-01 -7.875205278396606445e-01
2.556484639644622803e-01 -8.446303606033325195e-01 -8.877984285354614258e-01
-1.914996653795242310e-01 -5.948778390884399414e-01 -6.226290464401245117e-01
-2.108918577432632446e-01 -7.153571248054504395e-01 -9.608515501022338867e-01
1.891183704137802124e-01 -8.648923635482788086e-01 -5.333681106567382812e-01
-2.867324948310852051e-01 -6.460988521575927734e-01 -6.981098651885986328e-01
-1.017935853451490402e-02 -7.365279793739318848e-01 -9.104263186454772949e-01
-8.313655853271484375e-04 -1.857242465019226074e+00 4.388878643512725830e-01
-2.714340984821319580e-01 -7.059580087661743164e-01 -8.412448167800903320e-01
5.899804830551147461e-01 -1.460178852081298828e+00 -7.518246769905090332e-01
-3.693327009677886963e-01 -9.472759366035461426e-01 -5.055024027824401855e-01
-1.320310235023498535e-01 -7.272421717643737793e-01 -8.811865448951721191e-01
1.920869387686252594e-02 -9.150202274322509766e-01 -5.334393978118896484e-01
-3.164557516574859619e-01 -8.196711540222167969e-01 -7.541658282279968262e-01
-1.516666542738676071e-02 -8.039003014564514160e-01 -8.142006397247314453e-01
-2.344635277986526489e-01 -1.449467182159423828e+00 -3.296159207820892334e-01
-1.929872781038284302e-01 -7.863075733184814453e-01 -8.223296403884887695e-01
-2.588513121008872986e-02 -9.042508006095886230e-01 -6.909266710281372070e-01
-2.068241834640502930e-01 -8.483884334564208984e-01 -6.989215016365051270e-01
-1.405708938837051392e-01 -8.784555792808532715e-01 -7.287513017654418945e-01
