-1.270292758941650391e+00 -3.810610156506299973e-03 1.482476472854614258e+00
-1.310498356819152832e+00 -1.421813666820526123e-01 1.519308090209960938e+00
-1.257936835289001465e+00 7.266559451818466187e-02 1.341686606407165527e+00
-1.156492471694946289e+00 1.031714975833892822e-01 1.630908846855163574e+00
-1.344059228897094727e+00 -2.344645410776138306e-01 1.469428181648254395e+00
-1.009731769561767578e+00 2.245598137378692627e-01 1.316728830337524414e+00
-1.327493786811828613e+00 -3.560479963198304176e-03 1.695261478424072266e+00
-1.359699487686157227e+00 -8.445097506046295166e-02 1.310329318046569824e+00
-8.646669387817382812e-01 2.548764348030090332e-01 1.630610346794128418e+00
-1.721155285835266113e+00 2.847845554351806641e-01 1.668586015701293945e+00
-1.073242783546447754e+00 2.062441259622573853e-01 1.061392188072204590e+00
-1.136869430541992188e+00 1.423441022634506226e-01 1.907850980758666992e+00
-1.991917014122009277e+00 5.586723089218139648e-01 1.064280390739440918e+00
-8.066421151161193848e-01 1.089021041989326477e-01 1.380544185638427734e+00
-1.337086677551269531e+00 -2.897998094558715820e-01 1.577483892440795898e+00
-1.328857302665710449e+00 3.360854089260101318e-02 1.030537724494934082e+00
5.233067274093627930e-01 1.746983885765075684e+00 2.994123935699462891e+00
-1.832021117210388184e+00 8.006774634122848511e-02 1.505705714225769043e+00
-4.255869686603546143e-01 5.737792849540710449e-01 6.418814063072204590e-01
-1.294347643852233887e+00 -1.916799810715019703e-03 2.002685785293579102e+00
-1.903559207916259766e+00 3.242161571979522705e-01 7.236115932464599609e-01
-2.967943251132965088e-01 2.823862731456756592e-01 1.613459348678588867e+00
-1.613800287246704102e+00 -1.297113895416259766e-01 1.721480131149291992e+00
-1.270292758941650391e+00 -4.093158245086669922e-01 1.482476472854614258e+00
-2.020963579416275024e-01 8.820242285728454590e-01 3.346621513366699219e+00
-1.871344327926635742e+00 -4.994811117649078369e-02 1.290724635124206543e+00
-6.004096269607543945e-01 -1.127020269632339478e-02 1.172973513603210449e+00
-1.314753293991088867e+00 -3.505461812019348145e-01 1.588712692260742188e+00
-1.370684266090393066e+00 -2.662850022315979004e-01 1.203362584114074707e+00
5.758273880928754807e-03 2.465842217206954956e-01 2.153133153915405273e+00
-1.803752303123474121e+00 -1.728665977716445923e-01 1.623094677925109863e+00
-6.254860162734985352e-01 7.107976824045181274e-02 4.796538054943084717e-01
-1.163099408149719238e+00 -1.701269447803497314e-01 2.106203556060791016e+00
-1.852434277534484863e+00 -1.489919126033782959e-01 1.031633377075195312e+00
-8.184212446212768555e-02 -1.612618379294872284e-02 1.384015798568725586e+00
-1.449804782867431641e+00 -3.283284902572631836e-01 1.676523685455322266e+00
-1.257297635078430176e+00 3.458237051963806152e-01 -1.181373715400695801e+00
-4.934414625167846680e-01 -1.075596660375595093e-01 2.338841676712036133e+00
-1.920250296592712402e+00 -2.534024715423583984e-01 1.422238588333129883e+00
-3.911562263965606689e-01 -1.697529554367065430e-01 8.152431845664978027e-01
-1.432745575904846191e+00 -2.318225950002670288e-01 2.375461101531982422e+00
-1.668245792388916016e+00 -2.790774106979370117e-01 8.500893115997314453e-01
1.120321393013000488e+00 -2.935856208205223083e-02 2.137644767761230469e+00
-1.637545943260192871e+00 -3.546376824378967285e-01 1.670944809913635254e+00
-3.612498641014099121e-01 -1.169419214129447937e-01 -9.695106744766235352e-01
-1.043890833854675293e+00 -3.545008897781372070e-01 2.038627147674560547e+00
-1.875174164772033691e+00 -3.618677854537963867e-01 1.195811867713928223e+00
1.398624181747436523e-01 -3.346925377845764160e-01 1.047710537910461426e+00
-1.364105582237243652e+00 -4.036908447742462158e-01 1.642551422119140625e+00
-1.372915863990783691e+00 -4.043782651424407959e-01 1.004578590393066406e+00
1.173372268676757812e+00 -4.395946860313415527e-01 3.218341588973999023e+00
-2.398808956146240234e+00 -4.437936842441558838e-01 1.623121261596679688e+00
-3.477246761322021484e-01 -4.812937378883361816e-01 3.986056447029113770e-01
-1.206901073455810547e+00 -5.326169133186340332e-01 3.220786333084106445e+00
-1.663562297821044922e+00 -4.604623317718505859e-01 1.083408951759338379e+00
1.651766180992126465e+00 -7.364386916160583496e-01 1.631883263587951660e+00
-1.465960860252380371e+00 -4.429365396499633789e-01 1.644147157669067383e+00
-1.055823922157287598e+00 -6.472285985946655273e-01 -5.473038926720619202e-02
-9.818191528320312500e-01 -4.979790747165679932e-01 1.901429414749145508e+00
-2.370778083801269531e+00 -6.301440596580505371e-01 1.229257345199584961e+00
-4.255467951297760010e-01 -6.200608611106872559e-01 1.003877162933349609e+00
-1.315803050994873047e+00 -4.445435106754302979e-01 1.622762441635131836e+00
-1.475321054458618164e+00 -5.382566452026367188e-01 1.032970428466796875e+00
7.912195920944213867e-01 -1.044116139411926270e+00 2.357075214385986328e+00
-1.559130430221557617e+00 -5.031929016113281250e-01 1.584776878356933594e+00
-4.117980897426605225e-01 -1.012149333953857422e+00 -1.318001896142959595e-01
-7.434006929397583008e-01 -1.153947353363037109e+00 3.521641492843627930e+00
-1.682034373283386230e+00 -5.949074625968933105e-01 1.214882016181945801e+00
-3.713665604591369629e-01 -7.765324711799621582e-01 1.332498669624328613e+00
-1.374808907508850098e+00 -4.820175170898437500e-01 1.616079330444335938e+00
-1.304889202117919922e+00 -6.118982434272766113e-01 1.038580775260925293e+00
-1.042512416839599609e+00 -5.596237182617187500e-01 1.695266366004943848e+00
-1.656290292739868164e+00 -6.063037514686584473e-01 1.478710293769836426e+00
-6.780828237533569336e-01 -8.387205600738525391e-01 9.504966735839843750e-01
-1.284365534782409668e+00 -4.918360412120819092e-01 1.626661896705627441e+00
-1.496007561683654785e+00 -6.351709365844726562e-01 1.182045936584472656e+00
-7.027362585067749023e-01 -7.752856016159057617e-01 1.588589906692504883e+00
-1.418887853622436523e+00 -5.262651443481445312e-01 1.574976563453674316e+00
-1.200022339820861816e+00 -5.932597517967224121e-01 1.230891108512878418e+00
-1.180845022201538086e+00 -5.561091899871826172e-01 1.658889412879943848e+00
-1.555567264556884766e+00 -6.477659940719604492e-01 1.375128746032714844e+00
-4.665152132511138916e-01 -1.123825907707214355e+00 1.159830570220947266e+00
-1.321970582008361816e+00 -5.132854580879211426e-01 1.590159535408020020e+00
-1.362571358680725098e+00 -7.018712162971496582e-01 1.177903175354003906e+00
-1.148115873336791992e+00 -5.473492145538330078e-01 1.554881930351257324e+00
-1.439906120300292969e+00 -5.876582860946655273e-01 1.518034338951110840e+00
-1.180927276611328125e+00 -5.766215920448303223e-01 1.357963323593139648e+00
-1.254908084869384766e+00 -5.595771074295043945e-01 1.611028194427490234e+00
-1.434954524040222168e+00 -6.780114173889160156e-01 1.340928792953491211e+00
-1.159273147583007812e+00 -5.563839077949523926e-01 1.478970050811767578e+00
-1.343260765075683594e+00 -5.544025897979736328e-01 1.553686141967773438e+00
-1.255979061126708984e+00 -8.029099106788635254e-01 1.226979613304138184e+00
-1.212998270988464355e+00 -5.608555078506469727e-01 1.552512288093566895e+00
-1.381788253784179688e+00 -6.167673468589782715e-01 1.466365933418273926e+00
-1.172255039215087891e+00 -6.528266668319702148e-01 1.415674448013305664e+00
-1.286220073699951172e+00 -5.716642141342163086e-01 1.550183296203613281e+00
-1.318754792213439941e+00 -6.810367703437805176e-01 1.395957708358764648e+00
-1.192881703376770020e+00 -6.872981786727905273e-01 1.508007407188415527e+00
-1.311219334602355957e+00 -6.292106509208679199e-01 1.500903129577636719e+00
-1.270292758941650391e+00 -6.603970527648925781e-01 1.482476472854614258e+00
