4.804933547973632812e+00 3.310239315032958984e+00 -2.182672309875488281e+01
4.804933547973632812e+00 3.310239315032958984e+00 -2.182672309875488281e+01
4.804933547973632812e+00 3.310239315032958984e+00 -2.182672309875488281e+01
4.804933547973632812e+00 3.310239315032958984e+00 -2.182672309875488281e+01
4.804933547973632812e+00 3.310239315032958984e+00 -2.182672309875488281e+01
4.804933547973632812e+00 3.310239315032958984e+00 -2.182672309875488281e+01
4.804933547973632812e+00 3.310239315032958984e+00 -2.182672309875488281e+01
4.804933547973632812e+00 3.310239315032958984e+00 -2.182672309875488281e+01
4.804933547973632812e+00 3.310239315032958984e+00 -2.182672309875488281e+01
4.804933547973632812e+00 3.310239315032958984e+00 -2.182672309875488281e+01
4.804933547973632812e+00 3.310239315032958984e+00 -2.182672309875488281e+01
4.804933547973632812e+00 3.310239315032958984e+00 -2.182672309875488281e+01
4.804933547973632812e+00 3.310239315032958984e+00 -2.182672309875488281e+01
4.647942066192626953e+00 3.481765508651733398e+00 -2.096375846862792969e+01
4.804933547973632812e+00 3.310239315032958984e+00 -2.182672309875488281e+01
4.804933547973632812e+00 3.310239315032958984e+00 -2.182672309875488281e+01
4.804933547973632812e+00 3.310239315032958984e+00 -2.182672309875488281e+01
4.804933547973632812e+00 3.310239315032958984e+00 -2.182672309875488281e+01
3.576190710067749023e+00 3.383914232254028320e+00 -1.973009109497070312e+01
4.804933547973632812e+00 3.310239315032958984e+00 -2.182672309875488281e+01
4.601874351501464844e+00 3.304035663604736328e+00 -2.180141639709472656e+01
4.887201786041259766e+00 3.150222063064575195e+00 -1.957078742980957031e+01
4.804933547973632812e+00 3.310239315032958984e+00 -2.182672309875488281e+01
2.117299795150756836e+00 2.848435878753662109e+00 -1.960606575012207031e+01
4.804933547973632812e+00 3.310239315032958984e+00 -2.182672309875488281e+01
4.804933547973632812e+00 3.310239315032958984e+00 -2.182672309875488281e+01
4.804933547973632812e+00 3.310239315032958984e+00 -2.182672309875488281e+01
4.804933547973632812e+00 3.310239315032958984e+00 -2.182672309875488281e+01
4.245865345001220703e+00 2.877486705780029297e+00 -2.010338783264160156e+01
4.804933547973632812e+00 3.310239315032958984e+00 -2.182672309875488281e+01
4.804933547973632812e+00 3.310239315032958984e+00 -2.182672309875488281e+01
4.452440261840820312e+00 3.195672988891601562e+00 -2.170187759399414062e+01
4.804933547973632812e+00 3.310239315032958984e+00 -2.182672309875488281e+01
5.032874584197998047e+00 2.988101243972778320e+00 -2.094455146789550781e+01
4.804933547973632812e+00 3.310239315032958984e+00 -2.182672309875488281e+01
4.804933547973632812e+00 3.310239315032958984e+00 -2.182672309875488281e+01
4.674164772033691406e+00 3.219276189804077148e+00 -2.165956115722656250e+01
4.804933547973632812e+00 3.310239315032958984e+00 -2.182672309875488281e+01
4.804933547973632812e+00 3.310239315032958984e+00 -2.182672309875488281e+01
4.142475128173828125e+00 2.972163915634155273e+00 -2.183318710327148438e+01
4.804933547973632812e+00 3.310239315032958984e+00 -2.182672309875488281e+01
4.773795127868652344e+00 3.127649545669555664e+00 -2.150768852233886719e+01
4.804933547973632812e+00 3.310239315032958984e+00 -2.182672309875488281e+01
4.804933547973632812e+00 3.310239315032958984e+00 -2.182672309875488281e+01
4.330026626586914062e+00 2.936471939086914062e+00 -2.153109550476074219e+01
4.804933547973632812e+00 3.310239315032958984e+00 -2.182672309875488281e+01
4.804933547973632812e+00 3.310239315032958984e+00 -2.182672309875488281e+01
4.804933547973632812e+00 3.310239315032958984e+00 -2.182672309875488281e+01
4.804933547973632812e+00 3.310239315032958984e+00 -2.182672309875488281e+01
4.488828182220458984e+00 2.674272537231445312e+00 -2.116804122924804688e+01
4.804933547973632812e+00 3.310239315032958984e+00 -2.182672309875488281e+01
4.804933547973632812e+00 3.310239315032958984e+00 -2.182672309875488281e+01
4.399717330932617188e+00 2.884168863296508789e+00 -2.174177360534667969e+01
4.804933547973632812e+00 3.310239315032958984e+00 -2.182672309875488281e+01
4.907950401306152344e+00 2.304078817367553711e+00 -2.096593093872070312e+01
4.804933547973632812e+00 3.310239315032958984e+00 -2.182672309875488281e+01
4.804933547973632812e+00 3.310239315032958984e+00 -2.182672309875488281e+01
4.486073017120361328e+00 2.676229953765869141e+00 -2.151554679870605469e+01
4.804933547973632812e+00 3.310239315032958984e+00 -2.182672309875488281e+01
4.804933547973632812e+00 3.310239315032958984e+00 -2.182672309875488281e+01
4.804933547973632812e+00 3.310239315032958984e+00 -2.182672309875488281e+01
4.804933547973632812e+00 3.310239315032958984e+00 -2.182672309875488281e+01
4.731698989868164062e+00 2.563754558563232422e+00 -2.151540374755859375e+01
4.804933547973632812e+00 3.310239315032958984e+00 -2.182672309875488281e+01
4.804933547973632812e+00 3.310239315032958984e+00 -2.182672309875488281e+01
4.693087577819824219e+00 2.709300994873046875e+00 -2.177636528015136719e+01
4.804933547973632812e+00 3.310239315032958984e+00 -2.182672309875488281e+01
