-9.318530082702636719e+00 5.519547462463378906e-01 -1.838748359680175781e+01
-9.318530082702636719e+00 1.501144492067396641e-03 -1.838748359680175781e+01
-9.318530082702636719e+00 1.501144492067396641e-03 -1.838748359680175781e+01
-9.129981040954589844e+00 8.506093025207519531e-01 -1.814155578613281250e+01
-9.318530082702636719e+00 1.501144492067396641e-03 -1.838748359680175781e+01
-9.318530082702636719e+00 1.501144492067396641e-03 -1.838748359680175781e+01
-9.318530082702636719e+00 1.501144492067396641e-03 -1.838748359680175781e+01
-9.318530082702636719e+00 1.501144492067396641e-03 -1.838748359680175781e+01
-8.676791191101074219e+00 2.006214141845703125e+00 -1.975884246826171875e+01
-9.177329063415527344e+00 5.853177309036254883e-01 -1.793731307983398438e+01
-8.212470054626464844e+00 1.237734198570251465e+00 -1.863064765930175781e+01
-9.318530082702636719e+00 1.501144492067396641e-03 -1.838748359680175781e+01
-8.826192855834960938e+00 5.933984518051147461e-01 -1.797254180908203125e+01
-8.180173873901367188e+00 1.326355814933776855e+00 -1.952029991149902344e+01
-9.318530082702636719e+00 1.501144492067396641e-03 -1.838748359680175781e+01
-8.315162658691406250e+00 7.144263982772827148e-01 -1.825248146057128906e+01
-9.318530082702636719e+00 1.501144492067396641e-03 -1.838748359680175781e+01
-8.978775978088378906e+00 4.122290313243865967e-01 -1.779456710815429688e+01
-6.395590782165527344e+00 1.738316416740417480e+00 -1.973795509338378906e+01
-8.485157966613769531e+00 4.298610091209411621e-01 -1.794948577880859375e+01
-9.223440170288085938e+00 7.234539836645126343e-02 -1.853536987304687500e+01
-8.758661270141601562e+00 1.250781178474426270e+00 -1.512976551055908203e+01
-8.060154914855957031e+00 4.178248047828674316e-01 -1.849173736572265625e+01
-9.318530082702636719e+00 1.501144492067396641e-03 -1.838748359680175781e+01
-8.740449905395507812e+00 2.260475009679794312e-01 -1.775023460388183594e+01
-7.566245555877685547e+00 4.789949953556060791e-01 -1.971740531921386719e+01
-9.318530082702636719e+00 1.501144492067396641e-03 -1.838748359680175781e+01
-7.181337833404541016e+00 3.411802351474761963e-01 -1.780176734924316406e+01
-9.318530082702636719e+00 1.501144492067396641e-03 -1.838748359680175781e+01
-8.452739715576171875e+00 2.111206650733947754e-01 -1.626069068908691406e+01
-8.623064041137695312e+00 3.830416873097419739e-02 -1.860190391540527344e+01
-8.288545608520507812e+00 -1.126114372164011002e-02 -1.765583038330078125e+01
-8.683028221130371094e+00 -4.808010160923004150e-02 -1.913409614562988281e+01
-9.318530082702636719e+00 1.501144492067396641e-03 -1.838748359680175781e+01
-7.315098285675048828e+00 -2.227819412946701050e-01 -1.828504753112792969e+01
-9.318530082702636719e+00 1.501144492067396641e-03 -1.838748359680175781e+01
-7.902401447296142578e+00 -4.337503314018249512e-01 -1.633082580566406250e+01
-8.700024604797363281e+00 -1.528019160032272339e-01 -1.873790359497070312e+01
-8.252800941467285156e+00 -3.266682326793670654e-01 -1.793534660339355469e+01
-9.038308143615722656e+00 -1.952703893184661865e-01 -1.891440200805664062e+01
-9.318530082702636719e+00 1.501144492067396641e-03 -1.838748359680175781e+01
-7.563285827636718750e+00 -7.155264616012573242e-01 -1.868033027648925781e+01
-8.715565681457519531e+00 -3.963830769062042236e-01 -1.782420158386230469e+01
-8.995229721069335938e+00 -2.329200357198715210e-01 -1.867790222167968750e+01
-8.071847915649414062e+00 -8.023802638053894043e-01 -1.815439605712890625e+01
-9.318530082702636719e+00 1.501144492067396641e-03 -1.838748359680175781e+01
-9.318530082702636719e+00 1.501144492067396641e-03 -1.838748359680175781e+01
-9.318530082702636719e+00 1.501144492067396641e-03 -1.838748359680175781e+01
-8.736464500427246094e+00 -6.561062335968017578e-01 -1.804253578186035156e+01
-9.318530082702636719e+00 1.501144492067396641e-03 -1.838748359680175781e+01
-9.318530082702636719e+00 1.501144492067396641e-03 -1.838748359680175781e+01
-9.011991500854492188e+00 -4.045709073543548584e-01 -1.839716529846191406e+01
-9.318530082702636719e+00 1.501144492067396641e-03 -1.838748359680175781e+01
-9.318530082702636719e+00 1.501144492067396641e-03 -1.838748359680175781e+01
-9.318530082702636719e+00 1.501144492067396641e-03 -1.838748359680175781e+01
