-1.353858828544616699e+00 -3.176408112049102783e-01 1.326629042625427246e+00
-1.515515565872192383e+00 3.745571374893188477e-01 1.474719762802124023e+00
-1.345621705055236816e+00 -3.782096803188323975e-01 1.232770681381225586e+00
-1.289434790611267090e+00 -4.093982875347137451e-01 1.410658836364746094e+00
-1.851329088211059570e+00 4.796459078788757324e-01 1.238633513450622559e+00
-1.265264987945556641e+00 -4.839999079704284668e-01 1.270272850990295410e+00
-1.499379992485046387e+00 3.327281177043914795e-01 1.867960333824157715e+00
-1.634616851806640625e+00 3.206268250942230225e-01 7.860465049743652344e-01
-1.231263756752014160e+00 -4.987819194793701172e-01 1.371400594711303711e+00
-1.831143140792846680e+00 3.525130450725555420e-02 1.523645043373107910e+00
-1.285229206085205078e+00 -4.851347804069519043e-01 1.179971575736999512e+00
-1.288894772529602051e+00 -4.309208393096923828e-01 1.533744812011718750e+00
-2.257023572921752930e+00 5.119815468788146973e-01 8.032265901565551758e-01
-1.215398430824279785e+00 -5.447694063186645508e-01 1.296188950538635254e+00
-1.615426778793334961e+00 -2.314950376749038696e-01 1.698682546615600586e+00
-1.425315380096435547e+00 -1.590985059738159180e-01 7.752035260200500488e-01
-1.200108766555786133e+00 -5.146839022636413574e-01 1.456209778785705566e+00
-1.910310983657836914e+00 -2.147383838891983032e-01 1.349640130996704102e+00
-1.229604840278625488e+00 -5.549144744873046875e-01 1.202979683876037598e+00
-1.367663860321044922e+00 -4.657203257083892822e-01 1.625175356864929199e+00
-1.652706980705261230e+00 -3.533603250980377197e-01 9.685091376304626465e-01
-1.182164430618286133e+00 -5.775308609008789062e-01 1.349730253219604492e+00
-2.167076349258422852e+00 -3.759150579571723938e-02 1.892444610595703125e+00
-1.296124339103698730e+00 -5.327956676483154297e-01 1.069993615150451660e+00
-1.237231135368347168e+00 -5.585343241691589355e-01 1.530159831047058105e+00
-1.850805640220642090e+00 -4.024015665054321289e-01 1.168089509010314941e+00
-1.196557044982910156e+00 -6.060562729835510254e-01 1.253951668739318848e+00
-1.429332017898559570e+00 -5.997619032859802246e-01 1.506968379020690918e+00
-1.456462383270263672e+00 -5.533428788185119629e-01 1.041365146636962891e+00
-1.171210765838623047e+00 -6.056427359580993652e-01 1.422623753547668457e+00
-3.628812551498413086e+00 3.088193833827972412e-01 1.926299571990966797e+00
-1.226591467857360840e+00 -6.047081947326660156e-01 1.128699183464050293e+00
-1.225400686264038086e+00 -4.128863811492919922e-01 2.074090480804443359e+00
-1.563603758811950684e+00 -6.057308316230773926e-01 1.164190769195556641e+00
-1.181896448135375977e+00 -6.426328420639038086e-01 1.312382340431213379e+00
-3.040800333023071289e+00 6.154282018542289734e-02 3.150163412094116211e+00
-1.352584958076477051e+00 -6.255042552947998047e-01 1.065510630607604980e+00
-1.160014510154724121e+00 -6.242293715476989746e-01 1.540314078330993652e+00
-1.619171857833862305e+00 -6.358813047409057617e-01 1.302039861679077148e+00
-1.175904393196105957e+00 -6.510330438613891602e-01 1.191568017005920410e+00
-1.551895618438720703e+00 -4.831536412239074707e-01 2.415214300155639648e+00
-4.944003105163574219e+00 4.754242897033691406e-01 -4.378469467163085938e+00
-1.165827512741088867e+00 -6.696400642395019531e-01 1.378160595893859863e+00
-1.836270332336425781e+00 -6.277018785476684570e-01 1.574194669723510742e+00
-1.249173521995544434e+00 -6.658554673194885254e-01 1.044258236885070801e+00
-1.131407737731933594e+00 -6.456668376922607422e-01 1.873074650764465332e+00
-2.323317766189575195e+00 -6.234790086746215820e-01 8.671843409538269043e-01
-1.142814397811889648e+00 -6.883570551872253418e-01 1.261561751365661621e+00
-2.259443759918212891e+00 -6.452266573905944824e-01 2.871849298477172852e+00
-1.898274540901184082e+00 -6.733315587043762207e-01 -1.208620071411132812e+00
-1.146469116210937500e+00 -7.020949721336364746e-01 1.473948955535888672e+00
-1.994202017784118652e+00 -7.190886735916137695e-01 1.406433820724487305e+00
-1.168000459671020508e+00 -7.140257358551025391e-01 1.108275055885314941e+00
-1.322906017303466797e+00 -7.597304582595825195e-01 2.175407171249389648e+00
-2.913623094558715820e+00 -9.023797512054443359e-01 -2.561308145523071289e-01
-1.110699415206909180e+00 -7.267467975616455078e-01 1.339061975479125977e+00
-2.450568437576293945e+00 -8.879676461219787598e-01 2.232785224914550781e+00
-1.313498377799987793e+00 -7.442975044250488281e-01 1.037345528602600098e+00
-1.081816554069519043e+00 -7.831382155418395996e-01 1.721718549728393555e+00
-2.143667221069335938e+00 -8.580117225646972656e-01 1.144895911216735840e+00
-1.121490478515625000e+00 -7.574958801269531250e-01 1.194978475570678711e+00
-2.248523712158203125e+00 -1.392050027847290039e+00 4.084445953369140625e+00
-2.070981979370117188e+00 -1.150518774986267090e+00 -2.455991059541702271e-01
-5.642781257629394531e-01 -9.426603913307189941e-01 1.661609530448913574e+00
-2.010517835617065430e+00 -9.129504561424255371e-01 1.559204220771789551e+00
-1.194714188575744629e+00 -8.112763762474060059e-01 1.027380228042602539e+00
-1.186744809150695801e+00 -9.356995820999145508e-01 1.973389744758605957e+00
-3.631735324859619141e+00 -1.726273179054260254e+00 -1.537827998399734497e-01
-1.114621281623840332e+00 -7.972551584243774414e-01 1.286714434623718262e+00
-2.303111314773559570e+00 -1.359827637672424316e+00 2.540056705474853516e+00
-1.532796978950500488e+00 -1.747314453125000000e+00 -9.692713022232055664e-01
-9.115957617759704590e-01 -9.913660287857055664e-01 1.739786148071289062e+00
-2.177797317504882812e+00 -1.120009660720825195e+00 1.318589925765991211e+00
-3.458413183689117432e-01 -1.430427312850952148e+00 4.211310148239135742e-01
-1.439227581024169922e+00 -1.200110793113708496e+00 2.201289176940917969e+00
-2.875704526901245117e+00 -2.222317457199096680e+00 -6.989759802818298340e-01
-4.261427819728851318e-01 -1.297731876373291016e+00 1.500079989433288574e+00
-1.976456165313720703e+00 -1.189529895782470703e+00 1.714194416999816895e+00
-1.286170005798339844e+00 -8.767115473747253418e-01 1.084286332130432129e+00
-1.082047939300537109e+00 -1.145596265792846680e+00 1.862707257270812988e+00
-2.842548131942749023e+00 -1.943864703178405762e+00 7.664409875869750977e-01
-4.503798186779022217e-01 -1.502663969993591309e+00 9.639618396759033203e-01
-1.680381655693054199e+00 -1.356450796127319336e+00 2.007017374038696289e+00
-1.511209368705749512e+00 -1.198381304740905762e+00 8.072804212570190430e-01
-4.549859464168548584e-01 -1.715056419372558594e+00 1.859326481819152832e+00
-1.353858828544616699e+00 -6.995252370834350586e-01 1.326629042625427246e+00
-6.048256903886795044e-02 -3.120923042297363281e+00 -4.754368364810943604e-01
-1.285009980201721191e+00 -1.371967077255249023e+00 1.901917576789855957e+00
-1.946578264236450195e+00 -1.666726350784301758e+00 8.171115517616271973e-01
9.797532856464385986e-02 -2.622774600982666016e+00 1.280775070190429688e+00
-2.226984739303588867e+00 -2.435613870620727539e+00 2.178713560104370117e+00
-1.336420297622680664e+00 -1.179044246673583984e+00 1.015354990959167480e+00
-1.039338350296020508e+00 -1.531408429145812988e+00 1.711093544960021973e+00
-2.282528162002563477e+00 -2.427432060241699219e+00 1.192440867424011230e+00
-5.619347095489501953e-01 -2.666545391082763672e+00 7.870187759399414062e-01
-1.575456261634826660e+00 -2.958279132843017578e+00 2.268634796142578125e+00
-1.489565968513488770e+00 -1.460419297218322754e+00 1.084352612495422363e+00
-1.069261431694030762e+00 -1.721512436866760254e+00 1.420492291450500488e+00
-1.938784956932067871e+00 -3.842284202575683594e+00 1.589985489845275879e+00
-1.353858828544616699e+00 -1.798791170120239258e+00 1.326629042625427246e+00
