-1.213380694389343262e+00 -1.134862899780273438e+00 -3.787697076797485352e+00
-1.299661517143249512e+00 -1.087000966072082520e+00 -3.708656787872314453e+00
-1.202506661415100098e+00 -1.236095309257507324e+00 -3.911601066589355469e+00
-1.115012884140014648e+00 -1.217280387878417969e+00 -3.659393548965454102e+00
-1.659865975379943848e+00 -6.019496917724609375e-01 -3.866673946380615234e+00
-1.054612636566162109e+00 -1.274029016494750977e+00 -3.888692378997802734e+00
-1.285520315170288086e+00 -1.148547410964965820e+00 -3.519341230392456055e+00
-1.294187426567077637e+00 -1.366652846336364746e+00 -3.943285703659057617e+00
-1.005448698997497559e+00 -1.319790959358215332e+00 -3.711760520935058594e+00
-1.990496873855590820e+00 -4.639031589031219482e-01 -3.466914892196655273e+00
-1.118823051452636719e+00 -1.364882946014404297e+00 -3.989761114120483398e+00
-1.116403222084045410e+00 -1.259300470352172852e+00 -3.478517532348632812e+00
-1.546257615089416504e+00 -1.213747620582580566e+00 -3.980606079101562500e+00
-9.306202530860900879e-01 -1.344230651855468750e+00 -3.849861145019531250e+00
-1.574622392654418945e+00 -1.013890504837036133e+00 -3.273867845535278320e+00
-1.241908907890319824e+00 -1.444510221481323242e+00 -4.007847309112548828e+00
-9.806980490684509277e-01 -1.380533814430236816e+00 -3.591591835021972656e+00
-1.346016526222229004e+00 -1.544715642929077148e+00 -3.782212257385253906e+00
-9.824925661087036133e-01 -1.391554594039916992e+00 -4.017461776733398438e+00
-1.239912629127502441e+00 -1.210918188095092773e+00 -3.213918924331665039e+00
-1.334014654159545898e+00 -1.520535349845886230e+00 -3.932256937026977539e+00
-8.949921131134033203e-01 -1.434044003486633301e+00 -3.744858264923095703e+00
-1.353667020797729492e+00 -1.546080589294433594e+00 -3.690089464187622070e+00
-1.150884032249450684e+00 -1.479787230491638184e+00 -4.065501213073730469e+00
-1.022461771965026855e+00 -1.429467916488647461e+00 -3.454518079757690430e+00
-1.467265725135803223e+00 -1.508471965789794922e+00 -3.868693351745605469e+00
-8.260711431503295898e-01 -1.430129408836364746e+00 -3.966643810272216797e+00
-1.278774619102478027e+00 -1.573829174041748047e+00 -3.631441593170166016e+00
-1.988626360893249512e+00 -5.557529926300048828e-01 -5.943077564239501953e+00
-9.317291975021362305e-01 -1.515498280525207520e+00 -3.639668941497802734e+00
-1.651118874549865723e+00 -1.466247439384460449e+00 -3.672310590744018555e+00
-1.002813220024108887e+00 -1.503391861915588379e+00 -4.115178108215332031e+00
-1.057876825332641602e+00 -1.313281416893005371e+00 -2.882864952087402344e+00
-2.182279825210571289e+00 -1.226993918418884277e+00 -4.538067340850830078e+00
-7.763414978981018066e-01 -1.515678405761718750e+00 -3.823904991149902344e+00
-1.535588622093200684e+00 -1.514904379844665527e+00 -3.439399719238281250e+00
-1.212039709091186523e+00 -1.582342505455017090e+00 -4.062593936920166016e+00
-9.907317161560058594e-01 -1.573784708976745605e+00 -3.542258977890014648e+00
-1.789945483207702637e+00 -1.521961688995361328e+00 -3.841132879257202148e+00
-7.123008370399475098e-01 -1.523726105690002441e+00 -4.167998790740966797e+00
-1.278781890869140625e+00 -1.588813185691833496e+00 -3.428194522857666016e+00
-2.079413414001464844e+00 -1.376842141151428223e+00 -5.163909435272216797e+00
-8.432435393333435059e-01 -1.601440906524658203e+00 -3.686257839202880859e+00
-2.816249132156372070e+00 -1.421627759933471680e+00 -2.965131521224975586e+00
-1.083235263824462891e+00 -1.618410944938659668e+00 -4.138741970062255859e+00
-1.110458254814147949e+00 -1.635350465774536133e+00 -3.534870624542236328e+00
-2.163248538970947266e+00 -1.585759878158569336e+00 -4.237857341766357422e+00
-6.051208376884460449e-01 -1.628081202507019043e+00 -3.975230216979980469e+00
-1.546324729919433594e+00 -1.640306115150451660e+00 -3.219587087631225586e+00
-1.807433962821960449e+00 -1.631687402725219727e+00 -6.554099559783935547e+00
-9.179249405860900879e-01 -1.663930296897888184e+00 -3.577819108963012695e+00
-2.894817113876342773e+00 -1.711639761924743652e+00 -3.578142881393432617e+00
-9.287970066070556641e-01 -1.682472348213195801e+00 -4.122037410736083984e+00
-1.028344988822937012e+00 -2.020175933837890625e+00 1.286298513412475586e+00
-1.986179471015930176e+00 -1.760775446891784668e+00 -4.571889400482177734e+00
-7.124486565589904785e-01 -1.716348409652709961e+00 -3.762084007263183594e+00
-1.895221948623657227e+00 -1.777426958084106445e+00 -3.224325895309448242e+00
-1.146720051765441895e+00 -1.734216809272766113e+00 -4.265487670898437500e+00
3.876129984855651855e-01 -2.152339696884155273e+00 -1.462558865547180176e+00
-2.057137489318847656e+00 -1.829581379890441895e+00 -3.981843471527099609e+00
-7.568256855010986328e-01 -1.774169564247131348e+00 -4.046362876892089844e+00
-2.000336408615112305e+00 -2.269420862197875977e+00 -1.361894488334655762e+00
-1.678228378295898438e+00 -1.952608704566955566e+00 -4.806833744049072266e+00
-8.432214260101318359e-01 -1.774252295494079590e+00 -3.630656719207763672e+00
-2.259303808212280273e+00 -2.000211954116821289e+00 -3.417252540588378906e+00
-1.033591032028198242e+00 -1.786517381668090820e+00 -4.125765800476074219e+00
-4.410657659173011780e-02 -3.312748908996582031e+00 7.375993728637695312e-01
-2.059321165084838867e+00 -2.041575193405151367e+00 -4.337481021881103516e+00
-6.048198938369750977e-01 -1.908870100975036621e+00 -3.889230012893676758e+00
-1.928988218307495117e+00 -2.158047676086425781e+00 -2.872937202453613281e+00
-1.328343033790588379e+00 -2.333442211151123047e+00 -5.262743473052978516e+00
-3.788145482540130615e-01 -2.210983514785766602e+00 -3.008054733276367188e+00
-2.362553834915161133e+00 -2.246732234954833984e+00 -3.798909425735473633e+00
-9.511661529541015625e-01 -1.850398182868957520e+00 -4.023243427276611328e+00
-1.348550200462341309e+00 -2.452876567840576172e+00 -2.402795076370239258e+00
-1.839011073112487793e+00 -2.286288738250732422e+00 -4.620422840118408203e+00
-6.736893653869628906e-01 -2.008271217346191406e+00 -3.686793327331542969e+00
-2.339125633239746094e+00 -2.546267986297607422e+00 -3.086923360824584961e+00
-1.131688594818115234e+00 -1.874111413955688477e+00 -4.080174922943115234e+00
-7.622244954109191895e-01 -2.400665521621704102e+00 -2.897905349731445312e+00
-3.208326339721679688e+00 -3.327769517898559570e+00 -4.538387298583984375e+00
-9.401826858520507812e-01 -1.903126001358032227e+00 -3.897361993789672852e+00
-2.031392097473144531e+00 -3.306012392044067383e+00 -2.083174705505371094e+00
-1.508622646331787109e+00 -2.596289396286010742e+00 -4.762167930603027344e+00
-5.697493553161621094e-01 -2.387433052062988281e+00 -3.406262874603271484e+00
-2.190492630004882812e+00 -2.687667846679687500e+00 -3.582854747772216797e+00
-6.771240234375000000e-01 -2.664223670959472656e+00 -4.534865379333496094e+00
-1.060412406921386719e+00 -3.154301643371582031e+00 -2.509520292282104492e+00
-1.942241311073303223e+00 -2.849626064300537109e+00 -4.414245128631591797e+00
-3.306501507759094238e-01 -2.829625368118286133e+00 -3.815576791763305664e+00
-2.207822561264038086e+00 -3.637578010559082031e+00 -2.817219972610473633e+00
-1.168176293373107910e+00 -2.903287410736083984e+00 -4.594587326049804688e+00
-6.250222325325012207e-01 -3.216433763504028320e+00 -3.068497419357299805e+00
-2.288041353225708008e+00 -3.659811735153198242e+00 -3.942980289459228516e+00
-7.813022136688232422e-01 -2.733487129211425781e+00 -4.082111835479736328e+00
-1.352846741676330566e+00 -3.081853389739990234e+00 -3.194830179214477539e+00
-1.335212111473083496e+00 -2.343363523483276367e+00 -4.005201339721679688e+00
-5.943723917007446289e-01 -3.883123636245727539e+00 -3.583541393280029297e+00
-1.412117481231689453e+00 -2.728065729141235352e+00 -3.698218107223510742e+00
-1.213380694389343262e+00 -2.523499965667724609e+00 -3.787697076797485352e+00
