-1.157456398010253906e+00 -1.714812517166137695e+00 -4.542227745056152344e+00
-1.159550189971923828e+00 -1.715705037117004395e+00 -4.540309906005859375e+00
-1.157075762748718262e+00 -1.714766621589660645e+00 -4.546565532684326172e+00
-1.153766870498657227e+00 -1.713001012802124023e+00 -4.537415504455566406e+00
-1.162690281867980957e+00 -1.717210292816162109e+00 -4.543153762817382812e+00
-1.150048255920410156e+00 -1.711594343185424805e+00 -4.546940326690673828e+00
-1.159446716308593750e+00 -1.715498208999633789e+00 -4.534823894500732422e+00
-1.161029815673828125e+00 -1.716631889343261719e+00 -4.549108028411865234e+00
-1.144845008850097656e+00 -1.708965659141540527e+00 -4.537621974945068359e+00
-1.164931416511535645e+00 -1.718108534812927246e+00 -4.539142131805419922e+00
-1.152149558067321777e+00 -1.713038444519042969e+00 -4.553568363189697266e+00
-1.153331398963928223e+00 -1.712560653686523438e+00 -4.529076576232910156e+00
-1.165629506111145020e+00 -1.718652844429016113e+00 -4.546964168548583984e+00
-1.135398507118225098e+00 -1.704962372779846191e+00 -4.547077178955078125e+00
-1.164182782173156738e+00 -1.717580437660217285e+00 -4.532660007476806641e+00
-1.159187197685241699e+00 -1.716526508331298828e+00 -4.555583953857421875e+00
-1.137181043624877930e+00 -1.705240845680236816e+00 -4.525139808654785156e+00
-1.168646097183227539e+00 -1.719867706298828125e+00 -4.541765213012695312e+00
-1.144992709159851074e+00 -1.715110659599304199e+00 -4.554630756378173828e+00
-1.158339738845825195e+00 -1.714655756950378418e+00 -4.523124694824218750e+00
-1.166448831558227539e+00 -1.719200015068054199e+00 -4.553003787994384766e+00
-1.131637692451477051e+00 -1.711271286010742188e+00 -4.538753986358642578e+00
-1.169331192970275879e+00 -1.719950556755065918e+00 -4.533965587615966797e+00
-1.154113650321960449e+00 -1.719962954521179199e+00 -4.557086467742919922e+00
-1.137978792190551758e+00 -1.706069827079772949e+00 -4.508236885070800781e+00
-1.171419978141784668e+00 -1.721267461776733398e+00 -4.546682357788085938e+00
-1.131242036819458008e+00 -1.714039683341979980e+00 -4.554339408874511719e+00
-1.166138172149658203e+00 -1.718140363693237305e+00 -4.521482944488525391e+00
-1.163309335708618164e+00 -1.721277475357055664e+00 -4.558500289916992188e+00
-5.346461534500122070e-01 -1.409487009048461914e+00 -4.214896202087402344e+00
-1.174117445945739746e+00 -1.722231507301330566e+00 -4.537836074829101562e+00
-1.136319637298583984e+00 -1.713868856430053711e+00 -4.575100421905517578e+00
-1.148254513740539551e+00 -1.709083318710327148e+00 -4.488684177398681641e+00
-1.173499703407287598e+00 -1.722442030906677246e+00 -4.554652690887451172e+00
-8.780841827392578125e-01 -1.637188196182250977e+00 -4.565372943878173828e+00
-1.174421310424804688e+00 -1.721962451934814453e+00 -4.523889064788818359e+00
-1.157379746437072754e+00 -1.725159406661987305e+00 -4.557950019836425781e+00
-6.600269079208374023e-01 -1.536397337913513184e+00 -3.993884325027465820e+00
-1.178739666938781738e+00 -1.724510788917541504e+00 -4.544200420379638672e+00
-1.022416472434997559e+00 -1.692818164825439453e+00 -4.644718170166015625e+00
-1.168142795562744141e+00 -1.717940568923950195e+00 -4.483486175537109375e+00
-1.169054269790649414e+00 -1.725820660591125488e+00 -4.560657978057861328e+00
-2.275162041187286377e-01 -1.581814289093017578e+00 -4.287369728088378906e+00
-1.182680368423461914e+00 -1.725860834121704102e+00 -4.529283046722412109e+00
-7.820202708244323730e-01 -1.608865380287170410e+00 -5.554902076721191406e+00
-1.031971931457519531e+00 -1.699234843254089355e+00 -4.233978271484375000e+00
-1.184607744216918945e+00 -1.727486491203308105e+00 -4.555095195770263672e+00
-7.636612653732299805e-01 -1.708777189254760742e+00 -4.663639068603515625e+00
-2.537048101425170898e+00 -1.646896362304687500e+00 -2.188199043273925781e+00
-1.185116291046142578e+00 -1.728285431861877441e+00 -4.671034812927246094e+00
-5.792176723480224609e-01 -1.736781120300292969e+00 -4.131474018096923828e+00
-1.191854357719421387e+00 -1.730667233467102051e+00 -4.537940979003906250e+00
-5.894907712936401367e-01 -1.773928403854370117e+00 -5.209496974945068359e+00
-1.146951556205749512e+00 -1.750048756599426270e+00 -4.254168510437011719e+00
-1.178312897682189941e+00 -1.732328772544860840e+00 -4.563391685485839844e+00
-4.623394012451171875e-01 -1.807434201240539551e+00 -4.506685733795166016e+00
-1.187696933746337891e+00 -1.734812378883361816e+00 -4.517241477966308594e+00
-9.269739985466003418e-01 -1.985293149948120117e+00 -6.194211959838867188e+00
-7.890132069587707520e-01 -1.842858433723449707e+00 -4.007134437561035156e+00
-1.192617058753967285e+00 -1.736671805381774902e+00 -4.550318241119384766e+00
-7.920148968696594238e-01 -1.820785641670227051e+00 -4.749272346496582031e+00
-1.757593989372253418e+00 -2.194159030914306641e+00 -2.692295074462890625e+00
-1.289987921714782715e+00 -1.812964439392089844e+00 -4.832791328430175781e+00
-3.578245043754577637e-01 -1.975846529006958008e+00 -4.202982902526855469e+00
-2.273544788360595703e+00 -2.092363595962524414e+00 -4.146932125091552734e+00
-1.006419658660888672e+00 -1.835674047470092773e+00 -4.826231002807617188e+00
-7.220430374145507812e-01 -2.344965219497680664e+00 -2.857101440429687500e+00
-1.640854954719543457e+00 -1.947507143020629883e+00 -4.856392860412597656e+00
-4.568023383617401123e-01 -2.015837669372558594e+00 -4.659125804901123047e+00
-3.300187349319458008e+00 -3.220105409622192383e+00 -1.803178548812866211e+00
-1.201606154441833496e+00 -1.988139510154724121e+00 -5.108699798583984375e+00
-4.126759469509124756e-01 -2.221082448959350586e+00 -3.846462249755859375e+00
-1.871822118759155273e+00 -2.094181776046752930e+00 -4.549197673797607422e+00
-5.652330517768859863e-01 -2.159030675888061523e+00 -5.074219703674316406e+00
-1.412190198898315430e+00 -3.223325014114379883e+00 -1.932309508323669434e+00
-1.490460634231567383e+00 -2.062827587127685547e+00 -4.985462665557861328e+00
-3.733112514019012451e-01 -2.235245943069458008e+00 -4.395619869232177734e+00
-2.762456417083740234e+00 -2.992804527282714844e+00 -3.543118953704833984e+00
-7.587215900421142578e-01 -2.773368358612060547e+00 -5.969797134399414062e+00
8.496588468551635742e-02 -3.768565654754638672e+00 -2.091863632202148438e+00
-1.709174275398254395e+00 -2.190776586532592773e+00 -4.749836921691894531e+00
-4.111202657222747803e-01 -2.393064498901367188e+00 -4.841815948486328125e+00
-1.796894431114196777e+00 -3.016090631484985352e+00 -3.209805727005004883e+00
-1.365790367126464844e+00 -2.390107870101928711e+00 -5.229851722717285156e+00
-3.727748095989227295e-01 -2.616136074066162109e+00 -4.077203273773193359e+00
-2.799907207489013672e+00 -3.456594944000244141e+00 -4.197903156280517578e+00
-1.748780906200408936e-01 -3.569152832031250000e+00 -5.911257743835449219e+00
-1.075797557830810547e+00 -2.527173042297363281e+00 -3.859900951385498047e+00
-1.564612627029418945e+00 -2.394014835357666016e+00 -4.892230033874511719e+00
-5.544525980949401855e-01 -2.528417348861694336e+00 -4.561272621154785156e+00
-2.155193567276000977e+00 -3.713477134704589844e+00 -3.568534851074218750e+00
-1.087757825851440430e+00 -3.646167278289794922e+00 -5.786334037780761719e+00
-7.904264330863952637e-01 -2.700383186340332031e+00 -4.093576431274414062e+00
-1.595035076141357422e+00 -2.543787002563476562e+00 -4.605455875396728516e+00
-5.052693486213684082e-01 -3.349550724029541016e+00 -4.986622333526611328e+00
-1.229648828506469727e+00 -2.465477228164672852e+00 -4.235339641571044922e+00
-1.341804862022399902e+00 -2.763236284255981445e+00 -4.871343135833740234e+00
-8.890277147293090820e-01 -2.693541526794433594e+00 -4.453697204589843750e+00
-1.330634832382202148e+00 -2.660089731216430664e+00 -4.464256286621093750e+00
-1.157456398010253906e+00 -2.899390697479248047e+00 -4.542227745056152344e+00
