3.551861763000488281e+00 4.983587741851806641e+00 -2.004817962646484375e+01
3.551861763000488281e+00 4.983587741851806641e+00 -2.004817962646484375e+01
3.551861763000488281e+00 4.983587741851806641e+00 -2.004817962646484375e+01
3.551861763000488281e+00 4.983587741851806641e+00 -2.004817962646484375e+01
3.551861763000488281e+00 4.983587741851806641e+00 -2.004817962646484375e+01
3.551861763000488281e+00 4.983587741851806641e+00 -2.004817962646484375e+01
3.551861763000488281e+00 4.983587741851806641e+00 -2.004817962646484375e+01
3.551861763000488281e+00 4.983587741851806641e+00 -2.004817962646484375e+01
3.551861763000488281e+00 4.983587741851806641e+00 -2.004817962646484375e+01
3.551861763000488281e+00 4.983587741851806641e+00 -2.004817962646484375e+01
3.568745374679565430e+00 4.950747966766357422e+00 -1.958520126342773438e+01
3.551861763000488281e+00 4.983587741851806641e+00 -2.004817962646484375e+01
3.551861763000488281e+00 4.983587741851806641e+00 -2.004817962646484375e+01
4.410682201385498047e+00 4.719626426696777344e+00 -1.880090713500976562e+01
-6.689329147338867188e+00 2.928544759750366211e+00 -2.240465354919433594e+01
3.551861763000488281e+00 4.983587741851806641e+00 -2.004817962646484375e+01
3.207753896713256836e+00 4.717227458953857422e+00 -1.898746299743652344e+01
3.393719673156738281e+00 4.932188987731933594e+00 -1.999216842651367188e+01
3.882029056549072266e+00 4.516977787017822266e+00 -1.877037429809570312e+01
3.551861763000488281e+00 4.983587741851806641e+00 -2.004817962646484375e+01
2.860851764678955078e+00 4.502919673919677734e+00 -1.916486358642578125e+01
3.551861763000488281e+00 4.983587741851806641e+00 -2.004817962646484375e+01
2.952626466751098633e+00 4.677777290344238281e+00 -2.005402565002441406e+01
3.551861763000488281e+00 4.983587741851806641e+00 -2.004817962646484375e+01
3.354813098907470703e+00 3.828133821487426758e+00 -1.802928543090820312e+01
3.551861763000488281e+00 4.983587741851806641e+00 -2.004817962646484375e+01
3.414015054702758789e+00 4.875097751617431641e+00 -1.996236991882324219e+01
3.551861763000488281e+00 4.983587741851806641e+00 -2.004817962646484375e+01
4.000427246093750000e+00 4.247443199157714844e+00 -1.916349792480468750e+01
3.551861763000488281e+00 4.983587741851806641e+00 -2.004817962646484375e+01
3.551861763000488281e+00 4.983587741851806641e+00 -2.004817962646484375e+01
3.084890127182006836e+00 4.044095993041992188e+00 -1.907513236999511719e+01
1.997293710708618164e+00 3.349014759063720703e+00 -1.972227859497070312e+01
3.551861763000488281e+00 4.983587741851806641e+00 -2.004817962646484375e+01
3.929339647293090820e+00 1.296783685684204102e+00 -1.689403915405273438e+01
3.551861763000488281e+00 4.983587741851806641e+00 -2.004817962646484375e+01
3.551861763000488281e+00 4.983587741851806641e+00 -2.004817962646484375e+01
2.970032453536987305e+00 3.826701641082763672e+00 -1.948037147521972656e+01
3.551861763000488281e+00 4.983587741851806641e+00 -2.004817962646484375e+01
3.753601551055908203e+00 4.450001239776611328e+00 -1.980157661437988281e+01
3.418176174163818359e+00 4.734848499298095703e+00 -2.006749725341796875e+01
3.551861763000488281e+00 4.983587741851806641e+00 -2.004817962646484375e+01
3.529341936111450195e+00 4.754042625427246094e+00 -1.995244789123535156e+01
3.515123128890991211e+00 4.777598857879638672e+00 -2.011376762390136719e+01
3.645437240600585938e+00 4.647559165954589844e+00 -2.001731681823730469e+01
3.105660438537597656e+00 2.586185216903686523e+00 -1.984728240966796875e+01
3.551861763000488281e+00 4.316942691802978516e+00 -2.004817962646484375e+01
