-3.683594167232513428e-01 -2.489355504512786865e-01 -2.262715101242065430e+00
-4.666948914527893066e-01 -8.339782804250717163e-02 -2.172631740570068359e+00
-3.581703007221221924e-01 -3.393036723136901855e-01 -2.378814697265625000e+00
-1.309132575988769531e-01 3.325529396533966064e-01 -1.953008651733398438e+00
-6.414799094200134277e-01 -8.937322348356246948e-02 -2.311026334762573242e+00
9.412199258804321289e-02 3.883339166641235352e-01 -2.556907892227172852e+00
-3.683594167232513428e-01 -7.367601990699768066e-01 -2.262715101242065430e+00
-5.239469408988952637e-01 -1.714231520891189575e-01 -2.562289476394653320e+00
-2.462772578001022339e-01 -5.368567109107971191e-01 -2.218130826950073242e+00
-2.194997549057006836e+00 2.075339317321777344e+00 -1.508705377578735352e+00
-1.177984923124313354e-01 4.596145823597908020e-02 -2.798149347305297852e+00
2.539736330509185791e-01 1.836374998092651367e+00 -2.786192595958709717e-01
-2.493436574935913086e+00 2.113822221755981445e+00 -3.494240760803222656e+00
2.228626236319541931e-02 -3.001392483711242676e-01 -2.348597526550292969e+00
-1.203489661216735840e+00 7.575593590736389160e-01 -1.074828267097473145e+00
-4.523391425609588623e-01 -1.016209200024604797e-01 -2.910780668258666992e+00
1.388941049575805664e+00 1.375900149345397949e+00 -7.816603779792785645e-01
-2.006154775619506836e+00 6.901038885116577148e-01 -2.194987058639526367e+00
-1.990375667810440063e-01 -5.396981239318847656e-01 -2.431212902069091797e+00
-4.202415645122528076e-01 1.419271379709243774e-01 -1.140715956687927246e+00
-1.006991386413574219e+00 2.986815292388200760e-03 -3.028009653091430664e+00
-1.149805933237075806e-01 -5.567263364791870117e-01 -2.228623390197753906e+00
-9.883482456207275391e-01 -2.321085929870605469e-01 -1.831343054771423340e+00
1.063802987337112427e-01 6.342259645462036133e-01 -4.372980594635009766e+00
5.167540311813354492e-01 3.332513272762298584e-01 -7.180740833282470703e-01
-1.827954292297363281e+00 1.359291225671768188e-01 -2.728365659713745117e+00
-1.351401060819625854e-01 -5.981808900833129883e-01 -2.370468378067016602e+00
-7.731065750122070312e-01 -2.017498314380645752e-01 -1.295592427253723145e+00
-7.296917438507080078e-01 -2.219588458538055420e-01 -3.267311096191406250e+00
-1.092332750558853149e-01 -6.035673618316650391e-01 -2.126525640487670898e+00
-1.261804342269897461e+00 -3.407519757747650146e-01 -2.027205944061279297e+00
9.498823285102844238e-01 2.453596740961074829e-01 -4.312883853912353516e+00
-2.102438658475875854e-01 -3.839444816112518311e-01 -1.342685937881469727e+00
-1.550455212593078613e+00 -2.081468254327774048e-01 -3.178196430206298828e+00
-8.183643966913223267e-02 -6.419662833213806152e-01 -2.286453008651733398e+00
-1.715930104255676270e+00 -1.288001537322998047e-01 -8.060306310653686523e-01
-3.613606095314025879e-01 -3.300636112689971924e-01 -3.697388887405395508e+00
6.792040467262268066e-01 -3.298499882221221924e-01 -1.107929348945617676e+00
-2.236968517303466797e+00 -2.885137796401977539e-01 -2.435897350311279297e+00
-2.099626064300537109e-01 -6.935973763465881348e-01 -2.382932662963867188e+00
-5.196698904037475586e-01 -5.714409351348876953e-01 -1.430978894233703613e+00
-2.131936788558959961e+00 -1.595927774906158447e-01 -5.065216064453125000e+00
-5.176969617605209351e-02 -6.864423751831054688e-01 -2.175951004028320312e+00
-2.559861660003662109e+00 -4.104804396629333496e-01 -1.138072252273559570e+00
7.152607440948486328e-01 -3.882372975349426270e-01 -5.185594558715820312e+00
2.818047702312469482e-01 -5.793467164039611816e-01 -6.656029224395751953e-01
-2.707039594650268555e+00 -5.533096790313720703e-01 -3.371059179306030273e+00
-1.258234828710556030e-01 -7.239255905151367188e-01 -2.337491512298583984e+00
-8.809378147125244141e-01 -7.060261368751525879e-01 -1.388090968132019043e+00
-7.075130939483642578e-01 -7.204423546791076660e-01 -3.842094659805297852e+00
6.178784966468811035e-01 -7.489804029464721680e-01 -1.562137842178344727e+00
-1.466559410095214844e+00 -7.703118324279785156e-01 -2.125848531723022461e+00
-2.590804100036621094e-01 -7.452860474586486816e-01 -2.391100645065307617e+00
-3.257500231266021729e-01 -8.196383118629455566e-01 -1.094292521476745605e+00
-2.544822216033935547e+00 -1.019819140434265137e+00 -4.471265792846679688e+00
4.304946959018707275e-02 -7.828171849250793457e-01 -2.241679430007934570e+00
-1.355953454971313477e+00 -9.064537882804870605e-01 -1.446715712547302246e+00
2.053834795951843262e-01 -1.373219966888427734e+00 -6.375021934509277344e+00
7.119841575622558594e-01 -1.068807125091552734e+00 -6.937220096588134766e-01
-1.543954968452453613e+00 -9.726604223251342773e-01 -2.533216953277587891e+00
-1.895296871662139893e-01 -7.813741564750671387e-01 -2.364032983779907227e+00
-6.465973258018493652e-01 -9.521332383155822754e-01 -1.405042648315429688e+00
-7.696905732154846191e-01 -9.891544580459594727e-01 -3.142597675323486328e+00
1.276637196540832520e+00 -1.243303060531616211e+00 -1.564823627471923828e+00
-1.334630131721496582e+00 -1.050814390182495117e+00 -1.920481801033020020e+00
-2.967151701450347900e-01 -7.870686650276184082e-01 -2.397431850433349609e+00
2.649064660072326660e-01 -1.631724715232849121e+00 1.881351619958877563e-01
-1.217707514762878418e+00 -1.119602084159851074e+00 -2.814713954925537109e+00
-9.365247189998626709e-02 -8.489795923233032227e-01 -2.308547496795654297e+00
-1.043608903884887695e+00 -1.206465482711791992e+00 -1.399544835090637207e+00
-5.166750550270080566e-01 -1.605236291885375977e+00 -4.165707111358642578e+00
8.154708147048950195e-01 -1.517946839332580566e+00 -1.156794309616088867e+00
-1.250864863395690918e+00 -1.187133312225341797e+00 -2.271325588226318359e+00
-2.466754466295242310e-01 -8.249918818473815918e-01 -2.372023344039916992e+00
-5.009192824363708496e-01 -1.514064908027648926e+00 -9.045508503913879395e-01
-1.019166111946105957e+00 -1.387971758842468262e+00 -3.128951072692871094e+00
9.581283330917358398e-01 -1.592101335525512695e+00 -2.014707565307617188e+00
-1.868984818458557129e+00 -1.917802095413208008e+00 -1.328579306602478027e+00
-3.320512175559997559e-01 -8.318027257919311523e-01 -2.392707347869873047e+00
-2.361069805920124054e-02 -1.302530169486999512e+00 -1.582785367965698242e+00
-1.860360383987426758e+00 -1.983867764472961426e+00 -2.824149370193481445e+00
-1.755537092685699463e-01 -9.081529378890991211e-01 -2.340109586715698242e+00
-1.340939998626708984e+00 -2.693478345870971680e+00 -2.361108064651489258e-01
-4.053907692432403564e-01 -8.541625738143920898e-01 -2.384940147399902344e+00
7.427020072937011719e-01 -1.992018342018127441e+00 -1.604268670082092285e+00
-1.764430165290832520e+00 -2.204678773880004883e+00 -1.970041990280151367e+00
-2.975417375564575195e-01 -8.693416714668273926e-01 -2.361385583877563477e+00
-2.751132845878601074e-01 -1.647489428520202637e+00 -1.483566641807556152e+00
-2.191133022308349609e+00 -3.711166858673095703e+00 -3.829620122909545898e+00
4.364446550607681274e-02 -1.282543063163757324e+00 -2.275727510452270508e+00
-1.905290246009826660e+00 -3.792732238769531250e+00 -7.628223896026611328e-01
-3.613928258419036865e-01 -9.283254742622375488e-01 -2.387067556381225586e+00
-2.874657697975635529e-02 -1.635010838508605957e+00 -1.847578048706054688e+00
-1.295791506767272949e+00 -2.462365150451660156e+00 -2.396724462509155273e+00
-2.698340117931365967e-01 -9.814824461936950684e-01 -2.329849481582641602e+00
-5.157963633537292480e-01 -2.239592075347900391e+00 -1.635964155197143555e+00
-5.183197259902954102e-01 -1.577569961547851562e+00 -2.530437469482421875e+00
-1.094453781843185425e-01 -1.666518568992614746e+00 -2.177322387695312500e+00
-7.599924206733703613e-01 -2.840971469879150391e+00 -2.086386680603027344e+00
-3.683594167232513428e-01 -1.039820671081542969e+00 -2.262715101242065430e+00
