-1.153442621231079102e+00 -8.288466930389404297e-01 1.856157928705215454e-02
-1.507491350173950195e+00 1.385139226913452148e+00 3.428992331027984619e-01
-1.141430735588073730e+00 -4.986791908740997314e-01 -1.183074414730072021e-01
-8.607722520828247070e-01 3.507715761661529541e-01 4.002982676029205322e-01
-1.342159032821655273e+00 -5.199168324470520020e-01 -1.481969375163316727e-02
-1.020538210868835449e+00 -6.439167857170104980e-01 -6.598135083913803101e-02
-1.588990092277526855e+00 2.122315883636474609e+00 1.638776540756225586e+00
-1.398093581199645996e+00 -7.828319817781448364e-02 -4.524990022182464600e-01
-4.613655805587768555e-01 1.660041809082031250e-01 2.713070213794708252e-01
-1.296931028366088867e+00 -7.463383078575134277e-01 7.779148966073989868e-02
-9.479342103004455566e-01 -3.252548277378082275e-01 -4.205979108810424805e-01
-7.196394801139831543e-01 8.263903260231018066e-01 1.401594281196594238e+00
-1.882876038551330566e+00 1.122540142387151718e-02 -4.041599929332733154e-01
-5.347603932023048401e-02 2.621842622756958008e-01 -2.232629805803298950e-01
-1.634706974029541016e+00 -1.060995012521743774e-01 7.031105756759643555e-01
-1.183375120162963867e+00 -7.408577203750610352e-01 -2.124258875846862793e-01
-4.635323882102966309e-01 -1.378145813941955566e-01 6.000186800956726074e-01
-1.509768724441528320e+00 -6.568028926849365234e-01 3.329678252339363098e-02
-7.114209532737731934e-01 -4.527992308139801025e-01 -4.213089942932128906e-01
-1.215986609458923340e+00 9.201995283365249634e-02 1.371131777763366699e+00
-1.395010828971862793e+00 -6.874220967292785645e-01 -2.709178328514099121e-01
-3.078424334526062012e-01 -3.664116263389587402e-01 1.323358863592147827e-01
-2.251095056533813477e+00 -7.378295063972473145e-02 7.822796106338500977e-01
-5.476667881011962891e-01 7.821633815765380859e-01 -2.674172639846801758e+00
8.093552589416503906e-01 1.405583739280700684e+00 3.443905591964721680e+00
-1.607112884521484375e+00 -6.959891915321350098e-01 -1.261716187000274658e-01
-7.698315382003784180e-01 -7.392956018447875977e-01 -1.586764603853225708e-01
-1.557285189628601074e+00 -4.334233105182647705e-01 9.835226535797119141e-01
-1.370935320854187012e+00 -6.573694348335266113e-01 -5.861234068870544434e-01
-3.446977734565734863e-01 -5.515367984771728516e-01 4.436151981353759766e-01
-3.031554222106933594e+00 -1.347884684801101685e-01 5.136258006095886230e-01
-2.966604530811309814e-01 -3.289158344268798828e-01 -1.313931584358215332e+00
-7.643983960151672363e-01 -9.913279861211776733e-02 2.282298564910888672e+00
-1.673878192901611328e+00 -7.345078587532043457e-01 -3.844929933547973633e-01
-3.202317953109741211e-01 -6.915766000747680664e-01 -5.046823620796203613e-02
-3.174902439117431641e+00 -5.525099486112594604e-02 2.203700542449951172e+00
-1.148898005485534668e+00 -7.031521797180175781e-01 -9.130341410636901855e-01
-5.414930582046508789e-01 -7.295353412628173828e-01 6.931466460227966309e-01
-3.383588552474975586e+00 -4.322651624679565430e-01 -1.881278455257415771e-01
-4.714652299880981445e-01 -7.814004421234130859e-01 -4.990349709987640381e-01
-1.346642017364501953e+00 -7.561514973640441895e-01 1.080556631088256836e+00
-1.674171686172485352e+00 -7.968184947967529297e-01 -8.089289665222167969e-01
-1.447418779134750366e-01 -8.069179058074951172e-01 2.950046360492706299e-01
-2.392566442489624023e+00 -7.827520966529846191e-01 6.544594764709472656e-01
-6.033343672752380371e-01 -7.903075218200683594e-01 -1.465260982513427734e+00
-5.513273477554321289e-01 -8.214576840400695801e-01 1.497642755508422852e+00
-1.966961145401000977e+00 -9.034239649772644043e-01 -3.669800460338592529e-01
-4.979391396045684814e-01 -9.325496554374694824e-01 -1.835371404886245728e-01
-2.027080774307250977e+00 -9.148548245429992676e-01 1.509270310401916504e+00
-1.377189397811889648e+00 -9.564726948738098145e-01 -1.023388266563415527e+00
-3.897695243358612061e-01 -9.767003655433654785e-01 5.610391497611999512e-01
-3.950604677200317383e+00 -1.052695393562316895e+00 3.671665191650390625e-01
-4.105976819992065430e-01 -1.025193929672241211e+00 -8.541631102561950684e-01
-1.120877146720886230e+00 -1.030579805374145508e+00 9.115613102912902832e-01
-2.550119161605834961e+00 -1.148882031440734863e+00 -1.398706078529357910e+00
-2.373383790254592896e-01 -1.069795250892639160e+00 6.540260463953018188e-02
-2.366503715515136719e+00 -1.175672411918640137e+00 1.020853042602539062e+00
-9.604998230934143066e-01 -1.181271553039550781e+00 -1.364357471466064453e+00
-4.957173168659210205e-01 -1.169391751289367676e+00 9.737822413444519043e-01
-2.122960567474365234e+00 -1.161785721778869629e+00 -2.045222222805023193e-01
-2.513934075832366943e-01 -1.192278742790222168e+00 -4.925034642219543457e-01
-1.354777812957763672e+00 -1.123083472251892090e+00 6.391800045967102051e-01
-2.704413890838623047e+00 -1.942632675170898438e+00 -3.381804227828979492e+00
-2.760103940963745117e-01 -1.237425088882446289e+00 3.908131122589111328e-01
-4.078064441680908203e+00 -1.917789101600646973e+00 1.054402589797973633e+00
-2.429085224866867065e-01 -1.606613397598266602e+00 -1.693567752838134766e+00
-1.554190069437026978e-01 -2.377697229385375977e+00 3.881088495254516602e+00
-4.070210456848144531e+00 -2.281964778900146484e+00 -1.877071380615234375e+00
-3.415501713752746582e-01 -1.298900723457336426e+00 -1.168954223394393921e-01
-3.937228202819824219e+00 -2.903646230697631836e+00 3.577069759368896484e+00
-1.447543501853942871e+00 -2.689373254776000977e+00 -3.754956007003784180e+00
-4.428596198558807373e-01 -1.436137795448303223e+00 6.823801994323730469e-01
-3.727402687072753906e+00 -2.280818939208984375e+00 -6.552297621965408325e-03
4.269113838672637939e-01 -2.113134622573852539e+00 -1.401064038276672363e+00
-1.200671195983886719e+00 -1.244176864624023438e+00 5.024498105049133301e-01
-1.923446416854858398e+00 -1.737720608711242676e+00 -1.006327867507934570e+00
-3.356494605541229248e-01 -1.494564414024353027e+00 1.714606881141662598e-01
-2.361146211624145508e+00 -1.917740583419799805e+00 7.703542113304138184e-01
-4.389792084693908691e-01 -2.837460041046142578e+00 -2.539394140243530273e+00
1.819269508123397827e-01 -3.158723831176757812e+00 2.652240753173828125e+00
-2.919784784317016602e+00 -2.443656921386718750e+00 -6.461061239242553711e-01
4.991973340511322021e-01 -2.436335802078247070e+00 -6.448277235031127930e-01
-1.334206104278564453e+00 -1.330912828445434570e+00 3.952255249023437500e-01
-1.590869426727294922e+00 -2.354033708572387695e+00 -1.425202369689941406e+00
-3.433682620525360107e-01 -1.882445931434631348e+00 4.986345171928405762e-01
-2.911799669265747070e+00 -2.816087722778320312e+00 3.871846199035644531e-01
5.990658998489379883e-01 -4.248201370239257812e+00 -2.423214912414550781e+00
-9.902707338333129883e-01 -2.560927629470825195e+00 1.381997346878051758e+00
-2.623012781143188477e+00 -3.365286350250244141e+00 -1.244720339775085449e+00
4.808397293090820312e-01 -3.132176876068115234e+00 -3.305476903915405273e-02
-1.453237056732177734e+00 -1.563337206840515137e+00 3.111313283443450928e-01
-1.039670586585998535e+00 -4.095709800720214844e+00 -2.012248754501342773e+00
-5.134646892547607422e-01 -2.659931898117065430e+00 8.008599281311035156e-01
-1.991075396537780762e+00 -2.525759935379028320e+00 -1.024723201990127563e-01
-7.016270160675048828e-01 -2.089479684829711914e+00 -2.893016636371612549e-01
-1.307739496231079102e+00 -2.539993762969970703e+00 6.744741201400756836e-01
-1.356973052024841309e+00 -2.108409166336059570e+00 -3.447990417480468750e-01
-1.153442621231079102e+00 -9.672378897666931152e-01 1.856157928705215454e-02
-1.555474519729614258e+00 -3.127321720123291016e+00 1.995719522237777710e-01
-1.153442621231079102e+00 -3.430065155029296875e+00 1.856157928705215454e-02
