-1.497912645339965820e+00 -5.612819790840148926e-01 4.065180197358131409e-02
-1.511559009552001953e+00 -5.593544244766235352e-01 5.315303802490234375e-02
-1.487295031547546387e+00 -2.358503788709640503e-01 -8.033104240894317627e-02
-1.478711009025573730e+00 -5.635514259338378906e-01 6.569700688123703003e-02
-1.537410616874694824e+00 -5.564008355140686035e-01 3.366517275571823120e-02
-1.411215901374816895e+00 -4.391141831874847412e-01 -1.449754461646080017e-02
-1.510678887367248535e+00 -5.594668388366699219e-01 8.814160525798797607e-02
-1.717629551887512207e+00 1.483310610055923462e-01 -3.823997676372528076e-01
-1.447535872459411621e+00 -5.675346851348876953e-01 5.904931575059890747e-02
-1.560903787612915039e+00 -5.530495643615722656e-01 6.665365397930145264e-02
-1.331587672233581543e+00 -1.304452419281005859e-01 -3.147750496864318848e-01
-1.477734088897705078e+00 -5.665925741195678711e-01 1.049843430519104004e-01
-1.913195729255676270e+00 -9.296264499425888062e-02 -2.000132650136947632e-01
-1.389305710792541504e+00 -5.286353230476379395e-01 1.677488535642623901e-02
-1.551432490348815918e+00 -5.542597174644470215e-01 1.167782992124557495e-01
-1.581456780433654785e+00 -1.817911490797996521e-02 -6.040526032447814941e-01
4.249402284622192383e-01 1.661666393280029297e+00 1.661234259605407715e+00
-1.939012050628662109e+00 -2.657337784767150879e-01 5.889264866709709167e-02
-1.200836300849914551e+00 -3.042773604393005371e-01 -2.549788653850555420e-01
-1.557774424552917480e+00 3.638082146644592285e-01 1.335218071937561035e+00
-2.305561780929565430e+00 2.855005264282226562e-01 -9.271817803382873535e-01
-1.397994637489318848e+00 -5.790292620658874512e-01 5.409562215209007263e-02
-1.633563041687011719e+00 -5.396089553833007812e-01 1.350338459014892578e-01
-1.356912016868591309e+00 -2.428327202796936035e-01 -5.861102938652038574e-01
-4.774273931980133057e-01 5.836380124092102051e-01 1.821534633636474609e+00
-1.985776662826538086e+00 -3.583310842514038086e-01 -1.149901375174522400e-01
-1.237223744392395020e+00 -4.951224029064178467e-01 -7.979308813810348511e-02
-2.217803001403808594e+00 3.015545010566711426e-01 1.760792851448059082e+00
-1.807350516319274902e+00 -2.091585099697113037e-01 -8.196642994880676270e-01
2.811203300952911377e-01 2.644124627113342285e-01 9.756616950035095215e-01
-1.655470252037048340e+00 -5.801887512207031250e-01 8.218348026275634766e-02
-1.134481787681579590e+00 -3.792599439620971680e-01 -5.245667695999145508e-01
-1.162083268165588379e+00 9.933856129646301270e-02 1.994747161865234375e+00
-2.642520666122436523e+00 -1.381747275590896606e-01 -8.457969427108764648e-01
-1.315484642982482910e+00 -5.896692872047424316e-01 2.553801052272319794e-02
-2.483777284622192383e+00 -2.052487730979919434e-01 1.106342554092407227e+00
-1.493413805961608887e+00 -3.885980546474456787e-01 -8.815619349479675293e-01
2.857117354869842529e-01 4.279780387878417969e-02 2.006837368011474609e+00
-1.946468353271484375e+00 -5.424235463142395020e-01 -9.202366927638649940e-04
-8.665669560432434082e-01 -4.779838025569915771e-01 -4.385170638561248779e-01
-1.687070488929748535e+00 -4.433535337448120117e-01 1.080430626869201660e+00
-2.039195775985717773e+00 -4.728779792785644531e-01 -8.195012807846069336e-01
5.754521489143371582e-02 -4.028042256832122803e-01 4.669383168220520020e-01
-2.901225805282592773e+00 -4.410932064056396484e-01 7.608089447021484375e-01
-1.151140213012695312e+00 -5.384923815727233887e-01 -8.947071433067321777e-01
-6.964255571365356445e-01 -4.559733867645263672e-01 2.009484767913818359e+00
-2.163322448730468750e+00 -5.978281497955322266e-01 -2.746983468532562256e-01
-1.974130421876907349e-01 -5.812036991119384766e-01 -3.603061139583587646e-01
-2.144630908966064453e+00 -6.112471818923950195e-01 1.144161820411682129e+00
-1.750721573829650879e+00 -6.378606557846069336e-01 -1.136635065078735352e+00
-5.345541238784790039e-01 -6.619608998298645020e-01 7.249765992164611816e-01
-3.210952281951904297e+00 -7.023600935935974121e-01 2.541446387767791748e-01
-1.182737588882446289e+00 -6.746138334274291992e-01 -3.296287655830383301e-01
-1.408129930496215820e+00 -8.246576189994812012e-01 2.502649545669555664e+00
-2.662369251251220703e+00 -8.014670610427856445e-01 -1.140972375869750977e+00
-1.296231746673583984e+00 -6.726022362709045410e-01 5.096388235688209534e-02
-2.223390340805053711e+00 -7.746796011924743652e-01 6.400776505470275879e-01
-1.456375598907470703e+00 -6.961017251014709473e-01 -2.570655643939971924e-01
-4.788997769355773926e-01 -9.632208943367004395e-01 1.520573735237121582e+00
-2.863368511199951172e+00 -9.240226149559020996e-01 -2.735364139080047607e-01
-1.045671105384826660e+00 -7.628481984138488770e-01 -2.155701369047164917e-01
-2.010229587554931641e+00 -1.046588540077209473e+00 1.619876027107238770e+00
-3.168575525283813477e+00 -1.700692057609558105e+00 -3.622127056121826172e+00
-3.528316915035247803e-01 -1.002628326416015625e+00 5.264536142349243164e-01
-4.201546192169189453e+00 -1.528750419616699219e+00 9.982233047485351562e-01
-1.385909914970397949e+00 -7.286723256111145020e-01 -1.699533462524414062e-01
-1.267275810241699219e+00 -9.759722948074340820e-01 9.332569241523742676e-01
-1.984008312225341797e+00 -8.691307306289672852e-01 -2.752659916877746582e-01
-1.140841364860534668e+00 -7.958899140357971191e-01 -1.892234943807125092e-02
-2.376465320587158203e+00 -1.261147618293762207e+00 1.163704037666320801e+00
-1.889651179313659668e+00 -2.943885803222656250e+00 -4.985624313354492188e+00
-4.665654003620147705e-01 -1.330590248107910156e+00 1.004124760627746582e+00
-3.687825679779052734e+00 -1.767612695693969727e+00 1.928503438830375671e-02
-1.349321484565734863e+00 -7.577659487724304199e-01 -9.282702207565307617e-02
-1.891549706459045410e+00 -2.958233833312988281e+00 4.073726177215576172e+00
-2.776775360107421875e+00 -1.929682254791259766e+00 -1.661538243293762207e+00
-3.137015998363494873e-01 -1.413622975349426270e+00 2.620584070682525635e-01
-3.524430513381958008e+00 -2.244961023330688477e+00 1.302154541015625000e+00
-8.320372700691223145e-01 -2.393059492111206055e+00 -2.343346834182739258e+00
-1.192273259162902832e+00 -1.151611566543579102e+00 6.434483528137207031e-01
-2.130020380020141602e+00 -1.178379297256469727e+00 -1.972078830003738403e-01
3.449101746082305908e-01 -2.288183212280273438e+00 -6.990791559219360352e-01
-2.358656883239746094e+00 -2.381740331649780273e+00 1.834218144416809082e+00
-1.832266569137573242e+00 -1.710042953491210938e+00 -1.062911629676818848e+00
8.044963479042053223e-01 -3.251246213912963867e+00 1.405124425888061523e+00
-3.583047389984130859e+00 -2.842468976974487305e+00 4.777806997299194336e-01
-2.448579519987106323e-01 -2.995933771133422852e+00 -1.705233931541442871e+00
-1.440155863761901855e+00 -1.214130520820617676e+00 5.232569575309753418e-01
-2.181514978408813477e+00 -1.765528321266174316e+00 -5.469911098480224609e-01
4.104612767696380615e-01 -3.178053140640258789e+00 -1.962131448090076447e-02
-2.095293760299682617e+00 -1.837833046913146973e+00 6.236367821693420410e-01
-1.497912645339965820e+00 -6.500241756439208984e-01 4.065180197358131409e-02
-7.372292876243591309e-01 -2.661974906921386719e+00 9.704983830451965332e-01
-2.538607597351074219e+00 -2.586369276046752930e+00 -1.097236126661300659e-01
-8.977446556091308594e-01 -2.140751123428344727e+00 -3.682974874973297119e-01
-1.580028414726257324e+00 -1.487033724784851074e+00 3.897238373756408691e-01
-1.852402091026306152e+00 -2.637604951858520508e+00 -5.922142267227172852e-01
-7.331613898277282715e-01 -3.396239995956420898e+00 2.928750216960906982e-01
-1.825628995895385742e+00 -2.410816907882690430e+00 1.882024407386779785e-01
-1.497912645339965820e+00 -1.833245038986206055e+00 4.065180197358131409e-02
