-1.526217341423034668e+00 -1.052655577659606934e+00 -2.774460554122924805e+00
-1.562656879425048828e+00 -1.040104627609252930e+00 -2.741078853607177734e+00
-1.520573735237121582e+00 -1.062069535255432129e+00 -2.838767051696777344e+00
-1.468609690666198730e+00 -1.022787332534790039e+00 -2.699321508407592773e+00
-2.165847539901733398e+00 2.339207679033279419e-01 -2.887602090835571289e+00
-1.431577563285827637e+00 -1.051983714103698730e+00 -2.834662675857543945e+00
-1.566996574401855469e+00 -9.929498434066772461e-01 -2.622763872146606445e+00
-1.582901835441589355e+00 -1.076250433921813965e+00 -2.883603096008300781e+00
-1.391119122505187988e+00 -1.061000466346740723e+00 -2.725122928619384766e+00
-2.203505754470825195e+00 -2.395354658365249634e-01 -2.494885683059692383e+00
-1.453481793403625488e+00 -1.055000424385070801e+00 -2.929892063140869141e+00
-1.458741784095764160e+00 -1.003228902816772461e+00 -2.559337854385375977e+00
-2.847613573074340820e+00 4.903061091899871826e-01 -3.540236711502075195e+00
-1.343807458877563477e+00 -1.078339457511901855e+00 -2.814562797546386719e+00
-1.903827905654907227e+00 -6.065491437911987305e-01 -2.237348318099975586e+00
-1.558800339698791504e+00 -1.035791873931884766e+00 -3.025901079177856445e+00
-1.353380680084228516e+00 -1.074429750442504883e+00 -2.628793716430664062e+00
-3.343868732452392578e+00 3.013393580913543701e-01 -2.699295043945312500e+00
-1.354849100112915039e+00 -1.082773566246032715e+00 -2.944994688034057617e+00
-1.729273557662963867e+00 2.156788349151611328e+00 1.616818547248840332e+00
-1.919378280639648438e+00 -8.268069028854370117e-01 -3.245598793029785156e+00
-1.290675401687622070e+00 -1.114857077598571777e+00 -2.742768764495849609e+00
-2.352995395660400391e+00 -6.092457175254821777e-01 -2.199209928512573242e+00
-1.458810210227966309e+00 -1.087554335594177246e+00 -3.074091911315917969e+00
-1.353671431541442871e+00 -1.073626995086669922e+00 -2.473345041275024414e+00
-2.388566255569458008e+00 -7.666202783584594727e-01 -3.049573421478271484e+00
-1.240365624427795410e+00 -1.112363696098327637e+00 -2.906531333923339844e+00
-1.642872810363769531e+00 -1.128017544746398926e+00 -2.495718240737915039e+00
-1.976155281066894531e+00 -6.411768794059753418e-01 -4.025402545928955078e+00
-1.287248492240905762e+00 -1.159385442733764648e+00 -2.648865222930908203e+00
-4.345970153808593750e+00 -3.239715471863746643e-02 -2.031182765960693359e+00
-1.330090284347534180e+00 -1.136098146438598633e+00 -3.079483270645141602e+00
-1.251236915588378906e+00 -6.686315536499023438e-01 -1.174427747726440430e+00
-2.648111104965209961e+00 -7.805252075195312500e-01 -3.643318176269531250e+00
-1.115524172782897949e+00 -1.146342635154724121e+00 -2.808485746383666992e+00
-2.476126194000244141e+00 -8.536633849143981934e-01 -1.747636914253234863e+00
-1.520349025726318359e+00 -9.412118792533874512e-01 -3.977400064468383789e+00
-1.266006827354431152e+00 -1.181142449378967285e+00 -2.487616300582885742e+00
-4.211474895477294922e+00 -6.380712389945983887e-01 -3.023329734802246094e+00
-1.141120195388793945e+00 -1.177279114723205566e+00 -3.066735506057739258e+00
-1.903966546058654785e+00 -8.694948554039001465e-01 -6.980165243148803711e-01
-1.695241093635559082e+00 -1.226900696754455566e+00 -3.043056249618530273e+00
-1.200343251228332520e+00 -1.230423808097839355e+00 -2.685152053833007812e+00
-3.565672397613525391e+00 -9.785749316215515137e-01 -1.727845907211303711e+00
-1.158605933189392090e+00 -1.163982987403869629e+00 -3.766029357910156250e+00
-9.565696120262145996e-01 -1.144297838211059570e+00 -1.375135064125061035e+00
-4.170887947082519531e+00 -1.074764251708984375e+00 -4.027819156646728516e+00
-7.528843283653259277e-01 -1.241293668746948242e+00 -3.012887477874755859e+00
-2.828934431076049805e+00 -1.204106807708740234e+00 -5.516047477722167969e-01
-1.787622690200805664e+00 -1.269640207290649414e+00 -3.991779565811157227e+00
-1.222756028175354004e+00 -1.285977363586425781e+00 -2.558895826339721680e+00
-4.087606430053710938e+00 -1.360471487045288086e+00 -2.455239534378051758e+00
-1.078680634498596191e+00 -1.317133665084838867e+00 -3.300245046615600586e+00
-1.411437988281250000e+00 -1.505470871925354004e+00 3.729876875877380371e-01
-3.457191467285156250e+00 -1.533349275588989258e+00 -4.733903408050537109e+00
-1.183093547821044922e+00 -1.320629835128784180e+00 -2.756916522979736328e+00
-2.534278154373168945e+00 -1.455427646636962891e+00 -1.941550493240356445e+00
-1.368598937988281250e+00 -1.457065224647521973e+00 -3.904192209243774414e+00
-1.266546845436096191e+00 -1.362027764320373535e+00 -2.397338628768920898e+00
-2.810472488403320312e+00 -1.539921641349792480e+00 -3.069964647293090820e+00
-1.074551105499267578e+00 -1.394897818565368652e+00 -3.030356645584106445e+00
-2.039842844009399414e+00 -1.679794430732727051e+00 -1.191202878952026367e+00
-1.642125844955444336e+00 -1.355111360549926758e+00 -3.028579711914062500e+00
-1.274224042892456055e+00 -1.359813451766967773e+00 -2.667552232742309570e+00
-2.837933301925659180e+00 -1.708546876907348633e+00 -2.309877634048461914e+00
-8.384599089622497559e-01 -1.765159368515014648e+00 -4.067690372467041016e+00
-9.119550585746765137e-01 -2.150324821472167969e+00 -3.971576094627380371e-01
-3.444274902343750000e+00 -2.146777629852294922e+00 -4.021022796630859375e+00
-1.326712846755981445e+00 -1.363716006278991699e+00 -2.807746171951293945e+00
-2.903545141220092773e+00 -2.240289926528930664e+00 -1.013824939727783203e+00
-1.571295619010925293e+00 -1.546177625656127930e+00 -3.352846622467041016e+00
-1.333708167076110840e+00 -1.409250378608703613e+00 -2.594620704650878906e+00
-3.022507429122924805e+00 -2.045825958251953125e+00 -2.789059638977050781e+00
-1.275790214538574219e+00 -1.463799118995666504e+00 -2.999418258666992188e+00
-1.677124977111816406e+00 -2.167109489440917969e+00 -1.228311657905578613e+00
-2.854129314422607422e+00 -2.610954999923706055e+00 -4.541935920715332031e+00
-1.376298904418945312e+00 -1.378887176513671875e+00 -2.746430873870849609e+00
-2.162646293640136719e+00 -1.783107995986938477e+00 -2.378284931182861328e+00
-1.396604657173156738e+00 -1.621499300003051758e+00 -3.238506078720092773e+00
-3.757990002632141113e-01 -3.170178174972534180e+00 -5.055510401725769043e-01
-2.379992485046386719e+00 -1.995855689048767090e+00 -3.095732688903808594e+00
-1.394392609596252441e+00 -1.399401545524597168e+00 -2.827376604080200195e+00
-2.882753849029541016e+00 -4.011409759521484375e+00 5.220789462327957153e-02
-1.622112751007080078e+00 -1.586239099502563477e+00 -3.090971231460571289e+00
-1.413893342018127441e+00 -1.409119009971618652e+00 -2.707894086837768555e+00
-2.083758354187011719e+00 -1.868451833724975586e+00 -2.657577276229858398e+00
-1.462679862976074219e+00 -1.401169180870056152e+00 -2.862987518310546875e+00
-1.410116672515869141e+00 -2.416165590286254883e+00 -1.804343461990356445e+00
-1.833242535591125488e+00 -1.783221840858459473e+00 -3.038387537002563477e+00
-4.792153239250183105e-01 -2.669184207916259766e+00 -2.807528495788574219e+00
-1.873076200485229492e+00 -1.971897602081298828e+00 -2.435960531234741211e+00
-1.444172859191894531e+00 -3.538251638412475586e+00 -4.238938808441162109e+00
-1.071955680847167969e+00 -2.483705520629882812e+00 -2.219178676605224609e+00
-1.885533094406127930e+00 -1.950769782066345215e+00 -2.826380014419555664e+00
-7.415557503700256348e-01 -3.231198310852050781e+00 -3.309122085571289062e+00
-1.615206003189086914e+00 -2.189282894134521484e+00 -2.396171808242797852e+00
-1.971037507057189941e+00 -3.776271343231201172e+00 -3.568592786788940430e+00
-1.211851358413696289e+00 -2.411103010177612305e+00 -2.670779228210449219e+00
-1.526217341423034668e+00 -1.282217264175415039e+00 -2.774460554122924805e+00
-1.526217341423034668e+00 -3.986577749252319336e+00 -2.774460554122924805e+00
