4.682585239410400391e+00 4.442537307739257812e+00 -2.023384475708007812e+01
4.682585239410400391e+00 4.442537307739257812e+00 -2.023384475708007812e+01
4.682585239410400391e+00 4.442537307739257812e+00 -2.023384475708007812e+01
4.682585239410400391e+00 4.442537307739257812e+00 -2.023384475708007812e+01
4.682585239410400391e+00 4.442537307739257812e+00 -2.023384475708007812e+01
4.682585239410400391e+00 4.442537307739257812e+00 -2.023384475708007812e+01
4.682585239410400391e+00 4.442537307739257812e+00 -2.023384475708007812e+01
4.682585239410400391e+00 4.442537307739257812e+00 -2.023384475708007812e+01
4.682585239410400391e+00 4.442537307739257812e+00 -2.023384475708007812e+01
4.682585239410400391e+00 4.442537307739257812e+00 -2.023384475708007812e+01
4.682585239410400391e+00 4.442537307739257812e+00 -2.023384475708007812e+01
4.682585239410400391e+00 4.442537307739257812e+00 -2.023384475708007812e+01
4.682585239410400391e+00 4.442537307739257812e+00 -2.023384475708007812e+01
4.682585239410400391e+00 4.442537307739257812e+00 -2.023384475708007812e+01
4.682585239410400391e+00 4.442537307739257812e+00 -2.023384475708007812e+01
4.682585239410400391e+00 4.442537307739257812e+00 -2.023384475708007812e+01
4.682585239410400391e+00 4.442537307739257812e+00 -2.023384475708007812e+01
4.682585239410400391e+00 4.442537307739257812e+00 -2.023384475708007812e+01
4.682585239410400391e+00 4.442537307739257812e+00 -2.023384475708007812e+01
4.682585239410400391e+00 4.442537307739257812e+00 -2.023384475708007812e+01
4.682585239410400391e+00 4.442537307739257812e+00 -2.023384475708007812e+01
4.682585239410400391e+00 4.442537307739257812e+00 -2.023384475708007812e+01
4.682585239410400391e+00 4.442537307739257812e+00 -2.023384475708007812e+01
4.682585239410400391e+00 4.442537307739257812e+00 -2.023384475708007812e+01
4.682585239410400391e+00 4.442537307739257812e+00 -2.023384475708007812e+01
4.682585239410400391e+00 4.442537307739257812e+00 -2.023384475708007812e+01
4.682585239410400391e+00 4.442537307739257812e+00 -2.023384475708007812e+01
4.682585239410400391e+00 4.442537307739257812e+00 -2.023384475708007812e+01
4.682585239410400391e+00 4.442537307739257812e+00 -2.023384475708007812e+01
4.682585239410400391e+00 4.442537307739257812e+00 -2.023384475708007812e+01
4.682585239410400391e+00 4.442537307739257812e+00 -2.023384475708007812e+01
4.682585239410400391e+00 4.442537307739257812e+00 -2.023384475708007812e+01
4.682585239410400391e+00 4.442537307739257812e+00 -2.023384475708007812e+01
4.682585239410400391e+00 4.442537307739257812e+00 -2.023384475708007812e+01
4.682585239410400391e+00 4.442537307739257812e+00 -2.023384475708007812e+01
4.682585239410400391e+00 4.442537307739257812e+00 -2.023384475708007812e+01
4.682585239410400391e+00 4.442537307739257812e+00 -2.023384475708007812e+01
4.682585239410400391e+00 4.442537307739257812e+00 -2.023384475708007812e+01
3.455436229705810547e+00 4.405045986175537109e+00 -2.008090782165527344e+01
4.682585239410400391e+00 4.442537307739257812e+00 -2.023384475708007812e+01
4.682585239410400391e+00 4.442537307739257812e+00 -2.023384475708007812e+01
4.682585239410400391e+00 4.442537307739257812e+00 -2.023384475708007812e+01
4.451337814331054688e+00 4.402802944183349609e+00 -2.004277610778808594e+01
4.682585239410400391e+00 4.442537307739257812e+00 -2.023384475708007812e+01
2.643994331359863281e+00 4.033464431762695312e+00 -2.070291900634765625e+01
4.356045722961425781e+00 4.189775943756103516e+00 -1.922728157043457031e+01
4.682585239410400391e+00 4.442537307739257812e+00 -2.023384475708007812e+01
4.682585239410400391e+00 4.442537307739257812e+00 -2.023384475708007812e+01
3.687663555145263672e+00 4.119171142578125000e+00 -1.988146400451660156e+01
5.149263858795166016e+00 3.783002853393554688e+00 -1.842771720886230469e+01
4.682585239410400391e+00 4.442537307739257812e+00 -2.023384475708007812e+01
4.201013565063476562e+00 4.107554912567138672e+00 -1.961825180053710938e+01
4.682585239410400391e+00 4.442537307739257812e+00 -2.023384475708007812e+01
4.682585239410400391e+00 4.442537307739257812e+00 -2.023384475708007812e+01
3.753779411315917969e+00 3.968535423278808594e+00 -2.024290657043457031e+01
4.571291446685791016e+00 3.789932489395141602e+00 -1.909356498718261719e+01
4.682585239410400391e+00 4.442537307739257812e+00 -2.023384475708007812e+01
4.206313610076904297e+00 4.067695617675781250e+00 -1.993736648559570312e+01
4.682585239410400391e+00 4.442537307739257812e+00 -2.023384475708007812e+01
4.682585239410400391e+00 4.442537307739257812e+00 -2.023384475708007812e+01
3.468413114547729492e+00 3.427656650543212891e+00 -2.069073295593261719e+01
4.389074802398681641e+00 3.852028608322143555e+00 -1.962224578857421875e+01
4.682585239410400391e+00 4.442537307739257812e+00 -2.023384475708007812e+01
4.682585239410400391e+00 4.442537307739257812e+00 -2.023384475708007812e+01
4.136881828308105469e+00 3.868749380111694336e+00 -2.011944389343261719e+01
4.682585239410400391e+00 4.442537307739257812e+00 -2.023384475708007812e+01
4.836703300476074219e+00 2.937275409698486328e+00 -1.894606018066406250e+01
4.682585239410400391e+00 4.442537307739257812e+00 -2.023384475708007812e+01
4.682585239410400391e+00 4.442537307739257812e+00 -2.023384475708007812e+01
4.299384593963623047e+00 3.680596351623535156e+00 -1.985987854003906250e+01
4.682585239410400391e+00 4.442537307739257812e+00 -2.023384475708007812e+01
5.120724201202392578e+00 3.283691883087158203e+00 -1.969827079772949219e+01
4.092422962188720703e+00 3.344465970993041992e+00 -2.031912040710449219e+01
4.682585239410400391e+00 4.442537307739257812e+00 -2.023384475708007812e+01
4.583397865295410156e+00 3.431515932083129883e+00 -1.981220245361328125e+01
4.103727817535400391e+00 1.196952939033508301e+00 -2.126727104187011719e+01
4.682585239410400391e+00 4.442537307739257812e+00 -2.023384475708007812e+01
4.481880187988281250e+00 3.364164829254150391e+00 -2.014348030090332031e+01
4.682585239410400391e+00 3.418888330459594727e+00 -2.023384475708007812e+01
