5.300819396972656250e+00 4.917357444763183594e+00 -2.039711380004882812e+01
5.300819396972656250e+00 4.917357444763183594e+00 -2.039711380004882812e+01
5.300819396972656250e+00 4.917357444763183594e+00 -2.039711380004882812e+01
5.300819396972656250e+00 4.917357444763183594e+00 -2.039711380004882812e+01
5.300819396972656250e+00 4.917357444763183594e+00 -2.039711380004882812e+01
5.300819396972656250e+00 4.917357444763183594e+00 -2.039711380004882812e+01
5.300819396972656250e+00 4.917357444763183594e+00 -2.039711380004882812e+01
5.300819396972656250e+00 4.917357444763183594e+00 -2.039711380004882812e+01
5.300819396972656250e+00 4.917357444763183594e+00 -2.039711380004882812e+01
5.300819396972656250e+00 4.917357444763183594e+00 -2.039711380004882812e+01
5.300819396972656250e+00 4.917357444763183594e+00 -2.039711380004882812e+01
4.914959907531738281e+00 4.839929103851318359e+00 -2.048589897155761719e+01
5.297402858734130859e+00 4.914712905883789062e+00 -2.038658332824707031e+01
5.286952018737792969e+00 4.912850379943847656e+00 -2.039220237731933594e+01
5.300819396972656250e+00 4.917357444763183594e+00 -2.039711380004882812e+01
5.300819396972656250e+00 4.917357444763183594e+00 -2.039711380004882812e+01
5.294148445129394531e+00 4.912717342376708984e+00 -2.038858604431152344e+01
5.300819396972656250e+00 4.917357444763183594e+00 -2.039711380004882812e+01
5.286046028137207031e+00 4.909818172454833984e+00 -2.039725875854492188e+01
5.107615470886230469e+00 3.784447908401489258e+00 -1.841761016845703125e+01
5.300819396972656250e+00 4.917357444763183594e+00 -2.039711380004882812e+01
5.291450977325439453e+00 4.909984111785888672e+00 -2.039128112792968750e+01
5.300819396972656250e+00 4.917357444763183594e+00 -2.039711380004882812e+01
5.300819396972656250e+00 4.917357444763183594e+00 -2.039711380004882812e+01
5.300819396972656250e+00 4.917357444763183594e+00 -2.039711380004882812e+01
5.300819396972656250e+00 4.917357444763183594e+00 -2.039711380004882812e+01
3.148067235946655273e+00 5.862724184989929199e-01 -1.591133975982666016e+01
5.300819396972656250e+00 4.917357444763183594e+00 -2.039711380004882812e+01
5.300819396972656250e+00 4.917357444763183594e+00 -2.039711380004882812e+01
5.290611267089843750e+00 4.906623840332031250e+00 -2.039497375488281250e+01
5.300819396972656250e+00 4.917357444763183594e+00 -2.039711380004882812e+01
5.300819396972656250e+00 4.917357444763183594e+00 -2.039711380004882812e+01
5.300819396972656250e+00 4.917357444763183594e+00 -2.039711380004882812e+01
5.300819396972656250e+00 4.917357444763183594e+00 -2.039711380004882812e+01
3.068998813629150391e+00 4.796944856643676758e-01 -1.821907806396484375e+01
5.300819396972656250e+00 4.917357444763183594e+00 -2.039711380004882812e+01
5.300819396972656250e+00 4.917357444763183594e+00 -2.039711380004882812e+01
5.293453216552734375e+00 4.903652191162109375e+00 -2.039817810058593750e+01
5.081521987915039062e+00 2.682045936584472656e+00 -1.946488380432128906e+01
5.297603130340576172e+00 4.899324893951416016e+00 -2.040285491943359375e+01
5.300819396972656250e+00 4.917357444763183594e+00 -2.039711380004882812e+01
5.298293590545654297e+00 4.903786182403564453e+00 -2.039597702026367188e+01
5.300819396972656250e+00 4.917357444763183594e+00 -2.039711380004882812e+01
