-1.683487534523010254e+00 4.489087760448455811e-01 -4.927558898925781250e+00
-1.954935431480407715e+00 -8.493634872138500214e-03 -4.678890228271484375e+00
-1.591399312019348145e+00 1.780122756958007812e+00 -5.976856231689453125e+00
-1.232104063034057617e+00 2.207045108079910278e-01 -4.338809013366699219e+00
-2.326380729675292969e+00 -2.881802916526794434e-01 -5.041277408599853516e+00
-1.273892641067504883e+00 -8.156172037124633789e-01 -5.188109397888183594e+00
-1.683487534523010254e+00 -1.812052369117736816e+00 -4.927558898925781250e+00
-1.986805915832519531e+00 -7.099261283874511719e-01 -5.511579990386962891e+00
-1.112215042114257812e+00 -8.766218423843383789e-01 -4.718931198120117188e+00
-2.179379224777221680e+00 -1.048629760742187500e+00 -4.722862243652343750e+00
-1.417082309722900391e+00 -9.798349142074584961e-01 -5.496851444244384766e+00
-1.441485881805419922e+00 -8.114581108093261719e-01 -4.156019687652587891e+00
-2.189727544784545898e+00 -1.132981181144714355e+00 -5.220935344696044922e+00
-1.015231966972351074e+00 -1.065149426460266113e+00 -5.074472904205322266e+00
-2.138503074645996094e+00 -9.978817105293273926e-01 -4.280346393585205078e+00
-1.774771571159362793e+00 -1.121670365333557129e+00 -5.631991386413574219e+00
-2.386064231395721436e-01 -7.498861104249954224e-02 -3.709811687469482422e+00
-2.346559762954711914e+00 -1.234377026557922363e+00 -4.900138854980468750e+00
-1.087603688240051270e+00 -1.118543982505798340e+00 -5.520543098449707031e+00
-1.726431369781494141e+00 -1.084746241569519043e+00 -3.998859167098999023e+00
-2.782911539077758789e+00 -5.385558605194091797e-01 -6.245036125183105469e+00
-8.987602591514587402e-01 -1.254478216171264648e+00 -4.821974754333496094e+00
-2.173472642898559570e+00 -1.413219809532165527e+00 -4.586639881134033203e+00
-1.514811754226684570e+00 -1.324939012527465820e+00 -5.677339553833007812e+00
-8.310936093330383301e-01 -7.815954089164733887e-01 -3.440017938613891602e+00
-2.227727651596069336e+00 -1.486652135848999023e+00 -5.101186275482177734e+00
-1.266785711050033569e-01 -8.869940042495727539e-01 -5.646843910217285156e+00
-2.075612306594848633e+00 -1.293726921081542969e+00 -3.990597009658813477e+00
-2.502621889114379883e+00 -6.450064182281494141e-01 -7.204960823059082031e+00
-6.862227320671081543e-01 -1.299450635910034180e+00 -4.403424263000488281e+00
-2.422467470169067383e+00 -1.484508752822875977e+00 -4.732766151428222656e+00
-1.165449619293212891e+00 -1.426102399826049805e+00 -5.733226776123046875e+00
-1.510200619697570801e+00 -1.425383687019348145e+00 -3.919252157211303711e+00
-1.857749700546264648e+00 -1.734125256538391113e+00 -5.062517166137695312e+00
-1.024667382240295410e+00 -1.594086885452270508e+00 -4.982141017913818359e+00
-2.146767854690551758e+00 -1.603042244911193848e+00 -4.426766395568847656e+00
-1.676248431205749512e+00 -1.391392469406127930e+00 -6.411489963531494141e+00
-9.701276421546936035e-01 -1.534958481788635254e+00 -4.141183853149414062e+00
-2.401916027069091797e+00 -1.639714002609252930e+00 -4.994142532348632812e+00
-1.024980545043945312e+00 -1.632610559463500977e+00 -5.427342414855957031e+00
-2.316232681274414062e+00 -1.120725750923156738e+00 -1.449431538581848145e+00
-3.212077856063842773e+00 -1.311789274215698242e+00 -7.356641769409179688e+00
-1.178706169128417969e+00 -1.731823921203613281e+00 -4.789219379425048828e+00
-2.544743537902832031e+00 -1.683825016021728516e+00 -4.485576629638671875e+00
-1.042843818664550781e+00 -1.606003284454345703e+00 -6.655585289001464844e+00
-3.622820377349853516e-01 -1.492170810699462891e+00 -1.682050466537475586e+00
-2.053532600402832031e+00 -1.783025383949279785e+00 -5.102930068969726562e+00
-1.276435375213623047e+00 -1.790511727333068848e+00 -5.053057193756103516e+00
-2.046804189682006836e+00 -1.790268063545227051e+00 -4.307623386383056641e+00
-2.001735448837280273e+00 -1.796740412712097168e+00 -6.409584522247314453e+00
-4.515146911144256592e-01 -1.827317476272583008e+00 -4.052423000335693359e+00
-2.524216890335083008e+00 -1.837737917900085449e+00 -4.822780609130859375e+00
-1.403803825378417969e+00 -1.833873033523559570e+00 -5.256142616271972656e+00
-1.514541983604431152e+00 -2.140662670135498047e+00 -2.947827875614166260e-01
-1.834037065505981445e+00 -1.831632018089294434e+00 -5.080327987670898438e+00
-1.253688216209411621e+00 -1.860168218612670898e+00 -4.905582904815673828e+00
-2.583627462387084961e+00 -1.966719150543212891e+00 -4.183818340301513672e+00
-1.658252954483032227e+00 -1.840045332908630371e+00 -5.108427524566650391e+00
-7.864856719970703125e-01 -2.087748527526855469e+00 -3.624834537506103516e+00
-2.243453264236450195e+00 -1.924417614936828613e+00 -5.056405544281005859e+00
-1.483676791191101074e+00 -1.861900568008422852e+00 -5.040763854980468750e+00
-2.118008136749267578e+00 -2.148397684097290039e+00 -3.588142633438110352e+00
-1.762118935585021973e+00 -1.861503124237060547e+00 -5.099951267242431641e+00
-3.657812476158142090e-01 -2.217813014984130859e+00 -4.368520736694335938e+00
-2.782333135604858398e+00 -2.169195652008056641e+00 -4.538370132446289062e+00
-1.169386625289916992e+00 -2.173053264617919922e+00 -5.894252300262451172e+00
-1.133950591087341309e+00 -2.588686943054199219e+00 -2.800754308700561523e+00
-1.957149267196655273e+00 -1.935404777526855469e+00 -5.105413913726806641e+00
-1.332179427146911621e+00 -1.955563783645629883e+00 -4.986171722412109375e+00
-2.118882179260253906e+00 -2.114913940429687500e+00 -4.370994567871093750e+00
-1.702142596244812012e+00 -1.921288609504699707e+00 -5.166915893554687500e+00
-3.553464114665985107e-01 -2.688467025756835938e+00 -3.686824560165405273e+00
-2.280141592025756836e+00 -2.116545677185058594e+00 -4.933380603790283203e+00
-1.210139989852905273e+00 -2.155271291732788086e+00 -5.352765083312988281e+00
-1.951352119445800781e+00 -3.382756948471069336e+00 -2.183108091354370117e+00
-1.864672183990478516e+00 -1.993349671363830566e+00 -5.168719291687011719e+00
-4.489608407020568848e-01 -2.608095407485961914e+00 -4.696744918823242188e+00
-2.493526697158813477e+00 -2.449579954147338867e+00 -4.423311233520507812e+00
-1.480249285697937012e+00 -2.344060897827148438e+00 -5.655201911926269531e+00
-1.315497040748596191e+00 -2.415964603424072266e+00 -4.201790332794189453e+00
-2.074268817901611328e+00 -2.138691663742065430e+00 -5.074608325958251953e+00
-1.424512028694152832e+00 -2.042266130447387695e+00 -5.031514644622802734e+00
-1.858287572860717773e+00 -2.163729429244995117e+00 -4.563321113586425781e+00
-1.855123758316040039e+00 -2.356199026107788086e+00 -5.494058609008789062e+00
-8.959763646125793457e-01 -2.701768875122070312e+00 -4.460857391357421875e+00
-3.041685342788696289e+00 -3.240149021148681641e+00 -4.642825603485107422e+00
-1.276836872100830078e+00 -2.573364496231079102e+00 -5.494146823883056641e+00
-1.670480728149414062e+00 -1.939088821411132812e+00 -4.818876743316650391e+00
-1.956051707267761230e+00 -2.256823301315307617e+00 -5.161862373352050781e+00
-1.584461688995361328e+00 -1.943232178688049316e+00 -4.930686473846435547e+00
-2.170635223388671875e+00 -2.780677318572998047e+00 -4.452150821685791016e+00
-1.654135584831237793e+00 -2.619164943695068359e+00 -5.451486587524414062e+00
-1.633503794670104980e+00 -1.944255590438842773e+00 -4.866459846496582031e+00
-2.021032094955444336e+00 -2.440096855163574219e+00 -4.976332664489746094e+00
-1.456610798835754395e+00 -2.375580072402954102e+00 -5.082150936126708984e+00
-1.827861428260803223e+00 -3.283663034439086914e+00 -4.313828468322753906e+00
-1.822919011116027832e+00 -2.593828201293945312e+00 -5.176484584808349609e+00
-1.592012286186218262e+00 -2.140539169311523438e+00 -4.897389411926269531e+00
-2.063163995742797852e+00 -3.852022409439086914e+00 -4.756613731384277344e+00
-1.683487534523010254e+00 -3.692713499069213867e+00 -4.927558898925781250e+00
