-1.588782310485839844e+00 -6.171718835830688477e-01 -4.097259521484375000e+00
-1.610337257385253906e+00 -5.961984992027282715e-01 -4.077513217926025391e+00
-1.574541330337524414e+00 -1.839012801647186279e-01 -4.259528636932373047e+00
-1.561936140060424805e+00 -6.185157895088195801e-01 -4.062243461608886719e+00
-1.632237195968627930e+00 -6.364118456840515137e-01 -4.104946136474609375e+00
-1.368491053581237793e+00 -2.035046368837356567e-01 -4.237390995025634766e+00
-1.607258439064025879e+00 -6.083538532257080078e-01 -4.028529167175292969e+00
-1.805344462394714355e+00 4.747752472758293152e-02 -4.514236927032470703e+00
-1.510492920875549316e+00 -6.112194657325744629e-01 -4.068668365478515625e+00
-1.673009872436523438e+00 -6.097466349601745605e-01 -4.062491416931152344e+00
-1.472525835037231445e+00 -3.762435317039489746e-01 -4.345693111419677734e+00
-1.561639785766601562e+00 -6.271895170211791992e-01 -4.010725021362304688e+00
-2.141585350036621094e+00 2.116413787007331848e-03 -4.417620182037353516e+00
-1.357676506042480469e+00 -4.811097681522369385e-01 -4.148067474365234375e+00
-1.671606063842773438e+00 -5.912158489227294922e-01 -3.979451179504394531e+00
-1.934686541557312012e+00 1.876662254333496094e+00 -6.766579151153564453e+00
-1.513968110084533691e+00 -6.494715809822082520e-01 -4.034205913543701172e+00
-1.688823103904724121e+00 -6.522580385208129883e-01 -4.093122482299804688e+00
-1.335374951362609863e+00 -4.444911479949951172e-01 -4.349433898925781250e+00
-1.595264911651611328e+00 -6.296244263648986816e-01 -3.957068204879760742e+00
-2.106499910354614258e+00 -1.397263109683990479e-01 -4.717658519744873047e+00
-1.457543134689331055e+00 -6.461648941040039062e-01 -4.079601287841796875e+00
-1.904379248619079590e+00 -4.825285375118255615e-01 -3.877675533294677734e+00
-1.084901809692382812e+00 7.157264947891235352e-01 -6.337059020996093750e+00
-1.535047531127929688e+00 -6.744546890258789062e-01 -4.003485202789306641e+00
-2.345947027206420898e+00 -2.867070138454437256e-01 -4.338815689086914062e+00
-1.273093581199645996e+00 -5.518317818641662598e-01 -4.243115901947021484e+00
-1.699325799942016602e+00 -5.932939052581787109e-01 -3.833121299743652344e+00
-2.009030342102050781e+00 -1.406744122505187988e-01 -5.265655994415283203e+00
-1.480360507965087891e+00 -6.836848855018615723e-01 -4.040276050567626953e+00
-1.796478748321533203e+00 -6.473557353019714355e-01 -4.042511463165283203e+00
-1.015837907791137695e+00 -3.125580847263336182e-01 -4.988319873809814453e+00
-1.570896625518798828e+00 -6.995047926902770996e-01 -3.993187665939331055e+00
-2.316514253616333008e+00 -4.139850437641143799e-01 -4.660856246948242188e+00
-1.435670256614685059e+00 -6.887586116790771484e-01 -4.109944343566894531e+00
-2.066203355789184570e+00 -5.240248441696166992e-01 -3.581181526184082031e+00
-1.582036256790161133e+00 -3.474093973636627197e-01 -5.480107307434082031e+00
-1.506406903266906738e+00 -7.074170708656311035e-01 -4.006452560424804688e+00
-2.243420839309692383e+00 -5.823783278465270996e-01 -4.157931327819824219e+00
-1.442446231842041016e+00 -6.995382905006408691e-01 -4.208323478698730469e+00
-1.653701663017272949e+00 -6.684847474098205566e-01 -3.740405082702636719e+00
-2.392993927001953125e+00 -4.762195348739624023e-01 -5.375232219696044922e+00
-1.441322445869445801e+00 -7.159777283668518066e-01 -4.056847095489501953e+00
-2.279801845550537109e+00 -6.365327835083007812e-01 -3.742639780044555664e+00
-1.424551129341125488e+00 -6.865931749343872070e-01 -4.540244579315185547e+00
-1.546565294265747070e+00 -7.291932702064514160e-01 -3.993554592132568359e+00
-2.194706678390502930e+00 -6.918846964836120605e-01 -4.384418487548828125e+00
-1.432233452796936035e+00 -7.311302423477172852e-01 -4.145525455474853516e+00
-1.998295187950134277e+00 -7.148603200912475586e-01 -3.398498535156250000e+00
-1.893682360649108887e+00 -7.247447967529296875e-01 -5.517126083374023438e+00
-1.471512198448181152e+00 -7.408676147460937500e-01 -4.013956546783447266e+00
-3.704698324203491211e+00 -8.040589690208435059e-01 -3.833556890487670898e+00
-1.453206896781921387e+00 -7.499920129776000977e-01 -4.256538867950439453e+00
-1.578573346138000488e+00 -7.592717409133911133e-01 -3.817311763763427734e+00
-2.801558494567871094e+00 -8.971416950225830078e-01 -5.327915668487548828e+00
-1.430225253105163574e+00 -7.571649551391601562e-01 -4.089152336120605469e+00
-2.075733423233032227e+00 -8.230850696563720703e-01 -3.694916248321533203e+00
-1.394810557365417480e+00 -9.545897245407104492e-01 -5.487553596496582031e+00
-1.517648339271545410e+00 -7.612777948379516602e-01 -3.993951082229614258e+00
-2.123894929885864258e+00 -8.467926383018493652e-01 -4.220387458801269531e+00
-1.438253641128540039e+00 -7.769680619239807129e-01 -4.182543277740478516e+00
-1.851742267608642578e+00 -9.429615139961242676e-01 -3.286681652069091797e+00
-2.127604246139526367e+00 -1.078275799751281738e+00 -5.278578281402587891e+00
-1.431375980377197266e+00 -7.878846526145935059e-01 -4.030479907989501953e+00
-4.015475749969482422e+00 -1.528130650520324707e+00 -3.237774610519409180e+00
-8.776087164878845215e-01 -1.238799452781677246e+00 -5.434519767761230469e+00
-1.562139272689819336e+00 -7.770679593086242676e-01 -3.994146108627319336e+00
-2.145325183868408203e+00 -9.902750849723815918e-01 -4.458961486816406250e+00
-1.430225253105163574e+00 -8.041860461235046387e-01 -4.123713493347167969e+00
-1.949793934822082520e+00 -9.905351400375366211e-01 -3.635779142379760742e+00
-1.718128085136413574e+00 -1.496810793876647949e+00 -5.756855010986328125e+00
-1.478866219520568848e+00 -8.119460344314575195e-01 -3.994577169418334961e+00
-2.014067411422729492e+00 -9.564523100852966309e-01 -4.101408958435058594e+00
-8.637425303459167480e-01 -1.265132665634155273e+00 -4.748559951782226562e+00
-1.690742015838623047e+00 -1.337286353111267090e+00 -3.052613735198974609e+00
-2.087113142013549805e+00 -1.238055229187011719e+00 -4.760547161102294922e+00
8.322860300540924072e-02 -1.817554712295532227e+00 -3.784651279449462891e+00
-2.800795793533325195e+00 -1.693309307098388672e+00 -3.342783927917480469e+00
-1.067212104797363281e+00 -2.104707956314086914e+00 -5.964610099792480469e+00
-1.536798715591430664e+00 -8.247252106666564941e-01 -3.994735002517700195e+00
-2.209846735000610352e+00 -1.258539080619812012e+00 -4.330963611602783203e+00
-5.572836995124816895e-01 -1.656355023384094238e+00 -4.511315345764160156e+00
-2.172166347503662109e+00 -1.913114666938781738e+00 -2.881639480590820312e+00
-2.169535160064697266e+00 -2.580604076385498047e+00 -6.014083385467529297e+00
-8.842384815216064453e-01 -1.535396099090576172e+00 -3.679726839065551758e+00
-1.952503561973571777e+00 -1.121854424476623535e+00 -4.021008968353271484e+00
-1.083956003189086914e+00 -1.684526443481445312e+00 -4.800635814666748047e+00
-1.508600711822509766e+00 -1.522543191909790039e+00 -3.427276134490966797e+00
-2.117284059524536133e+00 -1.601824879646301270e+00 -4.551573753356933594e+00
-1.010408163070678711e+00 -1.505588650703430176e+00 -4.115526676177978516e+00
-1.678350806236267090e+00 -9.175090193748474121e-01 -4.009849548339843750e+00
-1.540027976036071777e+00 -2.080048084259033203e+00 -4.967515945434570312e+00
-1.470401048660278320e+00 -1.052524089813232422e+00 -3.952552318572998047e+00
-2.096884965896606445e+00 -1.684803962707519531e+00 -4.170677661895751953e+00
-1.193141222000122070e+00 -1.722127437591552734e+00 -4.366846084594726562e+00
-1.660390615463256836e+00 -1.469321131706237793e+00 -3.792854309082031250e+00
-1.866342544555664062e+00 -2.295662403106689453e+00 -4.592784881591796875e+00
-1.119997262954711914e+00 -2.422817945480346680e+00 -3.942649126052856445e+00
-2.084818363189697266e+00 -3.404574632644653320e+00 -3.873924732208251953e+00
-1.588782310485839844e+00 -4.387956142425537109e+00 -4.097259521484375000e+00
