-1.240884661674499512e+00 4.278830587863922119e-01 1.507751703262329102e+00
-1.299249529838562012e+00 4.269450008869171143e-01 1.561218619346618652e+00
-1.231379628181457520e+00 4.099307656288146973e-01 1.399446129798889160e+00
-1.120923042297363281e+00 5.793908238410949707e-01 1.664220452308654785e+00
-1.390966176986694336e+00 3.948999643325805664e-01 1.481204390525817871e+00
-1.070883631706237793e+00 4.527236521244049072e-01 1.399610996246337891e+00
-1.294085860252380371e+00 4.165389537811279297e-01 1.705657482147216797e+00
-1.333315968513488770e+00 3.750115036964416504e-01 1.329780817031860352e+00
2.817681729793548584e-01 2.532425403594970703e+00 2.063822031021118164e+00
-1.479070544242858887e+00 4.058423936367034912e-01 1.606071352958679199e+00
-1.122610688209533691e+00 4.086300432682037354e-01 1.255007028579711914e+00
-1.138817191123962402e+00 4.611704945564270020e-01 1.833158731460571289e+00
-1.477595925331115723e+00 3.566813766956329346e-01 1.370572686195373535e+00
-9.758605360984802246e-01 3.353714346885681152e-01 1.449486851692199707e+00
-1.422588586807250977e+00 3.642839193344116211e-01 1.766206860542297363e+00
-1.285022258758544922e+00 3.729695081710815430e-01 1.167144894599914551e+00
-6.376709938049316406e-01 7.643514871597290039e-01 2.016140699386596680e+00
-1.620323061943054199e+00 3.697271347045898438e-01 1.523442625999450684e+00
-1.040352582931518555e+00 2.725419700145721436e-01 1.308195471763610840e+00
-1.262651681900024414e+00 4.078079760074615479e-01 1.978484153747558594e+00
-1.558408617973327637e+00 4.069542586803436279e-01 1.127251863479614258e+00
-3.261731266975402832e-01 6.890885829925537109e-01 1.630824804306030273e+00
-1.575745463371276855e+00 3.117227256298065186e-01 1.740739107131958008e+00
-9.928073883056640625e-01 7.555711269378662109e-01 4.050233662128448486e-01
-9.982596635818481445e-01 3.324652910232543945e-01 1.931164741516113281e+00
-1.842664599418640137e+00 3.989597260951995850e-01 1.315767526626586914e+00
-9.684474468231201172e-01 2.010391056537628174e-01 1.381878852844238281e+00
-1.484099149703979492e+00 3.606467247009277344e-01 2.088900327682495117e+00
-1.457229256629943848e+00 3.473892509937286377e-01 9.062587022781372070e-01
1.051543712615966797e+00 1.217482328414916992e+00 2.712587833404541016e+00
-1.817101120948791504e+00 2.945572137832641602e-01 1.659640550613403320e+00
1.478029638528823853e-01 1.073760151863098145e+00 -6.519765853881835938e-01
-1.101141571998596191e+00 3.509761691093444824e-01 2.320876598358154297e+00
-2.250182628631591797e+00 4.904975295066833496e-01 7.260946631431579590e-01
-8.206880688667297363e-01 1.781752556562423706e-01 1.472939252853393555e+00
-1.567753314971923828e+00 1.866241395473480225e-01 1.861087203025817871e+00
-1.237028002738952637e+00 2.632624804973602295e-01 7.171894311904907227e-01
-1.576283872127532959e-01 4.599310457706451416e-01 2.701883554458618164e+00
-1.851076722145080566e+00 1.855307966470718384e-01 1.451199293136596680e+00
-4.274011850357055664e-01 2.608290314674377441e-01 8.903467655181884766e-01
-1.431440949440002441e+00 2.473550140857696533e-01 2.555217504501342773e+00
-1.762328386306762695e+00 2.098098099231719971e-01 6.791254281997680664e-01
1.700853556394577026e-02 2.390823662281036377e-01 1.852488040924072266e+00
-1.678810119628906250e+00 1.043565943837165833e-01 1.732487797737121582e+00
-5.638580303639173508e-03 4.364465475082397461e-01 -1.824112534523010254e+00
-4.549428820610046387e-01 2.294435352087020874e-01 3.438398122787475586e+00
-1.883264303207397461e+00 8.954595774412155151e-02 1.203315973281860352e+00
-7.302297949790954590e-01 6.617956608533859253e-02 1.350311398506164551e+00
-1.525748610496520996e+00 5.623682960867881775e-02 1.993821620941162109e+00
-1.412639379501342773e+00 4.742018133401870728e-02 7.079201340675354004e-01
-1.219974011182785034e-01 2.529262192547321320e-02 2.302556753158569336e+00
-1.816154837608337402e+00 2.158111520111560822e-02 1.579446554183959961e+00
-5.163545608520507812e-01 -1.737069524824619293e-02 6.565439701080322266e-01
-1.221799373626708984e+00 2.034351928159594536e-03 2.031102657318115234e+00
-2.109103441238403320e+00 -7.375933974981307983e-02 6.267328858375549316e-01
5.235499143600463867e-01 -1.583710014820098877e-01 1.597968459129333496e+00
-1.579233407974243164e+00 -1.898038201034069061e-02 1.787312269210815430e+00
-8.871337771415710449e-01 -3.532635867595672607e-01 -1.027760863304138184e+00
-6.581882834434509277e-01 -1.399370133876800537e-01 2.354007005691528320e+00
-1.882141351699829102e+00 -8.952094614505767822e-02 1.360200047492980957e+00
-3.094599843025207520e-01 -1.932129114866256714e-01 9.800437092781066895e-01
-1.415799736976623535e+00 -9.623841941356658936e-02 2.046930074691772461e+00
-1.589180350303649902e+00 -1.798841953277587891e-01 7.441445589065551758e-01
1.500517487525939941e+00 -8.050019741058349609e-01 2.670794486999511719e+00
-1.741940021514892578e+00 -1.236949041485786438e-01 1.685215234756469727e+00
-3.951570093631744385e-01 -5.547120571136474609e-01 -8.251842856407165527e-02
-1.087902545928955078e+00 -1.770459413528442383e-01 2.099819660186767578e+00
-1.842973351478576660e+00 -2.322336882352828979e-01 1.116448998451232910e+00
1.598091483116149902e+00 -1.120581984519958496e+00 1.034093856811523438e+00
-1.418651342391967773e+00 -8.449846506118774414e-02 1.734990477561950684e+00
-1.354140043258666992e+00 -6.240208148956298828e-01 5.460728704929351807e-02
-5.782051682472229004e-01 -3.981328606605529785e-01 2.126819372177124023e+00
-2.347934246063232422e+00 -5.258092284202575684e-01 1.496950387954711914e+00
-4.485192298889160156e-01 -5.353786945343017578e-01 7.959730625152587891e-01
-1.298935294151306152e+00 -3.012405931949615479e-01 2.102518558502197266e+00
-1.353185892105102539e+00 -7.321455329656600952e-02 1.358276724815368652e+00
1.158176302909851074e+00 -1.507797598838806152e+00 1.956293344497680664e+00
-1.571774244308471680e+00 -2.212645411491394043e-01 1.713729619979858398e+00
-5.476997494697570801e-01 -1.775365829467773438e+00 -9.740219116210937500e-01
-9.792435765266418457e-01 -3.902248740196228027e-01 2.023772716522216797e+00
-2.007134914398193359e+00 -6.013232469558715820e-01 1.219414710998535156e+00
-4.089005887508392334e-01 -7.004275321960449219e-01 1.173783421516418457e+00
-2.241799592971801758e+00 -1.974567174911499023e+00 3.593397617340087891e+00
-1.376799821853637695e+00 -3.917420506477355957e-01 1.059152245521545410e+00
-6.794228553771972656e-01 -5.951734185218811035e-01 1.840489864349365234e+00
-1.991084694862365723e+00 -7.496521472930908203e-01 1.665024042129516602e+00
-3.722065687179565430e-01 -1.587141513824462891e+00 2.974193394184112549e-01
-1.180349469184875488e+00 -5.520868301391601562e-01 2.013573169708251953e+00
-1.347771167755126953e+00 -1.352611780166625977e-01 1.415869235992431641e+00
-4.485709965229034424e-01 -1.010424017906188965e+00 1.482727646827697754e+00
-2.451507568359375000e+00 -2.367997884750366211e+00 2.689200162887573242e+00
-1.201880455017089844e+00 -1.033368825912475586e+00 8.115345835685729980e-01
-1.013113737106323242e+00 -5.632807612419128418e-01 1.786175131797790527e+00
-2.495802879333496094e+00 -2.295777797698974609e+00 1.326422095298767090e+00
-2.183985114097595215e-01 -2.500545024871826172e+00 8.110384941101074219e-01
-1.362013936042785645e+00 -1.195519685745239258e+00 2.022669315338134766e+00
-1.314566016197204590e+00 -3.739663362503051758e-01 1.376209139823913574e+00
-1.054669260978698730e+00 -6.295416951179504395e-01 1.569167613983154297e+00
-1.308303475379943848e+00 -3.230790495872497559e-01 1.538106203079223633e+00
-1.240884661674499512e+00 -4.452418088912963867e-01 1.507751703262329102e+00
