4.318975448608398438e+00 4.408834934234619141e+00 -1.998200798034667969e+01
4.318975448608398438e+00 4.408834934234619141e+00 -1.998200798034667969e+01
4.318975448608398438e+00 4.408834934234619141e+00 -1.998200798034667969e+01
4.318975448608398438e+00 4.408834934234619141e+00 -1.998200798034667969e+01
4.318975448608398438e+00 4.408834934234619141e+00 -1.998200798034667969e+01
4.318975448608398438e+00 4.408834934234619141e+00 -1.998200798034667969e+01
4.318975448608398438e+00 4.408834934234619141e+00 -1.998200798034667969e+01
4.318975448608398438e+00 4.408834934234619141e+00 -1.998200798034667969e+01
4.318975448608398438e+00 4.408834934234619141e+00 -1.998200798034667969e+01
4.318975448608398438e+00 4.408834934234619141e+00 -1.998200798034667969e+01
4.318975448608398438e+00 4.408834934234619141e+00 -1.998200798034667969e+01
4.318975448608398438e+00 4.408834934234619141e+00 -1.998200798034667969e+01
4.318975448608398438e+00 4.408834934234619141e+00 -1.998200798034667969e+01
4.318975448608398438e+00 4.408834934234619141e+00 -1.998200798034667969e+01
4.318975448608398438e+00 4.408834934234619141e+00 -1.998200798034667969e+01
4.318975448608398438e+00 4.408834934234619141e+00 -1.998200798034667969e+01
4.318975448608398438e+00 4.408834934234619141e+00 -1.998200798034667969e+01
4.318975448608398438e+00 4.408834934234619141e+00 -1.998200798034667969e+01
4.318975448608398438e+00 4.408834934234619141e+00 -1.998200798034667969e+01
4.318975448608398438e+00 4.408834934234619141e+00 -1.998200798034667969e+01
4.318975448608398438e+00 4.408834934234619141e+00 -1.998200798034667969e+01
4.318975448608398438e+00 4.408834934234619141e+00 -1.998200798034667969e+01
4.318975448608398438e+00 4.408834934234619141e+00 -1.998200798034667969e+01
4.318975448608398438e+00 4.408834934234619141e+00 -1.998200798034667969e+01
4.318975448608398438e+00 4.408834934234619141e+00 -1.998200798034667969e+01
4.318975448608398438e+00 4.408834934234619141e+00 -1.998200798034667969e+01
4.318975448608398438e+00 4.408834934234619141e+00 -1.998200798034667969e+01
4.318975448608398438e+00 4.408834934234619141e+00 -1.998200798034667969e+01
4.318975448608398438e+00 4.408834934234619141e+00 -1.998200798034667969e+01
4.318975448608398438e+00 4.408834934234619141e+00 -1.998200798034667969e+01
4.318975448608398438e+00 4.408834934234619141e+00 -1.998200798034667969e+01
4.318975448608398438e+00 4.408834934234619141e+00 -1.998200798034667969e+01
4.318975448608398438e+00 4.408834934234619141e+00 -1.998200798034667969e+01
4.318975448608398438e+00 4.408834934234619141e+00 -1.998200798034667969e+01
5.196760654449462891e+00 4.621358394622802734e+00 -1.782575035095214844e+01
4.318975448608398438e+00 4.408834934234619141e+00 -1.998200798034667969e+01
4.318975448608398438e+00 4.408834934234619141e+00 -1.998200798034667969e+01
4.165636062622070312e+00 4.404150009155273438e+00 -1.996289825439453125e+01
4.318975448608398438e+00 4.408834934234619141e+00 -1.998200798034667969e+01
4.357982158660888672e+00 4.332963943481445312e+00 -1.891237258911132812e+01
4.318975448608398438e+00 4.408834934234619141e+00 -1.998200798034667969e+01
2.804322719573974609e+00 4.148579120635986328e+00 -1.873052597045898438e+01
4.318975448608398438e+00 4.408834934234619141e+00 -1.998200798034667969e+01
4.318975448608398438e+00 4.408834934234619141e+00 -1.998200798034667969e+01
3.604493856430053711e+00 4.265463829040527344e+00 -2.014640808105468750e+01
4.116634845733642578e+00 4.252211093902587891e+00 -1.935828971862792969e+01
4.318975448608398438e+00 4.408834934234619141e+00 -1.998200798034667969e+01
4.318975448608398438e+00 4.408834934234619141e+00 -1.998200798034667969e+01
4.168600559234619141e+00 4.359960556030273438e+00 -1.992874908447265625e+01
4.318975448608398438e+00 4.408834934234619141e+00 -1.998200798034667969e+01
4.787385940551757812e+00 3.746852636337280273e+00 -1.816917610168457031e+01
4.318975448608398438e+00 4.408834934234619141e+00 -1.998200798034667969e+01
4.075922966003417969e+00 4.239767074584960938e+00 -1.967131423950195312e+01
4.318975448608398438e+00 4.408834934234619141e+00 -1.998200798034667969e+01
4.318975448608398438e+00 4.408834934234619141e+00 -1.998200798034667969e+01
3.724773168563842773e+00 4.105592727661132812e+00 -1.998780632019042969e+01
4.318975448608398438e+00 4.408834934234619141e+00 -1.998200798034667969e+01
4.268782138824462891e+00 4.114510059356689453e+00 -1.946774101257324219e+01
4.318975448608398438e+00 4.408834934234619141e+00 -1.998200798034667969e+01
4.318975448608398438e+00 4.408834934234619141e+00 -1.998200798034667969e+01
4.181545734405517578e+00 4.300673007965087891e+00 -1.989645767211914062e+01
4.318975448608398438e+00 4.408834934234619141e+00 -1.998200798034667969e+01
4.318975448608398438e+00 4.408834934234619141e+00 -1.998200798034667969e+01
3.760776281356811523e+00 3.942257404327392578e+00 -2.019205665588378906e+01
4.318975448608398438e+00 4.408834934234619141e+00 -1.998200798034667969e+01
4.179874897003173828e+00 4.128980636596679688e+00 -1.969215774536132812e+01
4.318975448608398438e+00 4.408834934234619141e+00 -1.998200798034667969e+01
4.318975448608398438e+00 4.408834934234619141e+00 -1.998200798034667969e+01
2.785526037216186523e+00 2.796467542648315430e+00 -1.966053390502929688e+01
4.318975448608398438e+00 4.408834934234619141e+00 -1.998200798034667969e+01
4.367013931274414062e+00 3.939644575119018555e+00 -1.958060455322265625e+01
3.797817707061767578e+00 3.558408260345458984e+00 -2.043000984191894531e+01
4.318975448608398438e+00 4.408834934234619141e+00 -1.998200798034667969e+01
4.227314949035644531e+00 4.226580619812011719e+00 -1.989255714416503906e+01
4.326497554779052734e+00 4.202000141143798828e+00 -2.011627197265625000e+01
4.945415973663330078e+00 2.751946687698364258e+00 -1.921625709533691406e+01
3.247425794601440430e+00 2.415081024169921875e+00 -2.013684082031250000e+01
4.318975448608398438e+00 4.408834934234619141e+00 -1.998200798034667969e+01
4.268097877502441406e+00 3.890238285064697266e+00 -1.976572990417480469e+01
4.318975448608398438e+00 4.408834934234619141e+00 -1.998200798034667969e+01
4.582022190093994141e+00 3.464235782623291016e+00 -1.989525222778320312e+01
4.199522972106933594e+00 3.767026662826538086e+00 -1.992822647094726562e+01
4.318975448608398438e+00 3.486733436584472656e+00 -1.998200798034667969e+01
