-2.583051621913909912e-01 -5.114194154739379883e-01 1.165273562073707581e-01
-4.680611789226531982e-01 1.314996778964996338e-01 3.086810708045959473e-01
-2.465445995330810547e-01 -8.034095764160156250e-01 -1.747812889516353607e-02
-1.006517857313156128e-01 -5.521901845932006836e-01 3.221582770347595215e-01
-1.500397682189941406e+00 1.682010173797607422e+00 -1.031813323497772217e-01
-9.744282811880111694e-02 -8.708299398422241211e-01 1.419990509748458862e-02
-3.537969291210174561e-01 -5.847948193550109863e-01 4.717519581317901611e-01
-3.601281940937042236e-01 -8.921847939491271973e-01 -7.952669262886047363e-02
-4.806524515151977539e-02 -9.179077148437500000e-01 1.933066397905349731e-01
-2.017121791839599609e+00 1.445523381233215332e+00 8.425412774085998535e-01
6.989420056343078613e-01 1.728157758712768555e+00 -1.929054260253906250e+00
-1.960746496915817261e-01 -1.004863262176513672e+00 3.149280250072479248e-01
-7.240993976593017578e-01 -6.373479366302490234e-01 -1.534099429845809937e-01
5.927726626396179199e-03 -9.668346047401428223e-01 5.843649804592132568e-02
-1.072669386863708496e+00 1.949973255395889282e-01 1.274876713752746582e+00
-3.967398107051849365e-01 -2.151827365159988403e-01 -9.517633318901062012e-01
-6.599909625947475433e-03 -9.595603346824645996e-01 3.286648094654083252e-01
-3.977564573287963867e+00 1.978091955184936523e+00 2.703303992748260498e-01
8.298864704556763172e-04 -9.605756998062133789e-01 -1.413466334342956543e-01
-2.735428512096405029e-01 -1.004096150398254395e+00 4.460566043853759766e-01
-5.395805835723876953e-01 -9.363552331924438477e-01 -2.205346226692199707e-01
7.120654731988906860e-02 -1.028036475181579590e+00 1.608626842498779297e-01
-1.388549923896789551e+00 -3.421812057495117188e-01 9.029222130775451660e-01
6.791774183511734009e-02 -3.200761377811431885e-01 -1.333566188812255859e+00
6.063640117645263672e-02 -8.765975236892700195e-01 6.731228828430175781e-01
-1.021882534027099609e+00 -8.056235313415527344e-01 -1.270746439695358276e-01
9.749064594507217407e-02 -1.050750732421875000e+00 -4.785933345556259155e-02
-5.207525491714477539e-01 -9.152521491050720215e-01 7.436319589614868164e-01
-3.539394438266754150e-01 -1.125912070274353027e+00 -1.493602842092514038e-01
1.439229100942611694e-01 -1.055416822433471680e+00 3.279271721839904785e-01
-2.639109611511230469e+00 -2.069035470485687256e-01 7.440997362136840820e-01
9.255228936672210693e-02 -1.000768423080444336e+00 -4.291366040706634521e-01
2.041992098093032837e-01 -2.301426529884338379e-01 2.807708024978637695e+00
-1.419177293777465820e+00 -7.430427074432373047e-01 -7.825172543525695801e-01
2.285739779472351074e-01 -1.101085066795349121e+00 7.619041204452514648e-02
-1.118908762931823730e+00 -8.739016056060791016e-01 1.046814680099487305e+00
-2.469732612371444702e-01 -6.036758422851562500e-01 -2.206377029418945312e+00
3.487441241741180420e-01 -1.026366114616394043e+00 7.857105731964111328e-01
-3.257428407669067383e+00 -5.427283644676208496e-01 -1.614307165145874023e-01
2.027127146720886230e-01 -1.136538743972778320e+00 -2.333687692880630493e-01
-3.266490995883941650e-01 -1.187493801116943359e+00 4.922060668468475342e-01
-1.008528232574462891e+00 -1.016639113426208496e+00 -1.075652122497558594e+00
1.055397033691406250e+00 -1.053369164466857910e+00 4.765586555004119873e-01
-1.319368124008178711e+00 -1.104189872741699219e+00 6.610473394393920898e-01
-2.566063078120350838e-03 -1.179912209510803223e+00 -5.732849240303039551e-01
2.738866806030273438e-01 -1.133314371109008789e+00 1.423843383789062500e+00
-3.536827087402343750e+00 -1.004991650581359863e+00 -1.437225341796875000e+00
3.418502807617187500e-01 -1.230405807495117188e+00 -6.850698590278625488e-02
-1.374221682548522949e+00 -1.195255160331726074e+00 2.020641088485717773e+00
-4.633271098136901855e-01 -1.252300858497619629e+00 -8.382241129875183105e-01
5.076010823249816895e-01 -1.271655321121215820e+00 6.605912446975708008e-01
-3.963490962982177734e+00 -1.375364184379577637e+00 5.782975554466247559e-01
9.424067139625549316e-01 -1.355843663215637207e+00 -1.294118165969848633e+00
-1.577266305685043335e-01 -1.457797169685363770e+00 2.874563455581665039e+00
-2.435421705245971680e+00 -1.545309185981750488e+00 -2.092686414718627930e+00
2.185068130493164062e+00 -1.535699486732482910e+00 2.414586693048477173e-01
-1.106902003288269043e+00 -1.407975554466247559e+00 8.176802992820739746e-01
-1.753693968057632446e-01 -1.354166865348815918e+00 -4.779154062271118164e-01
2.309076040983200073e-01 -1.412526249885559082e+00 8.270156383514404297e-01
-2.202147483825683594e+00 -1.652225255966186523e+00 -3.307462334632873535e-01
5.174123644828796387e-01 -1.455689191818237305e+00 -3.229632079601287842e-01
-3.915119171142578125e-01 -1.365275263786315918e+00 5.271391272544860840e-01
-2.328799486160278320e+00 -2.564284324645996094e+00 -4.422846317291259766e+00
6.253173947334289551e-01 -1.534258604049682617e+00 4.914051294326782227e-01
-1.468143582344055176e+00 -1.655382990837097168e+00 5.450273156166076660e-01
4.255522415041923523e-02 -1.473428845405578613e+00 -4.491976499557495117e-01
1.053829491138458252e-01 -1.776148319244384766e+00 1.524064302444458008e+00
-1.718027830123901367e+00 -1.920132040977478027e+00 -8.321591019630432129e-01
7.097940444946289062e-01 -1.657639384269714355e+00 -4.499135538935661316e-02
-1.108829498291015625e+00 -1.853792071342468262e+00 1.203751087188720703e+00
-2.855688333511352539e-01 -1.421810150146484375e+00 -2.332843989133834839e-01
1.353416293859481812e-01 -1.521925091743469238e+00 4.842677414417266846e-01
-2.866096258163452148e+00 -2.593011379241943359e+00 9.108339250087738037e-02
1.308713853359222412e-01 -1.544352650642395020e+00 -2.330683618783950806e-01
-4.077875018119812012e-01 -2.138700008392333984e+00 1.648073673248291016e+00
-1.463071227073669434e+00 -2.467680454254150391e+00 -1.487038612365722656e+00
2.786579132080078125e-01 -1.608407855033874512e+00 2.169209271669387817e-01
-2.167082786560058594e+00 -2.764436483383178711e+00 1.304736971855163574e+00
-1.485695093870162964e-01 -1.549415826797485352e+00 -2.763534486293792725e-01
4.006532952189445496e-02 -1.751823425292968750e+00 7.049877643585205078e-01
-1.197004795074462891e+00 -2.046788930892944336e+00 -2.367016673088073730e-01
1.383350491523742676e-01 -1.614754557609558105e+00 -4.268873482942581177e-02
-8.330398201942443848e-01 -2.418463945388793945e+00 1.314124584197998047e+00
-3.196660578250885010e-01 -1.456700682640075684e+00 -8.599943667650222778e-02
7.986531406641006470e-02 -1.644224405288696289e+00 3.169367313385009766e-01
-1.505302667617797852e+00 -2.573338508605957031e+00 3.779486715793609619e-01
-5.978453159332275391e-02 -1.633826136589050293e+00 -1.600721627473831177e-01
-1.046575903892517090e-01 -2.762831449508666992e+00 1.400379776954650879e+00
-7.777047753334045410e-01 -2.109722852706909180e+00 -3.299624621868133545e-01
8.964736759662628174e-02 -1.723098993301391602e+00 1.055378019809722900e-01
-9.498769044876098633e-01 -2.637258768081665039e+00 7.914330363273620605e-01
-2.422546148300170898e-01 -1.703518629074096680e+00 -1.699720025062561035e-01
6.619266420602798462e-02 -2.120437860488891602e+00 5.131880640983581543e-01
-1.324003458023071289e+00 -3.245031833648681641e+00 -3.746090456843376160e-02
-5.861516669392585754e-02 -1.758165001869201660e+00 -1.953968219459056854e-02
-3.835616111755371094e-01 -2.538910150527954102e+00 6.489895582199096680e-01
-3.645464777946472168e-01 -1.857847690582275391e+00 -7.314403355121612549e-02
-7.677743583917617798e-02 -1.914029836654663086e+00 1.763971596956253052e-01
-6.537474393844604492e-01 -3.386843442916870117e+00 2.945708036422729492e-01
-2.583051621913909912e-01 -1.881748795509338379e+00 1.165273562073707581e-01
