-1.855430006980895996e+00 2.126456022262573242e+00 -3.218062400817871094e+00
-2.141417264938354492e+00 9.502066373825073242e-01 -2.956074714660644531e+00
-1.818628668785095215e+00 4.855916500091552734e-01 -3.637394905090332031e+00
-1.705754876136779785e+00 -2.759091556072235107e-01 -3.022837638854980469e+00
-2.588322877883911133e+00 7.872463464736938477e-01 -3.347700834274291992e+00
-1.171515583992004395e+00 7.138268351554870605e-01 -3.653112888336181641e+00
-1.961056828498840332e+00 -2.006920576095581055e-01 -2.825136184692382812e+00
-1.885547876358032227e+00 -8.405197262763977051e-01 -3.276052474975585938e+00
-1.165352702140808105e+00 1.800126731395721436e-01 -2.966047286987304688e+00
-2.318183660507202148e+00 -2.375483065843582153e-01 -3.027044534683227539e+00
-1.821142077445983887e+00 -8.428438901901245117e-01 -3.291333675384521484e+00
-1.297231435775756836e+00 1.358006000518798828e+00 -1.438437461853027344e+00
-2.053446769714355469e+00 -6.843348145484924316e-01 -3.332817316055297852e+00
-1.232946634292602539e+00 -2.542112469673156738e-01 -3.354913711547851562e+00
-2.215416431427001953e+00 -3.058222532272338867e-01 -2.706018686294555664e+00
-1.863481879234313965e+00 -8.890586495399475098e-01 -3.280198097229003906e+00
-3.074577450752258301e-01 9.110469222068786621e-01 -1.913429737091064453e+00
-3.114529609680175781e+00 1.469855159521102905e-01 -3.165994644165039062e+00
-1.779167294502258301e+00 -8.611980080604553223e-01 -3.293954133987426758e+00
-1.903479576110839844e+00 -1.361775100231170654e-01 -2.178946971893310547e+00
-1.914254665374755859e+00 -8.818165063858032227e-01 -3.288553953170776367e+00
-5.929899811744689941e-01 -5.295055732131004333e-02 -3.048202991485595703e+00
-3.093404769897460938e+00 5.771784111857414246e-02 -2.356711864471435547e+00
-1.718502163887023926e+00 -5.545253753662109375e-01 -3.826720237731933594e+00
-1.121279001235961914e+00 -6.244167312979698181e-02 -1.936871051788330078e+00
-4.918109893798828125e+00 8.812161087989807129e-01 -4.195140838623046875e+00
-1.754737377166748047e+00 -8.901232481002807617e-01 -3.264585018157958984e+00
-2.244127511978149414e+00 -4.361597597599029541e-01 -2.289289712905883789e+00
-1.880487799644470215e+00 -9.142544269561767578e-01 -3.287729263305664062e+00
-4.478848874568939209e-01 -2.264659702777862549e-01 -2.478296041488647461e+00
-2.181495428085327148e+00 -8.054305911064147949e-01 -3.132112503051757812e+00
-1.652733445167541504e+00 -7.989414334297180176e-01 -3.533302307128906250e+00
-1.698271989822387695e+00 -5.992758870124816895e-01 -2.303604841232299805e+00
-2.500495672225952148e+00 -6.614924669265747070e-01 -3.717637538909912109e+00
-7.193686366081237793e-01 -5.740979313850402832e-01 -3.312182664871215820e+00
-2.738308191299438477e+00 -5.516422390937805176e-01 -2.263697147369384766e+00
-1.855098247528076172e+00 -9.306753277778625488e-01 -3.286073923110961914e+00
-1.205246970057487488e-01 -2.760572135448455811e-01 -1.305582523345947266e+00
-2.628752231597900391e+00 -7.644486427307128906e-01 -3.289733648300170898e+00
-1.686916232109069824e+00 -9.040353298187255859e-01 -3.345958471298217773e+00
-2.043569326400756836e+00 -7.443972229957580566e-01 -2.183882474899291992e+00
-1.904220938682556152e+00 -9.339871406555175781e-01 -3.295596122741699219e+00
1.594534397125244141e+00 -4.016276895999908447e-01 -2.272570133209228516e+00
-3.929648399353027344e+00 -6.411369442939758301e-01 -2.153607845306396484e+00
-1.567879676818847656e+00 -8.574706315994262695e-01 -3.993680000305175781e+00
-1.473831534385681152e+00 -8.575648665428161621e-01 -2.280675172805786133e+00
-4.307235717773437500e+00 -7.576307058334350586e-01 -4.380018711090087891e+00
-1.673154711723327637e+00 -9.403092265129089355e-01 -3.274259805679321289e+00
-3.229449510574340820e+00 -8.675692081451416016e-01 -8.735416531562805176e-01
-1.871302723884582520e+00 -9.491912722587585449e-01 -3.291979074478149414e+00
-2.585771679878234863e-01 -9.697412252426147461e-01 -2.083732843399047852e+00
-2.874628543853759766e+00 -9.810930490493774414e-01 -3.091041564941406250e+00
-1.464413166046142578e+00 -9.804617762565612793e-01 -3.677444934844970703e+00
-1.664418935775756836e+00 -1.321484208106994629e+00 2.019789457321166992e+00
-2.602032423019409180e+00 -1.047054052352905273e+00 -3.975672006607055664e+00
8.314156532287597656e-01 -1.250745892524719238e+00 -3.080682277679443359e+00
-3.002130746841430664e+00 -1.146987199783325195e+00 -2.270601034164428711e+00
-1.845425128936767578e+00 -9.610534906387329102e-01 -3.289772272109985352e+00
-1.539717555046081543e+00 -1.046990156173706055e+00 -2.759550094604492188e+00
-4.038415908813476562e+00 -1.388002634048461914e+00 -3.720362424850463867e+00
-1.460959553718566895e+00 -1.048366427421569824e+00 -3.441553592681884766e+00
-2.686415672302246094e+00 -1.593188285827636719e+00 -6.565371751785278320e-01
-1.891248822212219238e+00 -9.724811911582946777e-01 -3.296591758728027344e+00
-1.397800087928771973e+00 -1.090872764587402344e+00 -3.023912429809570312e+00
-3.092015981674194336e+00 -1.351866126060485840e+00 -2.780089139938354492e+00
-1.451372146606445312e+00 -1.233683705329895020e+00 -3.977835416793823242e+00
-6.686763763427734375e-01 -2.627137422561645508e+00 1.374882817268371582e+00
-3.644861936569213867e+00 -1.756537556648254395e+00 -4.381029605865478516e+00
-1.407110214233398438e+00 -1.133096218109130859e+00 -3.292860507965087891e+00
-2.688228130340576172e+00 -1.529251456260681152e+00 -2.153497934341430664e+00
-1.861534595489501953e+00 -9.857007265090942383e-01 -3.296387910842895508e+00
-1.660997152328491211e+00 -1.078257441520690918e+00 -3.036425352096557617e+00
-2.766592741012573242e+00 -1.414952874183654785e+00 -3.226952552795410156e+00
-8.487024903297424316e-01 -1.679921627044677734e+00 -4.122401714324951172e+00
-2.036375045776367188e+00 -2.010981321334838867e+00 -1.364158749580383301e+00
-3.233578681945800781e+00 -2.328960895538330078e+00 -5.052403926849365234e+00
-1.107475280761718750e+00 -1.432248592376708984e+00 -3.078220605850219727e+00
-2.939979076385498047e+00 -1.803531050682067871e+00 -2.542933225631713867e+00
-1.658904314041137695e+00 -1.464392542839050293e+00 -3.921673059463500977e+00
-4.786450862884521484e-01 -3.209408044815063477e+00 -5.027020573616027832e-01
-3.421070337295532227e+00 -2.258614778518676758e+00 -3.807206869125366211e+00
-1.100871682167053223e+00 -1.620712161064147949e+00 -3.520951032638549805e+00
-2.250463962554931641e+00 -1.744716882705688477e+00 -2.394914627075195312e+00
-2.355423212051391602e+00 -2.535108327865600586e+00 -4.868332386016845703e+00
-6.550186872482299805e-01 -2.306159019470214844e+00 -2.506664752960205078e+00
-3.493127584457397461e+00 -2.671935558319091797e+00 -2.874734401702880859e+00
-1.574993491172790527e+00 -1.474974989891052246e+00 -3.608795642852783203e+00
-1.742127537727355957e+00 -2.056573629379272461e+00 -2.271326303482055664e+00
-3.129804134368896484e+00 -3.029482126235961914e+00 -4.313548564910888672e+00
-1.353245139122009277e+00 -1.615200877189636230e+00 -3.233923196792602539e+00
-2.357945442199707031e+00 -1.949136734008789062e+00 -2.727656841278076172e+00
-1.851166367530822754e+00 -1.067193865776062012e+00 -3.294166564941406250e+00
-1.725013613700866699e+00 -1.294896721839904785e+00 -3.058643579483032227e+00
-2.675182342529296875e+00 -2.475208282470703125e+00 -3.336512565612792969e+00
-1.623077869415283203e+00 -1.527082562446594238e+00 -3.376385211944580078e+00
-1.952445626258850098e+00 -1.938840270042419434e+00 -2.805651187896728516e+00
-2.334356546401977539e+00 -3.635240077972412109e+00 -4.073084831237792969e+00
-1.789229035377502441e+00 -1.187682032585144043e+00 -3.196228504180908203e+00
-2.018683433532714844e+00 -1.827101945877075195e+00 -3.144559383392333984e+00
-1.855430006980895996e+00 -1.706506609916687012e+00 -3.218062400817871094e+00
