6.456443071365356445e-01 3.486015498638153076e-01 -9.501775503158569336e-01
5.847921967506408691e-01 2.674243748188018799e-01 -8.944320678710937500e-01
7.045214176177978516e-01 2.159786701202392578e+00 -1.621051669120788574e+00
6.740525960922241211e-01 -8.956494741141796112e-03 -9.131239652633666992e-01
-2.169067561626434326e-01 1.907644748687744141e+00 -1.102750658988952637e+00
1.068670034408569336e+00 8.922189474105834961e-01 -1.219271898269653320e+00
3.877741694450378418e-01 1.692310452461242676e+00 9.086547419428825378e-03
4.659674130380153656e-03 2.192167758941650391e+00 -2.184354543685913086e+00
6.966075301170349121e-01 -5.344035103917121887e-02 -9.315658807754516602e-01
-4.844430983066558838e-01 1.602873206138610840e+00 -4.836938977241516113e-01
9.908437728881835938e-01 9.414706230163574219e-01 -1.687848687171936035e+00
6.684388518333435059e-01 -4.264251887798309326e-02 -8.775050044059753418e-01
-6.889564394950866699e-01 1.653345704078674316e+00 -1.723605990409851074e+00
1.196473717689514160e+00 4.787666201591491699e-01 -1.071275830268859863e+00
-6.895256042480468750e-02 1.141756057739257812e+00 6.626296043395996094e-02
4.824879169464111328e-01 1.097062826156616211e+00 -2.209244012832641602e+00
6.830734014511108398e-01 -9.189219772815704346e-02 -9.186322689056396484e-01
-1.459841012954711914e+00 1.697430372238159180e+00 -8.631091117858886719e-01
1.078567266464233398e+00 3.669592142105102539e-01 -1.380993723869323730e+00
5.731859803199768066e-01 1.090279579162597656e+00 6.168000102043151855e-01
-7.841028571128845215e-01 1.519229888916015625e+00 -2.663492441177368164e+00
7.098175883293151855e-01 -9.129296243190765381e-02 -9.415431022644042969e-01
-1.932227492332458496e+00 1.961417078971862793e+00 8.434385061264038086e-01
8.292788267135620117e-01 3.934223353862762451e-01 -1.766451478004455566e+00
6.889126300811767578e-01 -8.458317071199417114e-02 -8.746685385704040527e-01
-3.380721569061279297e+00 2.270467281341552734e+00 -2.234698057174682617e+00
1.360887050628662109e+00 2.881082594394683838e-01 -1.280637860298156738e+00
-9.795981459319591522e-03 7.294960021972656250e-01 6.159635186195373535e-01
-1.005767434835433960e-01 9.262740015983581543e-01 -3.024862051010131836e+00
6.922037601470947266e-01 -1.129582375288009644e-01 -9.257072210311889648e-01
-2.703612327575683594e+00 1.347625732421875000e+00 -6.732424348592758179e-02
1.186333656311035156e+00 2.659356594085693359e-01 -1.791073799133300781e+00
6.621903777122497559e-01 -9.996959567070007324e-02 -8.539006710052490234e-01
-2.613533496856689453e+00 1.320559382438659668e+00 -3.474268198013305664e+00
2.482068061828613281e+00 4.706763327121734619e-01 -1.102321505546569824e+00
-7.034324854612350464e-02 1.861294955015182495e-01 -1.762159913778305054e-01
6.514139771461486816e-01 1.983811259269714355e-01 -2.132889509201049805e+00
6.789207458496093750e-01 -1.239644140005111694e-01 -9.134951233863830566e-01
-8.036940097808837891e-01 2.107805758714675903e-01 -1.084501862525939941e+00
1.668197870254516602e+00 1.417535543441772461e-01 -1.726259231567382812e+00
2.221070379018783569e-01 3.258594274520874023e-01 1.377957820892333984e+00
-6.794397532939910889e-02 9.664645791053771973e-02 -2.084140777587890625e+00
7.030276656150817871e-01 -1.277698129415512085e-01 -9.344511628150939941e-01
-2.724115371704101562e+00 3.648133277893066406e-01 7.791274189949035645e-01
1.591822147369384766e+00 1.674273908138275146e-01 -3.502329826354980469e+00
6.758700013160705566e-01 -1.295721083879470825e-01 -8.759288787841796875e-01
-1.812483549118041992e+00 5.593007430434226990e-02 -2.115130186080932617e+00
1.711676597595214844e+00 -8.047733455896377563e-02 -1.278846740722656250e+00
-4.714849591255187988e-01 -6.990744918584823608e-02 9.560055136680603027e-01
3.422341346740722656e-01 -1.222920566797256470e-01 -2.363105773925781250e+00
7.036585807800292969e-01 -1.376090049743652344e-01 -9.089668989181518555e-01
-2.358363389968872070e+00 -2.286670655012130737e-01 -5.757938623428344727e-01
1.553379178047180176e+00 -2.077107876539230347e-01 -2.016621589660644531e+00
7.163016796112060547e-01 -2.743234336376190186e-01 9.873687028884887695e-01
5.151856541633605957e-01 -1.538569033145904541e-01 -1.082559585571289062e+00
7.104846835136413574e-01 -1.441490054130554199e-01 -9.468622207641601562e-01
-4.160600602626800537e-01 -3.193177878856658936e-01 -7.294453680515289307e-02
7.583957910537719727e-01 -2.619667351245880127e-01 -1.758324980735778809e+00
6.932562589645385742e-01 -1.515238434076309204e-01 -8.810302615165710449e-01
-9.232839345932006836e-01 -4.517182707786560059e-01 -1.311184287071228027e+00
1.676421284675598145e+00 -3.940457105636596680e-01 -1.534174561500549316e+00
9.143465757369995117e-02 -5.658820271492004395e-01 7.581816315650939941e-01
-1.529885053634643555e+00 -1.505064964294433594e+00 -5.719830989837646484e+00
6.969787478446960449e-01 -1.526975482702255249e-01 -9.283988475799560547e-01
-1.072003722190856934e+00 -6.951546072959899902e-01 -3.418218493461608887e-01
1.074611663818359375e+00 -4.381103217601776123e-01 -1.756789445877075195e+00
6.697682738304138184e-01 -1.709834337234497070e-01 -8.568134903907775879e-01
5.154604911804199219e-01 -1.955702304840087891e-01 -1.034785151481628418e+00
1.756656050682067871e+00 -5.907450318336486816e-01 -1.135540008544921875e+00
-3.131157398223876953e+00 -2.764042854309082031e+00 3.877701282501220703e+00
6.122639179229736328e-01 -3.323520123958587646e-01 -1.378470778465270996e+00
6.985850334167480469e-01 -1.718247085809707642e-01 -9.007209539413452148e-01
-8.468273282051086426e-01 -8.985501527786254883e-01 -9.647394418716430664e-01
1.504843235015869141e+00 -7.598855495452880859e-01 -1.721992492675781250e+00
4.853516221046447754e-01 -1.076814532279968262e+00 6.921278834342956543e-01
5.487478971481323242e-01 -2.338468134403228760e-01 -1.079148411750793457e+00
7.064610719680786133e-01 -1.761058121919631958e-01 -9.388068914413452148e-01
-4.868553876876831055e-01 -1.028204917907714844e+00 -2.451991140842437744e-01
7.496691346168518066e-01 -4.091917872428894043e-01 -1.322612166404724121e+00
6.841038465499877930e-01 -2.000063955783843994e-01 -8.743258714675903320e-01
5.227563977241516113e-01 -2.396075576543807983e-01 -9.964197874069213867e-01
1.728133201599121094e+00 -1.099157929420471191e+00 -1.384701490402221680e+00
-2.278459072113037109e-01 -1.894250035285949707e+00 8.699482679367065430e-01
6.008749604225158691e-01 -2.788246273994445801e-01 -1.097942590713500977e+00
7.000439167022705078e-01 -1.983499079942703247e-01 -9.179388284683227539e-01
7.297703530639410019e-03 -8.080888390541076660e-01 -8.163541555404663086e-01
9.936566948890686035e-01 -7.884225249290466309e-01 -1.435064554214477539e+00
6.708917617797851562e-01 -3.834807574748992920e-01 -7.392140030860900879e-01
3.168631792068481445e-01 -6.733960509300231934e-01 -1.232806563377380371e+00
1.663761496543884277e+00 -1.485593199729919434e+00 -9.823332428932189941e-01
1.949533820152282715e-01 -1.033025979995727539e+00 -5.103477239608764648e-01
6.512732505798339844e-01 -2.916731536388397217e-01 -1.050653100013732910e+00
6.898791790008544922e-01 -2.538881003856658936e-01 -8.961055874824523926e-01
3.100218772888183594e-01 -7.613582611083984375e-01 -9.986733794212341309e-01
1.637773513793945312e+00 -2.601189613342285156e+00 -1.626205801963806152e+00
5.612890124320983887e-01 -9.967280626296997070e-01 -5.915850400924682617e-01
5.452504158020019531e-01 -6.997867822647094727e-01 -1.129409551620483398e+00
6.830848455429077148e-01 -2.713389098644256592e-01 -9.378292560577392578e-01
4.327730238437652588e-01 -1.280629634857177734e+00 -8.543346524238586426e-01
6.456443071365356445e-01 -5.912463665008544922e-01 -9.501775503158569336e-01
