-1.135168194770812988e+00 2.411505699157714844e+00 -4.548949718475341797e+00
-1.312920808792114258e+00 -5.238857865333557129e-01 -4.386113643646240234e+00
-1.106097817420959473e+00 -5.709354877471923828e-01 -4.880191802978515625e+00
-6.497493386268615723e-01 4.811189174652099609e-01 -3.915806770324707031e+00
-2.125618219375610352e+00 6.427856683731079102e-01 -4.724146366119384766e+00
-7.917914986610412598e-01 -8.695686459541320801e-01 -4.767377853393554688e+00
-1.535342454910278320e+00 1.133721828460693359e+00 -3.060321092605590820e+00
-2.259819746017456055e+00 2.381579160690307617e+00 -6.714397907257080078e+00
5.457817576825618744e-03 1.628062278032302856e-01 -4.132394790649414062e+00
-3.445276498794555664e+00 1.851486444473266602e+00 -3.595370531082153320e+00
-8.130013942718505859e-01 -6.985030174255371094e-01 -5.237401485443115234e+00
-8.791701197624206543e-01 -6.464477777481079102e-01 -3.732787609100341797e+00
-2.433265447616577148e+00 3.635719045996665955e-02 -5.301223754882812500e+00
-7.918332815170288086e-01 -1.321170449256896973e+00 -4.624431133270263672e+00
-1.878567576408386230e+00 -3.747294247150421143e-01 -3.491540670394897461e+00
-1.290487051010131836e+00 -5.302349925041198730e-01 -5.747534275054931641e+00
3.862208127975463867e-01 1.241303682327270508e-01 -3.266721487045288086e+00
-2.606580734252929688e+00 -4.230029881000518799e-01 -4.488101959228515625e+00
-6.413668394088745117e-01 -1.130211114883422852e+00 -5.040348052978515625e+00
-1.293184876441955566e+00 9.712927341461181641e-01 -1.131693124771118164e+00
-2.246683359146118164e+00 -4.174106419086456299e-01 -5.880916118621826172e+00
-7.119625210762023926e-01 -1.404211401939392090e+00 -4.492008209228515625e+00
-2.284863233566284180e+00 -7.690966725349426270e-01 -3.749021768569946289e+00
-9.292380809783935547e-01 -1.110213398933410645e+00 -5.464329719543457031e+00
-3.060542047023773193e-02 -3.696093857288360596e-01 -2.621340513229370117e+00
-2.198365926742553711e+00 -1.069228529930114746e+00 -4.888138771057128906e+00
-9.561622738838195801e-01 -1.598547101020812988e+00 -4.631655216217041016e+00
-1.384578704833984375e+00 -1.375232338905334473e+00 -3.952996253967285156e+00
-1.680219292640686035e+00 -9.283615946769714355e-01 -6.064330577850341797e+00
-6.392871141433715820e-01 -1.450025916099548340e+00 -4.288328647613525391e+00
-2.667581558227539062e+00 -1.025689721107482910e+00 -4.145010471343994141e+00
-9.858685731887817383e-01 -1.593681097030639648e+00 -4.781145095825195312e+00
-1.061511158943176270e+00 -1.540555953979492188e+00 -4.120360851287841797e+00
-3.225305080413818359e+00 -7.702386379241943359e-01 -6.167669296264648438e+00
-1.021015286445617676e+00 -1.667146086692810059e+00 -4.558406829833984375e+00
-1.895836830139160156e+00 -1.361734986305236816e+00 -3.726689100265502930e+00
-1.128434181213378906e+00 -1.313607096672058105e+00 -5.929329395294189453e+00
-7.912148237228393555e-01 -1.571309208869934082e+00 -4.169791221618652344e+00
-2.425417184829711914e+00 -1.395404696464538574e+00 -4.668529510498046875e+00
-1.018076539039611816e+00 -1.673005461692810059e+00 -4.637818336486816406e+00
-1.222864985466003418e+00 -1.609096646308898926e+00 -4.066890716552734375e+00
-2.900396347045898438e+00 -1.127205014228820801e+00 -7.354074001312255859e+00
-5.184809565544128418e-01 -1.606898188591003418e+00 -4.379941463470458984e+00
-2.224761724472045898e+00 -1.542689561843872070e+00 -3.989788293838500977e+00
-8.453224301338195801e-01 -1.611690044403076172e+00 -5.330759048461914062e+00
-1.014517784118652344e+00 -1.675701618194580078e+00 -4.252574920654296875e+00
-2.304102897644042969e+00 -1.613219141960144043e+00 -5.102929592132568359e+00
-7.941614985466003418e-01 -1.686867117881774902e+00 -4.654085636138916016e+00
-2.527091741561889648e+00 -1.621453404426574707e+00 -2.173878669738769531e+00
-1.473823785781860352e+00 -1.688618779182434082e+00 -6.126009464263916016e+00
-5.596283674240112305e-01 -1.712044000625610352e+00 -4.140113353729248047e+00
-2.630435705184936523e+00 -1.750595331192016602e+00 -4.362597465515136719e+00
-1.027060508728027344e+00 -1.713347077369689941e+00 -4.675959110260009766e+00
-1.124778509140014648e+00 -1.725121259689331055e+00 -4.264047145843505859e+00
-3.241211652755737305e+00 -1.978813290596008301e+00 -6.686042785644531250e+00
-4.878914058208465576e-01 -1.777374982833862305e+00 -4.515853881835937500e+00
-2.966166257858276367e+00 -2.019524335861206055e+00 -3.036087989807128906e+00
-9.060872197151184082e-01 -1.959034919738769531e+00 -6.190889358520507812e+00
-7.717831134796142578e-01 -1.816600203514099121e+00 -4.021202087402343750e+00
-2.607837200164794922e+00 -2.000424861907958984e+00 -4.887807369232177734e+00
-8.069475293159484863e-01 -1.786796331405639648e+00 -4.734906196594238281e+00
-1.158578753471374512e+00 -1.723033785820007324e+00 -4.476786613464355469e+00
-1.254110693931579590e+00 -1.779714822769165039e+00 -4.809720516204833984e+00
-3.599698245525360107e-01 -1.943619012832641602e+00 -4.220070838928222656e+00
-1.198638081550598145e+00 -1.725541472434997559e+00 -4.526470184326171875e+00
-1.095372796058654785e+00 -1.732856988906860352e+00 -4.623779296875000000e+00
-6.941805481910705566e-01 -2.328139543533325195e+00 -2.842250108718872070e+00
-1.208256363868713379e+00 -1.737856984138488770e+00 -4.596450328826904297e+00
-4.731650352478027344e-01 -1.975344896316528320e+00 -4.659399032592773438e+00
-1.161061882972717285e+00 -1.722924351692199707e+00 -4.515850067138671875e+00
-1.143459916114807129e+00 -1.753465771675109863e+00 -4.655338764190673828e+00
-4.077244997024536133e-01 -2.184938669204711914e+00 -3.869379997253417969e+00
-1.177758932113647461e+00 -1.726648211479187012e+00 -4.549365043640136719e+00
-6.527028679847717285e-01 -2.054742813110351562e+00 -4.982346534729003906e+00
-1.338441133499145508e+00 -2.896864652633666992e+00 -2.466283082962036133e+00
-1.161969780921936035e+00 -1.731730937957763672e+00 -4.584623336791992188e+00
-3.669249117374420166e-01 -2.200288534164428711e+00 -4.405314922332763672e+00
-1.162355065345764160e+00 -1.726309657096862793e+00 -4.532025814056396484e+00
-1.125049114227294922e+00 -1.731400966644287109e+00 -4.585178375244140625e+00
1.078918799757957458e-01 -3.744908809661865234e+00 -2.097327709197998047e+00
-1.161775469779968262e+00 -1.727152705192565918e+00 -4.558961868286132812e+00
-4.290026128292083740e-01 -2.332651615142822266e+00 -4.832413196563720703e+00
-1.152165055274963379e+00 -1.739108324050903320e+00 -4.513532638549804688e+00
-1.144881129264831543e+00 -1.735705852508544922e+00 -4.581007957458496094e+00
-3.769736289978027344e-01 -2.561507940292358398e+00 -4.099622249603271484e+00
-1.157801389694213867e+00 -1.728710651397705078e+00 -4.544204711914062500e+00
-1.491239964962005615e-01 -3.550937891006469727e+00 -5.922808647155761719e+00
-1.043552160263061523e+00 -2.599721431732177734e+00 -3.783421754837036133e+00
-1.152819037437438965e+00 -1.733715415000915527e+00 -4.564122676849365234e+00
-5.297818183898925781e-01 -2.506870031356811523e+00 -4.568069934844970703e+00
-1.149283647537231445e+00 -1.732979178428649902e+00 -4.535174369812011719e+00
-1.064674615859985352e+00 -3.643326282501220703e+00 -5.807248115539550781e+00
-6.286649703979492188e-01 -3.044575929641723633e+00 -3.929808616638183594e+00
-1.593971967697143555e+00 -2.558575153350830078e+00 -4.615244865417480469e+00
-4.651480317115783691e-01 -3.369141817092895508e+00 -5.005495548248291016e+00
-1.210401654243469238e+00 -2.471771478652954102e+00 -4.229133605957031250e+00
-1.326336264610290527e+00 -2.776769638061523438e+00 -4.890239715576171875e+00
-8.619244694709777832e-01 -2.686128854751586914e+00 -4.458830833435058594e+00
-1.314487457275390625e+00 -2.668380022048950195e+00 -4.468213081359863281e+00
-1.135168194770812988e+00 -2.904698848724365234e+00 -4.548949718475341797e+00
