4.922551631927490234e+00 4.873559951782226562e+00 -2.023937416076660156e+01
4.922551631927490234e+00 4.873559951782226562e+00 -2.023937416076660156e+01
4.922551631927490234e+00 4.873559951782226562e+00 -2.023937416076660156e+01
4.922551631927490234e+00 4.873559951782226562e+00 -2.023937416076660156e+01
4.922551631927490234e+00 4.873559951782226562e+00 -2.023937416076660156e+01
4.922551631927490234e+00 4.873559951782226562e+00 -2.023937416076660156e+01
4.922551631927490234e+00 4.873559951782226562e+00 -2.023937416076660156e+01
4.922551631927490234e+00 4.873559951782226562e+00 -2.023937416076660156e+01
4.922551631927490234e+00 4.873559951782226562e+00 -2.023937416076660156e+01
4.922551631927490234e+00 4.873559951782226562e+00 -2.023937416076660156e+01
4.922551631927490234e+00 4.873559951782226562e+00 -2.023937416076660156e+01
4.922551631927490234e+00 4.873559951782226562e+00 -2.023937416076660156e+01
4.922551631927490234e+00 4.873559951782226562e+00 -2.023937416076660156e+01
4.922551631927490234e+00 4.873559951782226562e+00 -2.023937416076660156e+01
4.922551631927490234e+00 4.873559951782226562e+00 -2.023937416076660156e+01
4.922551631927490234e+00 4.873559951782226562e+00 -2.023937416076660156e+01
4.922551631927490234e+00 4.873559951782226562e+00 -2.023937416076660156e+01
4.922551631927490234e+00 4.873559951782226562e+00 -2.023937416076660156e+01
4.922551631927490234e+00 4.873559951782226562e+00 -2.023937416076660156e+01
4.922551631927490234e+00 4.873559951782226562e+00 -2.023937416076660156e+01
4.922551631927490234e+00 4.873559951782226562e+00 -2.023937416076660156e+01
4.922551631927490234e+00 4.873559951782226562e+00 -2.023937416076660156e+01
4.922551631927490234e+00 4.873559951782226562e+00 -2.023937416076660156e+01
4.922551631927490234e+00 4.873559951782226562e+00 -2.023937416076660156e+01
4.922551631927490234e+00 4.873559951782226562e+00 -2.023937416076660156e+01
4.922551631927490234e+00 4.873559951782226562e+00 -2.023937416076660156e+01
4.922551631927490234e+00 4.873559951782226562e+00 -2.023937416076660156e+01
4.922551631927490234e+00 4.873559951782226562e+00 -2.023937416076660156e+01
4.922551631927490234e+00 4.873559951782226562e+00 -2.023937416076660156e+01
4.922551631927490234e+00 4.873559951782226562e+00 -2.023937416076660156e+01
4.922551631927490234e+00 4.873559951782226562e+00 -2.023937416076660156e+01
4.922551631927490234e+00 4.873559951782226562e+00 -2.023937416076660156e+01
4.922551631927490234e+00 4.873559951782226562e+00 -2.023937416076660156e+01
4.922551631927490234e+00 4.873559951782226562e+00 -2.023937416076660156e+01
4.922551631927490234e+00 4.873559951782226562e+00 -2.023937416076660156e+01
4.922551631927490234e+00 4.873559951782226562e+00 -2.023937416076660156e+01
4.922551631927490234e+00 4.873559951782226562e+00 -2.023937416076660156e+01
4.922551631927490234e+00 4.873559951782226562e+00 -2.023937416076660156e+01
4.922551631927490234e+00 4.873559951782226562e+00 -2.023937416076660156e+01
4.922551631927490234e+00 4.873559951782226562e+00 -2.023937416076660156e+01
4.922551631927490234e+00 4.873559951782226562e+00 -2.023937416076660156e+01
4.978905677795410156e+00 4.763947486877441406e+00 -1.869405174255371094e+01
4.922551631927490234e+00 4.873559951782226562e+00 -2.023937416076660156e+01
4.922551631927490234e+00 4.873559951782226562e+00 -2.023937416076660156e+01
4.922551631927490234e+00 4.873559951782226562e+00 -2.023937416076660156e+01
4.922551631927490234e+00 4.873559951782226562e+00 -2.023937416076660156e+01
4.556798458099365234e+00 4.800166130065917969e+00 -2.032353401184082031e+01
4.449932098388671875e+00 4.507723808288574219e+00 -1.878251647949218750e+01
4.922551631927490234e+00 4.873559951782226562e+00 -2.023937416076660156e+01
4.405191421508789062e+00 4.705409049987792969e+00 -2.005613517761230469e+01
4.922551631927490234e+00 4.873559951782226562e+00 -2.023937416076660156e+01
4.922551631927490234e+00 4.873559951782226562e+00 -2.023937416076660156e+01
4.922551631927490234e+00 4.873559951782226562e+00 -2.023937416076660156e+01
4.101063251495361328e+00 4.302130699157714844e+00 -1.918926811218261719e+01
4.922551631927490234e+00 4.873559951782226562e+00 -2.023937416076660156e+01
4.922551631927490234e+00 4.873559951782226562e+00 -2.023937416076660156e+01
3.634850025177001953e+00 4.216401100158691406e+00 -2.025193786621093750e+01
4.718586444854736328e+00 3.677548885345458984e+00 -1.814961433410644531e+01
4.922551631927490234e+00 4.873559951782226562e+00 -2.023937416076660156e+01
4.922551631927490234e+00 4.873559951782226562e+00 -2.023937416076660156e+01
4.513105392456054688e+00 4.551312446594238281e+00 -1.998449516296386719e+01
4.922551631927490234e+00 4.873559951782226562e+00 -2.023937416076660156e+01
4.922551631927490234e+00 4.873559951782226562e+00 -2.023937416076660156e+01
4.469035625457763672e+00 3.961138486862182617e+00 -1.929436492919921875e+01
4.922551631927490234e+00 4.873559951782226562e+00 -2.023937416076660156e+01
4.922551631927490234e+00 4.873559951782226562e+00 -2.023937416076660156e+01
4.319592475891113281e+00 4.239569664001464844e+00 -2.011297035217285156e+01
5.098976135253906250e+00 3.150434970855712891e+00 -1.876520347595214844e+01
4.922551631927490234e+00 4.873559951782226562e+00 -2.023937416076660156e+01
4.246153354644775391e+00 3.528636217117309570e+00 -1.957927703857421875e+01
4.922551631927490234e+00 4.873559951782226562e+00 -2.023937416076660156e+01
4.922551631927490234e+00 4.873559951782226562e+00 -2.023937416076660156e+01
4.686789512634277344e+00 4.434894561767578125e+00 -2.027344131469726562e+01
4.922551631927490234e+00 4.873559951782226562e+00 -2.023937416076660156e+01
4.711557865142822266e+00 2.722890138626098633e+00 -1.934244537353515625e+01
4.656323909759521484e+00 3.380853414535522461e+00 -2.071466636657714844e+01
4.922551631927490234e+00 4.873559951782226562e+00 -2.023937416076660156e+01
4.528962612152099609e+00 2.758839607238769531e+00 -2.006216430664062500e+01
4.922551631927490234e+00 2.694112539291381836e+00 -2.023937416076660156e+01
