-1.441712975502014160e+00 -9.424398541450500488e-01 -1.019484400749206543e+00
-1.577089786529541016e+00 -8.345533609390258789e-01 -8.954681158065795898e-01
-1.427620172500610352e+00 -1.184294581413269043e+00 -1.180064797401428223e+00
-1.202534079551696777e+00 -6.569104790687561035e-01 -7.075179219245910645e-01
-1.798744797706604004e+00 -8.877416849136352539e-01 -1.082638263702392578e+00
-1.211300373077392578e+00 -1.173494338989257812e+00 -1.166054010391235352e+00
-1.583800315856933594e+00 -7.261310219764709473e-01 -4.909265935420989990e-01
-1.620769500732421875e+00 -1.083413600921630859e+00 -1.364246845245361328e+00
-4.002116993069648743e-02 5.611744523048400879e-01 -5.075888037681579590e-01
-2.014336824417114258e+00 -8.524757027626037598e-01 -7.831136584281921387e-01
-1.320387601852416992e+00 -1.355020999908447266e+00 -1.278749704360961914e+00
-1.197479009628295898e+00 -7.242023944854736328e-01 -2.408279478549957275e-01
-2.032403945922851562e+00 -9.416729211807250977e-01 -1.361801862716674805e+00
-9.540439844131469727e-01 -1.188963770866394043e+00 -1.126697063446044922e+00
-1.953124165534973145e+00 -8.189459443092346191e-01 -2.920546829700469971e-01
-1.470610618591308594e+00 -1.515473246574401855e+00 -1.242486000061035156e+00
-6.469579935073852539e-01 -7.785570621490478516e-01 -3.496640324592590332e-01
-2.427478551864624023e+00 -8.752176165580749512e-01 -9.787198901176452637e-01
-2.217509746551513672e-01 -3.141967356204986572e-01 -2.233509540557861328e+00
-1.526356935501098633e+00 -3.004781901836395264e-01 8.110190629959106445e-01
-2.345226526260375977e+00 -6.874594688415527344e-01 -2.102195501327514648e+00
-5.563586354255676270e-01 -1.104953885078430176e+00 -9.003612399101257324e-01
-2.179939508438110352e+00 -1.133133292198181152e+00 -5.058455467224121094e-01
-1.345180153846740723e+00 -1.455252647399902344e+00 -1.448582410812377930e+00
-4.854828119277954102e-01 -5.780424475669860840e-01 6.492647528648376465e-01
-2.499774217605590820e+00 -1.101413726806640625e+00 -1.357034802436828613e+00
-8.461752533912658691e-01 -1.380157351493835449e+00 -1.294637918472290039e+00
-2.235119104385375977e+00 -6.852719783782958984e-01 8.763192296028137207e-01
-3.681560993194580078e+00 1.457153797149658203e+00 -7.246832847595214844e+00
-3.188568353652954102e-01 -1.156870126724243164e+00 -4.293426871299743652e-01
-2.898917436599731445e+00 -1.088139176368713379e+00 -6.353699564933776855e-01
5.638529658317565918e-01 -2.398348897695541382e-01 -4.138600349426269531e+00
-1.105907917022705078e+00 -9.847185015678405762e-01 9.344689249992370605e-01
-1.552991867065429688e+00 -1.684264779090881348e+00 -1.105665087699890137e+00
-7.332857847213745117e-01 -1.499649167060852051e+00 -1.078176140785217285e+00
-2.069715738296508789e+00 -1.450701713562011719e+00 -3.406319320201873779e-01
-1.431288242340087891e+00 -1.128249883651733398e+00 -3.156438827514648438e+00
-2.651426196098327637e-01 -1.277005791664123535e+00 2.775126695632934570e-01
-3.152204990386962891e+00 -1.323709964752197266e+00 -1.178012371063232422e+00
-3.048577606678009033e-01 -1.424236059188842773e+00 -1.882316946983337402e+00
-1.946114778518676758e+00 -1.182926058769226074e+00 1.753153800964355469e+00
-1.515386223793029785e+00 -1.709915637969970703e+00 -1.136558532714843750e+00
3.007441461086273193e-01 -1.457085728645324707e+00 -5.419491529464721680e-01
-2.183232784271240234e+00 -1.623626351356506348e+00 -6.389486789703369141e-01
7.162158489227294922e-01 -1.039975881576538086e+00 -6.840126991271972656e+00
-4.489088654518127441e-01 -1.493655562400817871e+00 1.419314265251159668e+00
-1.730874061584472656e+00 -1.711344480514526367e+00 -1.156523227691650391e+00
-7.119694948196411133e-01 -1.695409893989562988e+00 -1.244472146034240723e+00
-3.594044446945190430e+00 -1.604973673820495605e+00 2.653087854385375977e+00
-1.909981608390808105e+00 -1.711496829986572266e+00 -3.200129508972167969e+00
-1.105095669627189636e-01 -1.750521421432495117e+00 -7.385985553264617920e-02
-1.556081771850585938e+00 -1.737520933151245117e+00 -1.005230784416198730e+00
1.304636150598526001e-01 -1.856686592102050781e+00 -2.866541862487792969e+00
-1.404129862785339355e+00 -1.807128548622131348e+00 1.110983267426490784e-02
-1.598832011222839355e+00 -1.754460811614990234e+00 -1.178919911384582520e+00
1.738802552223205566e+00 -2.090083837509155273e+00 -8.568624854087829590e-01
-3.289933443069458008e+00 -2.051597833633422852e+00 5.076073408126831055e-01
-6.915616393089294434e-01 -2.566178560256958008e+00 -6.396200656890869141e+00
-2.724446356296539307e-01 -2.093405008316040039e+00 6.786550283432006836e-01
-2.292401075363159180e+00 -1.904729604721069336e+00 -1.215225696563720703e+00
-6.447563171386718750e-01 -1.932849407196044922e+00 -1.471008181571960449e+00
-1.897388815879821777e+00 -2.086747407913208008e+00 3.851429522037506104e-01
-2.594029903411865234e+00 -2.458710670471191406e+00 -3.545836210250854492e+00
3.725389838218688965e-01 -2.292688369750976562e+00 -2.497861236333847046e-01
-1.571879506111145020e+00 -1.776333093643188477e+00 -9.733821153640747070e-01
-1.703563891351222992e-02 -2.734432935714721680e+00 -3.698386669158935547e+00
-1.237006187438964844e+00 -2.023329257965087891e+00 -2.272332161664962769e-01
-2.001209974288940430e+00 -1.986218929290771484e+00 -1.383106350898742676e+00
-6.924881935119628906e-01 -2.040089607238769531e+00 -1.144485831260681152e+00
-2.802122831344604492e+00 -2.680331230163574219e+00 7.195250391960144043e-01
-1.563833713531494141e+00 -2.449115991592407227e+00 -2.586377382278442383e+00
-8.032537102699279785e-01 -2.155333757400512695e+00 -4.230429828166961670e-01
-2.256105422973632812e+00 -2.149639606475830078e+00 -1.027430295944213867e+00
-1.945188492536544800e-01 -2.638353109359741211e+00 -2.139833927154541016e+00
-1.511020660400390625e+00 -2.140433549880981445e+00 -3.093806207180023193e-01
-3.033187866210937500e+00 -3.326491594314575195e+00 -3.137767076492309570e+00
-7.359384894371032715e-01 -2.189121723175048828e+00 -8.875288963317871094e-01
-1.914483785629272461e+00 -2.106112957000732422e+00 -7.251856923103332520e-01
-1.019524931907653809e+00 -2.839171409606933594e+00 -2.531021833419799805e+00
-1.156483054161071777e+00 -2.202120065689086914e+00 -4.569403529167175293e-01
-2.101883649826049805e+00 -2.285838603973388672e+00 -1.267904043197631836e+00
6.903605163097381592e-02 -3.076992273330688477e+00 -1.625916957855224609e+00
-2.005039691925048828e+00 -2.867373943328857422e+00 1.543413549661636353e-01
-1.820315718650817871e+00 -2.934329748153686523e+00 -2.269094705581665039e+00
-9.355766177177429199e-01 -2.305850982666015625e+00 -7.195336818695068359e-01
-2.012495040893554688e+00 -2.334183692932128906e+00 -8.998252749443054199e-01
-5.546725988388061523e-01 -3.394701719284057617e+00 -2.255400896072387695e+00
-1.387329101562500000e+00 -2.265191316604614258e+00 -5.650617480278015137e-01
-2.098448038101196289e+00 -2.805688858032226562e+00 -1.584031581878662109e+00
-2.727290689945220947e-01 -3.282583475112915039e+00 -1.056404948234558105e+00
-1.771967649459838867e+00 -2.390691995620727539e+00 -6.971884369850158691e-01
-1.389989614486694336e+00 -3.156300783157348633e+00 -1.942736744880676270e+00
-1.191269516944885254e+00 -2.396431207656860352e+00 -7.133464217185974121e-01
-2.053247928619384766e+00 -2.871865272521972656e+00 -1.107848286628723145e+00
-1.441712975502014160e+00 -1.734026789665222168e+00 -1.019484400749206543e+00
-1.498232841491699219e+00 -2.310136079788208008e+00 -7.792199254035949707e-01
-1.624090671539306641e+00 -2.756597280502319336e+00 -1.345081210136413574e+00
-1.441712975502014160e+00 -1.734026789665222168e+00 -1.019484400749206543e+00
-1.656655907630920410e+00 -2.888897180557250977e+00 -9.227087497711181641e-01
-1.441712975502014160e+00 -2.505136966705322266e+00 -1.019484400749206543e+00
