3.828644514083862305e+00 5.121979236602783203e+00 -1.949461364746093750e+01
3.828644514083862305e+00 5.121979236602783203e+00 -1.949461364746093750e+01
3.828644514083862305e+00 5.121979236602783203e+00 -1.949461364746093750e+01
3.828644514083862305e+00 5.121979236602783203e+00 -1.949461364746093750e+01
3.828644514083862305e+00 5.121979236602783203e+00 -1.949461364746093750e+01
3.828644514083862305e+00 5.121979236602783203e+00 -1.949461364746093750e+01
3.828644514083862305e+00 5.121979236602783203e+00 -1.949461364746093750e+01
3.828644514083862305e+00 5.121979236602783203e+00 -1.949461364746093750e+01
3.828644514083862305e+00 5.121979236602783203e+00 -1.949461364746093750e+01
3.828644514083862305e+00 5.121979236602783203e+00 -1.949461364746093750e+01
3.828644514083862305e+00 5.121979236602783203e+00 -1.949461364746093750e+01
3.828644514083862305e+00 5.121979236602783203e+00 -1.949461364746093750e+01
3.828644514083862305e+00 5.121979236602783203e+00 -1.949461364746093750e+01
3.828644514083862305e+00 5.121979236602783203e+00 -1.949461364746093750e+01
3.828644514083862305e+00 5.121979236602783203e+00 -1.949461364746093750e+01
3.828644514083862305e+00 5.121979236602783203e+00 -1.949461364746093750e+01
3.828644514083862305e+00 5.121979236602783203e+00 -1.949461364746093750e+01
3.828644514083862305e+00 5.121979236602783203e+00 -1.949461364746093750e+01
3.828644514083862305e+00 5.121979236602783203e+00 -1.949461364746093750e+01
3.828644514083862305e+00 5.121979236602783203e+00 -1.949461364746093750e+01
3.828644514083862305e+00 5.121979236602783203e+00 -1.949461364746093750e+01
3.828644514083862305e+00 5.121979236602783203e+00 -1.949461364746093750e+01
3.828644514083862305e+00 5.121979236602783203e+00 -1.949461364746093750e+01
3.828644514083862305e+00 5.121979236602783203e+00 -1.949461364746093750e+01
3.828644514083862305e+00 5.121979236602783203e+00 -1.949461364746093750e+01
3.828644514083862305e+00 5.121979236602783203e+00 -1.949461364746093750e+01
3.828644514083862305e+00 5.121979236602783203e+00 -1.949461364746093750e+01
3.828644514083862305e+00 5.121979236602783203e+00 -1.949461364746093750e+01
3.828644514083862305e+00 5.121979236602783203e+00 -1.949461364746093750e+01
3.828644514083862305e+00 5.121979236602783203e+00 -1.949461364746093750e+01
3.828644514083862305e+00 5.121979236602783203e+00 -1.949461364746093750e+01
3.828644514083862305e+00 5.121979236602783203e+00 -1.949461364746093750e+01
3.828644514083862305e+00 5.121979236602783203e+00 -1.949461364746093750e+01
3.828644514083862305e+00 5.121979236602783203e+00 -1.949461364746093750e+01
3.828644514083862305e+00 5.121979236602783203e+00 -1.949461364746093750e+01
3.828644514083862305e+00 5.121979236602783203e+00 -1.949461364746093750e+01
3.828644514083862305e+00 5.121979236602783203e+00 -1.949461364746093750e+01
3.828644514083862305e+00 5.121979236602783203e+00 -1.949461364746093750e+01
3.828644514083862305e+00 5.121979236602783203e+00 -1.949461364746093750e+01
3.828644514083862305e+00 5.121979236602783203e+00 -1.949461364746093750e+01
3.828644514083862305e+00 5.121979236602783203e+00 -1.949461364746093750e+01
4.382616043090820312e+00 4.951714515686035156e+00 -1.869007492065429688e+01
2.403294563293457031e+00 4.835962295532226562e+00 -1.982258415222167969e+01
3.828644514083862305e+00 5.121979236602783203e+00 -1.949461364746093750e+01
3.533349037170410156e+00 4.893402576446533203e+00 -1.858436012268066406e+01
3.828644514083862305e+00 5.121979236602783203e+00 -1.949461364746093750e+01
3.349164009094238281e+00 4.966139793395996094e+00 -1.932479095458984375e+01
3.828644514083862305e+00 5.121979236602783203e+00 -1.949461364746093750e+01
3.828644514083862305e+00 5.121979236602783203e+00 -1.949461364746093750e+01
3.185105323791503906e+00 4.674331665039062500e+00 -1.867197799682617188e+01
3.828644514083862305e+00 5.121979236602783203e+00 -1.949461364746093750e+01
2.776285648345947266e+00 4.584924221038818359e+00 -1.950488090515136719e+01
3.828644514083862305e+00 5.121979236602783203e+00 -1.949461364746093750e+01
3.816165208816528320e+00 5.048802852630615234e+00 -1.936675453186035156e+01
3.828644514083862305e+00 5.121979236602783203e+00 -1.949461364746093750e+01
3.828644514083862305e+00 5.121979236602783203e+00 -1.949461364746093750e+01
3.515884399414062500e+00 4.875826835632324219e+00 -1.929992103576660156e+01
3.828644514083862305e+00 5.121979236602783203e+00 -1.949461364746093750e+01
4.125578880310058594e+00 4.634677886962890625e+00 -1.890898513793945312e+01
3.828644514083862305e+00 5.121979236602783203e+00 -1.949461364746093750e+01
3.758423805236816406e+00 4.980703353881835938e+00 -1.934829139709472656e+01
3.828644514083862305e+00 5.121979236602783203e+00 -1.949461364746093750e+01
3.568794012069702148e+00 4.848755836486816406e+00 -1.944013786315917969e+01
3.828644514083862305e+00 5.121979236602783203e+00 -1.949461364746093750e+01
3.900708198547363281e+00 4.418138504028320312e+00 -1.889246368408203125e+01
2.783662796020507812e+00 3.416775465011596680e+00 -2.039290809631347656e+01
3.828644514083862305e+00 5.121979236602783203e+00 -1.949461364746093750e+01
3.783536195755004883e+00 5.032287597656250000e+00 -1.945059204101562500e+01
3.852303028106689453e+00 4.471423625946044922e+00 -1.991691398620605469e+01
4.126023769378662109e+00 4.335432529449462891e+00 -1.913110160827636719e+01
2.643602848052978516e+00 2.917058944702148438e+00 -1.966584587097167969e+01
3.828644514083862305e+00 5.121979236602783203e+00 -1.949461364746093750e+01
3.828644514083862305e+00 5.121979236602783203e+00 -1.949461364746093750e+01
3.706560134887695312e+00 4.437467098236083984e+00 -1.971257019042968750e+01
4.079615116119384766e+00 4.220745086669921875e+00 -1.941184043884277344e+01
3.297592639923095703e+00 2.268682479858398438e+00 -1.925551414489746094e+01
3.828644514083862305e+00 1.599849104881286621e+00 -1.949461364746093750e+01
