-1.646581411361694336e+00 1.870828151702880859e+00 1.982745051383972168e+00
-1.646581411361694336e+00 -1.450268745422363281e+00 1.982745051383972168e+00
-1.619624853134155273e+00 -3.987486064434051514e-01 1.675589203834533691e+00
-1.601835608482360840e+00 -1.248760819435119629e+00 2.041108131408691406e+00
-2.445280551910400391e+00 4.429154694080352783e-01 1.841466426849365234e+00
-9.774044156074523926e-01 1.776607483625411987e-01 1.557069420814514160e+00
-1.672290921211242676e+00 -1.267898559570312500e+00 2.078383207321166992e+00
-1.865915060043334961e+00 -6.533061265945434570e-01 1.560431480407714844e+00
-8.131387829780578613e-01 -8.554754406213760376e-02 2.287117004394531250e+00
-1.788550972938537598e+00 -1.231707334518432617e+00 2.041347980499267578e+00
-1.386853575706481934e+00 -6.389107108116149902e-01 1.427721738815307617e+00
-1.605913639068603516e+00 -1.282121300697326660e+00 2.112400293350219727e+00
-2.364047765731811523e+00 -4.878579974174499512e-01 1.566958546638488770e+00
-1.145678281784057617e+00 -8.904141187667846680e-01 1.872622966766357422e+00
-1.725987672805786133e+00 -1.308185100555419922e+00 2.095692396163940430e+00
-1.823816180229187012e+00 -1.098405867815017700e-01 6.150364279747009277e-01
-1.500680565834045410e+00 -1.274863958358764648e+00 2.105710506439208984e+00
-1.808631062507629395e+00 -1.309089422225952148e+00 1.989446282386779785e+00
-4.779931008815765381e-01 -9.022899717092514038e-02 8.198435902595520020e-01
-1.653706312179565430e+00 -1.329599738121032715e+00 2.136827707290649414e+00
-2.053088665008544922e+00 -9.793988466262817383e-01 1.495613336563110352e+00
-1.395787119865417480e+00 -1.272071242332458496e+00 2.016489028930664062e+00
-1.783759236335754395e+00 -1.338610291481018066e+00 2.078189849853515625e+00
-9.776096940040588379e-01 4.816340208053588867e-01 -9.909013509750366211e-01
-1.533119320869445801e+00 -1.313104629516601562e+00 2.180751562118530273e+00
-2.488031148910522461e+00 -9.471673369407653809e-01 1.714299559593200684e+00
-5.559417009353637695e-01 -8.022089004516601562e-01 1.478841900825500488e+00
-1.706297755241394043e+00 -1.371333360671997070e+00 2.125434160232543945e+00
-2.590456008911132812e+00 -1.055013313889503479e-01 -6.414670944213867188e-01
-7.229205369949340820e-01 -9.754999876022338867e-01 2.468195199966430664e+00
-1.793550848960876465e+00 -1.385126352310180664e+00 2.021485805511474609e+00
-3.516574203968048096e-01 -4.855211377143859863e-01 -3.115928359329700470e-02
-1.614196658134460449e+00 -1.378006219863891602e+00 2.171182394027709961e+00
-2.700047254562377930e+00 -9.791765213012695312e-01 1.166881799697875977e+00
-1.368856072425842285e+00 -1.358385443687438965e+00 1.959736108779907227e+00
-1.762147188186645508e+00 -1.398130893707275391e+00 2.107668399810791016e+00
-1.634398698806762695e+00 -7.423364520072937012e-01 -5.145756006240844727e-01
-1.432872056961059570e+00 -1.367256522178649902e+00 2.218328475952148438e+00
-1.799840211868286133e+00 -1.413504719734191895e+00 1.968541026115417480e+00
-4.754675030708312988e-01 -1.131142616271972656e+00 1.093911409378051758e+00
-1.677652835845947266e+00 -1.416320681571960449e+00 2.153541088104248047e+00
-2.499318838119506836e+00 -1.171192646026611328e+00 6.276600956916809082e-01
1.814206123352050781e+00 -9.002212285995483398e-01 2.931203365325927734e+00
-1.782439589500427246e+00 -1.430041670799255371e+00 2.052465200424194336e+00
-1.304461359977722168e+00 -1.340233206748962402e+00 1.059934973716735840e+00
-1.569720268249511719e+00 -1.431659579277038574e+00 2.171552658081054688e+00
-1.816947817802429199e+00 -1.436904907226562500e+00 1.902005195617675781e+00
-1.235984444618225098e+00 -1.428540587425231934e+00 1.856153607368469238e+00
-1.735931515693664551e+00 -1.444911360740661621e+00 2.135205268859863281e+00
-1.830394983291625977e+00 -1.441424846649169922e+00 1.126757264137268066e+00
-7.361941337585449219e-01 -1.461549162864685059e+00 2.629441499710083008e+00
-1.808201313018798828e+00 -1.455206513404846191e+00 2.002887487411499023e+00
-4.163909852504730225e-01 -1.546247124671936035e+00 5.374668240547180176e-01
-1.640161633491516113e+00 -1.462755799293518066e+00 2.158787965774536133e+00
-3.658787727355957031e+00 -1.711965441703796387e+00 -5.912738293409347534e-02
-1.372044563293457031e+00 -1.481003046035766602e+00 1.996782302856445312e+00
-1.771563291549682617e+00 -1.471743822097778320e+00 2.086011171340942383e+00
-1.527613997459411621e+00 -1.582240700721740723e+00 1.130045175552368164e+00
-1.523680567741394043e+00 -1.488042712211608887e+00 2.161235094070434570e+00
-1.784985780715942383e+00 -1.478041529655456543e+00 1.950898528099060059e+00
1.308509588241577148e+00 -2.187497138977050781e+00 3.085086345672607422e-01
-1.699988842010498047e+00 -1.491609334945678711e+00 2.147374153137207031e+00
-2.871541976928710938e+00 -2.220637559890747070e+00 -7.028711438179016113e-01
-1.324559569358825684e+00 -1.549428820610046387e+00 2.119363069534301758e+00
-1.817769527435302734e+00 -1.505907773971557617e+00 2.043376445770263672e+00
-1.250792741775512695e+00 -1.728190898895263672e+00 1.238520979881286621e+00
-1.604689359664916992e+00 -1.509472727775573730e+00 2.144874572753906250e+00
-3.117893934249877930e+00 -2.113459825515747070e+00 1.026526212692260742e+00
-1.231165051460266113e+00 -1.619968771934509277e+00 1.913436532020568848e+00
-1.790227532386779785e+00 -1.550189375877380371e+00 2.166367530822753906e+00
-1.712175011634826660e+00 -1.834358096122741699e+00 1.141134023666381836e+00
-9.576404690742492676e-01 -1.904887557029724121e+00 2.626345872879028320e+00
-1.795028090476989746e+00 -1.526026248931884766e+00 1.981296658515930176e+00
-1.201129555702209473e+00 -1.773260831832885742e+00 1.582597494125366211e+00
-1.660818576812744141e+00 -1.533752918243408203e+00 2.128614664077758789e+00
-2.387742280960083008e+00 -2.191890716552734375e+00 9.962461590766906738e-01
-1.189419269561767578e+00 -1.745054483413696289e+00 2.068218708038330078e+00
-1.834382414817810059e+00 -1.598074316978454590e+00 2.099650621414184570e+00
-1.476546287536621094e+00 -1.895362854003906250e+00 1.373977184295654297e+00
-1.106036186218261719e+00 -2.337361812591552734e+00 3.048833847045898438e+00
-3.305487155914306641e+00 -2.836885690689086914e+00 1.358505249023437500e+00
-1.199343919754028320e+00 -1.847836017608642578e+00 1.803218603134155273e+00
-1.705768108367919922e+00 -1.569345355033874512e+00 2.106074571609497070e+00
-2.472245931625366211e+00 -4.067914009094238281e+00 -7.424303889274597168e-01
-8.542830944061279297e-01 -2.345393896102905273e+00 2.452283382415771484e+00
-1.800864458084106445e+00 -1.612491965293884277e+00 2.015089035034179688e+00
-1.366063117980957031e+00 -1.975441813468933105e+00 1.591897845268249512e+00
-1.422638416290283203e+00 -3.637506723403930664e+00 3.853974103927612305e+00
-2.210402488708496094e+00 -2.370313405990600586e+00 1.498069405555725098e+00
-1.195602536201477051e+00 -2.047682046890258789e+00 1.968501567840576172e+00
-2.727302074432373047e+00 -3.599130868911743164e+00 3.037421703338623047e+00
-1.597976088523864746e+00 -2.786804437637329102e+00 1.115148663520812988e+00
-9.072106480598449707e-01 -3.405849218368530273e+00 2.886539459228515625e+00
-2.181367397308349609e+00 -2.445305824279785156e+00 1.905471086502075195e+00
-1.351797699928283691e+00 -2.182466983795166016e+00 1.781882047653198242e+00
-1.916031837463378906e+00 -4.196789741516113281e+00 3.128172636032104492e+00
-1.840577483177185059e+00 -2.537981510162353516e+00 1.636406183242797852e+00
-1.190557956695556641e+00 -3.087845325469970703e+00 2.133146524429321289e+00
-1.940531373023986816e+00 -3.029637575149536133e+00 2.115092754364013672e+00
-1.646581411361694336e+00 -4.755426406860351562e+00 1.982745051383972168e+00
