-1.363712787628173828e+00 3.544351458549499512e-01 1.251066446304321289e+00
-1.412378072738647461e+00 3.516043126583099365e-01 1.295647859573364258e+00
-1.355139970779418945e+00 3.626680374145507812e-01 1.153383970260620117e+00
-1.283232450485229492e+00 3.906957209110260010e-01 1.356038808822631836e+00
-1.507071852684020996e+00 3.680701255798339844e-01 1.225708246231079102e+00
-1.217283844947814941e+00 3.844837844371795654e-01 1.157920360565185547e+00
-1.413479447364807129e+00 3.812803626060485840e-01 1.436195731163024902e+00
-1.457505106925964355e+00 3.690614998340606689e-01 1.070474982261657715e+00
-1.120418906211853027e+00 4.266428351402282715e-01 1.339916944503784180e+00
-1.587485551834106445e+00 3.727581501007080078e-01 1.343436598777770996e+00
-1.233850479125976562e+00 4.339351356029510498e-01 9.735581874847412109e-01
-1.265906572341918945e+00 4.326565265655517578e-01 1.562888026237487793e+00
-1.705034255981445312e+00 4.861103892326354980e-01 1.053263664245605469e+00
-1.084736943244934082e+00 3.400698006153106689e-01 1.189734339714050293e+00
-1.560575962066650391e+00 3.805133104324340820e-01 1.531083941459655762e+00
-1.406758666038513184e+00 3.538175225257873535e-01 9.188842773437500000e-01
-5.398399233818054199e-01 1.018736839294433594e+00 1.945427417755126953e+00
-1.843550562858581543e+00 4.463007450103759766e-01 1.270909190177917480e+00
-1.049121618270874023e+00 3.943922221660614014e-01 9.380062222480773926e-01
-1.384774327278137207e+00 3.849638402462005615e-01 1.706541419029235840e+00
-1.678328871726989746e+00 3.926905989646911621e-01 8.740512132644653320e-01
-5.113424062728881836e-01 6.338978409767150879e-01 1.365751624107360840e+00
-1.838624715805053711e+00 4.148246645927429199e-01 1.581497788429260254e+00
-1.242598056793212891e+00 3.780246973037719727e-01 7.126991748809814453e-01
-8.627948164939880371e-01 6.338196992874145508e-01 2.125235080718994141e+00
-2.186620712280273438e+00 5.202764272689819336e-01 9.885363578796386719e-01
-3.583460748195648193e-01 6.256516575813293457e-01 7.865615487098693848e-01
-1.574570298194885254e+00 3.069807291030883789e-01 1.754899740219116211e+00
-1.538272500038146973e+00 2.769617736339569092e-01 7.657458782196044922e-01
-1.068136811256408691e+00 1.801894605159759521e-01 1.406412839889526367e+00
-1.868835091590881348e+00 2.521502673625946045e-01 1.384215116500854492e+00
-1.363712787628173828e+00 2.826113812625408173e-02 1.251066446304321289e+00
-1.173574209213256836e+00 4.525324404239654541e-01 2.357428550720214844e+00
-2.112257957458496094e+00 3.629979491233825684e-01 6.713509559631347656e-01
-4.936978816986083984e-01 3.160988092422485352e-01 1.178987503051757812e+00
-1.766702771186828613e+00 2.100711017847061157e-01 1.686686754226684570e+00
-1.361180305480957031e+00 1.754231005907058716e-01 7.319340109825134277e-01
-1.169416189193725586e+00 1.037326976656913757e-01 1.465250015258789062e+00
-1.900072813034057617e+00 1.569244563579559326e-01 1.201356768608093262e+00
-5.052237510681152344e-01 2.621976137161254883e-01 5.995038747787475586e-01
-1.741280555725097656e+00 4.407851696014404297e-01 3.326512575149536133e+00
-1.727324247360229492e+00 1.472605466842651367e-01 6.732515096664428711e-01
-8.476431369781494141e-01 1.102837473154067993e-01 1.392499804496765137e+00
-1.836259126663208008e+00 9.861575812101364136e-02 1.493569374084472656e+00
-1.212376117706298828e+00 7.693529874086380005e-02 8.428617119789123535e-01
-4.603370428085327148e-01 2.469805479049682617e-01 3.470186471939086914e+00
-3.140135049819946289e+00 1.676070839166641235e-01 4.091867804527282715e-01
-4.915703535079956055e-01 7.441359758377075195e-02 9.821755886077880859e-01
-1.654923677444458008e+00 4.572205245494842529e-02 1.747966289520263672e+00
-1.482492685317993164e+00 3.397604450583457947e-02 6.979292631149291992e-01
-5.654131993651390076e-02 1.206429861485958099e-02 2.179619789123535156e+00
-1.857032656669616699e+00 1.318948250263929367e-02 1.312547922134399414e+00
-3.172849416732788086e-01 -5.338019877672195435e-02 2.168009243905544281e-02
-1.336495876312255859e+00 -2.467747405171394348e-02 1.997399687767028809e+00
-2.069274425506591797e+00 -6.350037455558776855e-02 5.351027846336364746e-01
2.213982343673706055e-01 -1.491911709308624268e-01 1.332114219665527344e+00
-1.800296545028686523e+00 -4.675497859716415405e-02 1.611793637275695801e+00
-7.242503166198730469e-01 -6.811021566390991211e-01 -3.332286357879638672e+00
-6.836935877799987793e-01 -1.807448416948318481e-01 2.238664865493774414e+00
-1.867861986160278320e+00 -7.290368527173995972e-02 1.135062932968139648e+00
-4.296017289161682129e-01 -2.047784477472305298e-01 7.218364477157592773e-01
-1.535746932029724121e+00 -1.049037128686904907e-01 1.781364202499389648e+00
-1.868964672088623047e+00 -2.894881367683410645e-01 1.433469802141189575e-01
9.215592145919799805e-01 -6.754413843154907227e-01 2.220595359802246094e+00
-1.898202300071716309e+00 -1.454569101333618164e-01 1.440371632575988770e+00
-6.225393414497375488e-01 -4.921896457672119141e-01 -1.426044553518295288e-01
-1.152024745941162109e+00 -2.709074616432189941e-01 2.070336103439331055e+00
-1.837494373321533203e+00 -1.852948963642120361e-01 9.431516528129577637e-01
6.506125926971435547e-01 -7.946026325225830078e-01 9.149942398071289062e-01
-1.699188113212585449e+00 -2.050963193178176880e-01 1.679903864860534668e+00
-1.458625912666320801e+00 -5.275116562843322754e-01 3.326528891921043396e-02
4.969440996646881104e-01 -1.199550271034240723e+00 2.989271163940429688e+00
-1.913305759429931641e+00 -2.522152066230773926e-01 1.245704174041748047e+00
-1.545744389295578003e-01 -8.484713435173034668e-01 1.649023890495300293e-01
-1.462167739868164062e+00 -5.490591526031494141e-01 2.259803056716918945e+00
-2.431409835815429688e+00 -1.040100097656250000e+00 -1.700582653284072876e-01
1.089479565620422363e+00 -1.553597688674926758e+00 1.709728717803955078e+00
-2.047890424728393555e+00 -5.102092623710632324e-01 1.676965355873107910e+00
-7.121309041976928711e-01 -1.677358627319335938e+00 -1.081758022308349609e+00
-1.031343817710876465e+00 -5.171924233436584473e-01 1.906580328941345215e+00
-2.209211111068725586e+00 -6.784591674804687500e-01 9.329086542129516602e-01
-5.557678341865539551e-01 -6.899535059928894043e-01 9.267477393150329590e-01
-2.069837808609008789e+00 -1.392379760742187500e+00 2.722446918487548828e+00
-1.974952697753906250e+00 -1.909582853317260742e+00 -7.663823962211608887e-01
-6.878904700279235840e-01 -7.352712750434875488e-01 1.651577830314636230e+00
-3.535521745681762695e+00 -2.255318403244018555e+00 1.706365823745727539e+00
-4.270904660224914551e-01 -1.725238800048828125e+00 -5.393284931778907776e-02
-1.333853363990783691e+00 -2.633741199970245361e-01 1.500566720962524414e+00
-2.936665058135986328e+00 -2.538486719131469727e+00 -1.010855287313461304e-01
-4.599860906600952148e-01 -1.168908476829528809e+00 1.222523570060729980e+00
-1.921350836753845215e+00 -1.080524086952209473e+00 1.795266032218933105e+00
-1.345974206924438477e+00 -4.595079720020294189e-01 9.344369173049926758e-01
-1.118362784385681152e+00 -6.206714510917663574e-01 1.550978183746337891e+00
-2.532868146896362305e+00 -2.147100448608398438e+00 1.082129120826721191e+00
-1.363712787628173828e+00 2.826113812625408173e-02 1.251066446304321289e+00
-1.727033495903015137e+00 -3.675083875656127930e+00 2.795534133911132812e+00
-1.600777864456176758e+00 -1.300934791564941406e+00 8.278368711471557617e-01
-1.198456287384033203e+00 -5.651737451553344727e-01 1.305569887161254883e+00
-2.053054094314575195e+00 -3.675512313842773438e+00 1.561434745788574219e+00
-1.363712787628173828e+00 -3.387295901775360107e-01 1.251066446304321289e+00
