-1.707007884979248047e+00 -5.061598420143127441e-01 -1.642134070396423340e+00
-1.814904451370239258e+00 2.643298730254173279e-02 -1.543291926383972168e+00
-1.677827596664428711e+00 4.478077292442321777e-01 -1.974628090858459473e+00
-1.508543610572814941e+00 2.033069878816604614e-01 -1.383272647857666016e+00
-1.749045252799987793e+00 -5.908128619194030762e-01 -1.649569869041442871e+00
-1.299071431159973145e+00 3.019452989101409912e-01 -1.901629805564880371e+00
-1.923851609230041504e+00 8.477241396903991699e-01 -8.354864120483398438e-01
-1.935524106025695801e+00 1.398725211620330811e-01 -2.082128047943115234e+00
-5.426241457462310791e-02 2.015833854675292969e+00 -1.038554072380065918e+00
-2.637512922286987305e+00 7.420522570610046387e-01 -1.258035063743591309e+00
-1.031563997268676758e+00 1.419548630714416504e+00 -3.085518360137939453e+00
-1.707007884979248047e+00 -6.904553771018981934e-01 -1.642134070396423340e+00
-2.348620653152465820e+00 1.702052801847457886e-01 -2.013961791992187500e+00
-1.543395638465881348e+00 -5.075874924659729004e-01 -1.678103804588317871e+00
-2.230854749679565430e+00 2.468770444393157959e-01 -8.970158100128173828e-01
-1.842056632041931152e+00 3.309196531772613525e-01 -2.684296131134033203e+00
-2.769682109355926514e-01 1.028765678405761719e+00 -4.368951022624969482e-01
-1.811330437660217285e+00 -5.995684862136840820e-01 -1.637820005416870117e+00
-8.181428313255310059e-01 3.440336585044860840e-01 -2.526673555374145508e+00
-1.776365041732788086e+00 4.841927587985992432e-01 -1.422215253114700317e-01
-2.797604084014892578e+00 5.728157162666320801e-01 -2.949033021926879883e+00
9.358388185501098633e-01 1.187372684478759766e+00 -1.286542773246765137e+00
-2.474379301071166992e+00 -6.583894789218902588e-02 -1.108217000961303711e+00
-1.377050995826721191e+00 2.624169886112213135e-01 -3.108825683593750000e+00
-7.948656082153320312e-01 4.122312366962432861e-01 -5.032414570450782776e-02
-2.810688972473144531e+00 -3.056627884507179260e-02 -1.994238495826721191e+00
-1.333927989006042480e+00 -4.687707126140594482e-01 -1.814506411552429199e+00
-2.077474832534790039e+00 -2.007578313350677490e-01 -7.569220662117004395e-01
-2.076183557510375977e+00 -1.644794940948486328e-01 -2.668536424636840820e+00
-8.271300196647644043e-01 -2.381913810968399048e-01 -1.179694890975952148e+00
-2.012689828872680664e+00 -5.549656748771667480e-01 -1.561557292938232422e+00
-7.673925161361694336e-01 9.579298086464405060e-03 -3.103451967239379883e+00
-1.580467104911804199e+00 -4.080950617790222168e-01 -9.058297872543334961e-01
-1.707007884979248047e+00 -6.904553771018981934e-01 -1.642134070396423340e+00
7.636322975158691406e-01 1.269366890192031860e-01 -1.846821546554565430e+00
-2.458973646163940430e+00 -3.512040674686431885e-01 -8.292810916900634766e-01
-1.694334030151367188e+00 4.601663351058959961e-02 -4.240132331848144531e+00
-1.072326660156250000e+00 -4.439230263233184814e-01 -9.424906373023986816e-01
-2.568437814712524414e+00 -4.838134944438934326e-01 -1.721971154212951660e+00
1.071956515312194824e+00 6.680662184953689575e-02 -3.751268863677978516e+00
-1.837005496025085449e+00 -5.484221577644348145e-01 -9.275520443916320801e-01
-2.498137235641479492e+00 -4.315418601036071777e-01 -2.899317741394042969e+00
-8.663482666015625000e-01 -5.568434000015258789e-01 -1.411744117736816406e+00
-2.027560710906982422e+00 -6.427301764488220215e-01 -1.477631688117980957e+00
-1.506837248802185059e+00 -6.260748505592346191e-01 -2.182060003280639648e+00
-1.516401767730712891e+00 -6.443070769309997559e-01 -1.173914790153503418e+00
-3.017776727676391602e+00 -5.876361727714538574e-01 -2.263331890106201172e+00
-1.273074001073837280e-01 -6.068599820137023926e-01 -2.129172563552856445e+00
-1.803336501121520996e+00 -6.846795678138732910e-01 -1.477766394615173340e+00
-1.845569252967834473e+00 -6.837887167930603027e-01 -2.287390232086181641e+00
-1.129012703895568848e+00 -6.976171731948852539e-01 -1.231553435325622559e+00
-1.825766801834106445e+00 -6.940836310386657715e-01 -1.627333402633666992e+00
-1.398944020271301270e+00 -7.144902348518371582e-01 -2.004060029983520508e+00
-1.701084852218627930e+00 -7.019761204719543457e-01 -1.479713439941406250e+00
-1.988311409950256348e+00 -7.270401716232299805e-01 -1.927584886550903320e+00
9.081051945686340332e-01 -9.832158684730529785e-01 -1.508421540260314941e+00
-1.773243308067321777e+00 -7.018362879753112793e-01 -1.587407112121582031e+00
-1.600003123283386230e+00 -8.091570138931274414e-01 -2.409091711044311523e+00
-1.501128911972045898e+00 -7.537329196929931641e-01 -1.343134045600891113e+00
-1.996496796607971191e+00 -7.485455274581909180e-01 -1.708744764328002930e+00
8.375023603439331055e-01 -1.325253129005432129e+00 -3.083751916885375977e+00
-1.734032392501831055e+00 -7.113739848136901855e-01 -1.558830618858337402e+00
-3.240128993988037109e+00 -1.654624223709106445e+00 -5.003364562988281250e+00
-1.027640700340270996e+00 -8.996525406837463379e-01 -1.353911757469177246e+00
-3.247376441955566406e+00 -1.191100955009460449e+00 -1.096567153930664062e+00
-1.070562124252319336e+00 -1.137366533279418945e+00 -2.838879585266113281e+00
-9.211303591728210449e-01 -1.801098823547363281e+00 1.399350166320800781e+00
-3.936207771301269531e+00 -1.695262432098388672e+00 -3.090910434722900391e+00
-2.291803956031799316e-01 -1.294156670570373535e+00 -1.888696432113647461e+00
-2.613679170608520508e+00 -1.321138262748718262e+00 -4.831376671791076660e-01
-1.723464250564575195e+00 -7.868171930313110352e-01 -1.853280663490295410e+00
-1.498935222625732422e+00 -8.277584910392761230e-01 -1.447754979133605957e+00
-2.330109119415283203e+00 -1.008445620536804199e+00 -1.648213624954223633e+00
-5.605282783508300781e-01 -1.521754741668701172e+00 -2.672012090682983398e+00
-1.910224318504333496e+00 -1.882076382637023926e+00 4.399541616439819336e-01
-2.886954069137573242e+00 -1.871135354042053223e+00 -3.212664365768432617e+00
-6.151536703109741211e-01 -1.394500970840454102e+00 -1.437994956970214844e+00
-2.967138528823852539e+00 -1.682219982147216797e+00 -8.577055931091308594e-01
-1.656651258468627930e+00 -8.222720026969909668e-01 -1.822423458099365234e+00
-5.151895284652709961e-01 -2.646358251571655273e+00 7.084264755249023438e-01
-2.587973594665527344e+00 -1.426821589469909668e+00 -1.973638057708740234e+00
5.459909439086914062e-01 -2.693236351013183594e+00 -2.546514511108398438e+00
-2.176721572875976562e+00 -1.635464191436767578e+00 -6.633732914924621582e-01
-2.092956304550170898e+00 -1.914046525955200195e+00 -2.915989160537719727e+00
-1.511503696441650391e+00 -9.113326668739318848e-01 -1.526272773742675781e+00
-3.301247835159301758e+00 -2.366741895675659180e+00 -1.307916641235351562e+00
-1.581937432289123535e+00 -9.246063232421875000e-01 -1.816395163536071777e+00
-1.551822781562805176e+00 -2.206138372421264648e+00 -3.454346954822540283e-01
-2.323972225189208984e+00 -1.697219371795654297e+00 -2.172493219375610352e+00
-1.480265855789184570e+00 -9.908213019371032715e-01 -1.649295330047607422e+00
-1.749056220054626465e+00 -7.740626931190490723e-01 -1.601099014282226562e+00
-1.621122598648071289e+00 -3.052104949951171875e+00 -3.175170898437500000e+00
-1.634919881820678711e+00 -8.811226487159729004e-01 -1.554014921188354492e+00
-3.144466161727905273e+00 -3.365028858184814453e+00 -1.849839925765991211e+00
-1.567726016044616699e+00 -1.036410570144653320e+00 -1.737039566040039062e+00
-1.808273911476135254e+00 -1.722664475440979004e+00 -1.211654782295227051e+00
-1.961512207984924316e+00 -2.117431402206420898e+00 -2.096497774124145508e+00
-1.544733166694641113e+00 -1.273182749748229980e+00 -1.588614106178283691e+00
-2.061132192611694336e+00 -2.593136072158813477e+00 -1.482693552970886230e+00
-1.707007884979248047e+00 -2.280400514602661133e+00 -1.642134070396423340e+00
