5.311180591583251953e+00 4.743788242340087891e+00 -2.081711196899414062e+01
5.311180591583251953e+00 4.743788242340087891e+00 -2.081711196899414062e+01
5.311180591583251953e+00 4.743788242340087891e+00 -2.081711196899414062e+01
5.311180591583251953e+00 4.743788242340087891e+00 -2.081711196899414062e+01
5.311180591583251953e+00 4.743788242340087891e+00 -2.081711196899414062e+01
5.311180591583251953e+00 4.743788242340087891e+00 -2.081711196899414062e+01
5.311180591583251953e+00 4.743788242340087891e+00 -2.081711196899414062e+01
5.311180591583251953e+00 4.743788242340087891e+00 -2.081711196899414062e+01
5.311180591583251953e+00 4.743788242340087891e+00 -2.081711196899414062e+01
5.284231185913085938e+00 4.739157676696777344e+00 -2.079484558105468750e+01
5.311180591583251953e+00 4.743788242340087891e+00 -2.081711196899414062e+01
5.295884132385253906e+00 4.731947898864746094e+00 -2.076996040344238281e+01
5.311180591583251953e+00 4.743788242340087891e+00 -2.081711196899414062e+01
3.672739267349243164e+00 4.211267471313476562e+00 -2.023680877685546875e+01
5.311180591583251953e+00 4.743788242340087891e+00 -2.081711196899414062e+01
5.311180591583251953e+00 4.743788242340087891e+00 -2.081711196899414062e+01
5.294842720031738281e+00 4.732423305511474609e+00 -2.079622650146484375e+01
5.311180591583251953e+00 4.743788242340087891e+00 -2.081711196899414062e+01
2.990852594375610352e+00 3.559644460678100586e+00 -2.083975028991699219e+01
5.311180591583251953e+00 4.743788242340087891e+00 -2.081711196899414062e+01
5.308202266693115234e+00 4.726323604583740234e+00 -2.078659629821777344e+01
5.311180591583251953e+00 4.743788242340087891e+00 -2.081711196899414062e+01
5.296256542205810547e+00 4.732042312622070312e+00 -2.080782127380371094e+01
5.311180591583251953e+00 4.743788242340087891e+00 -2.081711196899414062e+01
5.311180591583251953e+00 4.743788242340087891e+00 -2.081711196899414062e+01
5.311180591583251953e+00 4.743788242340087891e+00 -2.081711196899414062e+01
5.311180591583251953e+00 4.743788242340087891e+00 -2.081711196899414062e+01
5.303554534912109375e+00 4.728445529937744141e+00 -2.080122184753417969e+01
5.311180591583251953e+00 4.743788242340087891e+00 -2.081711196899414062e+01
5.299399375915527344e+00 4.731400966644287109e+00 -2.081464195251464844e+01
5.311180591583251953e+00 4.743788242340087891e+00 -2.081711196899414062e+01
5.313202381134033203e+00 4.724040508270263672e+00 -2.080021667480468750e+01
5.311180591583251953e+00 4.743788242340087891e+00 -2.081711196899414062e+01
5.311180591583251953e+00 4.743788242340087891e+00 -2.081711196899414062e+01
5.303481101989746094e+00 4.728478908538818359e+00 -2.080959892272949219e+01
5.311180591583251953e+00 4.743788242340087891e+00 -2.081711196899414062e+01
5.311180591583251953e+00 4.743788242340087891e+00 -2.081711196899414062e+01
5.303240776062011719e+00 4.729015350341796875e+00 -2.081825828552246094e+01
5.311180591583251953e+00 4.743788242340087891e+00 -2.081711196899414062e+01
5.309412956237792969e+00 4.725770473480224609e+00 -2.080959701538085938e+01
5.308074951171875000e+00 4.726375102996826172e+00 -2.082265663146972656e+01
5.311180591583251953e+00 4.743788242340087891e+00 -2.081711196899414062e+01
5.307951450347900391e+00 4.726438045501708984e+00 -2.081565856933593750e+01
5.311180591583251953e+00 4.743788242340087891e+00 -2.081711196899414062e+01
