-1.718356847763061523e+00 -1.331884622573852539e+00 2.106968641281127930e+00
-1.739955544471740723e+00 -1.424671173095703125e+00 2.126754760742187500e+00
-1.711159348487854004e+00 -1.287417888641357422e+00 2.024956941604614258e+00
-1.684949040412902832e+00 -1.417728662490844727e+00 2.150543212890625000e+00
-1.773291707038879395e+00 -1.437963366508483887e+00 2.097251415252685547e+00
-1.606038331985473633e+00 -1.294936180114746094e+00 2.035520792007446289e+00
-1.728544712066650391e+00 -1.495909333229064941e+00 2.144867181777954102e+00
-1.791565775871276855e+00 -1.302168011665344238e+00 1.966009259223937988e+00
-1.558593392372131348e+00 -1.306572437286376953e+00 2.165313959121704102e+00
-1.766124606132507324e+00 -1.494639039039611816e+00 2.126686573028564453e+00
-1.665686249732971191e+00 -1.403640747070312500e+00 1.994414567947387695e+00
-1.400216698646545410e+00 -2.527762055397033691e-01 3.121249437332153320e+00
-1.788629293441772461e+00 -1.473913788795471191e+00 2.066244363784790039e+00
-1.463414669036865234e+00 -1.283230900764465332e+00 2.050920248031616211e+00
-2.445072174072265625e+00 -2.678474187850952148e-01 3.140646219253540039e+00
-1.736344695091247559e+00 -1.432134985923767090e+00 1.968157529830932617e+00
-1.658773899078369141e+00 -1.496545672416687012e+00 2.157185077667236328e+00
-1.788909196853637695e+00 -1.506711363792419434e+00 2.109886169433593750e+00
-1.597688674926757812e+00 -1.427739977836608887e+00 1.986887693405151367e+00
-1.776368618011474609e+00 -5.856778025627136230e-01 3.361526012420654297e+00
-1.809883952140808105e+00 -1.462158799171447754e+00 1.997288584709167480e+00
1.126406073570251465e+00 4.531186223030090332e-01 2.489727497100830078e+00
-1.776295065879821777e+00 -1.521017432212829590e+00 2.147280454635620117e+00
-1.686965107917785645e+00 -1.477522015571594238e+00 1.967429041862487793e+00
-5.790804699063301086e-02 4.391352236270904541e-01 5.004673004150390625e+00
-1.815461516380310059e+00 -1.510118603706359863e+00 2.075989723205566406e+00
-1.527175068855285645e+00 -1.454576849937438965e+00 2.018637895584106445e+00
-2.235545873641967773e+00 -8.845370411872863770e-01 3.342765331268310547e+00
-1.774155378341674805e+00 -1.488679409027099609e+00 1.951834440231323242e+00
-1.304963827133178711e+00 -1.355690121650695801e+00 2.324236392974853516e+00
-1.799686431884765625e+00 -1.532129049301147461e+00 2.128406763076782227e+00
-1.990893781185150146e-01 -4.362887740135192871e-01 -2.558413445949554443e-01
-1.445396900177001953e+00 -9.591003060340881348e-01 3.695244312286376953e+00
-1.820740938186645508e+00 -1.522392868995666504e+00 2.027676582336425781e+00
-1.417000532150268555e+00 -1.468475937843322754e+00 2.082001924514770508e+00
-1.777433276176452637e+00 -1.541524887084960938e+00 2.170828580856323242e+00
-1.717626690864562988e+00 -1.525746822357177734e+00 1.957289814949035645e+00
-9.004919528961181641e-01 -1.250490069389343262e+00 3.008545398712158203e+00
-1.824277997016906738e+00 -1.542768716812133789e+00 2.097151994705200195e+00
-4.702150225639343262e-01 -1.228061318397521973e+00 1.159673452377319336e+00
-2.088576793670654297e+00 -1.163681507110595703e+00 4.142024517059326172e+00
-1.795019149780273438e+00 -1.543087959289550781e+00 1.985144495964050293e+00
-1.348480105400085449e+00 -1.509390234947204590e+00 2.208336591720581055e+00
-1.805168390274047852e+00 -1.555252432823181152e+00 2.151518821716308594e+00
-1.182369470596313477e+00 -1.395788669586181641e+00 6.612346768379211426e-01
-9.205178022384643555e-01 -1.375009775161743164e+00 4.066840171813964844e+00
-1.827450990676879883e+00 -1.559619784355163574e+00 2.055266857147216797e+00
-1.304414510726928711e+00 -1.546272158622741699e+00 1.979345798492431641e+00
-2.859444379806518555e+00 -1.499758124351501465e+00 4.054031848907470703e+00
-2.300904035568237305e+00 -1.540148973464965820e+00 -6.058515310287475586e-01
-1.142726778984069824e+00 -1.575309872627258301e+00 2.515869140625000000e+00
-1.829606175422668457e+00 -1.571576118469238281e+00 2.120833396911621094e+00
6.029143929481506348e-02 -1.706945896148681641e+00 1.733965054154396057e-02
-1.658719539642333984e+00 -1.684175848960876465e+00 3.742325067520141602e+00
-1.808428764343261719e+00 -1.579891562461853027e+00 2.015568733215332031e+00
-1.240872859954833984e+00 -1.621631383895874023e+00 2.131382703781127930e+00
-1.810133695602416992e+00 -1.583946943283081055e+00 2.182799339294433594e+00
-1.584408283233642578e+00 -1.716768026351928711e+00 1.146891236305236816e+00
-2.820886075496673584e-01 -2.009618759155273438e+00 4.192874431610107422e+00
-1.833145380020141602e+00 -1.591211318969726562e+00 2.080556154251098633e+00
-1.194965481758117676e+00 -1.698751688003540039e+00 1.810436010360717773e+00
-2.137089252471923828e+00 -1.892301559448242188e+00 3.397716999053955078e+00
-1.779613018035888672e+00 -1.606700897216796875e+00 1.972669959068298340e+00
-1.186516404151916504e+00 -1.731946706771850586e+00 2.332602500915527344e+00
-1.835878372192382812e+00 -1.606373786926269531e+00 2.148592233657836914e+00
-1.225761890411376953e+00 -1.914076685905456543e+00 1.180714249610900879e+00
-1.469644546508789062e+00 -1.919670581817626953e+00 3.069528818130493164e+00
-1.819398760795593262e+00 -1.613721728324890137e+00 2.041300535202026367e+00
-1.188854575157165527e+00 -1.784482121467590332e+00 2.018625974655151367e+00
-3.131329059600830078e+00 -2.551044225692749023e+00 3.913168430328369141e+00
-1.853396654129028320e+00 -2.358915328979492188e+00 3.743149936199188232e-01
-1.265429019927978516e+00 -1.867055654525756836e+00 2.530088663101196289e+00
-1.840201616287231445e+00 -1.630358934402465820e+00 2.105779886245727539e+00
-1.273315787315368652e+00 -1.890871524810791016e+00 1.707190036773681641e+00
-1.825247168540954590e+00 -2.194961309432983398e+00 3.202131748199462891e+00
-1.794245004653930664e+00 -1.644112706184387207e+00 2.005959987640380859e+00
-1.182629823684692383e+00 -1.913622975349426270e+00 2.207131147384643555e+00
-1.841040015220642090e+00 -1.664733052253723145e+00 2.183338642120361328e+00
-1.273068308830261230e+00 -2.733791112899780273e+00 5.127256512641906738e-01
-1.383247375488281250e+00 -2.118128299713134766e+00 2.767887592315673828e+00
-1.830062627792358398e+00 -1.661548018455505371e+00 2.064934253692626953e+00
-1.214799404144287109e+00 -2.015809774398803711e+00 1.904834747314453125e+00
-2.121272325515747070e+00 -2.378795862197875977e+00 2.946539163589477539e+00
-2.107999563217163086e+00 -2.803481101989746094e+00 8.209198117256164551e-01
-1.148850560188293457e+00 -2.211595773696899414e+00 2.444474220275878906e+00
-1.850659132003784180e+00 -1.707288503646850586e+00 2.134704589843750000e+00
-1.206246972084045410e+00 -2.526925325393676758e+00 1.393444061279296875e+00
-1.513388395309448242e+00 -3.570091009140014648e+00 3.819648742675781250e+00
-2.218099594116210938e+00 -2.383658885955810547e+00 1.677376389503479004e+00
-1.178709745407104492e+00 -2.283049583435058594e+00 2.089924812316894531e+00
-2.176422357559204102e+00 -2.478976726531982422e+00 2.553995370864868164e+00
-1.638749003410339355e+00 -3.757212400436401367e+00 6.859824657440185547e-01
-1.152663230895996094e+00 -3.064394712448120117e+00 2.798462867736816406e+00
-1.837775111198425293e+00 -1.790370225906372070e+00 2.089713335037231445e+00
-1.718356847763061523e+00 -1.568177342414855957e+00 2.106968641281127930e+00
-1.936142683029174805e+00 -3.788078308105468750e+00 3.032770872116088867e+00
-1.896733164787292480e+00 -2.568312168121337891e+00 1.788515448570251465e+00
-1.322574973106384277e+00 -2.989427089691162109e+00 2.237501859664916992e+00
-1.913293600082397461e+00 -2.615556240081787109e+00 2.194736719131469727e+00
-1.718356847763061523e+00 -2.906945705413818359e+00 2.106968641281127930e+00
