-9.337630867958068848e-01 -4.458248913288116455e-01 -4.873863220214843750e+00
-1.444662690162658691e+00 2.213063716888427734e+00 -4.405837059020996094e+00
-9.071270227432250977e-01 -1.424467861652374268e-01 -5.177367210388183594e+00
-8.554216027259826660e-01 -8.286628723144531250e-01 -4.771680831909179688e+00
-1.650903463363647461e+00 5.183975696563720703e-01 -5.000715255737304688e+00
-6.725964546203613281e-01 -5.461164712905883789e-01 -5.039996147155761719e+00
-9.663388729095458984e-01 -9.503890275955200195e-01 -4.752682685852050781e+00
-1.270899653434753418e+00 4.354170709848403931e-02 -5.522999286651611328e+00
-7.176426053047180176e-01 -8.275786638259887695e-01 -4.794936180114746094e+00
-1.088549375534057617e+00 -9.431726932525634766e-01 -4.809969902038574219e+00
-7.814229130744934082e-01 -7.055731415748596191e-01 -5.199405193328857422e+00
-8.788567185401916504e-01 -9.544460177421569824e-01 -4.698812961578369141e+00
-1.065503001213073730e+00 -1.004749059677124023e+00 -4.950209140777587891e+00
-6.306928992271423340e-01 -8.427265882492065430e-01 -4.940492153167724609e+00
-1.253304481506347656e+00 -6.097018718719482422e-01 -4.419348716735839844e+00
-1.006766676902770996e+00 -6.293388605117797852e-01 -5.437226295471191406e+00
-7.270963788032531738e-01 -9.330065846443176270e-01 -4.699684143066406250e+00
-1.295989274978637695e+00 -8.658900856971740723e-01 -4.858883857727050781e+00
-7.113516926765441895e-01 -9.226158857345581055e-01 -5.095192432403564453e+00
-9.803127646446228027e-01 -3.930892646312713623e-01 -3.867182970046997070e+00
-1.094598174095153809e+00 -9.951651096343994141e-01 -5.066597461700439453e+00
-5.744429230690002441e-01 -9.261566996574401855e-01 -4.825517177581787109e+00
-2.893664360046386719e+00 4.138333499431610107e-01 -3.510214805603027344e+00
-8.449238538742065430e-01 -9.249092936515808105e-01 -5.268762588500976562e+00
-8.096989989280700684e-01 -1.031484484672546387e+00 -4.657354831695556641e+00
-2.278095483779907227e+00 -3.776911497116088867e-01 -5.302742004394531250e+00
-6.426330208778381348e-01 -1.008475303649902344e+00 -5.008372783660888672e+00
-1.655607700347900391e+00 -2.273033112287521362e-01 -3.149052381515502930e+00
-1.210088729858398438e+00 -7.877755165100097656e-01 -5.642118930816650391e+00
-5.102638006210327148e-01 -9.637833833694458008e-01 -4.651283740997314453e+00
-2.266463518142700195e+00 -5.907625555992126465e-01 -4.522567749023437500e+00
-7.485277652740478516e-01 -1.043460726737976074e+00 -5.161946773529052734e+00
-7.433597445487976074e-01 -7.566032409667968750e-01 -3.765960693359375000e+00
-1.764186859130859375e+00 -8.101137280464172363e-01 -5.516990184783935547e+00
-5.688946247100830078e-01 -1.060751438140869141e+00 -4.904091835021972656e+00
-1.692942261695861816e+00 -8.389596343040466309e-01 -4.053212642669677734e+00
-9.310255646705627441e-01 -1.022388339042663574e+00 -5.435027122497558594e+00
-7.011926174163818359e-01 -1.091126799583435059e+00 -4.617488384246826172e+00
-5.537372112274169922e+00 -7.714057713747024536e-02 -5.300524711608886719e+00
-6.713649630546569824e-01 -1.109962344169616699e+00 -5.073014259338378906e+00
-1.439134478569030762e+00 -6.293051242828369141e-01 -2.095895051956176758e+00
-1.357379198074340820e+00 -1.042828083038330078e+00 -5.547031879425048828e+00
-3.291417658329010010e-01 -1.085368514060974121e+00 -4.708161354064941406e+00
-2.138637542724609375e+00 -1.002078652381896973e+00 -4.255541324615478516e+00
-7.958020567893981934e-01 -1.137093067169189453e+00 -5.245989322662353516e+00
1.536461561918258667e-01 -9.181888699531555176e-01 -2.202669382095336914e+00
-2.049183368682861328e+00 -1.093969583511352539e+00 -5.402481555938720703e+00
-5.951080322265625000e-01 -1.163544178009033203e+00 -4.978274345397949219e+00
-1.462413430213928223e+00 -1.149767518043518066e+00 -3.971815109252929688e+00
-1.075849890708923340e+00 -1.174628973007202148e+00 -5.535536766052246094e+00
-3.394549787044525146e-01 -1.188829183578491211e+00 -4.451694488525390625e+00
-2.112522602081298828e+00 -1.217478156089782715e+00 -4.726956844329833984e+00
-7.395175099372863770e-01 -1.196620106697082520e+00 -5.102070808410644531e+00
-8.670627474784851074e-01 -1.311201930046081543e+00 -3.044825077056884766e+00
-3.080032587051391602e+00 -1.460597395896911621e+00 -7.051774978637695312e+00
-3.820687532424926758e-01 -1.243227124214172363e+00 -4.845654487609863281e+00
-2.010289907455444336e+00 -1.366439700126647949e+00 -3.984383106231689453e+00
-8.553138375282287598e-01 -1.268489956855773926e+00 -5.436148643493652344e+00
-7.616012692451477051e-01 -1.234379768371582031e+00 -4.623830795288085938e+00
-2.022403478622436523e+00 -1.399916648864746094e+00 -5.124356746673583984e+00
-6.626818180084228516e-01 -1.249093890190124512e+00 -5.027447223663330078e+00
-1.214057564735412598e+00 -1.398430109024047852e+00 -4.009851455688476562e+00
-1.325586795806884766e+00 -1.427880406379699707e+00 -5.732901573181152344e+00
-1.999802887439727783e-01 -1.407418608665466309e+00 -4.562555313110351562e+00
-2.158359527587890625e+00 -1.579479694366455078e+00 -4.440136432647705078e+00
-7.978549599647521973e-01 -1.276899695396423340e+00 -5.129418849945068359e+00
-7.375751733779907227e-01 -1.458728313446044922e+00 -4.114581584930419922e+00
-2.659325599670410156e+00 -1.959258913993835449e+00 -5.995321273803710938e+00
-4.918198883533477783e-01 -1.362001657485961914e+00 -4.947597503662109375e+00
-2.123856544494628906e+00 -2.009297132492065430e+00 -3.352569103240966797e+00
-9.824668765068054199e-01 -1.466655015945434570e+00 -5.498766899108886719e+00
-1.870802342891693115e-01 -1.674186825752258301e+00 -4.176320552825927734e+00
-1.834893107414245605e+00 -1.641343116760253906e+00 -4.882655620574951172e+00
-7.221986651420593262e-01 -1.334868192672729492e+00 -5.063910484313964844e+00
-1.003391385078430176e+00 -1.589751601219177246e+00 -4.160475254058837891e+00
-1.520728945732116699e+00 -1.768796205520629883e+00 -5.655125617980957031e+00
2.175332754850387573e-01 -1.923840165138244629e+00 -4.658610343933105469e+00
-3.207103013992309570e+00 -2.970659017562866211e+00 -3.458714246749877930e+00
-7.721585035324096680e-01 -1.604491114616394043e+00 -5.452447414398193359e+00
-8.014383912086486816e-01 -1.398624420166015625e+00 -4.612886428833007812e+00
-3.881759405136108398e+00 -3.645584583282470703e+00 -5.983182907104492188e+00
-5.917490124702453613e-01 -1.485495328903198242e+00 -5.011151790618896484e+00
-1.203174352645874023e+00 -1.723489165306091309e+00 -4.312480449676513672e+00
-1.093576550483703613e+00 -1.688129782676696777e+00 -5.401340961456298828e+00
1.704022139310836792e-01 -2.428932189941406250e+00 -4.219503879547119141e+00
-1.751807451248168945e+00 -2.041609764099121094e+00 -4.702367782592773438e+00
-7.935432791709899902e-01 -1.443978190422058105e+00 -5.069231986999511719e+00
-7.276198863983154297e-01 -3.194853544235229492e+00 -3.151366233825683594e+00
-1.304794907569885254e+00 -1.786916017532348633e+00 -5.192811965942382812e+00
-3.172391653060913086e-02 -2.376399517059326172e+00 -4.902352809906005859e+00
-1.214096188545227051e+00 -1.738868474960327148e+00 -4.600286006927490234e+00
-9.204867482185363770e-01 -1.546533823013305664e+00 -5.110843181610107422e+00
-8.494086265563964844e-01 -1.404576539993286133e+00 -4.770749568939208984e+00
-1.276913523674011230e+00 -1.819940090179443359e+00 -4.923446655273437500e+00
-5.081866383552551270e-01 -2.238533020019531250e+00 -5.163847446441650391e+00
-9.761663675308227539e-01 -1.613684177398681641e+00 -4.693607807159423828e+00
-1.007125973701477051e+00 -1.592802166938781738e+00 -5.004837036132812500e+00
-2.916615009307861328e-01 -3.487247228622436523e+00 -4.662091255187988281e+00
-1.015582084655761719e+00 -1.621071696281433105e+00 -4.837025165557861328e+00
-9.337630867958068848e-01 -1.483686804771423340e+00 -4.873863220214843750e+00
