-1.354008167982101440e-01 1.850725710391998291e-01 -9.340400993824005127e-02
-2.045328021049499512e-01 1.654132455587387085e-01 -3.007344715297222137e-02
-1.272801905870437622e-01 2.285456843674182892e-02 -1.859343796968460083e-01
1.906928271055221558e-01 1.174612760543823242e+00 3.319273889064788818e-01
-2.588640749454498291e-01 -1.265473430976271629e-03 -1.152429208159446716e-01
7.490336149930953979e-02 2.176993042230606079e-01 -2.271823137998580933e-01
-3.249289095401763916e-01 1.050501823425292969e+00 6.116310358047485352e-01
-1.354008167982101440e-01 -2.939147651195526123e-01 -9.340400993824005127e-02
4.915302395820617676e-01 7.326539754867553711e-01 1.355502158403396606e-01
-3.029182255268096924e-01 -3.602264821529388428e-02 -2.425526455044746399e-02
6.635382026433944702e-02 3.363420367240905762e-01 -5.245419740676879883e-01
5.229962617158889771e-02 4.821626543998718262e-01 5.050145983695983887e-01
-2.793474793434143066e-01 -1.008244380354881287e-01 -1.768240481615066528e-01
-1.354008167982101440e-01 -2.939147651195526123e-01 -9.340400993824005127e-02
-3.181880712509155273e-01 3.315110504627227783e-02 1.665920764207839966e-01
-3.411118686199188232e-01 1.261879682540893555e+00 -1.680862069129943848e+00
7.100113630294799805e-01 7.224559783935546875e-01 6.191102862358093262e-01
-3.187244236469268799e-01 -1.342013478279113770e-01 -8.582299947738647461e-02
4.306956529617309570e-01 3.649260699748992920e-01 -6.567456126213073730e-01
-1.916952133178710938e-01 6.594994664192199707e-01 1.124014139175415039e+00
-2.474243491888046265e-01 -1.641544699668884277e-01 -2.276456356048583984e-01
1.057052969932556152e+00 5.533621907234191895e-01 6.703896075487136841e-02
-3.448793590068817139e-01 -1.234057694673538208e-01 5.234569683670997620e-02
3.647899031639099121e-01 1.150570511817932129e+00 -2.316802024841308594e+00
5.167001113295555115e-02 -6.776528805494308472e-02 2.330595254898071289e-01
-3.313534557819366455e-01 -1.767549961805343628e-01 -1.559182554483413696e-01
1.474002957344055176e+00 6.623955368995666504e-01 -8.369893431663513184e-01
-4.781531393527984619e-01 1.591484099626541138e-01 7.255851030349731445e-01
-5.232666730880737305e-01 2.586897015571594238e-01 -1.171769857406616211e+00
1.457226634025573730e+00 5.247080326080322266e-01 7.436363697052001953e-01
-3.510755300521850586e-01 -1.983196586370468140e-01 -3.655284643173217773e-02
9.059904217720031738e-01 4.819452464580535889e-01 -1.713006734848022461e+00
1.331805586814880371e-01 3.053920567035675049e-01 1.469394087791442871e+00
-3.562735915184020996e-01 -1.951441615819931030e-01 -2.644603252410888672e-01
1.165578961372375488e+00 1.365042626857757568e-01 -2.011875212192535400e-01
-3.510908782482147217e-01 -1.966056376695632935e-01 1.397506296634674072e-01
-1.261034607887268066e-01 2.463479042053222656e-01 -1.999248862266540527e+00
8.827133774757385254e-01 1.015563383698463440e-01 1.028918266296386719e+00
-3.815781772136688232e-01 -2.348611503839492798e-01 -1.162196695804595947e-01
1.560937404632568359e+00 1.683338433504104614e-01 -1.380864262580871582e+00
-3.931528329849243164e-01 -1.229932904243469238e-02 1.323428988456726074e+00
-2.537008821964263916e-01 -2.551985979080200195e-01 -2.813946604728698730e-01
2.334024429321289062e+00 9.856848418712615967e-02 5.833630561828613281e-01
-3.294492065906524658e-01 -2.650240659713745117e-01 6.178415380418300629e-03
6.027404665946960449e-01 -5.650766193866729736e-02 -2.084413290023803711e+00
9.433280676603317261e-03 -2.588484883308410645e-01 2.623773515224456787e-01
-6.205815076828002930e-01 -2.558562755584716797e-01 -3.233402073383331299e-01
1.716541886329650879e+00 -1.959127485752105713e-01 -6.643777489662170410e-01
-3.552084565162658691e-01 -2.807351648807525635e-01 2.816587388515472412e-01
-3.196214139461517334e-01 -2.850512862205505371e-01 -9.512871503829956055e-01
1.573434829711914062e+00 -3.150885403156280518e-01 1.120472788810729980e+00
-3.975019454956054688e-01 -3.019223511219024658e-01 -6.073885038495063782e-02
5.252000689506530762e-01 -3.454542458057403564e-01 -8.695050477981567383e-01
-9.737667441368103027e-02 -3.678742349147796631e-01 9.492831230163574219e-01
-4.022151827812194824e-01 -3.286151885986328125e-01 -3.641520142555236816e-01
3.049194574356079102e+00 -6.504284739494323730e-01 6.942649185657501221e-02
-3.180543482303619385e-01 -3.252992630004882812e-01 5.751343443989753723e-02
-3.564817830920219421e-02 -4.045715332031250000e-01 -8.083818554878234863e-01
4.326923489570617676e-01 -4.685199260711669922e-01 7.316430211067199707e-01
-2.517819404602050781e+00 -7.719814777374267578e-01 -6.415929198265075684e-01
1.766112208366394043e+00 -7.682992815971374512e-01 -1.170725226402282715e+00
-4.387344121932983398e-01 -5.287133455276489258e-01 8.416261672973632812e-01
-2.274925857782363892e-01 -3.518306016921997070e-01 -2.953069508075714111e-01
7.607262730598449707e-01 -5.698586702346801758e-01 2.867788374423980713e-01
-3.915417790412902832e-01 -3.771648705005645752e-01 -2.684133592993021011e-03
1.807782649993896484e-01 -5.159351825714111328e-01 -6.879336237907409668e-01
-1.097867917269468307e-02 -4.697546660900115967e-01 3.881315290927886963e-01
-6.368146538734436035e-01 -5.199260115623474121e-01 -4.192772507667541504e-01
1.615023374557495117e+00 -1.008973360061645508e+00 -3.854466378688812256e-01
-3.090160489082336426e-01 -4.146819412708282471e-01 1.285280287265777588e-01
-1.813135743141174316e-01 -5.627612471580505371e-01 -6.824965476989746094e-01
5.180447697639465332e-01 -7.251108288764953613e-01 5.170375108718872070e-01
-4.414460062980651855e-01 -4.501002430915832520e-01 -9.639006108045578003e-02
4.351569414138793945e-01 -7.076197266578674316e-01 -6.059337258338928223e-01
-3.042504191398620605e-01 -1.284015178680419922e+00 1.636572599411010742e+00
-3.912254571914672852e-01 -5.498985052108764648e-01 -4.339113533496856689e-01
7.395280003547668457e-01 -8.580832481384277344e-01 7.017749547958374023e-02
-3.498046398162841797e-01 -4.626576900482177734e-01 4.006187245249748230e-02
2.640913240611553192e-03 -6.552610397338867188e-01 -5.876275897026062012e-01
3.030004203319549561e-01 -1.013378620147705078e+00 7.712316513061523438e-01
-7.268391847610473633e-01 -7.882758378982543945e-01 -3.159599602222442627e-01
1.002558231353759766e+00 -1.305492162704467773e+00 -5.501942634582519531e-01
-2.444364428520202637e-01 -5.132816433906555176e-01 1.337977796792984009e-01
-2.114745974540710449e-01 -5.350952148437500000e-01 -3.444919288158416748e-01
5.150879025459289551e-01 -1.028825759887695312e+00 2.920939922332763672e-01
-3.567502796649932861e-01 -5.266558527946472168e-01 -4.700017347931861877e-02
1.767275184392929077e-01 -8.782666921615600586e-01 -5.282935500144958496e-01
-8.533128350973129272e-02 -7.829408049583435059e-01 3.249683082103729248e-01
-1.494026541709899902e+00 -2.510923862457275391e+00 -1.261315107345581055e+00
1.601956367492675781e+00 -2.595397472381591797e+00 -1.482758224010467529e-01
-2.601037025451660156e-01 -5.418689846992492676e-01 2.829368598759174347e-02
-1.193799376487731934e-01 -7.344524264335632324e-01 -3.793737888336181641e-01
1.559521108865737915e-01 -1.064521551132202148e+00 2.627409398555755615e-01
-4.691155552864074707e-01 -9.148333668708801270e-01 -1.416241824626922607e-01
1.952328383922576904e-01 -1.115158915519714355e+00 -3.186949193477630615e-01
-2.179490178823471069e-01 -1.135332584381103516e+00 2.575064599514007568e-01
-2.009599655866622925e-01 -6.614971756935119629e-01 -2.104460150003433228e-01
6.773694604635238647e-02 -1.023380875587463379e+00 -2.640698477625846863e-02
-2.531312704086303711e-01 -9.264706969261169434e-01 -4.039718583226203918e-02
-1.354008167982101440e-01 -8.344319462776184082e-01 -9.340400993824005127e-02
