4.935774803161621094e+00 4.983587741851806641e+00 -2.032496261596679688e+01
4.935774803161621094e+00 4.983587741851806641e+00 -2.032496261596679688e+01
4.935774803161621094e+00 4.983587741851806641e+00 -2.032496261596679688e+01
4.935774803161621094e+00 4.983587741851806641e+00 -2.032496261596679688e+01
4.935774803161621094e+00 4.983587741851806641e+00 -2.032496261596679688e+01
4.935774803161621094e+00 4.983587741851806641e+00 -2.032496261596679688e+01
4.935774803161621094e+00 4.983587741851806641e+00 -2.032496261596679688e+01
4.935774803161621094e+00 4.983587741851806641e+00 -2.032496261596679688e+01
4.935774803161621094e+00 4.983587741851806641e+00 -2.032496261596679688e+01
4.935774803161621094e+00 4.983587741851806641e+00 -2.032496261596679688e+01
4.935774803161621094e+00 4.983587741851806641e+00 -2.032496261596679688e+01
4.935774803161621094e+00 4.983587741851806641e+00 -2.032496261596679688e+01
4.993093967437744141e+00 4.872097969055175781e+00 -1.875316810607910156e+01
4.935774803161621094e+00 4.983587741851806641e+00 -2.032496261596679688e+01
4.935774803161621094e+00 4.983587741851806641e+00 -2.032496261596679688e+01
-7.030402183532714844e+00 2.582401514053344727e+00 -2.307835197448730469e+01
4.906477451324462891e+00 4.960909843444824219e+00 -2.023465347290039062e+01
4.838161945343017578e+00 4.951861858367919922e+00 -2.029039001464843750e+01
4.935774803161621094e+00 4.983587741851806641e+00 -2.032496261596679688e+01
4.935774803161621094e+00 4.983587741851806641e+00 -2.032496261596679688e+01
4.887564659118652344e+00 4.950052738189697266e+00 -2.026333618164062500e+01
4.839987277984619141e+00 4.934703826904296875e+00 -2.032589721679687500e+01
4.935774803161621094e+00 4.983587741851806641e+00 -2.032496261596679688e+01
4.925059318542480469e+00 4.920754909515380859e+00 -2.021517562866210938e+01
4.935774803161621094e+00 4.983587741851806641e+00 -2.032496261596679688e+01
4.935774803161621094e+00 4.983587741851806641e+00 -2.032496261596679688e+01
4.380472660064697266e+00 4.546546459197998047e+00 -1.997928810119628906e+01
4.935774803161621094e+00 4.983587741851806641e+00 -2.032496261596679688e+01
4.935774803161621094e+00 4.983587741851806641e+00 -2.032496261596679688e+01
4.935774803161621094e+00 4.983587741851806641e+00 -2.032496261596679688e+01
4.935774803161621094e+00 4.983587741851806641e+00 -2.032496261596679688e+01
4.870241165161132812e+00 4.851741790771484375e+00 -2.018840789794921875e+01
4.935774803161621094e+00 4.983587741851806641e+00 -2.032496261596679688e+01
4.935774803161621094e+00 4.983587741851806641e+00 -2.032496261596679688e+01
3.689249992370605469e+00 3.672911167144775391e+00 -2.006364059448242188e+01
4.935774803161621094e+00 4.983587741851806641e+00 -2.032496261596679688e+01
5.123519420623779297e+00 3.149898290634155273e+00 -1.875620269775390625e+01
4.935774803161621094e+00 4.983587741851806641e+00 -2.032496261596679688e+01
4.935774803161621094e+00 4.983587741851806641e+00 -2.032496261596679688e+01
4.793673038482666016e+00 4.701038837432861328e+00 -2.018628501892089844e+01
4.935774803161621094e+00 4.983587741851806641e+00 -2.032496261596679688e+01
4.935774803161621094e+00 4.983587741851806641e+00 -2.032496261596679688e+01
4.586355209350585938e+00 4.333448886871337891e+00 -2.037545204162597656e+01
4.935774803161621094e+00 4.983587741851806641e+00 -2.032496261596679688e+01
4.924513816833496094e+00 4.868803977966308594e+00 -2.027709197998046875e+01
4.881391525268554688e+00 4.678667545318603516e+00 -2.042205238342285156e+01
4.935774803161621094e+00 4.983587741851806641e+00 -2.032496261596679688e+01
4.898851394653320312e+00 4.785201072692871094e+00 -2.030833816528320312e+01
4.935774803161621094e+00 4.864069938659667969e+00 -2.032496261596679688e+01
