-1.299387097358703613e+00 1.454712271690368652e+00 -2.698194503784179688e+00
-1.727207779884338379e+00 1.724651336669921875e+00 -2.306275606155395508e+00
-1.268164277076721191e+00 1.000567674636840820e-01 -3.053962707519531250e+00
-6.925352811813354492e-01 1.615008592605590820e+00 -1.906663775444030762e+00
-1.793001890182495117e+00 5.214935168623924255e-02 -2.785507917404174805e+00
-8.320007920265197754e-01 1.914336159825325012e-02 -2.995507478713989258e+00
-1.455055594444274902e+00 -1.364969648420810699e-02 -2.119115591049194336e+00
-1.549709796905517578e+00 -2.083197236061096191e-01 -3.180175781250000000e+00
-6.621447205543518066e-01 -7.443010061979293823e-02 -2.465474605560302734e+00
-2.226701736450195312e+00 3.097126483917236328e-01 -2.315412521362304688e+00
-1.025048494338989258e+00 -2.608827948570251465e-01 -3.284440279006958008e+00
-1.045601367950439453e+00 -6.856537610292434692e-02 -1.889085531234741211e+00
-3.434177875518798828e+00 1.745728969573974609e+00 -3.935349464416503906e+00
3.763954639434814453e-01 7.551231384277343750e-01 -3.066610574722290039e+00
-1.570674419403076172e+00 -6.324617862701416016e-01 -2.312316179275512695e+00
-1.471750617027282715e+00 1.857038736343383789e-01 -4.028312206268310547e+00
8.357018232345581055e-01 1.448961734771728516e+00 -8.987392783164978027e-01
-2.454308271408081055e+00 -1.117038801312446594e-01 -2.650434970855712891e+00
-7.058733701705932617e-01 -4.271332323551177979e-01 -3.288819789886474609e+00
-1.332876801490783691e+00 -5.506949424743652344e-01 -1.973949790000915527e+00
-1.881178617477416992e+00 -4.439761638641357422e-01 -3.395375251770019531e+00
-2.342279851436614990e-01 -3.610531091690063477e-01 -2.554878950119018555e+00
-1.737346887588500977e+00 -7.613974809646606445e-01 -2.393473625183105469e+00
-1.078159093856811523e+00 -4.790057241916656494e-01 -3.681574821472167969e+00
-4.419966340065002441e-01 -8.138580620288848877e-02 -1.201933860778808594e+00
-1.427397131919860840e+00 -1.041346073150634766e+00 -2.739033222198486328e+00
1.085544109344482422e+00 2.992468476295471191e-01 -3.800093173980712891e+00
-1.464852094650268555e+00 -8.991651535034179688e-01 -2.302824497222900391e+00
-1.682506084442138672e+00 -5.720416307449340820e-01 -3.763362884521484375e+00
1.407684564590454102e+00 2.735725641250610352e-01 -1.275433540344238281e+00
-1.579145908355712891e+00 -9.938834905624389648e-01 -2.624450922012329102e+00
-8.670264482498168945e-01 -7.957646250724792480e-01 -3.370614767074584961e+00
-1.021731257438659668e+00 -4.983277916908264160e-01 -1.082594990730285645e+00
-1.455150842666625977e+00 -1.048228144645690918e+00 -2.818826675415039062e+00
3.533578217029571533e-01 -5.710852742195129395e-01 -2.835121154785156250e+00
-2.127536058425903320e+00 -7.442615032196044922e-01 -1.802989721298217773e+00
-1.291451692581176758e+00 -6.567604541778564453e-01 -4.324862957000732422e+00
6.667428463697433472e-02 -5.872571468353271484e-01 -1.192311167716979980e+00
-1.574287056922912598e+00 -1.051939368247985840e+00 -2.723672151565551758e+00
-9.327398538589477539e-01 -1.017972469329833984e+00 -2.976466655731201172e+00
-1.388135790824890137e+00 -1.020917773246765137e+00 -2.210352897644042969e+00
-1.498112797737121582e+00 -1.052845954895019531e+00 -3.013989686965942383e+00
1.324831604957580566e+00 -7.007974386215209961e-01 -1.979004979133605957e+00
-1.611755847930908203e+00 -1.071376323699951172e+00 -2.537892103195190430e+00
-5.555004477500915527e-01 -8.786281347274780273e-01 -4.704700946807861328e+00
-7.811755537986755371e-01 -9.924170970916748047e-01 -1.425220727920532227e+00
-1.557404637336730957e+00 -1.097643733024597168e+00 -2.820473909378051758e+00
-8.395836353302001953e-01 -1.093550920486450195e+00 -2.839956760406494141e+00
-1.677391886711120605e+00 -1.095218062400817871e+00 -2.053196430206298828e+00
-1.378699898719787598e+00 -1.114067077636718750e+00 -3.067540407180786133e+00
-7.820294052362442017e-02 -1.133014440536499023e+00 -1.830722451210021973e+00
-1.592400193214416504e+00 -1.126835107803344727e+00 -2.661676883697509766e+00
-1.136720895767211914e+00 -1.130574107170104980e+00 -2.889301538467407227e+00
-1.261851549148559570e+00 -1.190892338752746582e+00 -1.668904066085815430e+00
-1.788308143615722656e+00 -1.181469559669494629e+00 -3.194323778152465820e+00
1.809406518936157227e+00 -1.465910792350769043e+00 -2.539239883422851562e+00
-1.650875329971313477e+00 -1.178277611732482910e+00 -2.407777547836303711e+00
-1.234474420547485352e+00 -1.189891576766967773e+00 -3.163456916809082031e+00
-4.652640223503112793e-01 -1.374253392219543457e+00 -1.486789703369140625e+00
-1.557114720344543457e+00 -1.169599890708923340e+00 -2.757497072219848633e+00
-1.083252072334289551e+00 -1.171803832054138184e+00 -2.820647954940795898e+00
-1.532757639884948730e+00 -1.298526048660278320e+00 -1.978826522827148438e+00
-1.880490779876708984e+00 -1.483335018157958984e+00 -3.972212314605712891e+00
-4.273476004600524902e-01 -1.386409759521484375e+00 -2.328230857849121094e+00
-1.582452058792114258e+00 -1.209883928298950195e+00 -2.597938776016235352e+00
-1.041744112968444824e+00 -1.298799633979797363e+00 -3.182655334472656250e+00
-6.534895896911621094e-01 -2.030699253082275391e+00 -1.984576582908630371e-01
-1.599666357040405273e+00 -1.253233313560485840e+00 -2.893348693847656250e+00
-6.515397429466247559e-01 -1.382532596588134766e+00 -2.806282043457031250e+00
-1.580170631408691406e+00 -1.313196778297424316e+00 -2.339269399642944336e+00
-1.371911764144897461e+00 -1.542558431625366211e+00 -3.628736734390258789e+00
3.558847308158874512e-01 -2.210164785385131836e+00 -1.151858210563659668e+00
-1.550877332687377930e+00 -1.246227264404296875e+00 -2.700648307800292969e+00
-1.009037017822265625e+00 -1.328412652015686035e+00 -2.959014654159545898e+00
-1.358668565750122070e+00 -1.465497493743896484e+00 -2.090816974639892578e+00
-1.739394426345825195e+00 -1.558164119720458984e+00 -3.283852577209472656e+00
-4.856120645999908447e-01 -1.642618656158447266e+00 -2.546046733856201172e+00
-1.546496033668518066e+00 -1.312366008758544922e+00 -2.544369697570800781e+00
-1.142838954925537109e+00 -1.527672886848449707e+00 -3.258675575256347656e+00
-7.533963024616241455e-02 -3.126677513122558594e+00 -2.840701639652252197e-01
-1.509105801582336426e+00 -1.293179035186767578e+00 -2.777110815048217773e+00
-1.151351571083068848e+00 -1.249477863311767578e+00 -2.757617712020874023e+00
-1.483483552932739258e+00 -1.488263487815856934e+00 -2.314585447311401367e+00
-1.460970520973205566e+00 -1.630159020423889160e+00 -3.231514215469360352e+00
7.377982735633850098e-01 -3.419460058212280273e+00 -1.490900874137878418e+00
-1.516499519348144531e+00 -1.346169114112854004e+00 -2.652678966522216797e+00
-1.174493074417114258e+00 -1.351703882217407227e+00 -2.872209787368774414e+00
-1.273617863655090332e+00 -1.369570136070251465e+00 -2.482870817184448242e+00
-1.453684329986572266e+00 -1.369665741920471191e+00 -2.830832481384277344e+00
-1.180760145187377930e+00 -1.275028586387634277e+00 -2.701941251754760742e+00
-1.469371199607849121e+00 -1.455872654914855957e+00 -2.532306909561157227e+00
-1.289308905601501465e+00 -1.395011305809020996e+00 -2.878088951110839844e+00
-1.227146983146667480e+00 -1.308952808380126953e+00 -2.609889507293701172e+00
-1.438142061233520508e+00 -1.376054286956787109e+00 -2.718243837356567383e+00
-1.214238047599792480e+00 -1.329380393028259277e+00 -2.756214380264282227e+00
-1.327977418899536133e+00 -1.409305334091186523e+00 -2.576657772064208984e+00
-1.342754840850830078e+00 -1.361040949821472168e+00 -2.775618553161621094e+00
-1.239961981773376465e+00 -1.331278204917907715e+00 -2.678595542907714844e+00
-1.350189924240112305e+00 -1.390842318534851074e+00 -2.675321102142333984e+00
-1.299387097358703613e+00 -1.362797856330871582e+00 -2.698194503784179688e+00
