5.362573146820068359e+00 3.111219406127929688e+00 -2.177482795715332031e+01
5.362573146820068359e+00 3.111219406127929688e+00 -2.177482795715332031e+01
5.362573146820068359e+00 3.111219406127929688e+00 -2.177482795715332031e+01
5.362573146820068359e+00 3.111219406127929688e+00 -2.177482795715332031e+01
5.362573146820068359e+00 3.111219406127929688e+00 -2.177482795715332031e+01
5.362573146820068359e+00 3.111219406127929688e+00 -2.177482795715332031e+01
5.362573146820068359e+00 3.111219406127929688e+00 -2.177482795715332031e+01
5.362573146820068359e+00 3.111219406127929688e+00 -2.177482795715332031e+01
5.362573146820068359e+00 3.111219406127929688e+00 -2.177482795715332031e+01
5.362573146820068359e+00 3.111219406127929688e+00 -2.177482795715332031e+01
5.362573146820068359e+00 3.111219406127929688e+00 -2.177482795715332031e+01
5.362573146820068359e+00 3.111219406127929688e+00 -2.177482795715332031e+01
5.207060813903808594e+00 3.281129837036132812e+00 -2.091999435424804688e+01
5.362573146820068359e+00 3.111219406127929688e+00 -2.177482795715332031e+01
5.362573146820068359e+00 3.111219406127929688e+00 -2.177482795715332031e+01
5.362573146820068359e+00 3.111219406127929688e+00 -2.177482795715332031e+01
4.868127822875976562e+00 3.140866279602050781e+00 -2.093114471435546875e+01
4.303035736083984375e+00 3.078848838806152344e+00 -2.164278030395507812e+01
5.362573146820068359e+00 3.111219406127929688e+00 -2.177482795715332031e+01
5.362573146820068359e+00 3.111219406127929688e+00 -2.177482795715332031e+01
4.704695224761962891e+00 2.998179435729980469e+00 -2.123125648498535156e+01
5.362573146820068359e+00 3.111219406127929688e+00 -2.177482795715332031e+01
5.362573146820068359e+00 3.111219406127929688e+00 -2.177482795715332031e+01
5.114329814910888672e+00 2.919064044952392578e+00 -2.100961494445800781e+01
4.381168365478515625e+00 2.792246341705322266e+00 -2.142723464965820312e+01
5.362573146820068359e+00 3.111219406127929688e+00 -2.177482795715332031e+01
5.362573146820068359e+00 3.111219406127929688e+00 -2.177482795715332031e+01
4.783419132232666016e+00 2.708358287811279297e+00 -2.103449630737304688e+01
5.362573146820068359e+00 3.111219406127929688e+00 -2.177482795715332031e+01
4.640566349029541016e+00 2.742754459381103516e+00 -2.178187179565429688e+01
5.334163188934326172e+00 2.944629669189453125e+00 -2.148374938964843750e+01
5.362573146820068359e+00 3.111219406127929688e+00 -2.177482795715332031e+01
4.506698131561279297e+00 2.437617540359497070e+00 -2.124204826354980469e+01
5.362573146820068359e+00 3.111219406127929688e+00 -2.177482795715332031e+01
5.362573146820068359e+00 3.111219406127929688e+00 -2.177482795715332031e+01
5.008042812347412109e+00 2.397945642471313477e+00 -2.103607940673828125e+01
5.362573146820068359e+00 3.111219406127929688e+00 -2.177482795715332031e+01
5.362573146820068359e+00 3.111219406127929688e+00 -2.177482795715332031e+01
4.944761276245117188e+00 2.671905040740966797e+00 -2.168723678588867188e+01
5.362573146820068359e+00 3.111219406127929688e+00 -2.177482795715332031e+01
5.362573146820068359e+00 3.111219406127929688e+00 -2.177482795715332031e+01
5.165754318237304688e+00 2.719872474670410156e+00 -2.158275222778320312e+01
5.229347705841064453e+00 2.863336563110351562e+00 -2.179407882690429688e+01
5.362573146820068359e+00 3.111219406127929688e+00 -2.177482795715332031e+01
5.362573146820068359e+00 3.111219406127929688e+00 -2.177482795715332031e+01
5.362573146820068359e+00 3.111219406127929688e+00 -2.177482795715332031e+01
5.362573146820068359e+00 3.111219406127929688e+00 -2.177482795715332031e+01
