4.403595447540283203e+00 4.223083972930908203e+00 -2.158100128173828125e+01
4.403595447540283203e+00 4.223083972930908203e+00 -2.158100128173828125e+01
4.403595447540283203e+00 4.223083972930908203e+00 -2.158100128173828125e+01
4.403595447540283203e+00 4.223083972930908203e+00 -2.158100128173828125e+01
4.403595447540283203e+00 4.223083972930908203e+00 -2.158100128173828125e+01
4.403595447540283203e+00 4.223083972930908203e+00 -2.158100128173828125e+01
4.441828250885009766e+00 4.148718833923339844e+00 -2.053259277343750000e+01
4.244029521942138672e+00 4.195666313171386719e+00 -2.144915962219238281e+01
4.403595447540283203e+00 4.223083972930908203e+00 -2.158100128173828125e+01
3.767344951629638672e+00 3.730587482452392578e+00 -1.961974906921386719e+01
4.243270397186279297e+00 4.170975685119628906e+00 -2.152421760559082031e+01
4.621680736541748047e+00 3.914874076843261719e+00 -2.073697280883789062e+01
4.403595447540283203e+00 4.223083972930908203e+00 -2.158100128173828125e+01
4.403595447540283203e+00 4.223083972930908203e+00 -2.158100128173828125e+01
3.591544151306152344e+00 3.658219099044799805e+00 -2.054295730590820312e+01
4.403595447540283203e+00 4.223083972930908203e+00 -2.158100128173828125e+01
4.284016609191894531e+00 4.162058830261230469e+00 -2.158216857910156250e+01
4.318868160247802734e+00 3.726260423660278320e+00 -2.071291542053222656e+01
4.342303752899169922e+00 4.174845695495605469e+00 -2.154284667968750000e+01
5.305363655090332031e+00 2.743184328079223633e+00 -1.980249023437500000e+01
4.403595447540283203e+00 4.223083972930908203e+00 -2.158100128173828125e+01
4.063969612121582031e+00 3.539796829223632812e+00 -2.087331008911132812e+01
4.403595447540283203e+00 4.223083972930908203e+00 -2.158100128173828125e+01
4.403595447540283203e+00 4.223083972930908203e+00 -2.158100128173828125e+01
2.937731981277465820e+00 2.681780815124511719e+00 -2.127369689941406250e+01
4.403595447540283203e+00 4.223083972930908203e+00 -2.158100128173828125e+01
4.473775386810302734e+00 3.537642478942871094e+00 -2.099459075927734375e+01
4.403595447540283203e+00 4.223083972930908203e+00 -2.158100128173828125e+01
3.370860576629638672e+00 2.169635057449340820e+00 -2.057315444946289062e+01
4.403595447540283203e+00 4.223083972930908203e+00 -2.158100128173828125e+01
4.403595447540283203e+00 4.223083972930908203e+00 -2.158100128173828125e+01
3.248903274536132812e+00 2.074632644653320312e+00 -2.174784851074218750e+01
4.403595447540283203e+00 4.223083972930908203e+00 -2.158100128173828125e+01
4.117876052856445312e+00 1.310731649398803711e+00 -2.036641502380371094e+01
4.403595447540283203e+00 4.223083972930908203e+00 -2.158100128173828125e+01
4.403595447540283203e+00 4.223083972930908203e+00 -2.158100128173828125e+01
4.403595447540283203e+00 4.223083972930908203e+00 -2.158100128173828125e+01
4.403595447540283203e+00 2.811870336532592773e+00 -2.158100128173828125e+01
