-1.581072568893432617e+00 2.732623517513275146e-01 -3.992359161376953125e+00
-1.728590726852416992e+00 3.476880788803100586e-01 -3.857220411300659180e+00
-1.564156651496887207e+00 2.740106172859668732e-02 -4.185107231140136719e+00
-1.308725237846374512e+00 5.940319895744323730e-01 -3.637130260467529297e+00
-2.540249586105346680e+00 1.641116023063659668e+00 -4.162024021148681641e+00
-1.334055185317993164e+00 -3.152726590633392334e-02 -4.149491310119628906e+00
-1.715640664100646973e+00 3.221038281917572021e-01 -3.491772413253784180e+00
-1.744094371795654297e+00 -4.010492563247680664e-02 -4.306247711181640625e+00
-4.520584046840667725e-01 1.216250300407409668e+00 -3.580044984817504883e+00
-2.650511026382446289e+00 1.013939976692199707e+00 -3.550910472869873047e+00
-1.498921036720275879e+00 -3.758234977722167969e-01 -4.167912006378173828e+00
-1.374991059303283691e+00 2.196223884820938110e-01 -3.335338592529296875e+00
-2.925632238388061523e+00 1.171139955520629883e+00 -4.771558761596679688e+00
-8.679260611534118652e-01 1.646223813295364380e-01 -4.149142265319824219e+00
-2.370785474777221680e+00 7.805984616279602051e-01 -2.869073867797851562e+00
-1.718646764755249023e+00 4.080200791358947754e-01 -5.054009914398193359e+00
-1.200176119804382324e+00 -1.745336502790451050e-01 -3.671339273452758789e+00
-2.999959707260131836e+00 6.036943793296813965e-01 -3.933683633804321289e+00
-1.418457150459289551e+00 -4.431977570056915283e-01 -4.154183387756347656e+00
-1.611940860748291016e+00 -1.096626222133636475e-01 -3.324804067611694336e+00
-2.234155178070068359e+00 1.240308880805969238e-01 -4.774970531463623047e+00
-1.131842732429504395e+00 -3.132623434066772461e-01 -3.931915998458862305e+00
-2.818639755249023438e+00 3.748864531517028809e-01 -3.131292104721069336e+00
-1.552039265632629395e+00 -5.486102104187011719e-01 -4.121415138244628906e+00
-1.268536090850830078e+00 -2.546300590038299561e-01 -3.446941375732421875e+00
-1.682667136192321777e+00 -5.717114210128784180e-01 -4.024770736694335938e+00
-1.289099097251892090e+00 -4.589636325836181641e-01 -4.127258300781250000e+00
-1.759760975837707520e+00 -3.962574303150177002e-01 -3.565392255783081055e+00
-1.996329307556152344e+00 -4.082563146948814392e-02 -5.146878719329833984e+00
-1.140637278556823730e+00 -4.060675799846649170e-01 -3.760878801345825195e+00
-1.755091786384582520e+00 -5.553228855133056641e-01 -3.946488380432128906e+00
-1.502098441123962402e+00 -5.736171603202819824e-01 -4.115181922912597656e+00
-1.241460323333740234e+00 1.253488510847091675e-01 -2.016252994537353516e+00
-1.662201523780822754e+00 -5.961751937866210938e-01 -4.055190086364746094e+00
-1.185161352157592773e+00 -5.014705657958984375e-01 -4.025159358978271484e+00
-1.710246205329895020e+00 -5.741776823997497559e-01 -3.852726221084594727e+00
-1.580567240715026855e+00 -6.030916571617126465e-01 -4.095941066741943359e+00
-1.066048622131347656e+00 -4.324014186859130859e-01 -3.424620389938354492e+00
-1.757743239402770996e+00 -5.900745391845703125e-01 -4.008732795715332031e+00
-1.421298623085021973e+00 -5.889165997505187988e-01 -4.113621711730957031e+00
-1.908155918121337891e+00 -2.750890254974365234e-01 -2.194419860839843750e+00
-1.637269377708435059e+00 -6.140630841255187988e-01 -4.081661701202392578e+00
-9.870617985725402832e-01 -5.380443334579467773e-01 -3.829565525054931641e+00
-2.131362199783325195e+00 -5.505253672599792480e-01 -3.709959745407104492e+00
-1.193936109542846680e+00 -5.079406499862670898e-01 -5.036593437194824219e+00
-5.337231159210205078e-01 -3.788773119449615479e-01 -1.419571280479431152e+00
-1.714331150054931641e+00 -6.220016479492187500e-01 -4.055512905120849609e+00
-1.512710899114608765e-01 -5.567917823791503906e-01 -4.433182239532470703e+00
-2.607423543930053711e+00 -5.709150433540344238e-01 -2.241072893142700195e+00
-1.605052232742309570e+00 -6.313009262084960938e-01 -4.104028224945068359e+00
-8.784393072128295898e-01 -6.411608457565307617e-01 -3.493241310119628906e+00
-3.058607101440429688e+00 -6.775955557823181152e-01 -3.808216810226440430e+00
-8.878322839736938477e-01 -6.865406632423400879e-01 -4.806806087493896484e+00
-1.517274498939514160e+00 -7.565461993217468262e-01 -2.242906332015991211e+00
-1.678544163703918457e+00 -6.451312899589538574e-01 -4.091267585754394531e+00
3.989638090133666992e-01 -8.541187047958374023e-01 -3.891118526458740234e+00
-2.072749853134155273e+00 -7.169373035430908203e-01 -3.586110830307006836e+00
-1.565747857093811035e+00 -6.494545340538024902e-01 -4.102198600769042969e+00
-3.389291465282440186e-01 -1.014231204986572266e+00 -2.188382625579833984e+00
-1.849280238151550293e+00 -6.862744092941284180e-01 -4.054073333740234375e+00
-4.589017629623413086e-01 -9.124109148979187012e-01 -4.628136157989501953e+00
-1.804516434669494629e+00 -8.054137825965881348e-01 -3.303590059280395508e+00
-1.630921483039855957e+00 -6.638042926788330078e-01 -4.101648330688476562e+00
1.744172692298889160e+00 -1.656395554542541504e+00 -2.581620454788208008e+00
-2.218270540237426758e+00 -8.395547270774841309e-01 -3.766676664352416992e+00
-1.489186763763427734e+00 -6.969767808914184570e-01 -4.165137290954589844e+00
-6.036931276321411133e-01 -2.013738632202148438e+00 -2.097289711236953735e-01
-1.743170738220214844e+00 -7.055200934410095215e-01 -4.097708225250244141e+00
-1.581072568893432617e+00 -6.324546933174133301e-01 -3.992359161376953125e+00
-1.927110552787780762e+00 -8.731595873832702637e-01 -3.550019502639770508e+00
-1.589535355567932129e+00 -6.820089817047119141e-01 -4.100941658020019531e+00
-2.972122728824615479e-01 -1.479649186134338379e+00 -2.792991399765014648e+00
-2.556257963180541992e+00 -1.130125641822814941e+00 -4.001873970031738281e+00
-1.430225253105163574e+00 -7.418323755264282227e-01 -4.127864837646484375e+00
-1.677994132041931152e+00 -1.200783610343933105e+00 -2.999332904815673828e+00
-1.660602450370788574e+00 -7.120339870452880859e-01 -4.098215103149414062e+00
2.163479477167129517e-01 -1.791460990905761719e+00 -3.656303644180297852e+00
-2.019645690917968750e+00 -9.776262640953063965e-01 -3.719348430633544922e+00
-1.547592401504516602e+00 -7.200945019721984863e-01 -4.112226486206054688e+00
-1.219067096710205078e+00 -1.226544857025146484e+00 -3.278394937515258789e+00
-1.789739131927490234e+00 -8.068712353706359863e-01 -4.070879459381103516e+00
-1.431494235992431641e+00 -7.654208540916442871e-01 -4.052401542663574219e+00
-1.838682770729064941e+00 -1.150736331939697266e+00 -3.455566644668579102e+00
-1.612891554832458496e+00 -7.333319187164306641e-01 -4.097380161285400391e+00
-2.848507761955261230e-01 -2.096903800964355469e+00 -3.224181413650512695e+00
-2.099040746688842773e+00 -1.177079916000366211e+00 -3.883771896362304688e+00
-1.495981812477111816e+00 -7.917575240135192871e-01 -4.110916137695312500e+00
-1.480265378952026367e+00 -1.617032170295715332e+00 -3.150031805038452148e+00
-1.677918195724487305e+00 -7.904876470565795898e-01 -4.075610160827636719e+00
-1.434274673461914062e+00 -8.269183635711669922e-01 -3.996995449066162109e+00
-1.895076751708984375e+00 -1.256808161735534668e+00 -3.685922145843505859e+00
-1.576466441154479980e+00 -7.591117620468139648e-01 -4.074577331542968750e+00
-1.502661466598510742e+00 -8.398462533950805664e-01 -3.896510839462280273e+00
-1.751852512359619141e+00 -9.502123594284057617e-01 -4.017035961151123047e+00
-1.516590356826782227e+00 -7.926188111305236816e-01 -4.036296844482421875e+00
-1.662897586822509766e+00 -1.466501593589782715e+00 -3.644522666931152344e+00
-1.616334438323974609e+00 -8.301635980606079102e-01 -4.055311679840087891e+00
-1.486505866050720215e+00 -9.720432162284851074e-01 -3.961169958114624023e+00
-1.740314960479736328e+00 -1.488050460815429688e+00 -3.920662164688110352e+00
-1.581072568893432617e+00 -9.620204567909240723e-01 -3.992359161376953125e+00
