-1.849703788757324219e+00 2.119807720184326172e+00 -3.526121139526367188e+00
-2.276542425155639648e+00 2.497475385665893555e+00 -3.135102033615112305e+00
-1.828368544578552246e+00 4.937113821506500244e-01 -3.769225597381591797e+00
-1.585708975791931152e+00 8.503378033638000488e-01 -3.181786775588989258e+00
-2.542547941207885742e+00 1.303738236427307129e+00 -3.648675441741943359e+00
-1.566533803939819336e+00 3.503428399562835693e-01 -3.706250667572021484e+00
-2.021962404251098633e+00 8.833813667297363281e-01 -2.885327577590942383e+00
-2.607331514358520508e+00 2.414353609085083008e+00 -4.984887123107910156e+00
-1.327090024948120117e+00 5.172199010848999023e-01 -3.335263490676879883e+00
-2.570291280746459961e+00 7.708060741424560547e-01 -3.228673219680786133e+00
-1.644062042236328125e+00 3.038652241230010986e-01 -3.965565443038940430e+00
-1.736300706863403320e+00 1.303489655256271362e-01 -3.164574146270751953e+00
-3.762719392776489258e+00 2.227588176727294922e+00 -4.634752750396728516e+00
-4.492520391941070557e-01 1.226737260818481445e+00 -3.834006547927856445e+00
-2.424958705902099609e+00 6.907836198806762695e-01 -2.707880258560180664e+00
-1.972297310829162598e+00 5.886418819427490234e-01 -4.472167491912841797e+00
-1.611238360404968262e+00 -5.184656754136085510e-02 -3.325142145156860352e+00
-2.815010309219360352e+00 5.024507045745849609e-01 -3.486202716827392578e+00
-1.377270340919494629e+00 2.112985700368881226e-01 -3.996255636215209961e+00
-1.871496677398681641e+00 3.055469505488872528e-02 -3.054830074310302734e+00
-2.754960298538208008e+00 7.100520133972167969e-01 -4.610920906066894531e+00
-1.115721225738525391e+00 1.829840242862701416e-01 -3.427364826202392578e+00
-2.887037992477416992e+00 5.058233737945556641e-01 -2.804371118545532227e+00
-1.685590147972106934e+00 1.354042291641235352e-01 -4.255622386932373047e+00
-1.673244714736938477e+00 -1.252134442329406738e-01 -3.218176603317260742e+00
-4.196747779846191406e+00 1.064759492874145508e+00 -4.274892330169677734e+00
4.432723671197891235e-02 7.869019508361816406e-01 -4.401211738586425781e+00
-2.072250604629516602e+00 -4.436324536800384521e-02 -2.994356632232666016e+00
-2.538881301879882812e+00 6.433579921722412109e-01 -5.442209720611572266e+00
-1.521195173263549805e+00 -1.696783453226089478e-01 -3.353466272354125977e+00
-3.011953353881835938e+00 1.766182184219360352e-01 -3.219755887985229492e+00
-1.440449357032775879e+00 -3.363054245710372925e-02 -4.162605762481689453e+00
-1.760386824607849121e+00 -1.392344087362289429e-01 -3.006411552429199219e+00
-3.280350923538208008e+00 3.012270033359527588e-01 -4.634094715118408203e+00
-4.921128153800964355e-01 1.106140837073326111e-01 -3.638594865798950195e+00
-2.328839302062988281e+00 -1.223710626363754272e-01 -3.008189678192138672e+00
-1.841367721557617188e+00 1.458711773157119751e-01 -5.234922885894775391e+00
-1.709184646606445312e+00 -2.839517593383789062e-01 -3.371219158172607422e+00
-3.787808179855346680e+00 1.263827532529830933e-01 -3.705744266510009766e+00
-3.993545174598693848e-01 5.668282136321067810e-02 -4.626884460449218750e+00
-1.967702031135559082e+00 -2.096114456653594971e-01 -2.877498388290405273e+00
-2.377264261245727539e+00 -1.658791899681091309e-01 -4.364467620849609375e+00
-1.728841304779052734e+00 -3.193247914314270020e-01 -3.492997646331787109e+00
-4.304084300994873047e+00 2.688384801149368286e-02 -2.266573429107666016e+00
-1.550259232521057129e+00 -2.422244846820831299e-01 -4.333821296691894531e+00
-1.116131663322448730e+00 -1.609266400337219238e-01 -1.724119305610656738e+00
-4.248604774475097656e+00 -1.503599733114242554e-01 -4.663004875183105469e+00
-8.635891079902648926e-01 -2.863506376743316650e-01 -3.830150842666625977e+00
-2.214776515960693359e+00 -3.166446983814239502e-01 -2.903189182281494141e+00
-2.229186534881591797e+00 -3.202761113643646240e-01 -5.293305873870849609e+00
-1.724229574203491211e+00 -3.400890529155731201e-01 -3.436990022659301758e+00
-3.379261970520019531e+00 -3.852646052837371826e-01 -3.335495233535766602e+00
-1.303519368171691895e+00 -3.811471164226531982e-01 -4.167800903320312500e+00
-1.780697822570800781e+00 -4.727556109428405762e-01 -1.633857488632202148e+00
-4.236432075500488281e+00 -6.489393115043640137e-01 -5.948037147521972656e+00
-1.742615103721618652e+00 -3.505228459835052490e-01 -3.520645618438720703e+00
-2.404755353927612305e+00 -4.339062273502349854e-01 -3.067509889602661133e+00
-1.511742472648620605e+00 -7.134388089179992676e-01 -5.948461532592773438e+00
-1.731972217559814453e+00 -3.747195005416870117e-01 -3.355138301849365234e+00
-2.665526390075683594e+00 -5.022408962249755859e-01 -3.713840007781982422e+00
-1.101549744606018066e+00 -5.251818299293518066e-01 -3.949995279312133789e+00
-2.368249177932739258e+00 -7.399198412895202637e-01 -1.927697777748107910e+00
-1.956279158592224121e+00 -4.055587649345397949e-01 -3.759778022766113281e+00
-1.741059660911560059e+00 -3.719890713691711426e-01 -3.480028629302978516e+00
-2.565319538116455078e+00 -5.711213946342468262e-01 -3.272664785385131836e+00
-1.268712401390075684e+00 -7.465054988861083984e-01 -4.618592262268066406e+00
-1.810734391212463379e+00 -3.936080038547515869e-01 -3.375302553176879883e+00
-2.793699741363525391e+00 -7.640384435653686523e-01 -4.139632225036621094e+00
-1.754101037979125977e+00 -3.775885999202728271e-01 -3.542071580886840820e+00
-3.042834520339965820e+00 -1.168479084968566895e+00 -2.000944375991821289e+00
-1.881085872650146484e+00 -5.222952365875244141e-01 -3.928775310516357422e+00
-1.741422653198242188e+00 -4.099869430065155029e-01 -3.424966096878051758e+00
-2.675245046615600586e+00 -7.598366737365722656e-01 -3.534175872802734375e+00
-1.771674633026123047e+00 -3.951123654842376709e-01 -3.596214294433593750e+00
-1.861770987510681152e+00 -4.092938899993896484e-01 -3.402484893798828125e+00
-2.545848131179809570e+00 -1.035111665725708008e+00 -4.452702045440673828e+00
-1.754113912582397461e+00 -4.001722931861877441e-01 -3.508249044418334961e+00
-1.950219750404357910e+00 -4.176436960697174072e-01 -3.463550090789794922e+00
-1.691466808319091797e+00 -7.527448534965515137e-01 -4.092648506164550781e+00
-1.782837986946105957e+00 -4.482683241367340088e-01 -3.394245147705078125e+00
-2.086065769195556641e+00 -5.361005067825317383e-01 -3.615063190460205078e+00
-1.766900897026062012e+00 -4.121411442756652832e-01 -3.559359312057495117e+00
-1.906477332115173340e+00 -4.527559578418731689e-01 -3.407819986343383789e+00
-2.033034563064575195e+00 -9.197565913200378418e-01 -4.131219387054443359e+00
-1.758847832679748535e+00 -4.411818385124206543e-01 -3.472277402877807617e+00
-2.039911508560180664e+00 -5.385309457778930664e-01 -3.486245870590209961e+00
-1.527396440505981445e+00 -9.419429898262023926e-01 -3.975193262100219727e+00
-1.830045938491821289e+00 -5.305313467979431152e-01 -3.361863613128662109e+00
-2.271933078765869141e+00 -1.027529239654541016e+00 -3.889080762863159180e+00
-1.773474931716918945e+00 -4.395149648189544678e-01 -3.528528690338134766e+00
-2.018869400024414062e+00 -6.748964786529541016e-01 -3.361032247543334961e+00
-1.822548866271972656e+00 -1.085233926773071289e+00 -4.010832309722900391e+00
-1.742676138877868652e+00 -6.216144561767578125e-01 -3.395292282104492188e+00
-2.052708625793457031e+00 -7.162505984306335449e-01 -3.555454254150390625e+00
-1.371289730072021484e+00 -1.526842832565307617e+00 -3.852108240127563477e+00
-1.898571968078613281e+00 -8.366501927375793457e-01 -3.318383693695068359e+00
-2.003191232681274414e+00 -1.199120163917541504e+00 -3.800140380859375000e+00
-1.519713282585144043e+00 -1.523527622222900391e+00 -3.417286634445190430e+00
-1.940525412559509277e+00 -8.265110254287719727e-01 -3.485229730606079102e+00
-1.849703788757324219e+00 -1.167564749717712402e+00 -3.526121139526367188e+00
