-2.202447891235351562e+00 7.201541662216186523e-01 -4.733879089355468750e+00
-2.202447891235351562e+00 1.541485190391540527e-01 -4.733879089355468750e+00
-2.150246858596801758e+00 2.190409660339355469e+00 -5.328684329986572266e+00
-2.105385303497314453e+00 5.912597775459289551e-01 -4.607277870178222656e+00
-2.202447891235351562e+00 1.541485190391540527e-01 -4.733879089355468750e+00
-2.105798721313476562e+00 3.892699778079986572e-01 -4.795359134674072266e+00
-2.388716220855712891e+00 1.475442767143249512e+00 -4.040969848632812500e+00
-2.666810035705566406e+00 1.841437935829162598e+00 -5.627980232238769531e+00
-2.037560462951660156e+00 4.241434335708618164e-01 -4.673662662506103516e+00
-2.610924482345581055e+00 7.829958200454711914e-01 -4.565266132354736328e+00
-2.040902137756347656e+00 6.587979197502136230e-01 -5.079092979431152344e+00
-2.015276908874511719e+00 9.280363917350769043e-01 -4.137148857116699219e+00
-2.688381671905517578e+00 8.059809207916259766e-01 -5.015487670898437500e+00
-2.430147081613540649e-01 2.344188213348388672e+00 -5.164655208587646484e+00
-2.877295255661010742e+00 1.361669778823852539e+00 -3.773978233337402344e+00
-2.294893503189086914e+00 8.533161282539367676e-01 -5.447276115417480469e+00
-1.872630953788757324e+00 5.506608486175537109e-01 -4.455908775329589844e+00
-2.829356193542480469e+00 7.003173828125000000e-01 -4.707954406738281250e+00
-1.220797061920166016e+00 1.296624660491943359e+00 -5.710752964019775391e+00
-2.202447891235351562e+00 1.541485190391540527e-01 -4.733879089355468750e+00
-2.643667221069335938e+00 6.652263402938842773e-01 -5.262607097625732422e+00
-1.732018113136291504e+00 4.884040951728820801e-01 -4.670583248138427734e+00
-2.808931350708007812e+00 6.478071212768554688e-01 -4.311903476715087891e+00
-1.788069963455200195e+00 1.350817561149597168e+00 -6.575830459594726562e+00
-1.843155860900878906e+00 5.884957313537597656e-01 -4.106866836547851562e+00
-3.017450809478759766e+00 6.414374709129333496e-01 -4.993887424468994141e+00
-1.678187370300292969e+00 4.656649231910705566e-01 -4.976100921630859375e+00
-2.691527366638183594e+00 8.006324768066406250e-01 -3.565248966217041016e+00
-2.502293586730957031e+00 5.813479423522949219e-01 -5.567526340484619141e+00
-1.855529546737670898e+00 3.324671983718872070e-01 -4.551548480987548828e+00
-4.186198234558105469e+00 1.033420920372009277e+00 -4.210968971252441406e+00
-1.947118163108825684e+00 3.443749845027923584e-01 -5.130975723266601562e+00
-1.566940903663635254e+00 1.572205424308776855e+00 -1.036045908927917480e+00
-4.120833396911621094e+00 1.012018322944641113e+00 -6.219584941864013672e+00
-1.751490116119384766e+00 3.033443689346313477e-01 -4.771240234375000000e+00
-3.052118778228759766e+00 5.374797582626342773e-01 -3.815409898757934570e+00
-2.196858882904052734e+00 4.789272248744964600e-01 -5.879577159881591797e+00
-2.057797908782958984e+00 2.103356271982192993e-01 -4.574423789978027344e+00
-3.285579442977905273e+00 4.139727056026458740e-01 -4.834263324737548828e+00
-1.815126061439514160e+00 2.596929073333740234e-01 -5.027842521667480469e+00
-2.614077568054199219e+00 6.038880348205566406e-01 -2.471198320388793945e+00
-3.690455913543701172e+00 6.411301493644714355e-01 -7.098473072052001953e+00
-1.738232374191284180e+00 2.279295921325683594e-01 -4.606657028198242188e+00
-4.409821033477783203e+00 4.827912449836730957e-01 -3.601091623306274414e+00
-2.035835742950439453e+00 2.077357023954391479e-01 -5.183286666870117188e+00
-1.628699064254760742e+00 2.930608093738555908e-01 -3.324479341506958008e+00
-4.239006996154785156e+00 3.139000833034515381e-01 -5.699042320251464844e+00
-1.844631314277648926e+00 1.730836331844329834e-01 -4.844197750091552734e+00
-3.018105745315551758e+00 2.030551135540008545e-01 -3.342103481292724609e+00
-2.530107021331787109e+00 1.699133217334747314e-01 -6.259730815887451172e+00
-1.902373671531677246e+00 1.504303663969039917e-01 -4.520720481872558594e+00
-3.569536924362182617e+00 1.123819127678871155e-01 -4.563501358032226562e+00
-1.914513945579528809e+00 1.316841691732406616e-01 -5.072155952453613281e+00
-2.139072895050048828e+00 3.087972477078437805e-02 -2.996024847030639648e+00
-3.402765512466430664e+00 -1.958278473466634750e-03 -5.951892852783203125e+00
-1.861689329147338867e+00 1.160007938742637634e-01 -4.716455936431884766e+00
-3.594231605529785156e+00 -8.499506115913391113e-02 -3.583918094635009766e+00
-2.092928171157836914e+00 3.265704959630966187e-02 -5.518862247467041016e+00
-2.023912906646728516e+00 9.927527606487274170e-02 -4.474591255187988281e+00
-5.697382450103759766e+00 -5.471605658531188965e-01 -5.538055419921875000e+00
-1.919413924217224121e+00 8.353795111179351807e-02 -4.894234657287597656e+00
-3.002748012542724609e+00 -4.653323292732238770e-01 -2.266942262649536133e+00
-2.425431966781616211e+00 1.391537766903638840e-02 -5.222752094268798828e+00
-1.883279681205749512e+00 5.586723238229751587e-02 -4.598471641540527344e+00
-4.449596881866455078e+00 -5.762125849723815918e-01 -3.937984943389892578e+00
-1.977393388748168945e+00 -3.884369274601340294e-03 -5.157062053680419922e+00
-2.131058931350708008e+00 5.325787141919136047e-02 -4.457591056823730469e+00
-3.006118297576904297e+00 -2.081042379140853882e-01 -5.256191730499267578e+00
-1.930708885192871094e+00 4.314152151346206665e-02 -4.779216289520263672e+00
-2.959739685058593750e+00 -3.726254999637603760e-01 -3.765834569931030273e+00
-2.289265394210815430e+00 -3.542195558547973633e-01 -5.847807884216308594e+00
-1.939427733421325684e+00 -1.941340416669845581e-02 -4.488168716430664062e+00
-3.008252143859863281e+00 -2.570813596248626709e-01 -4.741741180419921875e+00
-1.994900465011596680e+00 3.658273490145802498e-03 -4.920318126678466797e+00
-2.234625816345214844e+00 -3.453680500388145447e-02 -4.404194355010986328e+00
-2.460119962692260742e+00 -1.036838516592979431e-01 -5.076845645904541016e+00
-1.954385042190551758e+00 -5.806508474051952362e-03 -4.687500000000000000e+00
-4.097775459289550781e+00 -1.337537169456481934e+00 -3.554042100906372070e+00
-2.089682102203369141e+00 -1.410337090492248535e-01 -5.137608051300048828e+00
-2.034544706344604492e+00 -1.213986128568649292e-01 -4.402732849121093750e+00
-3.541197299957275391e+00 -9.648618698120117188e-01 -5.237645149230957031e+00
-1.999294400215148926e+00 -2.644276991486549377e-02 -4.815427303314208984e+00
-2.378949880599975586e+00 -2.009527236223220825e-01 -4.366095066070556641e+00
-2.393054723739624023e+00 -4.501416385173797607e-01 -5.362992763519287109e+00
-2.006742715835571289e+00 -6.695593893527984619e-02 -4.617898464202880859e+00
-2.640064239501953125e+00 -3.059894442558288574e-01 -4.642137050628662109e+00
-2.064036846160888672e+00 -1.049778982996940613e-01 -4.926727771759033203e+00
-2.167250633239746094e+00 -1.896212995052337646e-01 -4.439776420593261719e+00
-2.462000131607055664e+00 -2.693896591663360596e-01 -4.956997394561767578e+00
-2.029747009277343750e+00 -7.462877035140991211e-02 -4.739333629608154297e+00
-2.696616649627685547e+00 -8.284368515014648438e-01 -4.251619338989257812e+00
-2.190081357955932617e+00 -1.859044730663299561e-01 -4.954620361328125000e+00
-2.091544866561889648e+00 -1.391817927360534668e-01 -4.598312854766845703e+00
-2.467826128005981445e+00 -3.396214842796325684e-01 -4.772224903106689453e+00
-2.092293977737426758e+00 -1.194569393992424011e-01 -4.808937072753906250e+00
-2.262067556381225586e+00 -4.535577297210693359e-01 -4.480437278747558594e+00
-2.276823997497558594e+00 -2.628689706325531006e-01 -4.866661548614501953e+00
-2.117782831192016602e+00 -1.498832702636718750e-01 -4.705955505371093750e+00
-2.283754825592041016e+00 -2.827064990997314453e-01 -4.697271347045898438e+00
-2.202447891235351562e+00 -2.143555730581283569e-01 -4.733879089355468750e+00
