-9.488136172294616699e-01 -1.224001765251159668e+00 -5.477978229522705078e+00
-1.023157596588134766e+00 -1.077837467193603516e+00 -5.409873008728027344e+00
-8.868273496627807617e-01 8.461632728576660156e-01 -6.184279441833496094e+00
-8.612282872200012207e-01 -1.177364110946655273e+00 -5.363738536834716797e+00
-1.143849253654479980e+00 -1.109495401382446289e+00 -5.512477397918701172e+00
-3.628599047660827637e-01 -1.463257670402526855e-01 -5.850714206695556641e+00
-1.023067474365234375e+00 -1.045075416564941406e+00 -5.201757431030273438e+00
-1.039181947708129883e+00 -1.243436098098754883e+00 -5.651977062225341797e+00
-9.488136172294616699e-01 -1.571795105934143066e+00 -5.477978229522705078e+00
-1.978813767433166504e+00 1.388450525701045990e-02 -5.052809238433837891e+00
-4.127814769744873047e-01 1.027036607265472412e-01 -6.623447895050048828e+00
-8.549183011054992676e-01 -1.183570027351379395e+00 -5.178625106811523438e+00
-1.262656569480895996e+00 -1.150805592536926270e+00 -5.659856796264648438e+00
-1.265914589166641235e-01 -6.528052091598510742e-01 -5.658741474151611328e+00
-2.454214572906494141e+00 1.121856927871704102e+00 -3.336700201034545898e+00
-1.391739845275878906e+00 1.778059959411621094e+00 -8.896009445190429688e+00
-6.841816753149032593e-02 -5.133668184280395508e-01 -4.735980033874511719e+00
-2.227285861968994141e+00 -4.579769074916839600e-01 -5.425109386444091797e+00
5.370053052902221680e-01 1.574475467205047607e-01 -6.956566333770751953e+00
-9.749385118484497070e-01 -1.129338264465332031e+00 -4.913003444671630859e+00
-1.122398257255554199e+00 -1.370726704597473145e+00 -5.685990810394287109e+00
6.641007661819458008e-01 -4.257673025131225586e-01 -5.260962963104248047e+00
-2.291979074478149414e+00 -4.785001873970031738e-01 -4.543438434600830078e+00
-6.707018613815307617e-01 -7.686447501182556152e-01 -6.714212894439697266e+00
-7.103509306907653809e-01 -1.283518195152282715e+00 -5.061829090118408203e+00
-1.475252747535705566e+00 -1.257037997245788574e+00 -5.645926475524902344e+00
-7.220810055732727051e-01 -1.437070250511169434e+00 -5.582734584808349609e+00
-1.546778440475463867e+00 -7.813822627067565918e-01 -4.049171924591064453e+00
-1.454776883125305176e+00 -8.509336709976196289e-01 -6.884685039520263672e+00
4.679282605648040771e-01 -8.435788750648498535e-01 -4.733378410339355469e+00
-3.303209781646728516e+00 -5.282385945320129395e-01 -4.857367038726806641e+00
-5.633047819137573242e-01 -1.284582376480102539e+00 -6.077532768249511719e+00
-8.671267628669738770e-01 -1.389520883560180664e+00 -5.002665996551513672e+00
-1.278133630752563477e+00 -1.424528717994689941e+00 -5.733022212982177734e+00
-8.063134551048278809e-01 -1.524650096893310547e+00 -5.489784240722656250e+00
-2.142054796218872070e+00 -1.033461213111877441e+00 -4.188119411468505859e+00
-9.369410276412963867e-01 -8.818860054016113281e-01 -7.911719799041748047e+00
-2.146515846252441406e-01 -1.286620974540710449e+00 -4.668671607971191406e+00
-4.222861766815185547e+00 -7.864086627960205078e-01 -5.781416416168212891e+00
-6.421994566917419434e-01 -1.488243341445922852e+00 -5.710687637329101562e+00
-1.231130123138427734e+00 -1.263340950012207031e+00 -3.926117181777954102e+00
-1.168420672416687012e+00 -1.499924182891845703e+00 -5.826955795288085938e+00
-8.291761875152587891e-01 -1.552780270576477051e+00 -5.445190429687500000e+00
-1.920220494270324707e+00 -1.427168130874633789e+00 -4.979468345642089844e+00
-5.332860350608825684e-01 -1.438149690628051758e+00 -6.598792552947998047e+00
-7.880276441574096680e-01 -1.532866716384887695e+00 -5.083011627197265625e+00
-1.487888813018798828e+00 -1.529509067535400391e+00 -5.733456134796142578e+00
-7.807196378707885742e-01 -1.562899827957153320e+00 -5.529803276062011719e+00
-1.845500826835632324e+00 -1.518030047416687012e+00 -3.947940349578857422e+00
-1.041026830673217773e+00 -1.567358374595642090e+00 -5.907398700714111328e+00
-8.374126553535461426e-01 -1.573175430297851562e+00 -5.398844242095947266e+00
-2.992048740386962891e+00 -1.634218931198120117e+00 -5.223333835601806641e+00
-6.613115668296813965e-01 -1.594225764274597168e+00 -5.815747261047363281e+00
-9.155676364898681641e-01 -1.636460781097412109e+00 -4.566316127777099609e+00
-1.413492560386657715e+00 -1.632228732109069824e+00 -5.949508190155029297e+00
-8.068779706954956055e-01 -1.587684750556945801e+00 -5.470720767974853516e+00
-1.922666072845458984e+00 -1.739127516746520996e+00 -4.673332691192626953e+00
-8.170080780982971191e-01 -1.718008518218994141e+00 -6.422695636749267578e+00
-8.478726148605346680e-01 -1.602819681167602539e+00 -5.331380844116210938e+00
-2.713432312011718750e+00 -1.925891280174255371e+00 -5.884012699127197266e+00
-7.444997429847717285e-01 -1.622766852378845215e+00 -5.593734264373779297e+00
-1.100696921348571777e+00 -1.689361929893493652e+00 -5.009795665740966797e+00
-1.052037358283996582e+00 -1.636711716651916504e+00 -5.704287052154541016e+00
-7.897556424140930176e-01 -1.620773792266845703e+00 -5.410497665405273438e+00
-1.934949636459350586e+00 -1.892305850982666016e+00 -5.128708839416503906e+00
-7.043945789337158203e-01 -1.743425726890563965e+00 -5.937573432922363281e+00
-7.634786963462829590e-01 -1.833720207214355469e+00 -4.760699272155761719e+00
-1.421685576438903809e+00 -1.784941196441650391e+00 -5.785301685333251953e+00
-7.795605063438415527e-01 -1.640936017036437988e+00 -5.506216526031494141e+00
-1.198265194892883301e+00 -1.745314240455627441e+00 -5.159104824066162109e+00
-1.007244706153869629e+00 -1.913944005966186523e+00 -6.227689743041992188e+00
-7.894133925437927246e-01 -1.676980257034301758e+00 -5.329068183898925781e+00
-1.408881068229675293e+00 -1.806583523750305176e+00 -5.482467174530029297e+00
-7.078357934951782227e-01 -1.746525406837463379e+00 -5.694447517395019531e+00
-1.004415392875671387e+00 -1.897832870483398438e+00 -4.908300876617431641e+00
-1.050042152404785156e+00 -1.673086643218994141e+00 -5.612715244293212891e+00
-7.315078973770141602e-01 -1.711917400360107422e+00 -5.437349319458007812e+00
-1.205593705177307129e+00 -1.773889541625976562e+00 -5.318133354187011719e+00
-8.014431595802307129e-01 -1.957560896873474121e+00 -6.005600929260253906e+00
-6.870844364166259766e-01 -2.001321077346801758e+00 -4.961783409118652344e+00
-1.580457925796508789e+00 -2.099762916564941406e+00 -5.715663433074951172e+00
-7.126472592353820801e-01 -1.781732797622680664e+00 -5.572778224945068359e+00
-1.137408971786499023e+00 -1.951226830482482910e+00 -5.084994792938232422e+00
-1.040781259536743164e+00 -1.863364577293395996e+00 -5.781525135040283203e+00
-1.854202300310134888e-01 -2.434263944625854492e+00 -5.025569915771484375e+00
-1.836372137069702148e+00 -2.505031347274780273e+00 -5.291909694671630859e+00
-7.752684950828552246e-01 -1.896697998046875000e+00 -5.719779014587402344e+00
-9.042943120002746582e-01 -2.006612539291381836e+00 -5.105982780456542969e+00
-1.051928400993347168e+00 -1.740057945251464844e+00 -5.566618442535400391e+00
-7.121348977088928223e-01 -1.885324120521545410e+00 -5.485453605651855469e+00
-1.210374355316162109e+00 -2.091872215270996094e+00 -5.222720623016357422e+00
-9.312480092048645020e-01 -2.054808855056762695e+00 -5.791521072387695312e+00
-7.653070688247680664e-01 -2.057156324386596680e+00 -5.253663063049316406e+00
-1.516498565673828125e+00 -2.628044843673706055e+00 -5.560006141662597656e+00
-7.990510463714599609e-01 -1.943782687187194824e+00 -5.580025196075439453e+00
-9.929342269897460938e-01 -2.021518707275390625e+00 -5.290422439575195312e+00
-1.037702322006225586e+00 -2.070183992385864258e+00 -5.636670112609863281e+00
-8.269908428192138672e-01 -2.009259700775146484e+00 -5.437799930572509766e+00
-1.045483350753784180e+00 -2.091193437576293945e+00 -5.434453964233398438e+00
-9.488136172294616699e-01 -2.052157163619995117e+00 -5.477978229522705078e+00
