-1.789343953132629395e+00 1.064090967178344727e+00 -4.702097892761230469e+00
-1.899855256080627441e+00 9.592367410659790039e-01 -4.600860595703125000e+00
-1.767199873924255371e+00 1.088771581649780273e+00 -4.954418182373046875e+00
-1.581569194793701172e+00 1.160667061805725098e+00 -4.431092262268066406e+00
-2.048128128051757812e+00 8.383808135986328125e-01 -4.747873306274414062e+00
-1.789343953132629395e+00 2.249755710363388062e-01 -4.702097892761230469e+00
-1.827930331230163574e+00 4.986874759197235107e-01 -4.558558464050292969e+00
-2.010710477828979492e+00 1.029324650764465332e+00 -5.128325462341308594e+00
-7.338179945945739746e-01 1.953347325325012207e+00 -4.316621303558349609e+00
-2.105562448501586914e+00 7.117924094200134277e-01 -4.571567535400390625e+00
-1.474979758262634277e+00 1.207010984420776367e+00 -5.373876094818115234e+00
-1.741371989250183105e+00 4.233234524726867676e-01 -4.549155712127685547e+00
-2.102520942687988281e+00 6.450716853141784668e-01 -4.883590221405029297e+00
-5.320748686790466309e-01 1.630213260650634766e+00 -4.978505134582519531e+00
-1.893761038780212402e+00 4.118117392063140869e-01 -4.553575515747070312e+00
-1.874342560768127441e+00 8.678205609321594238e-01 -5.358026027679443359e+00
-1.240042209625244141e+00 8.853567242622375488e-01 -4.239145755767822266e+00
-2.110017776489257812e+00 5.043499469757080078e-01 -4.688837051391601562e+00
-5.046719908714294434e-01 1.720117092132568359e+00 -5.980517864227294922e+00
-1.796356558799743652e+00 3.437435925006866455e-01 -4.550442695617675781e+00
-2.044427394866943359e+00 5.204465389251708984e-01 -5.007772922515869141e+00
-1.055774763226509094e-01 1.421346068382263184e+00 -4.475549697875976562e+00
-1.980485439300537109e+00 3.805588185787200928e-01 -4.569106578826904297e+00
-1.671930074691772461e+00 5.640515089035034180e-01 -5.224014282226562500e+00
-1.702668547630310059e+00 3.297572135925292969e-01 -4.550837993621826172e+00
-2.103589773178100586e+00 4.128626585006713867e-01 -4.802350997924804688e+00
-1.367338597774505615e-01 1.206959128379821777e+00 -5.465645790100097656e+00
-1.852516531944274902e+00 3.084794878959655762e-01 -4.551150321960449219e+00
-1.950401782989501953e+00 4.544396698474884033e-01 -5.149879932403564453e+00
-7.512980103492736816e-01 7.585391998291015625e-01 -4.156529903411865234e+00
-2.029701232910156250e+00 3.315109312534332275e-01 -4.638740539550781250e+00
-8.980477452278137207e-01 8.890113830566406250e-01 -6.088268280029296875e+00
-1.763146996498107910e+00 2.834309339523315430e-01 -4.549665451049804688e+00
-2.071491479873657227e+00 3.511471748352050781e-01 -4.920608520507812500e+00
-1.789343953132629395e+00 2.249755710363388062e-01 -4.702097892761230469e+00
-1.921811461448669434e+00 2.847386598587036133e-01 -4.558904170989990234e+00
-1.787070393562316895e+00 3.570872545242309570e-01 -5.168138504028320312e+00
-1.626382946968078613e+00 2.882753312587738037e-01 -4.522457122802734375e+00
-2.101757764816284180e+00 2.999181449413299561e-01 -4.731052398681640625e+00
-7.030739784240722656e-01 5.209818482398986816e-01 -5.526537895202636719e+00
-1.816965579986572266e+00 2.551544904708862305e-01 -4.550264835357666016e+00
-2.043337583541870117e+00 3.081002831459045410e-01 -5.105719089508056641e+00
-5.410982966423034668e-01 4.233680963516235352e-01 -4.360005378723144531e+00
-2.014498233795166016e+00 2.584974467754364014e-01 -4.586552619934082031e+00
-1.294460296630859375e+00 3.841441273689270020e-01 -6.036961555480957031e+00
-1.710548400878906250e+00 2.440530210733413696e-01 -4.508538722991943359e+00
-2.137699127197265625e+00 2.523012161254882812e-01 -4.867189884185791016e+00
-1.011562868952751160e-01 3.143119215965270996e-01 -5.222584247589111328e+00
-1.877299427986145020e+00 2.302493602037429810e-01 -4.552017211914062500e+00
-1.887938618659973145e+00 2.297192960977554321e-01 -5.161236286163330078e+00
-1.453471541404724121e+00 2.208138555288314819e-01 -4.463510036468505859e+00
-2.097155809402465820e+00 2.155714631080627441e-01 -4.663735866546630859e+00
-2.981516122817993164e-01 1.086341142654418945e-01 -6.454011917114257812e+00
-1.783782124519348145e+00 2.141575366258621216e-01 -4.549584388732910156e+00
-2.135453701019287109e+00 1.799623966217041016e-01 -5.053310394287109375e+00
-4.959632456302642822e-01 8.018231391906738281e-02 -4.635966300964355469e+00
-1.947996258735656738e+00 1.977151036262512207e-01 -4.571011543273925781e+00
-1.676585316658020020e+00 9.989108890295028687e-02 -5.510296344757080078e+00
-1.675735950469970703e+00 1.900577992200851440e-01 -4.537104129791259766e+00
-2.211838483810424805e+00 1.401959508657455444e-01 -4.799313068389892578e+00
-4.535375535488128662e-02 -2.101105451583862305e-01 -5.690173149108886719e+00
-1.838969588279724121e+00 1.865623146295547485e-01 -4.549126148223876953e+00
-2.198611497879028320e+00 -3.240992128849029541e-02 -5.599380493164062500e+00
6.325927972793579102e-01 -5.208100676536560059e-01 -3.674588680267333984e+00
-2.272218942642211914e+00 6.803312897682189941e-02 -4.531073570251464844e+00
-1.408792853355407715e+00 -4.224676266312599182e-02 -5.417669773101806641e+00
-1.734250664710998535e+00 1.471148431301116943e-01 -4.488877296447753906e+00
-2.545259237289428711e+00 -1.157516688108444214e-01 -5.193373680114746094e+00
-6.930416822433471680e-01 -2.228703796863555908e-01 -4.885005950927734375e+00
-1.977192997932434082e+00 9.430734068155288696e-02 -4.461970806121826172e+00
-1.848491311073303223e+00 -1.213673725724220276e-01 -5.460999488830566406e+00
-1.475865006446838379e+00 1.811687834560871124e-02 -4.409249305725097656e+00
-2.605900764465332031e+00 -1.917417049407958984e-01 -4.710064888000488281e+00
-1.218701243400573730e+00 -1.887909471988677979e-01 -5.214704036712646484e+00
-1.804227590560913086e+00 1.377010792493820190e-01 -4.549605369567871094e+00
-1.982344985008239746e+00 3.185448050498962402e-02 -4.958985805511474609e+00
7.641285657882690430e-01 -1.421545624732971191e+00 -4.224686622619628906e+00
-2.338582277297973633e+00 -2.072931677103042603e-01 -4.360198497772216797e+00
-1.572730064392089844e+00 -3.420457839965820312e-01 -5.477629184722900391e+00
-1.659907221794128418e+00 1.255582831799983978e-02 -4.446816444396972656e+00
-2.400334119796752930e+00 -2.857280671596527100e-01 -4.932011127471923828e+00
-1.070607185363769531e+00 -4.139383435249328613e-01 -4.990607261657714844e+00
-1.871775150299072266e+00 5.913357436656951904e-02 -4.530332565307617188e+00
-2.027835845947265625e+00 -5.311272144317626953e-01 -5.489260673522949219e+00
8.875036239624023438e-02 -1.896863102912902832e+00 -3.589086055755615234e+00
-2.253410339355468750e+00 -2.629737257957458496e-01 -4.604810714721679688e+00
-1.348303079605102539e+00 -6.007202863693237305e-01 -5.316601753234863281e+00
-1.707402467727661133e+00 -5.753420591354370117e-01 -4.017408847808837891e+00
-3.235173940658569336e+00 -2.134333610534667969e+00 -5.944972038269042969e+00
-1.112108111381530762e+00 -6.721609830856323242e-01 -4.723487377166748047e+00
-1.875705361366271973e+00 5.325794592499732971e-02 -4.617817878723144531e+00
-1.740707874298095703e+00 -1.112405061721801758e+00 -5.570242881774902344e+00
-1.502843618392944336e+00 -5.327963232994079590e-01 -4.351884841918945312e+00
-3.293964862823486328e+00 -2.574562072753906250e+00 -4.919508457183837891e+00
-1.039796590805053711e+00 -1.636787056922912598e+00 -5.212832927703857422e+00
-1.960587620735168457e+00 -1.520518898963928223e+00 -3.974145174026489258e+00
-2.040436983108520508e+00 -1.182873129844665527e+00 -5.150371074676513672e+00
-9.701506495475769043e-01 -2.716741323471069336e+00 -4.431919097900390625e+00
-2.127130746841430664e+00 -1.589924097061157227e+00 -4.550013065338134766e+00
-1.789343953132629395e+00 -1.888910651206970215e+00 -4.702097892761230469e+00
