-1.594850897789001465e+00 1.898166298866271973e+00 -5.485591888427734375e+00
-1.731959104537963867e+00 8.313264846801757812e-01 -5.359989643096923828e+00
-1.547762274742126465e+00 1.757182002067565918e+00 -6.022142410278320312e+00
-1.418456673622131348e+00 7.147220969200134277e-01 -5.255517005920410156e+00
-2.042680263519287109e+00 9.818555116653442383e-01 -5.564806461334228516e+00
-1.095027923583984375e+00 1.136286020278930664e+00 -5.803538322448730469e+00
-1.677747845649719238e+00 5.083790421485900879e-01 -5.177219390869140625e+00
-1.646416425704956055e+00 1.077161580324172974e-01 -5.584877967834472656e+00
-6.896263957023620605e-01 1.402610182762145996e+00 -5.155005455017089844e+00
-2.200573921203613281e+00 8.528569936752319336e-01 -5.235558032989501953e+00
-1.545623540878295898e+00 7.413001358509063721e-02 -5.590787887573242188e+00
-1.073393344879150391e+00 2.076399087905883789e+00 -3.823102951049804688e+00
-1.689413547515869141e+00 4.719616845250129700e-02 -5.540392875671386719e+00
-1.465632796287536621e+00 6.477556377649307251e-02 -5.513999938964843750e+00
-1.816563248634338379e+00 3.170652389526367188e-01 -5.170228958129882812e+00
-1.615565061569213867e+00 7.701143622398376465e-02 -5.645442008972167969e+00
-2.595205307006835938e-01 1.525709509849548340e+00 -4.360174179077148438e+00
-1.747671365737915039e+00 5.348853394389152527e-02 -5.479272365570068359e+00
-1.466325044631958008e+00 6.993220746517181396e-02 -5.613492488861083984e+00
-1.639803171157836914e+00 6.816712617874145508e-01 -4.513457775115966797e+00
-1.684939861297607422e+00 2.470248751342296600e-02 -5.593548297882080078e+00
-6.222094893455505371e-01 6.114428639411926270e-01 -5.354724407196044922e+00
-1.839192271232604980e+00 1.192359551787376404e-01 -5.315585613250732422e+00
-1.526040196418762207e+00 1.190658956766128540e-01 -5.791461944580078125e+00
-5.135597586631774902e-01 1.227519989013671875e+00 -3.598594665527343750e+00
-1.715028285980224609e+00 -7.796419318765401840e-03 -5.523931980133056641e+00
-1.363371133804321289e+00 5.789538100361824036e-02 -5.592541217803955078e+00
-1.824982762336730957e+00 2.245468944311141968e-01 -4.935703277587890625e+00
-1.659832119941711426e+00 1.293056085705757141e-02 -5.666256427764892578e+00
2.215971946716308594e-01 8.540180325508117676e-01 -4.530917644500732422e+00
-1.802359580993652344e+00 1.232536137104034424e-02 -5.430893421173095703e+00
-1.406164407730102539e+00 6.092541664838790894e-02 -5.779042720794677734e+00
-1.411340832710266113e+00 3.298301696777343750e-01 -4.417799472808837891e+00
-1.732522368431091309e+00 -1.808589883148670197e-02 -5.592212200164794922e+00
-4.326683282852172852e-01 3.048487901687622070e-01 -5.581876277923583984e+00
-1.942544102668762207e+00 7.721240818500518799e-02 -5.109745979309082031e+00
-1.593513011932373047e+00 -1.903838361613452435e-03 -5.759852409362792969e+00
-5.909529328346252441e-01 3.102987408638000488e-01 -4.378941059112548828e+00
-1.852185249328613281e+00 -1.792029291391372681e-02 -5.509441375732421875e+00
-1.303786993026733398e+00 -3.359843685757368803e-04 -5.706499099731445312e+00
-1.766610980033874512e+00 1.080119013786315918e-01 -4.541446208953857422e+00
-1.719310164451599121e+00 -3.891840577125549316e-02 -5.683370113372802734e+00
3.041244149208068848e-01 2.221673280000686646e-01 -4.965161323547363281e+00
-1.921819567680358887e+00 -3.096984699368476868e-02 -5.317797183990478516e+00
-1.490709424018859863e+00 -4.615543782711029053e-02 -5.766495704650878906e+00
-9.849128723144531250e-01 6.802391260862350464e-02 -3.987294435501098633e+00
-1.907447814941406250e+00 -5.512958019971847534e-02 -5.633737564086914062e+00
-1.217580676078796387e+00 -5.968570336699485779e-02 -5.601908206939697266e+00
-2.014326810836791992e+00 -5.449862778186798096e-02 -4.769830226898193359e+00
-1.652276515960693359e+00 -7.688733190298080444e-02 -5.753012657165527344e+00
-1.180903315544128418e+00 -8.477939665317535400e-02 -5.191543102264404297e+00
-1.884305477142333984e+00 -8.849354088306427002e-02 -5.449517726898193359e+00
-1.366190314292907715e+00 -9.749016165733337402e-02 -5.754231452941894531e+00
-1.553349852561950684e+00 -1.603726446628570557e-01 -4.347560882568359375e+00
-1.825923442840576172e+00 -1.097023114562034607e-01 -5.720071315765380859e+00
1.169947013258934021e-01 -2.712904512882232666e-01 -5.398064136505126953e+00
-2.173267364501953125e+00 -1.790368258953094482e-01 -5.007675647735595703e+00
-1.555201172828674316e+00 -1.236341297626495361e-01 -5.769781112670898438e+00
-3.995292484760284424e-01 -4.470360279083251953e-01 -3.749614953994750977e+00
-4.174456119537353516e+00 -5.972853302955627441e-01 -6.079153060913085938e+00
-1.240141034126281738e+00 -1.681423783302307129e-01 -5.686556339263916016e+00
-2.335479497909545898e+00 -6.529416441917419434e-01 -3.202593803405761719e+00
-1.732700943946838379e+00 -1.663431376218795776e-01 -5.787815570831298828e+00
-1.405641555786132812e+00 -1.379134207963943481e-01 -5.405319690704345703e+00
-2.228169679641723633e+00 -2.854894697666168213e-01 -5.261283397674560547e+00
-1.441278815269470215e+00 -1.874883472919464111e-01 -5.774362087249755859e+00
-1.293157458305358887e+00 -5.060192346572875977e-01 -4.317985534667968750e+00
-2.043716192245483398e+00 -2.819753885269165039e-01 -5.777313232421875000e+00
-1.114952802658081055e+00 -2.756914794445037842e-01 -5.565658569335937500e+00
-2.311256885528564453e+00 -5.779841542243957520e-01 -4.569811344146728516e+00
-1.621496081352233887e+00 -2.356737703084945679e-01 -5.827468395233154297e+00
-1.170408368110656738e+00 -3.597316741943359375e-01 -5.089082241058349609e+00
-3.969515323638916016e+00 -1.291523814201354980e+00 -5.508761405944824219e+00
-1.310772538185119629e+00 -2.856322228908538818e-01 -5.740778446197509766e+00
-1.737489581108093262e+00 -9.160552620887756348e-01 -4.024163246154785156e+00
-1.876358389854431152e+00 -3.613328933715820312e-01 -5.860283851623535156e+00
-9.374865889549255371e-01 -5.035296082496643066e-01 -5.362687587738037109e+00
-3.680393457412719727e+00 -1.721041321754455566e+00 -4.187346458435058594e+00
-1.495103120803833008e+00 -3.407559096813201904e-01 -5.842713356018066406e+00
-1.249888539314270020e+00 -6.457709074020385742e-01 -4.805240631103515625e+00
-2.463534832000732422e+00 -8.057506084442138672e-01 -5.812474250793457031e+00
-1.182657361030578613e+00 -4.460656046867370605e-01 -5.651051044464111328e+00
-2.212265729904174805e+00 -1.321816682815551758e+00 -4.199060440063476562e+00
-1.734080433845520020e+00 -5.210566520690917969e-01 -5.945130825042724609e+00
-1.338004708290100098e+00 -3.698306381702423096e-01 -5.333377838134765625e+00
-3.055855989456176758e+00 -1.615844964981079102e+00 -5.179306030273437500e+00
-1.358620047569274902e+00 -5.219105482101440430e-01 -5.814733028411865234e+00
-1.269344329833984375e+00 -3.258853197097778320e+00 -2.765715360641479492e+00
-2.027323484420776367e+00 -7.853602766990661621e-01 -5.857357025146484375e+00
-1.071081995964050293e+00 -7.734886407852172852e-01 -5.502134323120117188e+00
-2.116571426391601562e+00 -1.117018699645996094e+00 -4.976444244384765625e+00
-1.565535902976989746e+00 -8.857473134994506836e-01 -6.008860111236572266e+00
-1.008305430412292480e+00 -1.631019353866577148e+00 -4.768608570098876953e+00
-1.594850897789001465e+00 -7.965027540922164917e-02 -5.485591888427734375e+00
-1.278182625770568848e+00 -8.662066459655761719e-01 -5.701366901397705078e+00
-1.771095395088195801e+00 -1.876119494438171387e+00 -4.736380577087402344e+00
-1.793980002403259277e+00 -1.196143627166748047e+00 -5.841094970703125000e+00
-1.440366029739379883e+00 -6.344042420387268066e-01 -5.434640884399414062e+00
-2.270427227020263672e+00 -3.709465026855468750e+00 -5.181421279907226562e+00
-1.594850897789001465e+00 -1.942974090576171875e+00 -5.485591888427734375e+00
