-7.259836196899414062e-01 4.125472009181976318e-01 -3.084955215454101562e+00
-7.472847700119018555e-01 -9.081022143363952637e-01 -3.065441608428955078e+00
-7.215750217437744141e-01 -8.776605129241943359e-01 -3.135189056396484375e+00
-5.250484347343444824e-01 -1.447416245937347412e-01 -2.822870731353759766e+00
-7.786042094230651855e-01 -9.249032139778137207e-01 -3.094263076782226562e+00
1.349018857581540942e-04 7.168213725090026855e-01 -3.546852350234985352e+00
-1.145103335380554199e+00 1.923392176628112793e+00 -1.525850653648376465e+00
-7.690242528915405273e-01 -8.932407498359680176e-01 -3.167827367782592773e+00
-7.259836196899414062e-01 -1.049631595611572266e+00 -3.084955215454101562e+00
-7.955102324485778809e-01 -9.425957202911376953e-01 -3.056255578994750977e+00
-5.743975639343261719e-01 -5.760952830314636230e-01 -3.408885717391967773e+00
-5.153520107269287109e-01 -1.787415146827697754e-01 -2.413428306579589844e+00
-8.074024915695190430e-01 -9.404162168502807617e-01 -3.132139205932617188e+00
2.314343154430389404e-01 2.046529948711395264e-02 -3.295440912246704102e+00
-7.854394912719726562e-01 -9.432456493377685547e-01 -3.000385284423828125e+00
-7.546870112419128418e-01 -8.325477242469787598e-01 -3.306457281112670898e+00
-1.470681428909301758e-01 -3.536483049392700195e-01 -2.597044706344604492e+00
-8.265520930290222168e-01 -9.620153307914733887e-01 -3.080796480178833008e+00
-1.836860775947570801e-01 -4.184887111186981201e-01 -3.624613761901855469e+00
-8.891945481300354004e-01 1.714544534683227539e+00 4.446315765380859375e-01
-1.719985961914062500e+00 1.017517372965812683e-01 -4.276102066040039062e+00
2.629279494285583496e-01 -3.469779789447784424e-01 -2.951898574829101562e+00
-8.273876309394836426e-01 -9.670919179916381836e-01 -3.014400959014892578e+00
-6.345255970954895020e-01 -7.855128645896911621e-01 -3.491495132446289062e+00
-2.788602113723754883e-01 -5.091052055358886719e-01 -2.304665327072143555e+00
-8.472415208816528320e-01 -9.771317243576049805e-01 -3.123639822006225586e+00
9.933229684829711914e-01 -2.801687270402908325e-02 -3.879318475723266602e+00
-1.325653910636901855e+00 -2.569644451141357422e-01 -1.652073860168457031e+00
-1.958278656005859375e+00 7.060571908950805664e-01 -6.511049270629882812e+00
2.342324018478393555e+00 5.275021791458129883e-01 -1.472338676452636719e+00
-8.674528598785400391e-01 -9.869271516799926758e-01 -3.047664403915405273e+00
1.101903766393661499e-01 -4.266630709171295166e-01 -4.385397911071777344e+00
-4.339957535266876221e-01 -3.980960249900817871e-01 -1.385961413383483887e+00
-1.854430437088012695e+00 -5.450091958045959473e-01 -3.958887815475463867e+00
2.510479986667633057e-01 -7.263882756233215332e-01 -3.165900230407714844e+00
-8.424429297447204590e-01 -9.970906376838684082e-01 -2.959066152572631836e+00
-7.172986268997192383e-01 -5.449518561363220215e-01 -4.865276813507080078e+00
2.170013636350631714e-02 -7.592051029205322266e-01 -2.260742902755737305e+00
-8.801516890525817871e-01 -1.012649416923522949e+00 -3.099243402481079102e+00
4.342435598373413086e-01 -7.334721088409423828e-01 -3.965526342391967773e+00
-1.115074992179870605e+00 -6.245169639587402344e-01 -9.461647868156433105e-01
-2.624238014221191406e+00 -4.283883571624755859e-01 -6.101471424102783203e+00
2.460063457489013672e+00 -5.432505607604980469e-01 -2.211791753768920898e+00
-9.126759767532348633e-01 -1.021836042404174805e+00 -2.989147663116455078e+00
1.421136409044265747e-01 -7.704269886016845703e-01 -5.426498413085937500e+00
1.819044798612594604e-01 -8.298196792602539062e-01 -8.547506928443908691e-01
-2.011752128601074219e+00 -9.487734436988830566e-01 -3.694304943084716797e+00
2.722053527832031250e-01 -9.968089461326599121e-01 -3.392707586288452148e+00
-8.363165855407714844e-01 -1.043016076087951660e+00 -2.896691560745239258e+00
-1.244693279266357422e+00 -1.024674654006958008e+00 -5.500495910644531250e+00
4.933005571365356445e-01 -1.064739465713500977e+00 -2.218832731246948242e+00
-9.217888712882995605e-01 -1.055613756179809570e+00 -3.060552358627319336e+00
1.236152887344360352e+00 -1.202715635299682617e+00 -5.390153884887695312e+00
-6.660223603248596191e-01 -1.166260242462158203e+00 -1.440713882446289062e+00
-1.620732665061950684e+00 -1.165997862815856934e+00 -3.992895603179931641e+00
8.890339136123657227e-01 -1.230431914329528809e+00 -3.002378225326538086e+00
-9.667614698410034180e-01 -1.091003298759460449e+00 -2.886012554168701172e+00
-5.537973046302795410e-01 -1.240639925003051758e+00 -4.319101810455322266e+00
-2.007535248994827271e-01 -1.211062669754028320e+00 -2.322158575057983398e+00
-9.306846857070922852e-01 -1.090707778930664062e+00 -3.132056474685668945e+00
4.184097349643707275e-01 -1.335131883621215820e+00 -3.733322858810424805e+00
-8.097052574157714844e-01 -1.114437222480773926e+00 -2.826882123947143555e+00
-1.044893860816955566e+00 -1.250191926956176758e+00 -3.784137248992919922e+00
1.171320199966430664e+00 -1.633867263793945312e+00 -2.280022144317626953e+00
-1.520865082740783691e+00 -1.307981371879577637e+00 -2.803424596786499023e+00
1.536259651184082031e+00 -2.638175010681152344e+00 -7.338780879974365234e+00
-3.440898656845092773e-01 -1.589343905448913574e+00 -1.606959223747253418e+00
-1.628901720046997070e+00 -1.456619977951049805e+00 -3.671769618988037109e+00
1.001077651977539062e+00 -1.755146265029907227e+00 -3.373100042343139648e+00
-9.227834343910217285e-01 -1.186526060104370117e+00 -2.833386421203613281e+00
-7.929432988166809082e-01 -1.441720247268676758e+00 -3.944093942642211914e+00
-1.101076602935791016e-01 -1.456036210060119629e+00 -2.509610891342163086e+00
-1.721130490303039551e+00 -1.557489514350891113e+00 -3.094664812088012695e+00
1.829976439476013184e-01 -1.708723545074462891e+00 -3.901489496231079102e+00
-7.577577233314514160e-01 -1.235948443412780762e+00 -2.759408712387084961e+00
-1.281136870384216309e+00 -1.605130076408386230e+00 -3.823874473571777344e+00
-7.259836196899414062e-01 -1.049631595611572266e+00 -3.084955215454101562e+00
-1.056101560592651367e+00 -1.309445381164550781e+00 -2.879457473754882812e+00
-4.594760835170745850e-01 -1.747257590293884277e+00 -4.039118289947509766e+00
-5.093186497688293457e-01 -1.405202269554138184e+00 -2.657638311386108398e+00
-1.351758480072021484e+00 -1.572693228721618652e+00 -3.320431947708129883e+00
2.297874242067337036e-01 -1.899254798889160156e+00 -3.468613147735595703e+00
-8.375586271286010742e-01 -1.274107456207275391e+00 -2.852462053298950195e+00
-8.944379091262817383e-01 -1.583690524101257324e+00 -3.640952825546264648e+00
-3.350011408329010010e-01 -1.491356849670410156e+00 -2.853247880935668945e+00
-1.001732587814331055e+00 -1.339571714401245117e+00 -3.027147054672241211e+00
-2.303015738725662231e-01 -1.977624058723449707e+00 -3.775590896606445312e+00
-7.030491232872009277e-01 -1.273631453514099121e+00 -2.893318414688110352e+00
-2.316880702972412109e+00 -3.645661592483520508e+00 -4.452532768249511719e+00
-1.727955639362335205e-01 -1.782441616058349609e+00 -3.102426767349243164e+00
-8.631387948989868164e-01 -1.322345495223999023e+00 -2.951105356216430664e+00
-6.929610967636108398e-01 -1.957675457000732422e+00 -3.674401044845581055e+00
-6.003578901290893555e-01 -1.381902217864990234e+00 -2.931392431259155273e+00
-1.868906617164611816e+00 -3.176184654235839844e+00 -3.250102043151855469e+00
-3.094828128814697266e-01 -2.084156990051269531e+00 -3.368755340576171875e+00
-7.446908950805664062e-01 -1.240316033363342285e+00 -3.005430936813354492e+00
-1.025066375732421875e+00 -2.726553201675415039e+00 -3.618904113769531250e+00
-3.965486884117126465e-01 -2.232630014419555664e+00 -2.976304054260253906e+00
-1.135746836662292480e+00 -3.251255035400390625e+00 -2.900463819503784180e+00
-7.259836196899414062e-01 -3.213120698928833008e+00 -3.084955215454101562e+00
