4.837780475616455078e+00 2.523960590362548828e+00 -2.289801406860351562e+01
4.837780475616455078e+00 2.523960590362548828e+00 -2.289801406860351562e+01
4.837780475616455078e+00 2.523960590362548828e+00 -2.289801406860351562e+01
4.837780475616455078e+00 2.523960590362548828e+00 -2.289801406860351562e+01
4.837780475616455078e+00 2.523960590362548828e+00 -2.289801406860351562e+01
4.837780475616455078e+00 2.523960590362548828e+00 -2.289801406860351562e+01
4.837780475616455078e+00 2.523960590362548828e+00 -2.289801406860351562e+01
4.837780475616455078e+00 2.523960590362548828e+00 -2.289801406860351562e+01
4.837780475616455078e+00 2.523960590362548828e+00 -2.289801406860351562e+01
4.741613864898681641e+00 2.629030227661132812e+00 -2.236939811706542969e+01
4.837780475616455078e+00 2.523960590362548828e+00 -2.289801406860351562e+01
4.837780475616455078e+00 2.523960590362548828e+00 -2.289801406860351562e+01
4.570334434509277344e+00 2.539996623992919922e+00 -2.244166564941406250e+01
4.066816806793212891e+00 2.500406503677368164e+00 -2.280192947387695312e+01
4.854707241058349609e+00 2.491036891937255859e+00 -2.243385314941406250e+01
4.295972824096679688e+00 2.430864334106445312e+00 -2.245034599304199219e+01
4.694426059722900391e+00 2.412995576858520508e+00 -2.245612144470214844e+01
3.917600870132446289e+00 2.224886894226074219e+00 -2.257210540771484375e+01
4.837780475616455078e+00 2.523960590362548828e+00 -2.289801406860351562e+01
4.514652252197265625e+00 2.299191713333129883e+00 -2.248495864868164062e+01
4.837780475616455078e+00 2.523960590362548828e+00 -2.289801406860351562e+01
4.804157257080078125e+00 2.326800823211669922e+00 -2.255352210998535156e+01
3.943055152893066406e+00 1.819782137870788574e+00 -2.234104919433593750e+01
4.837780475616455078e+00 2.523960590362548828e+00 -2.289801406860351562e+01
4.691257476806640625e+00 2.229173183441162109e+00 -2.259269905090332031e+01
4.837780475616455078e+00 2.523960590362548828e+00 -2.289801406860351562e+01
4.526559829711914062e+00 2.196723222732543945e+00 -2.283276939392089844e+01
4.837780475616455078e+00 2.523960590362548828e+00 -2.289801406860351562e+01
4.673004627227783203e+00 2.196326971054077148e+00 -2.273720932006835938e+01
4.837780475616455078e+00 2.523960590362548828e+00 -2.289801406860351562e+01
4.837780475616455078e+00 2.523960590362548828e+00 -2.289801406860351562e+01
4.801165580749511719e+00 2.150742053985595703e+00 -2.274236488342285156e+01
4.837780475616455078e+00 2.523960590362548828e+00 -2.289801406860351562e+01
4.837780475616455078e+00 2.523960590362548828e+00 -2.289801406860351562e+01
4.837780475616455078e+00 2.523960590362548828e+00 -2.289801406860351562e+01
