-1.938277602195739746e+00 7.411157488822937012e-01 -4.091249465942382812e+00
-2.359869956970214844e+00 2.029189825057983398e+00 -3.705036401748657227e+00
-1.904648423194885254e+00 5.398452281951904297e-01 -4.474436759948730469e+00
-1.687457680702209473e+00 3.575780391693115234e-01 -3.764099359512329102e+00
-2.924278736114501953e+00 1.565190792083740234e+00 -4.265659332275390625e+00
-1.647565484046936035e+00 -6.473701447248458862e-02 -4.276176929473876953e+00
-1.966143608093261719e+00 -5.742947459220886230e-01 -3.987589359283447266e+00
-2.107969522476196289e+00 -1.553761810064315796e-01 -4.417980670928955078e+00
-7.258557081222534180e-01 1.213318943977355957e+00 -3.648474931716918945e+00
-3.741658449172973633e+00 2.004332780838012695e+00 -3.346840143203735352e+00
-1.319853782653808594e+00 1.159917950630187988e+00 -5.412785053253173828e+00
-1.861863493919372559e+00 -4.560158252716064453e-01 -3.847629308700561523e+00
-2.979206323623657227e+00 6.243414282798767090e-01 -4.694489002227783203e+00
-1.494069337844848633e+00 -2.754747569561004639e-01 -4.188907623291015625e+00
-2.070876598358154297e+00 -5.346992611885070801e-01 -3.902640819549560547e+00
-2.031877756118774414e+00 -6.406301259994506836e-02 -4.813555717468261719e+00
-1.756229758262634277e+00 -5.531007051467895508e-01 -3.937819242477416992e+00
-2.166877031326293945e+00 -5.728039145469665527e-01 -4.081796169281005859e+00
-6.499459147453308105e-01 7.274386882781982422e-01 -5.373311519622802734e+00
-1.959556221961975098e+00 -4.115830361843109131e-01 -3.631079912185668945e+00
-2.253496408462524414e+00 -4.068346619606018066e-01 -4.468986988067626953e+00
-7.070100307464599609e-01 1.028932482004165649e-01 -3.925584077835083008e+00
-2.188902854919433594e+00 -5.679610371589660645e-01 -3.916871070861816406e+00
-1.508243799209594727e+00 4.699192047119140625e-01 -6.002792835235595703e+00
-1.721416354179382324e+00 -5.097990632057189941e-01 -3.712797641754150391e+00
-2.324117898941040039e+00 -5.412688851356506348e-01 -4.214343070983886719e+00
-1.526593089103698730e+00 -5.273385643959045410e-01 -4.281458377838134766e+00
-2.112601518630981445e+00 -5.415341854095458984e-01 -3.674711465835571289e+00
-2.295467138290405273e+00 -2.630630731582641602e-01 -5.084327697753906250e+00
-1.629231810569763184e+00 -6.131102442741394043e-01 -3.928823709487915039e+00
-2.398617267608642578e+00 -5.679223537445068359e-01 -3.969905376434326172e+00
-1.218825101852416992e+00 -2.359538227319717407e-01 -5.210163593292236328e+00
-1.815657615661621094e+00 -4.983504414558410645e-01 -3.377758741378784180e+00
-2.183990001678466797e+00 -6.620836853981018066e-01 -4.281542778015136719e+00
-1.572700262069702148e+00 -6.510137319564819336e-01 -4.121536731719970703e+00
-2.267641067504882812e+00 -6.233689785003662109e-01 -3.735217332839965820e+00
-1.931505560874938965e+00 -3.784427642822265625e-01 -5.479438781738281250e+00
-1.646750330924987793e+00 -6.587227582931518555e-01 -3.769883155822753906e+00
-2.656240463256835938e+00 -5.997355580329895020e-01 -4.157790184020996094e+00
-1.464112401008605957e+00 -6.427531242370605469e-01 -4.451123714447021484e+00
-2.072113513946533203e+00 -6.257352828979492188e-01 -3.355568647384643555e+00
-2.695220947265625000e+00 -5.242366790771484375e-01 -5.294108390808105469e+00
-1.576237916946411133e+00 -7.144206166267395020e-01 -3.992029428482055664e+00
-3.692328929901123047e+00 -5.108118653297424316e-01 -3.191099166870117188e+00
-1.440656661987304688e+00 -6.119132041931152344e-01 -5.433496475219726562e+00
-1.687406897544860840e+00 -7.112230062484741211e-01 -3.474991798400878906e+00
-2.143352508544921875e+00 -7.558757066726684570e-01 -4.188438415527343750e+00
-1.447989821434020996e+00 -7.460168600082397461e-01 -4.242410659790039062e+00
-2.170040845870971680e+00 -7.580657005310058594e-01 -3.695786714553833008e+00
-2.247240066528320312e+00 -7.570969462394714355e-01 -5.530033588409423828e+00
-1.557142734527587891e+00 -7.766847014427185059e-01 -3.820509195327758789e+00
-2.820837974548339844e+00 -7.989256978034973145e-01 -3.981257677078247070e+00
-1.297130703926086426e+00 -8.219838738441467285e-01 -4.844495296478271484e+00
-1.908639550209045410e+00 -8.296102285385131836e-01 -3.278521776199340820e+00
-2.152377367019653320e+00 -7.998068332672119141e-01 -4.308505535125732422e+00
-1.430243730545043945e+00 -8.288362622261047363e-01 -4.065273284912109375e+00
-2.298311233520507812e+00 -8.338249921798706055e-01 -3.793771743774414062e+00
-1.735630989074707031e+00 -9.967604279518127441e-01 -5.543720722198486328e+00
-1.595634579658508301e+00 -8.772745728492736816e-01 -3.593625783920288086e+00
-3.710587263107299805e+00 -1.127601742744445801e+00 -4.499053955078125000e+00
-8.649134039878845215e-01 -1.039742231369018555e+00 -4.699374675750732422e+00
-2.061770677566528320e+00 -8.675531744956970215e-01 -3.710580587387084961e+00
-2.175610542297363281e+00 -9.212192296981811523e-01 -4.611580848693847656e+00
-1.408414244651794434e+00 -9.351226687431335449e-01 -3.866454362869262695e+00
-2.542892456054687500e+00 -9.684721827507019043e-01 -3.877107143402099609e+00
-1.092300295829772949e+00 -1.366006016731262207e+00 -5.681989192962646484e+00
-1.642715692520141602e+00 -1.189665794372558594e+00 -2.947372674942016602e+00
-2.120009660720825195e+00 -8.538774847984313965e-01 -4.209358692169189453e+00
-6.199914813041687012e-01 -1.310489773750305176e+00 -4.311193943023681641e+00
-2.165897607803344727e+00 -9.302952885627746582e-01 -3.800283193588256836e+00
-2.016036272048950195e+00 -1.227285861968994141e+00 -5.088947772979736328e+00
-1.062738060951232910e+00 -1.349713683128356934e+00 -3.273330211639404297e+00
-2.602769136428833008e+00 -1.111075162887573242e+00 -4.097733020782470703e+00
-9.147511124610900879e-01 -1.514109611511230469e+00 -5.010679244995117188e+00
-1.978372931480407715e+00 -1.007073521614074707e+00 -3.680445671081542969e+00
-2.130439758300781250e+00 -9.642438888549804688e-01 -4.347021102905273438e+00
-1.122190117835998535e+00 -1.298188805580139160e+00 -3.938669204711914062e+00
-2.265117406845092773e+00 -1.029195904731750488e+00 -3.887792348861694336e+00
-1.528494715690612793e+00 -1.844634413719177246e+00 -5.558373451232910156e+00
-1.441087722778320312e+00 -1.587904572486877441e+00 -3.110668182373046875e+00
-3.606039524078369141e+00 -2.165981769561767578e+00 -4.718822002410888672e+00
-4.447683095932006836e-01 -2.099602460861206055e+00 -4.690762042999267578e+00
-2.071128606796264648e+00 -1.039242863655090332e+00 -3.814422607421875000e+00
-2.115045070648193359e+00 -1.332376956939697266e+00 -4.674685478210449219e+00
-1.216455578804016113e+00 -1.587464213371276855e+00 -3.663477420806884766e+00
-2.364853382110595703e+00 -1.220491290092468262e+00 -4.001821994781494141e+00
-1.938277602195739746e+00 -7.719621658325195312e-01 -4.091249465942382812e+00
-1.888731598854064941e+00 -1.255874514579772949e+00 -3.677252054214477539e+00
-2.202216148376464844e+00 -1.202657818794250488e+00 -4.318138122558593750e+00
-1.202973008155822754e+00 -1.746022462844848633e+00 -4.114472866058349609e+00
-2.102135896682739258e+00 -1.097771644592285156e+00 -3.931339979171752930e+00
-1.903596401214599609e+00 -1.725615501403808594e+00 -4.710302352905273438e+00
-1.674435019493103027e+00 -1.469806075096130371e+00 -3.768732786178588867e+00
-2.051156520843505859e+00 -9.819875955581665039e-01 -4.107559680938720703e+00
-1.083552837371826172e+00 -2.894969701766967773e+00 -4.673651695251464844e+00
-2.001682758331298828e+00 -1.418253660202026367e+00 -3.821715831756591797e+00
-2.102448701858520508e+00 -1.692450881004333496e+00 -4.384342670440673828e+00
-1.345649242401123047e+00 -2.900085926055908203e+00 -3.895794153213500977e+00
-2.141701936721801758e+00 -1.864943504333496094e+00 -3.999660015106201172e+00
-1.938277602195739746e+00 -3.659235954284667969e+00 -4.091249465942382812e+00
