-1.647053122520446777e+00 -2.455938309431076050e-01 -3.064041376113891602e+00
-1.764907598495483398e+00 -2.327030301094055176e-01 -2.956077098846435547e+00
-1.627431988716125488e+00 -2.503727972507476807e-01 -3.287614107131958008e+00
-1.647053122520446777e+00 -1.015753865242004395e+00 -3.064041376113891602e+00
-2.450531244277954102e+00 8.887584805488586426e-01 -3.206165313720703125e+00
-1.323400020599365234e+00 -2.283921539783477783e-01 -3.269922971725463867e+00
-1.647053122520446777e+00 -1.015753865242004395e+00 -3.064041376113891602e+00
-1.813206911087036133e+00 -4.120234549045562744e-01 -3.383960485458374023e+00
-9.494535326957702637e-01 1.265310943126678467e-01 -2.809279203414916992e+00
-2.128098011016845703e+00 -2.751878499984741211e-01 -2.865473031997680664e+00
-1.220575571060180664e+00 3.165099620819091797e-01 -3.975399255752563477e+00
-1.336860656738281250e+00 2.667861878871917725e-01 -2.075098991394042969e+00
-2.873188495635986328e+00 6.289863586425781250e-01 -3.774611949920654297e+00
-8.967843055725097656e-01 -1.771855503320693970e-01 -3.228985786437988281e+00
-2.132730960845947266e+00 -1.467184275388717651e-01 -2.373214721679687500e+00
-1.839800477027893066e+00 4.419959187507629395e-01 -4.551459312438964844e+00
-7.692459821701049805e-01 3.956267610192298889e-02 -2.324224710464477539e+00
-2.363982915878295898e+00 -3.911571502685546875e-01 -3.034394025802612305e+00
-1.128062486648559570e+00 -4.117362797260284424e-01 -3.580506324768066406e+00
-1.686566472053527832e+00 -3.465472459793090820e-01 -2.209528923034667969e+00
-1.836733818054199219e+00 -7.960409522056579590e-01 -3.291342258453369141e+00
2.272394448518753052e-01 3.159915804862976074e-01 -2.811857938766479492e+00
-2.966508388519287109e+00 5.824160948395729065e-02 -2.145998716354370117e+00
-1.393024325370788574e+00 -2.821521162986755371e-01 -4.193224430084228516e+00
-5.709915757179260254e-01 2.850943207740783691e-01 -1.186170578002929688e+00
-2.095744848251342773e+00 -7.474817633628845215e-01 -3.207186222076416016e+00
-8.907349705696105957e-01 -5.663484334945678711e-01 -3.413479566574096680e+00
-2.002994060516357422e+00 -5.452575683593750000e-01 -2.213538885116577148e+00
-1.695664525032043457e+00 -9.464957118034362793e-01 -3.199193477630615234e+00
-3.485959470272064209e-01 -3.483368754386901855e-01 -2.381608724594116211e+00
-4.296171665191650391e+00 1.584346145391464233e-01 -2.365742206573486328e+00
-5.719397068023681641e-01 -2.147701084613800049e-01 -4.736089706420898438e+00
-1.500683903694152832e+00 -6.891487240791320801e-01 -2.212361097335815430e+00
-1.859361529350280762e+00 -9.208130836486816406e-01 -3.228465080261230469e+00
-1.647053122520446777e+00 -1.015753865242004395e+00 -3.064041376113891602e+00
-2.474597930908203125e+00 -6.424048542976379395e-01 -2.169489622116088867e+00
-1.645899295806884766e+00 -9.487037062644958496e-01 -3.300569295883178711e+00
-9.109959751367568970e-02 -4.113672077655792236e-01 -1.348829746246337891e+00
-2.515875339508056641e+00 -8.073387145996093750e-01 -3.144563674926757812e+00
-7.398636341094970703e-01 -7.685466408729553223e-01 -3.752565860748291016e+00
-1.773518681526184082e+00 -8.775796890258789062e-01 -2.368874549865722656e+00
-2.051566362380981445e+00 -8.833684921264648438e-01 -3.706853389739990234e+00
1.595608353614807129e+00 -5.003746747970581055e-01 -2.175362348556518555e+00
-3.846187829971313477e+00 -6.883377432823181152e-01 -1.935481786727905273e+00
-1.039285302162170410e+00 -8.202785253524780273e-01 -4.703391075134277344e+00
-9.521433115005493164e-01 -8.475068807601928711e-01 -1.357012748718261719e+00
-4.284847259521484375e+00 -8.088402748107910156e-01 -4.314141273498535156e+00
2.828562259674072266e-01 -9.136259555816650391e-01 -3.659053087234497070e+00
-2.434087514877319336e+00 -9.685635566711425781e-01 -1.721106886863708496e+00
-1.851520776748657227e+00 -1.005916237831115723e+00 -4.016211509704589844e+00
-2.696645557880401611e-01 -1.032820701599121094e+00 -2.085608959197998047e+00
-4.086848735809326172e+00 -1.090293288230895996e+00 -2.759974479675292969e+00
-4.838200211524963379e-01 -1.106508255004882812e+00 -4.430655479431152344e+00
-1.627366542816162109e+00 -1.054045438766479492e+00 -2.524202823638916016e+00
-1.825369596481323242e+00 -1.038944721221923828e+00 -3.244986772537231445e+00
-9.699552059173583984e-01 -1.091554641723632812e+00 -3.029420852661132812e+00
-2.909552335739135742e+00 -1.232683062553405762e+00 -2.020901679992675781e+00
-1.519322037696838379e+00 -1.157447457313537598e+00 -3.979555130004882812e+00
-1.299618601799011230e+00 -1.122538924217224121e+00 -2.559458971023559570e+00
-3.994300127029418945e+00 -1.486762881278991699e+00 -3.604137420654296875e+00
1.133214235305786133e+00 -1.709367632865905762e+00 -4.639229774475097656e+00
-2.424584865570068359e+00 -1.617610454559326172e+00 -6.672889590263366699e-01
-1.848666429519653320e+00 -1.142547011375427246e+00 -3.506060600280761719e+00
-1.055751800537109375e+00 -1.197832942008972168e+00 -2.813181161880493164e+00
-2.982294559478759766e+00 -1.449729800224304199e+00 -2.591126203536987305e+00
-1.170580983161926270e+00 -1.350331902503967285e+00 -3.959979295730590820e+00
-1.326394677162170410e+00 -1.468925237655639648e+00 -1.823036670684814453e+00
-1.784032940864562988e+00 -1.077497243881225586e+00 -3.153065681457519531e+00
-1.293084263801574707e+00 -1.160352230072021484e+00 -3.123097896575927734e+00
-2.443897008895874023e+00 -1.570040464401245117e+00 -2.045437335968017578e+00
-1.717808961868286133e+00 -1.430070996284484863e+00 -3.971887111663818359e+00
-1.213411211967468262e+00 -1.301905751228332520e+00 -2.658937931060791016e+00
-3.601078748703002930e+00 -2.012960910797119141e+00 -3.083106517791748047e+00
-6.049638390541076660e-01 -1.771360993385314941e+00 -4.000145912170410156e+00
-1.869649767875671387e+00 -2.321016311645507812e+00 -7.833904027938842773e-01
-1.828630208969116211e+00 -1.197443962097167969e+00 -3.305723905563354492e+00
-1.093183875083923340e+00 -1.372897863388061523e+00 -2.960486888885498047e+00
-2.976810455322265625e+00 -2.062316894531250000e+00 -2.236270427703857422e+00
-1.458774089813232422e+00 -1.508604168891906738e+00 -3.738126754760742188e+00
-1.387338280677795410e+00 -1.441973924636840820e+00 -2.551819562911987305e+00
-1.758062720298767090e+00 -1.108542561531066895e+00 -3.105813741683959961e+00
-1.087995409965515137e+00 -1.512722611427307129e+00 -3.288453817367553711e+00
-3.165401458740234375e+00 -4.070492744445800781e+00 9.980051964521408081e-02
-1.763117194175720215e+00 -1.383717417716979980e+00 -3.447120428085327148e+00
-1.311661243438720703e+00 -1.394673824310302734e+00 -2.865278720855712891e+00
-3.450191974639892578e+00 -2.911689996719360352e+00 -2.686030149459838867e+00
-1.356812834739685059e+00 -1.559128046035766602e+00 -3.468434333801269531e+00
-1.631295084953308105e+00 -1.169661045074462891e+00 -2.932370424270629883e+00
-1.779034733772277832e+00 -1.231121778488159180e+00 -3.177496194839477539e+00
-1.276500105857849121e+00 -1.506626605987548828e+00 -3.075744628906250000e+00
-2.303834915161132812e+00 -2.321672439575195312e+00 -2.423087358474731445e+00
-1.628717660903930664e+00 -1.519935607910156250e+00 -3.391324996948242188e+00
-1.507086634635925293e+00 -1.385954856872558594e+00 -2.892948627471923828e+00
-1.726395606994628906e+00 -1.163380503654479980e+00 -3.075505971908569336e+00
-1.400352120399475098e+00 -1.628521919250488281e+00 -3.232141256332397461e+00
-1.665655255317687988e+00 -1.205366849899291992e+00 -2.984963893890380859e+00
-1.750718235969543457e+00 -1.596992254257202148e+00 -3.249113559722900391e+00
-1.518398284912109375e+00 -1.477752566337585449e+00 -3.021609544754028320e+00
-1.685670971870422363e+00 -1.223244309425354004e+00 -3.046654224395751953e+00
-1.647053122520446777e+00 -1.521826624870300293e+00 -3.064041376113891602e+00
