-1.869133234024047852e+00 1.431518673896789551e+00 6.587333679199218750e-01
-2.053450584411621094e+00 1.434037089347839355e+00 8.275830745697021484e-01
-1.838196516036987305e+00 1.416173934936523438e+00 3.062248826026916504e-01
-1.869133234024047852e+00 2.093930542469024658e-01 6.587333679199218750e-01
-2.777628898620605469e+00 2.362832069396972656e+00 4.980332553386688232e-01
-1.395265698432922363e+00 1.362186670303344727e+00 3.572975993156433105e-01
-2.041443586349487305e+00 1.431675910949707031e+00 1.299719452857971191e+00
-2.191713333129882812e+00 1.381507873535156250e+00 3.762514889240264893e-02
-6.337220072746276855e-01 2.232318162918090820e+00 1.109903573989868164e+00
-2.621581315994262695e+00 1.367782592773437500e+00 9.693329334259033203e-01
-1.869133234024047852e+00 2.093930542469024658e-01 6.587333679199218750e-01
-1.824547648429870605e+00 3.937392830848693848e-01 8.008792400360107422e-01
-2.805089950561523438e+00 1.464887142181396484e+00 1.163272857666015625e-01
-1.112074732780456543e+00 1.055550217628479004e+00 4.922961592674255371e-01
-2.087832212448120117e+00 6.007164716720581055e-01 9.698100090026855469e-01
-2.144493579864501953e+00 2.291945934295654297e+00 -1.466203808784484863e+00
-1.061253905296325684e+00 1.180641055107116699e+00 1.339614868164062500e+00
-4.064609050750732422e+00 2.122114181518554688e+00 7.495231628417968750e-01
-7.092776894569396973e-01 1.559269309043884277e+00 -4.954778254032135010e-01
-1.889384031295776367e+00 5.523658394813537598e-01 1.096676588058471680e+00
-2.603667736053466797e+00 1.060226798057556152e+00 -2.214844077825546265e-01
5.429140925407409668e-01 1.923230648040771484e+00 9.832709431648254395e-01
-2.259170055389404297e+00 5.268708467483520508e-01 9.301108121871948242e-01
-1.552095293998718262e+00 1.124957084655761719e+00 -7.505319714546203613e-01
-1.656063795089721680e+00 4.669721722602844238e-01 1.030567884445190430e+00
-4.594311237335205078e+00 1.838772416114807129e+00 -2.106727212667465210e-01
-9.444535970687866211e-01 7.588391900062561035e-01 2.315079271793365479e-01
-2.060733556747436523e+00 4.626575708389282227e-01 1.116552233695983887e+00
-2.254560232162475586e+00 7.585226893424987793e-01 -4.128517210483551025e-01
-4.214016795158386230e-01 9.535381793975830078e-01 1.419620513916015625e+00
-2.468471288681030273e+00 4.750421643257141113e-01 8.167169690132141113e-01
8.895608037710189819e-02 1.668213844299316406e+00 -2.386545419692993164e+00
-1.765583157539367676e+00 4.404524266719818115e-01 1.261261343955993652e+00
-4.353618621826171875e+00 1.320413231849670410e+00 -1.265391945838928223e+00
-1.058133125305175781e+00 4.777061343193054199e-01 5.915436744689941406e-01
-2.226405382156372070e+00 3.705773055553436279e-01 1.044934034347534180e+00
-1.837423324584960938e+00 2.052032470703125000e+00 -5.841410160064697266e+00
-1.464063167572021484e+00 3.667363822460174561e-01 1.105263948440551758e+00
-2.769970655441284180e+00 4.254880547523498535e-01 5.752439498901367188e-01
1.408263564109802246e+00 1.102476835250854492e+00 -1.828693985939025879e+00
-1.956874966621398926e+00 3.052581846714019775e-01 1.141039609909057617e+00
-2.651209354400634766e+00 4.653437733650207520e-01 -5.840639472007751465e-01
-1.411233425140380859e+00 2.821703255176544189e-01 7.842246890068054199e-01
-3.583020210266113281e+00 4.645635187625885010e-01 1.538271903991699219e+00
-1.595907568931579590e+00 2.972701489925384521e-01 -7.824592292308807373e-02
-1.165934562683105469e+00 3.796468973159790039e-01 2.386123418807983398e+00
-2.624076604843139648e+00 2.686122357845306396e-01 3.009516596794128418e-01
-7.455147504806518555e-01 2.688532471656799316e-01 3.123098015785217285e-01
-2.098126173019409180e+00 2.231234014034271240e-01 1.049469351768493652e+00
-2.147223472595214844e+00 2.227729260921478271e-01 -6.362847089767456055e-01
-1.069412708282470703e+00 1.994839161634445190e-01 1.226817369461059570e+00
-3.435418605804443359e+00 1.615407019853591919e-01 8.539364933967590332e-01
-4.761293530464172363e-01 1.007121726870536804e-01 -9.778247475624084473e-01
-1.838310480117797852e+00 1.494408547878265381e-01 1.503944754600524902e+00
-2.750209808349609375e+00 9.480500221252441406e-02 -2.353329956531524658e-01
-4.852877557277679443e-01 5.447231605648994446e-02 7.294903397560119629e-01
-2.272525310516357422e+00 1.400800794363021851e-01 9.920361042022705078e-01
-1.762521624565124512e+00 9.112752228975296021e-02 -1.054063066840171814e-01
-1.264002084732055664e+00 2.340415492653846741e-02 1.537571072578430176e+00
-2.250748634338378906e+00 1.328164041042327881e-01 5.709245204925537109e-01
-3.502118885517120361e-01 -1.695434600114822388e-01 -2.018267363309860229e-01
-1.995976328849792480e+00 1.112088337540626526e-01 1.049728989601135254e+00
-2.421343326568603516e+00 -1.378879249095916748e-01 -5.519378781318664551e-01
-1.295509457588195801e+00 3.275741636753082275e-02 9.020938277244567871e-01
-3.014640331268310547e+00 -1.629159748554229736e-01 1.064448475837707520e+00
-1.484969615936279297e+00 -6.036600470542907715e-02 -6.363148242235183716e-02
-1.595843315124511719e+00 -1.768345236778259277e-01 1.716413259506225586e+00
-3.337451696395874023e+00 -4.524483382701873779e-01 -2.955395877361297607e-01
-3.722340464591979980e-01 -4.020990729331970215e-01 4.089891016483306885e-01
-2.109519720077514648e+00 4.217955470085144043e-02 9.660190939903259277e-01
-1.929107427597045898e+00 -1.417915225028991699e-01 -1.107771322131156921e-01
-1.371659994125366211e+00 -1.188798621296882629e-01 1.123467206954956055e+00
-2.307262897491455078e+00 -1.419971883296966553e-02 6.544585824012756348e-01
-9.504020810127258301e-01 -4.567684829235076904e-01 -1.665591150522232056e-01
-1.907229304313659668e+00 -1.399488281458616257e-02 1.049053311347961426e+00
-2.828419446945190430e+00 -7.504898309707641602e-01 -6.180945038795471191e-01
-1.481808781623840332e+00 -4.036016762256622314e-02 7.311496734619140625e-01
-2.225579261779785156e+00 -7.114180922508239746e-02 8.806202411651611328e-01
-1.716032147407531738e+00 -1.913734674453735352e-01 1.105936542153358459e-01
-1.411569833755493164e+00 -5.415180921554565430e-01 1.561161637306213379e+00
-2.147415876388549805e+00 -2.321294136345386505e-02 5.540167093276977539e-01
-2.912326157093048096e-01 -1.193266034126281738e+00 2.534532733261585236e-02
-1.995353341102600098e+00 -4.454688727855682373e-02 9.217430353164672852e-01
-1.945842504501342773e+00 -3.380198776721954346e-02 4.055480957031250000e-01
-1.381726026535034180e+00 -3.412712216377258301e-01 9.475846290588378906e-01
-2.138374567031860352e+00 -7.370460778474807739e-02 7.151772975921630859e-01
-1.454625368118286133e+00 -5.666288733482360840e-01 8.119810372591018677e-02
-1.811402082443237305e+00 -3.544641137123107910e-01 1.141125321388244629e+00
-2.036807775497436523e+00 -6.421877443790435791e-02 5.145958065986633301e-01
-1.651450037956237793e+00 -7.897263765335083008e-02 6.518581509590148926e-01
-2.019436597824096680e+00 -8.946403861045837402e-02 8.054145574569702148e-01
-1.857637286186218262e+00 -1.067190691828727722e-01 4.535329341888427734e-01
-1.684024810791015625e+00 -2.802048921585083008e-01 8.850067853927612305e-01
-2.029347419738769531e+00 -8.870595693588256836e-02 6.355831623077392578e-01
-1.749536633491516113e+00 -8.766683936119079590e-02 5.772413015365600586e-01
-1.901326894760131836e+00 -1.187582612037658691e-01 7.955877780914306641e-01
-1.922869086265563965e+00 -9.189728647470474243e-02 5.627994537353515625e-01
-1.772996425628662109e+00 -1.358333677053451538e-01 6.904402971267700195e-01
-1.929133176803588867e+00 -1.129816845059394836e-01 6.857476830482482910e-01
-1.869133234024047852e+00 -1.194868832826614380e-01 6.587333679199218750e-01
