4.375264167785644531e+00 4.893375873565673828e+00 -1.986881256103515625e+01
4.375264167785644531e+00 4.893375873565673828e+00 -1.986881256103515625e+01
4.375264167785644531e+00 4.893375873565673828e+00 -1.986881256103515625e+01
4.375264167785644531e+00 4.893375873565673828e+00 -1.986881256103515625e+01
4.375264167785644531e+00 4.893375873565673828e+00 -1.986881256103515625e+01
4.375264167785644531e+00 4.893375873565673828e+00 -1.986881256103515625e+01
4.375264167785644531e+00 4.893375873565673828e+00 -1.986881256103515625e+01
4.375264167785644531e+00 4.893375873565673828e+00 -1.986881256103515625e+01
4.375264167785644531e+00 4.893375873565673828e+00 -1.986881256103515625e+01
4.375264167785644531e+00 4.893375873565673828e+00 -1.986881256103515625e+01
4.375264167785644531e+00 4.893375873565673828e+00 -1.986881256103515625e+01
4.375264167785644531e+00 4.893375873565673828e+00 -1.986881256103515625e+01
4.375264167785644531e+00 4.893375873565673828e+00 -1.986881256103515625e+01
4.375264167785644531e+00 4.893375873565673828e+00 -1.986881256103515625e+01
4.375264167785644531e+00 4.893375873565673828e+00 -1.986881256103515625e+01
4.375264167785644531e+00 4.893375873565673828e+00 -1.986881256103515625e+01
4.375264167785644531e+00 4.893375873565673828e+00 -1.986881256103515625e+01
4.375264167785644531e+00 4.893375873565673828e+00 -1.986881256103515625e+01
4.375264167785644531e+00 4.893375873565673828e+00 -1.986881256103515625e+01
4.375264167785644531e+00 4.893375873565673828e+00 -1.986881256103515625e+01
4.375264167785644531e+00 4.893375873565673828e+00 -1.986881256103515625e+01
4.375264167785644531e+00 4.893375873565673828e+00 -1.986881256103515625e+01
4.375264167785644531e+00 4.893375873565673828e+00 -1.986881256103515625e+01
4.375264167785644531e+00 4.893375873565673828e+00 -1.986881256103515625e+01
4.375264167785644531e+00 4.893375873565673828e+00 -1.986881256103515625e+01
4.375264167785644531e+00 4.893375873565673828e+00 -1.986881256103515625e+01
4.375264167785644531e+00 4.893375873565673828e+00 -1.986881256103515625e+01
4.375264167785644531e+00 4.893375873565673828e+00 -1.986881256103515625e+01
4.375264167785644531e+00 4.893375873565673828e+00 -1.986881256103515625e+01
4.375264167785644531e+00 4.893375873565673828e+00 -1.986881256103515625e+01
4.375264167785644531e+00 4.893375873565673828e+00 -1.986881256103515625e+01
4.375264167785644531e+00 4.893375873565673828e+00 -1.986881256103515625e+01
3.614031791687011719e+00 4.740623474121093750e+00 -2.004397010803222656e+01
4.375264167785644531e+00 4.893375873565673828e+00 -1.986881256103515625e+01
4.058194637298583984e+00 4.647944927215576172e+00 -1.889144134521484375e+01
4.375264167785644531e+00 4.893375873565673828e+00 -1.986881256103515625e+01
2.918996095657348633e+00 4.420064449310302734e+00 -1.935303306579589844e+01
4.375264167785644531e+00 4.893375873565673828e+00 -1.986881256103515625e+01
4.850450038909912109e+00 4.221817970275878906e+00 -1.802975845336914062e+01
4.375264167785644531e+00 4.893375873565673828e+00 -1.986881256103515625e+01
3.045226812362670898e+00 3.968198537826538086e+00 -1.816862869262695312e+01
4.375264167785644531e+00 4.893375873565673828e+00 -1.986881256103515625e+01
3.665119409561157227e+00 4.530964374542236328e+00 -1.987574195861816406e+01
4.375264167785644531e+00 4.893375873565673828e+00 -1.986881256103515625e+01
4.288040637969970703e+00 4.381913661956787109e+00 -1.897514724731445312e+01
4.375264167785644531e+00 4.893375873565673828e+00 -1.986881256103515625e+01
4.375264167785644531e+00 4.893375873565673828e+00 -1.986881256103515625e+01
3.088555335998535156e+00 3.880693435668945312e+00 -1.906783866882324219e+01
4.375264167785644531e+00 4.893375873565673828e+00 -1.986881256103515625e+01
4.375264167785644531e+00 4.893375873565673828e+00 -1.986881256103515625e+01
3.928684949874877930e+00 4.520097255706787109e+00 -2.003685951232910156e+01
4.375264167785644531e+00 4.893375873565673828e+00 -1.986881256103515625e+01
4.065221309661865234e+00 4.269605636596679688e+00 -1.922276306152343750e+01
4.375264167785644531e+00 4.893375873565673828e+00 -1.986881256103515625e+01
4.375264167785644531e+00 4.893375873565673828e+00 -1.986881256103515625e+01
3.890608072280883789e+00 4.383777141571044922e+00 -1.976720809936523438e+01
4.375264167785644531e+00 4.893375873565673828e+00 -1.986881256103515625e+01
4.462960243225097656e+00 4.036852836608886719e+00 -1.913603782653808594e+01
4.163938045501708984e+00 4.548533439636230469e+00 -2.005047416687011719e+01
4.375264167785644531e+00 4.893375873565673828e+00 -1.986881256103515625e+01
4.045068264007568359e+00 4.236827373504638672e+00 -1.954657363891601562e+01
4.375264167785644531e+00 4.893375873565673828e+00 -1.986881256103515625e+01
5.081719398498535156e+00 3.024853944778442383e+00 -1.900525283813476562e+01
4.109084606170654297e+00 4.398115158081054688e+00 -1.990727424621582031e+01
4.375264167785644531e+00 4.893375873565673828e+00 -1.986881256103515625e+01
4.294486045837402344e+00 4.070003032684326172e+00 -1.952542686462402344e+01
4.375264167785644531e+00 4.893375873565673828e+00 -1.986881256103515625e+01
4.840715408325195312e+00 3.221943855285644531e+00 -1.971530151367187500e+01
4.238904476165771484e+00 4.160727500915527344e+00 -1.980741882324218750e+01
4.375264167785644531e+00 3.592800855636596680e+00 -1.986881256103515625e+01
