-1.472613930702209473e+00 -6.522935032844543457e-01 1.396088719367980957e+00
-1.679046988487243652e+00 -5.473378896713256836e-01 1.585198283195495605e+00
-1.433539628982543945e+00 -3.947135806083679199e-01 9.508569240570068359e-01
-9.429996609687805176e-01 4.661363959312438965e-01 2.086876630783081055e+00
-1.991742372512817383e+00 -6.884160637855529785e-01 1.304262161254882812e+00
-4.203908741474151611e-01 6.408541202545166016e-01 7.267505526542663574e-01
-1.792390465736389160e+00 3.494093120098114014e-01 2.585641622543334961e+00
-1.973357200622558594e+00 -9.944206476211547852e-02 4.319379329681396484e-01
-8.204596042633056641e-01 -8.510537147521972656e-01 1.634254455566406250e+00
-2.018602132797241211e+00 -1.078378558158874512e+00 1.621464729309082031e+00
-1.312790274620056152e+00 -1.419654607772827148e+00 1.054554700851440430e+00
-1.289061546325683594e+00 -1.159997940063476562e+00 1.981282472610473633e+00
-2.223252058029174805e+00 -9.120171070098876953e-01 9.610786437988281250e-01
-5.093920230865478516e-01 -8.423403501510620117e-01 1.184327125549316406e+00
-1.874517083168029785e+00 -1.199788928031921387e+00 1.967754602432250977e+00
-1.488598823547363281e+00 -1.798030138015747070e+00 1.272734045982360840e+00
-1.004234552383422852e+00 -1.355829596519470215e+00 1.790839433670043945e+00
-2.224372625350952148e+00 -1.263984441757202148e+00 1.427176356315612793e+00
-1.369307041168212891e+00 -1.798692464828491211e+00 1.293284535408020020e+00
-1.500318169593811035e+00 -1.449719905853271484e+00 1.995217561721801758e+00
-1.589501500129699707e+00 -1.783529877662658691e+00 1.256018400192260742e+00
-1.299242973327636719e+00 -1.795738577842712402e+00 1.419415593147277832e+00
-2.572115898132324219e+00 -1.023963928222656250e+00 2.161093711853027344e+00
-1.430799961090087891e+00 -1.798171162605285645e+00 1.210221648216247559e+00
-1.226872801780700684e+00 -1.621848464012145996e+00 1.824939846992492676e+00
-2.530066490173339844e+00 -1.286675214767456055e+00 1.058732509613037109e+00
-1.133190274238586426e+00 -1.717238306999206543e+00 1.239266395568847656e+00
-1.739720582962036133e+00 -1.565852522850036621e+00 2.034326314926147461e+00
-1.557737469673156738e+00 -1.797646284103393555e+00 1.159423708915710449e+00
-1.286615014076232910e+00 -1.823319435119628906e+00 1.493844509124755859e+00
-3.715711832046508789e+00 -9.246994256973266602e-01 1.987362146377563477e+00
-1.309909701347351074e+00 -1.797706007957458496e+00 1.143046259880065918e+00
-1.098479866981506348e+00 -1.084089517593383789e+00 3.573067426681518555e+00
-1.806180477142333984e+00 -1.769758939743041992e+00 1.137755990028381348e+00
-1.039772033691406250e+00 -1.775722026824951172e+00 1.360228657722473145e+00
-2.431777715682983398e+00 -1.486195087432861328e+00 2.432916641235351562e+00
-1.470215082168579102e+00 -1.779529929161071777e+00 9.043572545051574707e-01
-1.245989680290222168e+00 -1.830895543098449707e+00 1.645908832550048828e+00
-3.443613529205322266e+00 -1.446116209030151367e+00 1.213416934013366699e+00
-1.167407751083374023e+00 -1.835756301879882812e+00 1.164448142051696777e+00
-1.981431961059570312e+00 -1.362998366355895996e+00 4.193002700805664062e+00
-1.539687991142272949e+00 -1.896972894668579102e+00 1.289501309394836426e+00
-1.363278269767761230e+00 -1.901546835899353027e+00 1.426053047180175781e+00
-3.626739978790283203e+00 -1.598209261894226074e+00 2.501550674438476562e+00
-1.377397060394287109e+00 -1.888299942016601562e+00 1.139257550239562988e+00
-1.192507743835449219e+00 -1.851106882095336914e+00 2.084162712097167969e+00
-3.172127485275268555e+00 -1.785611271858215332e+00 5.906574726104736328e-01
-1.041045427322387695e+00 -1.896086335182189941e+00 1.263031601905822754e+00
-3.282795906066894531e+00 -1.810386419296264648e+00 4.484843254089355469e+00
-1.518574833869934082e+00 -1.916712999343872070e+00 1.182057023048400879e+00
-1.362007260322570801e+00 -1.920294880867004395e+00 1.474658489227294922e+00
-3.763653278350830078e+00 -1.988919019699096680e+00 1.681616544723510742e+00
-1.284451842308044434e+00 -1.933604598045349121e+00 1.175028085708618164e+00
-1.422844529151916504e+00 -2.015729188919067383e+00 2.760851621627807617e+00
-1.532492160797119141e+00 -1.926711797714233398e+00 1.335327625274658203e+00
-6.168617606163024902e-01 -2.014725208282470703e+00 1.439843893051147461e+00
-3.864212989807128906e+00 -2.329861402511596680e+00 3.372147083282470703e+00
-1.438346266746520996e+00 -1.956937909126281738e+00 1.150474667549133301e+00
-1.360150337219238281e+00 -1.953490376472473145e+00 1.559420704841613770e+00
-3.323036670684814453e+00 -2.290238380432128906e+00 9.703107476234436035e-01
-1.172295331954956055e+00 -1.993847012519836426e+00 1.225940227508544922e+00
-2.009996652603149414e+00 -2.334891319274902344e+00 3.052578926086425781e+00
-1.523908972740173340e+00 -1.951183438301086426e+00 1.283628821372985840e+00
-4.355230331420898438e-01 -2.238275051116943359e+00 1.836075663566589355e+00
-2.909518480300903320e+00 -2.385942459106445312e+00 1.905010819435119629e+00
-1.358869433403015137e+00 -1.998795509338378906e+00 1.182208418846130371e+00
-1.171326398849487305e+00 -2.344719648361206055e+00 2.562124490737915039e+00
-3.120402097702026367e+00 -2.661661386489868164e+00 3.251767158508300781e-01
-9.119053483009338379e-01 -2.147977113723754883e+00 1.302539467811584473e+00
-2.252285242080688477e+00 -2.461265563964843750e+00 2.392740964889526367e+00
-1.485200285911560059e+00 -1.992625236511230469e+00 1.234596490859985352e+00
-7.051841020584106445e-01 -2.425336360931396484e+00 2.113013029098510742e+00
-2.638368129730224609e+00 -2.513849020004272461e+00 1.384714603424072266e+00
-1.282682299613952637e+00 -2.056641578674316406e+00 1.225473880767822266e+00
-1.727901220321655273e+00 -3.415878057479858398e+00 4.011676788330078125e+00
-1.519610762596130371e+00 -1.965950489044189453e+00 1.333534955978393555e+00
-5.223415493965148926e-01 -2.531675577163696289e+00 1.573756814002990723e+00
-2.154350042343139648e+00 -2.455473184585571289e+00 1.820467829704284668e+00
-1.424322009086608887e+00 -2.045336008071899414e+00 1.223191857337951660e+00
-5.508031249046325684e-01 -3.431715726852416992e+00 3.214127779006958008e+00
-2.830254554748535156e+00 -3.053725004196166992e+00 8.852138519287109375e-01
-1.219788670539855957e+00 -2.143670797348022461e+00 1.294601678848266602e+00
-1.866233706474304199e+00 -2.710841178894042969e+00 2.216289758682250977e+00
-1.500720620155334473e+00 -2.008032321929931641e+00 1.303320288658142090e+00
-5.402587652206420898e-01 -2.972283124923706055e+00 1.948628783226013184e+00
-2.616113901138305664e+00 -3.121273756027221680e+00 1.635812759399414062e+00
-1.377562165260314941e+00 -2.096875905990600586e+00 1.263652682304382324e+00
-1.439050078392028809e+00 -2.246740341186523438e+00 1.676542282104492188e+00
-1.512223362922668457e+00 -1.983559131622314453e+00 1.362039327621459961e+00
-1.065283894538879395e+00 -2.458515882492065430e+00 1.383223772048950195e+00
-2.040251970291137695e+00 -3.047593116760253906e+00 1.950047373771667480e+00
-1.467479228973388672e+00 -2.060116291046142578e+00 1.304435610771179199e+00
-1.228698015213012695e+00 -2.564063787460327148e+00 1.694247364997863770e+00
-1.472613930702209473e+00 -1.918924331665039062e+00 1.396088719367980957e+00
-1.370370149612426758e+00 -2.172882556915283203e+00 1.326420664787292480e+00
-1.527763724327087402e+00 -2.481068372726440430e+00 1.630529046058654785e+00
-1.494181871414184570e+00 -2.039853096008300781e+00 1.357583761215209961e+00
-1.277371287345886230e+00 -2.620039224624633789e+00 1.460481882095336914e+00
-1.497803926467895508e+00 -2.054268121719360352e+00 1.407430291175842285e+00
-1.472613930702209473e+00 -2.095565080642700195e+00 1.396088719367980957e+00
