2.724505662918090820e+00 -3.193887710571289062e+00 -1.956140899658203125e+01
2.545400142669677734e+00 -3.022902250289916992e+00 -1.939733314514160156e+01
2.739555835723876953e+00 -3.625838756561279297e+00 -1.973289871215820312e+01
2.941185712814331055e+00 -3.237123489379882812e+00 -1.927878761291503906e+01
2.487097263336181641e+00 -3.650181055068969727e+00 -1.960340309143066406e+01
2.902484655380249023e+00 -3.779943227767944336e+00 -1.967462539672851562e+01
2.621462345123291016e+00 -3.481981039047241211e+00 -1.917809295654296875e+01
2.554966449737548828e+00 -3.596887588500976562e+00 -1.988784599304199219e+01
2.993358612060546875e+00 -3.772685289382934570e+00 -1.946322441101074219e+01
2.305043220520019531e+00 -3.567158699035644531e+00 -1.938826179504394531e+01
2.724505662918090820e+00 -4.212918758392333984e+00 -1.956140899658203125e+01
2.863825321197509766e+00 -3.636878967285156250e+00 -1.911723518371582031e+01
2.439396858215332031e+00 -3.830473184585571289e+00 -1.972663497924804688e+01
2.724505662918090820e+00 -4.212918758392333984e+00 -1.956140899658203125e+01
2.398753643035888672e+00 -3.630042314529418945e+00 -1.909806060791015625e+01
2.645959615707397461e+00 -3.618874311447143555e+00 -2.016754341125488281e+01
3.079977750778198242e+00 -3.785563230514526367e+00 -1.926181602478027344e+01
2.456455945968627930e+00 -3.979391098022460938e+00 -1.955032348632812500e+01
2.724505662918090820e+00 -4.212918758392333984e+00 -1.956140899658203125e+01
2.696988821029663086e+00 -3.746889352798461914e+00 -1.896633529663085938e+01
2.724505662918090820e+00 -4.212918758392333984e+00 -1.956140899658203125e+01
2.724505662918090820e+00 -4.212918758392333984e+00 -1.956140899658203125e+01
1.652228593826293945e+00 -3.340118646621704102e+00 -1.881534576416015625e+01
2.724505662918090820e+00 -4.212918758392333984e+00 -1.956140899658203125e+01
2.724505662918090820e+00 -4.212918758392333984e+00 -1.956140899658203125e+01
-2.187283754348754883e+00 -1.276167988777160645e+00 -2.112840461730957031e+01
2.724505662918090820e+00 -4.212918758392333984e+00 -1.956140899658203125e+01
2.468093395233154297e+00 -3.873983144760131836e+00 -1.894872474670410156e+01
2.724505662918090820e+00 -4.212918758392333984e+00 -1.956140899658203125e+01
2.724505662918090820e+00 -4.212918758392333984e+00 -1.956140899658203125e+01
3.381613790988922119e-01 -3.155201673507690430e+00 -1.893237686157226562e+01
2.724505662918090820e+00 -4.212918758392333984e+00 -1.956140899658203125e+01
2.724505662918090820e+00 -4.212918758392333984e+00 -1.956140899658203125e+01
2.213073730468750000e+00 -3.982184886932373047e+00 -1.900856590270996094e+01
2.724505662918090820e+00 -4.212918758392333984e+00 -1.956140899658203125e+01
-5.760698914527893066e-01 -3.421168804168701172e+00 -1.986730575561523438e+01
2.597188472747802734e+00 -4.073814392089843750e+00 -1.886156082153320312e+01
1.779176294803619385e-01 -3.833772420883178711e+00 -1.825454139709472656e+01
2.724505662918090820e+00 -4.212918758392333984e+00 -1.956140899658203125e+01
2.724505662918090820e+00 -4.212918758392333984e+00 -1.956140899658203125e+01
2.501994609832763672e+00 -4.199576854705810547e+00 -1.918173408508300781e+01
4.944544732570648193e-01 -4.281050205230712891e+00 -1.928348159790039062e+01
2.724505662918090820e+00 -4.212918758392333984e+00 -1.956140899658203125e+01
2.724505662918090820e+00 -4.212918758392333984e+00 -1.956140899658203125e+01
2.724505662918090820e+00 -4.212918758392333984e+00 -1.956140899658203125e+01
2.724505662918090820e+00 -4.212918758392333984e+00 -1.956140899658203125e+01
