-1.622069120407104492e+00 -7.651502490043640137e-01 -7.123873233795166016e-01
-1.828970670700073242e+00 -8.152728080749511719e-01 -5.228485465049743652e-01
-1.589805722236633301e+00 -9.314441084861755371e-01 -1.080011487007141113e+00
-1.289521574974060059e+00 -6.923799514770507812e-01 -2.786379456520080566e-01
-2.193404912948608398e+00 -8.357145786285400391e-01 -8.134486079216003418e-01
-1.120782732963562012e+00 -9.704757332801818848e-01 -1.031264662742614746e+00
-1.913535714149475098e+00 -1.224550157785415649e-01 3.718539178371429443e-01
-1.722091436386108398e+00 -1.826534390449523926e+00 -9.049742817878723145e-01
-7.116606831550598145e-01 -6.992229223251342773e-01 -3.799076080322265625e-01
-2.178548812866210938e+00 -1.333274364471435547e+00 -4.826805889606475830e-01
-1.504144787788391113e+00 -1.821590900421142578e+00 -9.643846750259399414e-01
-1.038845658302307129e+00 2.214587181806564331e-01 1.147021174430847168e+00
-1.935920119285583496e+00 -1.768971681594848633e+00 -8.942703604698181152e-01
-6.133062243461608887e-01 -1.062487244606018066e+00 -9.341610074043273926e-01
-2.675274372100830078e+00 -3.054454028606414795e-01 7.856886386871337891e-01
-1.683091163635253906e+00 -1.728461980819702148e+00 -1.183289885520935059e+00
-2.988931238651275635e-01 -5.992243885993957520e-01 4.027868211269378662e-01
-2.165606498718261719e+00 -1.716436624526977539e+00 -6.899103522300720215e-01
1.586524397134780884e-02 -2.836925089359283447e-01 -2.342350721359252930e+00
-1.713692188262939453e+00 -6.382233500480651855e-01 1.269046187400817871e+00
-2.057538032531738281e+00 -1.685554981231689453e+00 -1.234224557876586914e+00
-1.876397728919982910e-01 -1.170763492584228516e+00 -5.193868875503540039e-01
-2.274993419647216797e+00 -1.658511877059936523e+00 -2.580995559692382812e-01
-1.599956631660461426e+00 -2.126113891601562500e+00 -8.106796741485595703e-01
-4.768529832363128662e-01 -8.055228590965270996e-01 1.286167502403259277e+00
-2.348802328109741211e+00 -1.755459427833557129e+00 -9.442350268363952637e-01
-7.263118028640747070e-01 -1.657711505889892578e+00 -1.126249909400939941e+00
-2.372407436370849609e+00 -1.198145866394042969e+00 1.080507755279541016e+00
-1.836519837379455566e+00 -1.884437322616577148e+00 -1.308614969253540039e+00
-3.431351482868194580e-01 -1.532590031623840332e+00 -4.021547362208366394e-02
-2.327377557754516602e+00 -1.877352833747863770e+00 -5.264702439308166504e-01
1.564889699220657349e-01 -8.649059534072875977e-01 -3.478453874588012695e+00
-1.530111312866210938e+00 -1.984779119491577148e+00 -1.773110628128051758e-01
-2.287831544876098633e+00 -1.892254114151000977e+00 -1.227991223335266113e+00
6.278771162033081055e-01 -1.445594668388366699e+00 -8.987907767295837402e-01
-3.392398595809936523e+00 -1.391283154487609863e+00 1.201287031173706055e+00
-1.621088266372680664e+00 -2.132973194122314453e+00 -9.134573936462402344e-01
-1.193248391151428223e+00 -2.023402929306030273e+00 -2.396751046180725098e-01
-2.005693197250366211e+00 -2.097947359085083008e+00 -7.479414939880371094e-01
-6.453787088394165039e-01 -1.923825860023498535e+00 -1.453660488128662109e+00
-1.821630120277404785e+00 -1.971935033798217773e+00 3.845764696598052979e-01
-2.026571512222290039e+00 -2.057590007781982422e+00 -1.355182170867919922e+00
9.002162814140319824e-01 -1.789087176322937012e+00 -2.113346941769123077e-02
-4.049104213714599609e+00 -1.828625082969665527e+00 5.331270098686218262e-01
-1.574260115623474121e+00 -2.174595117568969727e+00 -8.413438796997070312e-01
-1.502401232719421387e+00 -2.160998821258544922e+00 -4.184260070323944092e-01
-2.270771026611328125e+00 -2.139086484909057617e+00 -1.019819259643554688e+00
-6.803548932075500488e-01 -2.140137910842895508e+00 -1.002727866172790527e+00
-2.368651866912841797e+00 -2.145207166671752930e+00 5.615239143371582031e-01
-1.754933595657348633e+00 -2.183579444885253906e+00 -1.331113815307617188e+00
-1.261734604835510254e+00 -2.194436788558959961e+00 -4.564225077629089355e-01
-3.891007900238037109e+00 -2.259291410446166992e+00 -4.296138584613800049e-01
3.877514600753784180e-01 -2.346776247024536133e+00 -3.073606967926025391e+00
-1.577630758285522461e+00 -2.276407480239868164e+00 5.061883330345153809e-01
-2.123034000396728516e+00 -2.255124807357788086e+00 -1.220737934112548828e+00
-9.144313335418701172e-01 -2.269191503524780273e+00 -6.762053370475769043e-01
-3.155957460403442383e+00 -2.453532695770263672e+00 5.549876689910888672e-01
-1.583024621009826660e+00 -2.233284473419189453e+00 -9.922394156455993652e-01
-1.504633545875549316e+00 -2.226066112518310547e+00 -5.418345332145690918e-01
-1.987995386123657227e+00 -2.263400316238403320e+00 -7.965860962867736816e-01
9.847762584686279297e-01 -2.840320825576782227e+00 -2.189321756362915039e+00
-1.900797605514526367e+00 -2.405724763870239258e+00 1.467974036931991577e-01
-1.973535060882568359e+00 -2.411006212234497070e+00 -1.482944846153259277e+00
-1.313771843910217285e+00 -2.284905672073364258e+00 -5.815919041633605957e-01
-1.727569937705993652e+00 -2.224261522293090820e+00 -6.750211119651794434e-01
-1.540930151939392090e+00 -2.246947526931762695e+00 -8.649575710296630859e-01
-1.574234008789062500e+00 -2.257575035095214844e+00 -5.272572636604309082e-01
-2.090011596679687500e+00 -2.400896072387695312e+00 -1.016507267951965332e+00
-9.869391918182373047e-01 -2.449426174163818359e+00 -8.183530569076538086e-01
-2.138989686965942383e+00 -2.549543142318725586e+00 -5.160855129361152649e-02
-1.745816946029663086e+00 -2.914588928222656250e+00 -2.300157546997070312e+00
-1.514787554740905762e+00 -2.260764837265014648e+00 -6.121661067008972168e-01
-1.768174052238464355e+00 -2.264534235000610352e+00 -7.138128280639648438e-01
-4.749373495578765869e-01 -3.021744012832641602e+00 -1.742851138114929199e+00
-1.639945864677429199e+00 -2.294797420501708984e+00 -5.292283296585083008e-01
-2.109554767608642578e+00 -2.677760839462280273e+00 -1.361239790916442871e+00
-1.386417746543884277e+00 -2.341923952102661133e+00 -6.683286428451538086e-01
-1.731020808219909668e+00 -2.275720596313476562e+00 -6.445651650428771973e-01
-1.474302887916564941e+00 -2.576773405075073242e+00 -1.241426825523376465e+00
-8.978326320648193359e-01 -3.378522396087646484e+00 7.159861922264099121e-01
-1.827973604202270508e+00 -2.362079620361328125e+00 -7.898683547973632812e-01
-1.487011909484863281e+00 -2.310029745101928711e+00 -7.666009068489074707e-01
-1.694043993949890137e+00 -2.334776878356933594e+00 -5.624105930328369141e-01
-1.830586314201354980e+00 -2.851044178009033203e+00 -1.400615692138671875e+00
-6.643090248107910156e-01 -3.272032737731933594e+00 -1.447916179895401001e-01
-1.757781863212585449e+00 -2.332669019699096680e+00 -6.839364171028137207e-01
-1.391132354736328125e+00 -2.622320652008056641e+00 -1.034152388572692871e+00
-1.458058595657348633e+00 -3.791852951049804688e+00 6.580563783645629883e-01
-2.031840324401855469e+00 -2.858637571334838867e+00 -1.064637541770935059e+00
-1.182816386222839355e+00 -2.771851539611816406e+00 -7.262604832649230957e-01
-1.726119518280029297e+00 -2.396861553192138672e+00 -6.108444333076477051e-01
-1.600912094116210938e+00 -2.771742105484008789e+00 -1.090036511421203613e+00
-1.181089758872985840e+00 -3.356329441070556641e+00 -1.733415573835372925e-01
-1.984312653541564941e+00 -2.863971948623657227e+00 -7.647297978401184082e-01
-1.367683410644531250e+00 -2.821827650070190430e+00 -8.857235312461853027e-01
-1.723633289337158203e+00 -3.225220918655395508e+00 -2.806401848793029785e-01
-1.750079631805419922e+00 -2.907711505889892578e+00 -9.409229755401611328e-01
-1.352818250656127930e+00 -3.156849622726440430e+00 -6.235854625701904297e-01
-1.968241930007934570e+00 -4.049929618835449219e+00 -5.565268993377685547e-01
-1.622069120407104492e+00 -4.927982807159423828e+00 -7.123873233795166016e-01
