-1.742084026336669922e+00 5.004798769950866699e-01 -1.855785489082336426e+00
-1.945687294006347656e+00 5.606740713119506836e-01 -1.669268250465393066e+00
-1.719665884971618652e+00 8.237370103597640991e-02 -2.111227989196777344e+00
-1.470156073570251465e+00 4.324876368045806885e-01 -1.501103639602661133e+00
-2.272683143615722656e+00 4.655867815017700195e-01 -1.949640989303588867e+00
-1.370373010635375977e+00 1.121631562709808350e-01 -2.092237472534179688e+00
-1.802168011665344238e+00 -3.659056127071380615e-01 -1.632276296615600586e+00
-1.911833882331848145e+00 -1.753140538930892944e-01 -2.182628393173217773e+00
-1.194003462791442871e+00 1.053441911935806274e-01 -1.655627369880676270e+00
-2.706472635269165039e+00 6.925601959228515625e-01 -1.457699894905090332e+00
-1.574523687362670898e+00 -2.686727046966552734e-01 -2.213852167129516602e+00
-1.679667472839355469e+00 -5.340395569801330566e-01 -1.656791687011718750e+00
-2.384221553802490234e+00 6.925372779369354248e-02 -2.227917194366455078e+00
-1.184599518775939941e+00 -1.690155863761901855e-01 -1.978346943855285645e+00
-2.380837917327880859e+00 3.508279025554656982e-01 -9.472237229347229004e-01
-1.788498401641845703e+00 -4.410779774188995361e-01 -2.213962316513061523e+00
-1.536895990371704102e+00 -5.454296469688415527e-01 -1.682852745056152344e+00
-2.863660097122192383e+00 1.850178539752960205e-01 -1.809404850006103516e+00
-1.432034850120544434e+00 -4.312657415866851807e-01 -2.164325714111328125e+00
-1.821345448493957520e+00 5.502786636352539062e-01 -1.416835337877273560e-01
-2.037271499633789062e+00 -4.501859843730926514e-01 -2.209518671035766602e+00
-1.357292532920837402e+00 -5.187038779258728027e-01 -1.804012298583984375e+00
-2.377844572067260742e+00 -2.746213674545288086e-01 -1.413439869880676270e+00
-1.657941341400146484e+00 -5.491175055503845215e-01 -2.229808330535888672e+00
-1.625183224678039551e+00 -6.507895588874816895e-01 -1.651777982711791992e+00
-2.724603176116943359e+00 -2.046640664339065552e-01 -2.169235944747924805e+00
-1.376561999320983887e+00 -5.749168992042541504e-01 -2.024665832519531250e+00
-1.813871383666992188e+00 -6.972194314002990723e-01 -1.684253334999084473e+00
-1.882829904556274414e+00 -5.915856957435607910e-01 -2.247094869613647461e+00
-1.523480892181396484e+00 -6.797469854354858398e-01 -1.740893840789794922e+00
-1.924143552780151367e+00 -7.114151120185852051e-01 -1.807795166969299316e+00
-1.529967069625854492e+00 -6.340788006782531738e-01 -2.185676097869873047e+00
-1.699819207191467285e+00 -6.978017687797546387e-01 -1.609858274459838867e+00
-2.147801876068115234e+00 -6.106804609298706055e-01 -2.169996261596679688e+00
-1.411271214485168457e+00 -6.826638579368591309e-01 -1.883192658424377441e+00
-1.942987799644470215e+00 -7.014724016189575195e-01 -1.638614416122436523e+00
-1.739834189414978027e+00 -6.613767743110656738e-01 -2.316965818405151367e+00
-1.581283688545227051e+00 -7.296501994132995605e-01 -1.678526520729064941e+00
-2.020722389221191406e+00 -7.252702713012695312e-01 -1.881609678268432617e+00
-1.440828323364257812e+00 -7.100191712379455566e-01 -2.084427833557128906e+00
-1.786321640014648438e+00 -7.437773942947387695e-01 -1.612616419792175293e+00
-1.974010944366455078e+00 -7.162077426910400391e-01 -2.224340677261352539e+00
-1.488724112510681152e+00 -7.518423795700073242e-01 -1.786350011825561523e+00
-2.051673173904418945e+00 -7.460177540779113770e-01 -1.696909427642822266e+00
-1.574393391609191895e+00 -7.381766438484191895e-01 -2.308102130889892578e+00
-1.537244200706481934e+00 -7.425162196159362793e-01 -1.352601408958435059e+00
-4.233878135681152344e+00 -5.966495871543884277e-01 -3.036693334579467773e+00
-1.411145925521850586e+00 -7.745979428291320801e-01 -1.957817196846008301e+00
-1.889807701110839844e+00 -7.832531929016113281e-01 -1.603721141815185547e+00
-1.845754861831665039e+00 -7.871227264404296875e-01 -2.338562726974487305e+00
-1.564504981040954590e+00 -7.943110466003417969e-01 -1.729641675949096680e+00
-2.259992122650146484e+00 -8.079335689544677734e-01 -1.791239619255065918e+00
-1.469209074974060059e+00 -8.134001493453979492e-01 -2.176370143890380859e+00
-1.731818318367004395e+00 -8.120781779289245605e-01 -1.574281692504882812e+00
-2.911596059799194336e+00 -9.442110657691955566e-01 -3.042539596557617188e+00
-1.495925068855285645e+00 -8.196680545806884766e-01 -1.843199253082275391e+00
-2.084665536880493164e+00 -8.509748578071594238e-01 -1.572727560997009277e+00
-1.655892133712768555e+00 -8.877243399620056152e-01 -2.473566532135009766e+00
-1.484402060508728027e+00 -8.713100552558898926e-01 -1.481551527976989746e+00
-2.980197429656982422e+00 -1.040556073188781738e+00 -2.140672445297241211e+00
-1.425597906112670898e+00 -8.710668087005615234e-01 -2.035093784332275391e+00
-1.905531764030456543e+00 -9.186291098594665527e-01 -1.351955652236938477e+00
-3.198417425155639648e+00 -1.707988262176513672e+00 -5.048666000366210938e+00
-7.372712492942810059e-01 -1.101522088050842285e+00 -1.429492592811584473e+00
-2.306465864181518555e+00 -9.755442738533020020e-01 -1.655892968177795410e+00
-1.379286527633666992e+00 -1.046866416931152344e+00 -2.537974357604980469e+00
-1.655651211738586426e+00 -9.142620563507080078e-01 -1.521275401115417480e+00
-3.063281774520874023e+00 -1.387637734413146973e+00 -2.714443445205688477e+00
-1.443896174430847168e+00 -9.139221906661987305e-01 -1.905535459518432617e+00
-2.728317975997924805e+00 -1.478137612342834473e+00 -5.950842499732971191e-01
-1.945021510124206543e+00 -1.980429887771606445e+00 -4.459612846374511719e+00
-1.433104276657104492e+00 -9.960004091262817383e-01 -1.567140102386474609e+00
-2.698790550231933594e+00 -1.280351161956787109e+00 -1.865119934082031250e+00
-1.341686129570007324e+00 -1.082434654235839844e+00 -2.215461254119873047e+00
-1.964196205139160156e+00 -2.094532489776611328e+00 4.199023246765136719e-01
-2.822835206985473633e+00 -1.873534083366394043e+00 -3.294285535812377930e+00
-1.466112375259399414e+00 -9.700617790222167969e-01 -1.804188251495361328e+00
-3.052770853042602539e+00 -1.823664665222167969e+00 -1.039885878562927246e+00
-1.083995699882507324e+00 -2.514761924743652344e+00 -4.211904525756835938e+00
-1.555559039115905762e+00 -1.098218441009521484e+00 -1.487912058830261230e+00
-2.701164484024047852e+00 -1.593769907951354980e+00 -2.216683626174926758e+00
4.379521906375885010e-01 -2.730032205581665039e+00 -2.730877876281738281e+00
-2.188783645629882812e+00 -1.690818071365356445e+00 -9.249798655509948730e-01
-2.092044830322265625e+00 -1.901609063148498535e+00 -3.010860919952392578e+00
-1.572260737419128418e+00 -9.839741587638854980e-01 -1.755143404006958008e+00
-2.443202018737792969e+00 -1.529311299324035645e+00 -1.708802700042724609e+00
-1.029648035764694214e-01 -3.860792160034179688e+00 -4.139576435089111328e+00
-1.649979472160339355e+00 -1.691689729690551758e+00 -1.086176276206970215e+00
-2.287119150161743164e+00 -1.681500434875488281e+00 -2.324312210083007812e+00
-1.611216545104980469e+00 -9.654713273048400879e-01 -1.859918713569641113e+00
-2.205285072326660156e+00 -1.713121056556701660e+00 -1.403747081756591797e+00
-1.629894018173217773e+00 -3.877079725265502930e+00 -3.858356475830078125e+00
-1.742084026336669922e+00 -7.921106815338134766e-01 -1.855785489082336426e+00
-2.345116853713989258e+00 -1.914129853248596191e+00 -1.942920804023742676e+00
-1.627828478813171387e+00 -1.075904130935668945e+00 -1.933638215065002441e+00
-1.862159132957458496e+00 -2.016042232513427734e+00 -1.345348954200744629e+00
-1.949010491371154785e+00 -1.952322721481323242e+00 -2.225208759307861328e+00
-8.196656107902526855e-01 -4.104508399963378906e+00 -1.551561951637268066e+00
-2.294217824935913086e+00 -3.758679389953613281e+00 -1.607193470001220703e+00
-1.742084026336669922e+00 -2.230066776275634766e+00 -1.855785489082336426e+00
