4.247900009155273438e+00 4.223148345947265625e+00 -2.134276962280273438e+01
4.247900009155273438e+00 4.223148345947265625e+00 -2.134276962280273438e+01
4.247900009155273438e+00 4.223148345947265625e+00 -2.134276962280273438e+01
4.247900009155273438e+00 4.223148345947265625e+00 -2.134276962280273438e+01
4.247900009155273438e+00 4.223148345947265625e+00 -2.134276962280273438e+01
4.247900009155273438e+00 4.223148345947265625e+00 -2.134276962280273438e+01
4.247900009155273438e+00 4.223148345947265625e+00 -2.134276962280273438e+01
4.247900009155273438e+00 4.223148345947265625e+00 -2.134276962280273438e+01
4.247900009155273438e+00 4.223148345947265625e+00 -2.134276962280273438e+01
4.247900009155273438e+00 4.223148345947265625e+00 -2.134276962280273438e+01
4.247900009155273438e+00 4.223148345947265625e+00 -2.134276962280273438e+01
4.289471149444580078e+00 4.142289638519287109e+00 -2.020281791687011719e+01
4.139179706573486328e+00 4.204467296600341797e+00 -2.125293922424316406e+01
4.247900009155273438e+00 4.223148345947265625e+00 -2.134276962280273438e+01
4.247900009155273438e+00 4.223148345947265625e+00 -2.134276962280273438e+01
3.698456525802612305e+00 3.797845840454101562e+00 -1.964910316467285156e+01
4.247900009155273438e+00 4.223148345947265625e+00 -2.134276962280273438e+01
-7.131543159484863281e-01 2.610722541809082031e+00 -1.958566665649414062e+01
4.247900009155273438e+00 4.223148345947265625e+00 -2.134276962280273438e+01
4.403866291046142578e+00 4.002728462219238281e+00 -2.073915290832519531e+01
3.578644037246704102e+00 3.757612228393554688e+00 -2.048726081848144531e+01
4.247900009155273438e+00 4.223148345947265625e+00 -2.134276962280273438e+01
4.247900009155273438e+00 4.223148345947265625e+00 -2.134276962280273438e+01
4.133231163024902344e+00 4.164628982543945312e+00 -2.134388923645019531e+01
4.247900009155273438e+00 4.223148345947265625e+00 -2.134276962280273438e+01
4.168995380401611328e+00 3.760467290878295898e+00 -2.053433990478515625e+01
4.247900009155273438e+00 4.223148345947265625e+00 -2.134276962280273438e+01
4.247900009155273438e+00 4.223148345947265625e+00 -2.134276962280273438e+01
4.139788150787353516e+00 4.138061046600341797e+00 -2.127547073364257812e+01
4.247900009155273438e+00 4.223148345947265625e+00 -2.134276962280273438e+01
4.552980899810791016e+00 3.722477674484252930e+00 -2.074107551574707031e+01
4.247900009155273438e+00 4.223148345947265625e+00 -2.134276962280273438e+01
4.247900009155273438e+00 4.223148345947265625e+00 -2.134276962280273438e+01
3.898739099502563477e+00 3.520677566528320312e+00 -2.061520957946777344e+01
4.247900009155273438e+00 4.223148345947265625e+00 -2.134276962280273438e+01
4.247900009155273438e+00 4.223148345947265625e+00 -2.134276962280273438e+01
4.139000892639160156e+00 4.108644962310791016e+00 -2.131994056701660156e+01
4.247900009155273438e+00 4.223148345947265625e+00 -2.134276962280273438e+01
4.316082000732421875e+00 3.557220458984375000e+00 -2.077305412292480469e+01
4.247900009155273438e+00 4.223148345947265625e+00 -2.134276962280273438e+01
4.247900009155273438e+00 4.223148345947265625e+00 -2.134276962280273438e+01
4.009611129760742188e+00 3.749344348907470703e+00 -2.111022377014160156e+01
4.247900009155273438e+00 4.223148345947265625e+00 -2.134276962280273438e+01
4.484833717346191406e+00 3.596476793289184570e+00 -2.105314636230468750e+01
4.141998291015625000e+00 4.026104927062988281e+00 -2.135807228088378906e+01
4.247900009155273438e+00 4.223148345947265625e+00 -2.134276962280273438e+01
4.196891784667968750e+00 3.703218936920166016e+00 -2.112593460083007812e+01
4.247900009155273438e+00 4.223148345947265625e+00 -2.134276962280273438e+01
4.247900009155273438e+00 4.223148345947265625e+00 -2.134276962280273438e+01
4.196981906890869141e+00 3.949570417404174805e+00 -2.131984519958496094e+01
4.247900009155273438e+00 3.964122295379638672e+00 -2.134276962280273438e+01
