-1.549888253211975098e+00 1.482212066650390625e+00 5.720828175544738770e-01
-1.717324495315551758e+00 -1.495561152696609497e-01 7.254681587219238281e-01
-1.467156648635864258e+00 1.965151429176330566e+00 -3.706004917621612549e-01
-1.251950383186340332e+00 7.969188690185546875e-02 9.606900811195373535e-01
-2.711979627609252930e+00 1.492506265640258789e+00 3.665252327919006348e-01
-8.631014227867126465e-01 4.087300598621368408e-01 1.352052539587020874e-01
-1.671807527542114258e+00 -3.972057998180389404e-01 1.025616407394409180e+00
-1.793107986450195312e+00 -3.782851397991180420e-01 1.037779673933982849e-01
-1.549888253211975098e+00 -1.262039422988891602e+00 5.720828175544738770e-01
-2.288654565811157227e+00 -1.247126907110214233e-01 8.770348429679870605e-01
-6.109263300895690918e-01 1.671162724494934082e+00 -1.434424281120300293e+00
-1.397326469421386719e+00 -6.312485337257385254e-01 1.058473706245422363e+00
-3.760675907135009766e+00 1.703515052795410156e+00 -7.091138362884521484e-01
-4.362536668777465820e-01 -1.734067127108573914e-02 3.272533714771270752e-01
-1.950007200241088867e+00 -5.460964441299438477e-01 1.141210913658142090e+00
-1.630157232284545898e+00 -6.549649238586425781e-01 -4.734691232442855835e-02
1.038188576698303223e+00 1.849396109580993652e+00 2.753316640853881836e+00
-2.844523429870605469e+00 -1.341399699449539185e-01 6.256200671195983887e-01
-1.549888253211975098e+00 -1.262039422988891602e+00 5.720828175544738770e-01
-1.586739182472229004e+00 -6.379240751266479492e-01 1.369018077850341797e+00
-2.521217823028564453e+00 -1.369187384843826294e-01 -5.918945074081420898e-01
-1.369532346725463867e+00 -1.133890748023986816e+00 5.963494777679443359e-01
-2.163065195083618164e+00 -7.629324197769165039e-01 9.987154006958007812e-01
-1.344171404838562012e+00 -6.679561138153076172e-01 -3.423491716384887695e-01
-1.412517428398132324e+00 -1.095972180366516113e+00 8.118131160736083984e-01
-3.709341049194335938e+00 2.909380383789539337e-02 -1.168415173888206482e-01
-1.618556976318359375e-01 -4.372682571411132812e-01 -6.922342628240585327e-02
-1.954585075378417969e+00 -7.270956635475158691e-01 1.539085149765014648e+00
-1.871063113212585449e+00 -8.044516444206237793e-01 -3.208652734756469727e-01
-1.250776886940002441e+00 -1.108293890953063965e+00 7.292873263359069824e-01
-2.230583667755126953e+00 -9.603297114372253418e-01 7.515119910240173340e-01
-5.831741690635681152e-01 -5.418155789375305176e-01 -9.313796758651733398e-01
-1.163772583007812500e+00 -4.004690945148468018e-01 2.818779230117797852e+00
-3.043045282363891602e+00 -5.943247079849243164e-01 -5.843019485473632812e-01
-1.257950425148010254e+00 -1.165454030036926270e+00 5.478963851928710938e-01
-2.159921884536743164e+00 -9.868211150169372559e-01 1.231511354446411133e+00
-1.542637705802917480e+00 -8.407170772552490234e-01 -9.141850471496582031e-01
-1.155161142349243164e+00 -1.108713626861572266e+00 1.007211923599243164e+00
-3.268252849578857422e+00 -8.498340249061584473e-01 4.128251671791076660e-01
-1.357593178749084473e+00 -1.209639430046081543e+00 4.261377155780792236e-01
-2.056200742721557617e+00 -7.088509798049926758e-01 3.355224132537841797e+00
-2.069613218307495117e+00 -1.091948628425598145e+00 -2.538122534751892090e-01
-1.152490139007568359e+00 -1.198878169059753418e+00 6.809931993484497070e-01
-2.345602750778198242e+00 -1.143570184707641602e+00 9.804303646087646484e-01
-9.435541629791259766e-01 -1.067025184631347656e+00 -1.063399314880371094e+00
-1.373968124389648438e+00 -1.219446778297424316e+00 1.004226207733154297e+00
-2.911882162094116211e+00 -1.155202031135559082e+00 -7.339155673980712891e-02
-1.227613091468811035e+00 -1.244985103607177734e+00 4.727219641208648682e-01
-2.524336576461791992e+00 -1.203611850738525391e+00 2.234806060791015625e+00
-2.571761369705200195e+00 -1.212873578071594238e+00 -4.186601638793945312e+00
-1.096028089523315430e+00 -1.267663121223449707e+00 8.944838047027587891e-01
-3.892615079879760742e+00 -1.333613157272338867e+00 8.640523552894592285e-01
-1.411281824111938477e+00 -1.272853374481201172e+00 4.092422723770141602e-01
-1.538241863250732422e+00 -1.284692406654357910e+00 8.914465308189392090e-01
-2.220077276229858398e+00 -1.349200606346130371e+00 -1.079869419336318970e-01
-1.170079588890075684e+00 -1.304558753967285156e+00 5.915026664733886719e-01
-2.615936517715454102e+00 -1.445213437080383301e+00 1.452904939651489258e+00
-9.486711025238037109e-01 -1.928976655006408691e+00 -3.737146139144897461e+00
-1.219605088233947754e+00 -1.363552927970886230e+00 1.051756143569946289e+00
-3.697702884674072266e+00 -1.693029403686523438e+00 7.787568867206573486e-02
-1.295251250267028809e+00 -1.325565576553344727e+00 4.278156757354736328e-01
-1.630281448364257812e+00 -1.324268579483032227e+00 8.198959231376647949e-01
-2.222550868988037109e+00 -1.685072183609008789e+00 -9.026697874069213867e-01
-1.131199240684509277e+00 -1.390966057777404785e+00 7.497120499610900879e-01
-3.665876388549804688e+00 -1.949771046638488770e+00 1.321522355079650879e+00
-1.461478114128112793e+00 -1.324120879173278809e+00 4.058400988578796387e-01
-1.420236229896545410e+00 -1.445270419120788574e+00 1.073858857154846191e+00
-3.925588607788085938e+00 -2.332881212234497070e+00 -9.719055891036987305e-01
-1.253710269927978516e+00 -1.383029937744140625e+00 5.226681828498840332e-01
-3.946570158004760742e+00 -2.929177522659301758e+00 3.635757207870483398e+00
-1.693348050117492676e+00 -2.102082014083862305e+00 -1.268606066703796387e+00
-1.168944597244262695e+00 -1.513416767120361328e+00 9.279560446739196777e-01
-2.643491506576538086e+00 -1.820143103599548340e+00 5.614126324653625488e-01
-1.353296518325805664e+00 -1.404585838317871094e+00 3.954853117465972900e-01
-1.604840874671936035e+00 -1.584270715713500977e+00 1.135109186172485352e+00
-3.415247678756713867e+00 -3.128558874130249023e+00 -1.910745024681091309e+00
-1.243563294410705566e+00 -1.459562778472900391e+00 6.293550133705139160e-01
-3.305309295654296875e+00 -2.643613815307617188e+00 1.664828300476074219e+00
-1.501685023307800293e+00 -1.388218998908996582e+00 3.995033800601959229e-01
-1.267863154411315918e+00 -1.724873185157775879e+00 1.128306150436401367e+00
-3.105231761932373047e+00 -2.562092542648315430e+00 -1.318688131868839264e-02
-1.324999094009399414e+00 -1.461952328681945801e+00 4.818096458911895752e-01
-1.811279416084289551e+00 -1.787927746772766113e+00 1.116753816604614258e+00
-2.056391239166259766e+00 -2.867831230163574219e+00 -1.099673390388488770e+00
-1.287827014923095703e+00 -1.558111667633056641e+00 7.273877263069152832e-01
-3.403779029846191406e+00 -3.211339473724365234e+00 9.607335925102233887e-01
-1.416180968284606934e+00 -1.512359976768493652e+00 3.857879042625427246e-01
-1.485432744026184082e+00 -1.891572713851928711e+00 1.110662102699279785e+00
-2.549751996994018555e+00 -2.893619537353515625e+00 -2.874267399311065674e-01
-1.344803810119628906e+00 -1.533715367317199707e+00 5.656055212020874023e-01
-1.925562500953674316e+00 -2.009015083312988281e+00 9.387037158012390137e-01
-1.535783529281616211e+00 -1.649887204170227051e+00 3.203160464763641357e-01
-1.399040222167968750e+00 -1.661021232604980469e+00 7.564769387245178223e-01
-2.032933712005615234e+00 -2.160806894302368164e+00 5.022850632667541504e-01
-1.427700400352478027e+00 -1.565535664558410645e+00 4.888250529766082764e-01
-1.624944567680358887e+00 -2.027091979980468750e+00 8.911454677581787109e-01
-1.661850452423095703e+00 -1.889798164367675781e+00 3.721980154514312744e-01
-1.443891882896423340e+00 -1.642671704292297363e+00 6.070415973663330078e-01
-1.881876945495605469e+00 -3.045787096023559570e+00 7.215570211410522461e-01
-1.549888253211975098e+00 -1.808621048927307129e+00 5.720828175544738770e-01
