4.703165054321289062e+00 3.347029209136962891e+00 -2.211462020874023438e+01
4.703165054321289062e+00 3.347029209136962891e+00 -2.211462020874023438e+01
4.703165054321289062e+00 3.347029209136962891e+00 -2.211462020874023438e+01
4.703165054321289062e+00 3.347029209136962891e+00 -2.211462020874023438e+01
4.703165054321289062e+00 3.347029209136962891e+00 -2.211462020874023438e+01
4.703165054321289062e+00 3.347029209136962891e+00 -2.211462020874023438e+01
4.703165054321289062e+00 3.347029209136962891e+00 -2.211462020874023438e+01
4.703165054321289062e+00 3.347029209136962891e+00 -2.211462020874023438e+01
4.703165054321289062e+00 3.347029209136962891e+00 -2.211462020874023438e+01
4.703165054321289062e+00 3.347029209136962891e+00 -2.211462020874023438e+01
4.703165054321289062e+00 3.347029209136962891e+00 -2.211462020874023438e+01
4.703165054321289062e+00 3.347029209136962891e+00 -2.211462020874023438e+01
4.703165054321289062e+00 3.347029209136962891e+00 -2.211462020874023438e+01
4.703165054321289062e+00 3.347029209136962891e+00 -2.211462020874023438e+01
4.703165054321289062e+00 3.347029209136962891e+00 -2.211462020874023438e+01
4.703165054321289062e+00 3.347029209136962891e+00 -2.211462020874023438e+01
4.703165054321289062e+00 3.347029209136962891e+00 -2.211462020874023438e+01
4.703165054321289062e+00 3.347029209136962891e+00 -2.211462020874023438e+01
4.703165054321289062e+00 3.347029209136962891e+00 -2.211462020874023438e+01
4.703165054321289062e+00 3.347029209136962891e+00 -2.211462020874023438e+01
4.703165054321289062e+00 3.347029209136962891e+00 -2.211462020874023438e+01
4.703165054321289062e+00 3.347029209136962891e+00 -2.211462020874023438e+01
4.703165054321289062e+00 3.347029209136962891e+00 -2.211462020874023438e+01
4.703165054321289062e+00 3.347029209136962891e+00 -2.211462020874023438e+01
4.672241687774658203e+00 3.380815505981445312e+00 -2.194463920593261719e+01
4.703165054321289062e+00 3.347029209136962891e+00 -2.211462020874023438e+01
4.703165054321289062e+00 3.347029209136962891e+00 -2.211462020874023438e+01
4.567842960357666016e+00 3.355143070220947266e+00 -2.188371658325195312e+01
3.889383077621459961e+00 3.322166919708251953e+00 -2.201320075988769531e+01
4.713754653930664062e+00 3.326431512832641602e+00 -2.182423019409179688e+01
4.356285572052001953e+00 3.287426471710205078e+00 -2.182801055908203125e+01
4.703165054321289062e+00 3.347029209136962891e+00 -2.211462020874023438e+01
4.703165054321289062e+00 3.347029209136962891e+00 -2.211462020874023438e+01
4.580576419830322266e+00 3.252138137817382812e+00 -2.173673820495605469e+01
4.703165054321289062e+00 3.347029209136962891e+00 -2.211462020874023438e+01
3.707145452499389648e+00 3.023306131362915039e+00 -2.176185035705566406e+01
4.848816394805908203e+00 3.141186952590942383e+00 -2.155092239379882812e+01
4.321127414703369141e+00 3.081282854080200195e+00 -2.162626266479492188e+01
4.703165054321289062e+00 3.347029209136962891e+00 -2.211462020874023438e+01
4.309028148651123047e+00 3.145887613296508789e+00 -2.211846542358398438e+01
4.605595111846923828e+00 2.774897575378417969e+00 -2.111495018005371094e+01
4.207445144653320312e+00 2.956881284713745117e+00 -2.180603599548339844e+01
4.703165054321289062e+00 3.347029209136962891e+00 -2.211462020874023438e+01
4.703165054321289062e+00 3.347029209136962891e+00 -2.211462020874023438e+01
4.416600704193115234e+00 2.770495653152465820e+00 -2.151749610900878906e+01
4.703165054321289062e+00 3.347029209136962891e+00 -2.211462020874023438e+01
4.703165054321289062e+00 3.347029209136962891e+00 -2.211462020874023438e+01
4.442304611206054688e+00 3.072743892669677734e+00 -2.205993270874023438e+01
4.703165054321289062e+00 3.347029209136962891e+00 -2.211462020874023438e+01
4.863606929779052734e+00 1.780005574226379395e+00 -2.077399826049804688e+01
4.703165054321289062e+00 3.347029209136962891e+00 -2.211462020874023438e+01
4.703165054321289062e+00 3.347029209136962891e+00 -2.211462020874023438e+01
4.479505538940429688e+00 2.902313470840454102e+00 -2.189635086059570312e+01
4.703165054321289062e+00 3.347029209136962891e+00 -2.211462020874023438e+01
4.703165054321289062e+00 3.347029209136962891e+00 -2.211462020874023438e+01
4.703165054321289062e+00 3.347029209136962891e+00 -2.211462020874023438e+01
4.703165054321289062e+00 3.347029209136962891e+00 -2.211462020874023438e+01
4.651055335998535156e+00 2.815874099731445312e+00 -2.189310455322265625e+01
4.703165054321289062e+00 3.347029209136962891e+00 -2.211462020874023438e+01
4.703165054321289062e+00 3.347029209136962891e+00 -2.211462020874023438e+01
4.663546562194824219e+00 3.134161472320556641e+00 -2.209678268432617188e+01
4.703165054321289062e+00 8.538498282432556152e-01 -2.211462020874023438e+01
