-1.209337472915649414e+00 -7.104310393333435059e-01 -2.642622590065002441e-01
-1.410460233688354492e+00 -7.165907025337219238e-01 -8.001738041639328003e-02
-1.170475840568542480e+00 -5.369777083396911621e-01 -7.070711851119995117e-01
-7.008277177810668945e-01 2.371248155832290649e-01 3.989986181259155273e-01
-1.757321357727050781e+00 -7.539885640144348145e-01 -3.611928820610046387e-01
3.861927390098571777e-01 1.828606247901916504e+00 -1.279207944869995117e+00
-1.479996204376220703e+00 -1.329776793718338013e-01 7.425746321678161621e-01
-1.543858766555786133e+00 -8.373897671699523926e-01 -9.083626270294189453e-01
-2.706819176673889160e-01 -5.158916711807250977e-01 7.853323966264724731e-02
-2.675755500793457031e+00 2.046487182378768921e-01 3.410537838935852051e-01
-8.654825687408447266e-01 -9.787331819534301758e-01 -9.990602135658264160e-01
-6.723953485488891602e-01 1.671790331602096558e-01 1.447593927383422852e+00
-2.119273185729980469e+00 -8.323045372962951660e-01 -7.915885448455810547e-01
-3.426328301429748535e-01 -1.084186315536499023e+00 -4.548048377037048340e-01
-3.365006685256958008e+00 1.804299235343933105e+00 2.801955223083496094e+00
-1.325944542884826660e+00 -1.170993804931640625e+00 -1.164110898971557617e+00
-3.170457780361175537e-01 -9.801636934280395508e-01 4.877621233463287354e-01
-2.068325281143188477e+00 -1.304534912109375000e+00 -2.287404239177703857e-01
-5.714420676231384277e-01 -1.310491204261779785e+00 -8.990533947944641113e-01
-1.215955257415771484e+00 -1.940813899040222168e+00 -1.211469471454620361e-01
-2.151808500289916992e+00 -9.612008333206176758e-01 -1.393657445907592773e+00
-3.195129632949829102e-01 -1.420644760131835938e+00 -1.445376276969909668e-01
-2.425360441207885742e+00 -1.063089132308959961e+00 5.818148255348205566e-01
-5.419341921806335449e-01 -1.255206614732742310e-01 -3.230936527252197266e+00
-4.963365495204925537e-01 -1.190948843955993652e+00 9.800193905830383301e-01
-2.958299636840820312e+00 -1.007192254066467285e+00 -8.222289085388183594e-01
1.645156383514404297e+00 -3.567490279674530029e-01 -1.583110809326171875e+00
-1.266140699386596680e+00 -1.977809190750122070e+00 -1.285338550806045532e-01
-3.699742078781127930e+00 1.495262265205383301e+00 -7.188221454620361328e+00
-3.860271275043487549e-01 -1.629706025123596191e+00 1.684465855360031128e-01
-3.836299896240234375e+00 -8.885257840156555176e-01 4.281966090202331543e-01
-6.983654499053955078e-01 -1.672208189964294434e+00 -1.058941245079040527e+00
-1.187730908393859863e+00 -2.004681587219238281e+00 -1.385400891304016113e-01
-3.423304796218872070e+00 -1.062844872474670410e+00 -1.978883028030395508e+00
5.292419791221618652e-01 -1.477698445320129395e+00 -4.083000123500823975e-01
-1.379187345504760742e+00 -1.976265668869018555e+00 -8.065953105688095093e-02
-1.196860194206237793e+00 -1.327846169471740723e+00 -2.821959972381591797e+00
-1.136343926191329956e-01 -1.627284526824951172e+00 9.435904622077941895e-01
-2.341156721115112305e+00 -1.781390309333801270e+00 -3.691590130329132080e-01
3.905868828296661377e-01 -1.616917848587036133e+00 -1.478547811508178711e+00
-1.232641339302062988e+00 -2.027432441711425781e+00 -1.361633688211441040e-01
-1.594619631767272949e+00 -1.926802277565002441e+00 -8.765141367912292480e-01
4.755417406558990479e-01 -1.785104036331176758e+00 1.974932849407196045e-01
-1.491546869277954102e+00 -2.010877370834350586e+00 -1.194370463490486145e-01
-3.764331638813018799e-01 -1.785008311271667480e+00 -2.510878562927246094e+00
-1.162238359451293945e+00 -2.041490554809570312e+00 -1.485643237829208374e-01
-2.142974615097045898e+00 -1.979657649993896484e+00 -7.067303061485290527e-01
1.346129477024078369e-01 -1.981774091720581055e+00 -6.786165237426757812e-01
-1.297028899192810059e+00 -2.047636032104492188e+00 -1.146323382854461670e-01
-2.071683645248413086e+00 -2.011403560638427734e+00 -4.280058383941650391e+00
5.365592986345291138e-02 -2.068543434143066406e+00 6.329091191291809082e-01
-1.495782852172851562e+00 -2.061645269393920898e+00 -2.285631299018859863e-01
-6.177138090133666992e-01 -2.099051713943481445e+00 -9.593260288238525391e-01
-1.204954743385314941e+00 -2.061418533325195312e+00 -1.440797150135040283e-01
-1.676798343658447266e+00 -2.113689422607421875e+00 -7.386149168014526367e-01
-7.474554181098937988e-01 -2.104601383209228516e+00 -2.406459152698516846e-01
-1.390694618225097656e+00 -2.084055662155151367e+00 -1.144159585237503052e-01
-9.103612899780273438e-01 -2.384551763534545898e+00 -2.407176733016967773e+00
-1.138815283775329590e+00 -2.074568986892700195e+00 -1.618421822786331177e-01
-1.482033491134643555e+00 -2.107614278793334961e+00 -3.270089626312255859e-01
3.248771131038665771e-01 -2.435645818710327148e+00 -1.133486866950988770e+00
-1.254209041595458984e+00 -2.087627172470092773e+00 -1.259450316429138184e-01
-1.573501110076904297e+00 -2.281913757324218750e+00 -1.062658429145812988e+00
-1.022280097007751465e+00 -2.110494375228881836e+00 -1.849029809236526489e-01
-1.514875888824462891e+00 -2.152199029922485352e+00 -1.560468226671218872e-01
-2.571682333946228027e-01 -2.721505641937255859e+00 -2.054680585861206055e+00
-1.179885625839233398e+00 -2.094516754150390625e+00 -1.502784043550491333e-01
-1.508635997772216797e+00 -2.187802076339721680e+00 -4.587790071964263916e-01
-6.644938588142395020e-01 -2.275465726852416992e+00 -3.551645576953887939e-01
-1.330124139785766602e+00 -2.136913299560546875e+00 -1.098608821630477905e-01
-1.316781640052795410e+00 -2.682043552398681641e+00 -1.642845988273620605e+00
-1.097292184829711914e+00 -2.126830339431762695e+00 -1.595907658338546753e-01
-1.555453062057495117e+00 -2.229528665542602539e+00 -2.676392793655395508e-01
-7.365265488624572754e-01 -2.395723581314086914e+00 -6.889863610267639160e-01
-1.222090721130371094e+00 -2.127676248550415039e+00 -1.335970610380172729e-01
-2.117325544357299805e+00 -2.961446762084960938e+00 -1.472811222076416016e+00
-7.832598686218261719e-01 -2.327635765075683594e+00 -1.846004426479339600e-01
-1.415038228034973145e+00 -2.214787244796752930e+00 -1.362139880657196045e-01
-1.080089569091796875e+00 -2.391220808029174805e+00 -7.270016074180603027e-01
-1.154007315635681152e+00 -2.143696546554565430e+00 -1.551374942064285278e-01
-1.781947731971740723e+00 -2.531517267227172852e+00 -4.797332882881164551e-01
-7.256939411163330078e-01 -2.482824087142944336e+00 -4.584025144577026367e-01
-1.278806447982788086e+00 -2.192657232284545898e+00 -1.195071339607238770e-01
-1.428362727165222168e+00 -2.747280359268188477e+00 -9.871734380722045898e-01
-1.035581350326538086e+00 -2.249200582504272461e+00 -1.612894833087921143e-01
-2.067631483078002930e+00 -2.955359458923339844e+00 -8.432898670434951782e-02
-9.228506088256835938e-01 -2.589241027832031250e+00 -6.634255051612854004e-01
-1.194138050079345703e+00 -2.201345682144165039e+00 -1.372585296630859375e-01
-1.811635971069335938e+00 -3.035726070404052734e+00 -7.820141911506652832e-01
-8.070748448371887207e-01 -2.585772514343261719e+00 -2.769671082496643066e-01
-1.343556046485900879e+00 -2.319768667221069336e+00 -1.332782357931137085e-01
-1.183238983154296875e+00 -2.770542383193969727e+00 -7.301152944564819336e-01
-1.120162367820739746e+00 -2.288755416870117188e+00 -1.552560925483703613e-01
-1.818986296653747559e+00 -3.187222719192504883e+00 -3.523535728454589844e-01
-9.426019787788391113e-01 -2.715424776077270508e+00 -4.460135400295257568e-01
-1.238187909126281738e+00 -2.346967697143554688e+00 -1.416197866201400757e-01
-1.453332066535949707e+00 -3.420942783355712891e+00 -6.998630166053771973e-01
-1.079343557357788086e+00 -2.519701004028320312e+00 -2.213888764381408691e-01
-1.300595760345458984e+00 -2.543217182159423828e+00 -2.231742292642593384e-01
-1.209337472915649414e+00 -2.577594757080078125e+00 -2.642622590065002441e-01
