4.557043075561523438e+00 3.553234100341796875e+00 -2.227722740173339844e+01
4.557043075561523438e+00 3.553234100341796875e+00 -2.227722740173339844e+01
4.557043075561523438e+00 3.553234100341796875e+00 -2.227722740173339844e+01
4.557043075561523438e+00 3.553234100341796875e+00 -2.227722740173339844e+01
4.557043075561523438e+00 3.553234100341796875e+00 -2.227722740173339844e+01
4.557043075561523438e+00 3.553234100341796875e+00 -2.227722740173339844e+01
4.557043075561523438e+00 3.553234100341796875e+00 -2.227722740173339844e+01
4.557043075561523438e+00 3.553234100341796875e+00 -2.227722740173339844e+01
4.557043075561523438e+00 3.553234100341796875e+00 -2.227722740173339844e+01
4.557043075561523438e+00 3.553234100341796875e+00 -2.227722740173339844e+01
4.557043075561523438e+00 3.553234100341796875e+00 -2.227722740173339844e+01
4.557043075561523438e+00 3.553234100341796875e+00 -2.227722740173339844e+01
4.557043075561523438e+00 3.553234100341796875e+00 -2.227722740173339844e+01
4.557043075561523438e+00 3.553234100341796875e+00 -2.227722740173339844e+01
4.557043075561523438e+00 3.553234100341796875e+00 -2.227722740173339844e+01
4.557043075561523438e+00 3.553234100341796875e+00 -2.227722740173339844e+01
4.557043075561523438e+00 3.553234100341796875e+00 -2.227722740173339844e+01
4.557043075561523438e+00 3.553234100341796875e+00 -2.227722740173339844e+01
4.557043075561523438e+00 3.553234100341796875e+00 -2.227722740173339844e+01
4.557043075561523438e+00 3.553234100341796875e+00 -2.227722740173339844e+01
4.445907592773437500e+00 3.559897661209106445e+00 -2.208759498596191406e+01
4.557043075561523438e+00 3.553234100341796875e+00 -2.227722740173339844e+01
4.121067047119140625e+00 3.539914369583129883e+00 -2.222289276123046875e+01
4.564791679382324219e+00 3.538162469863891602e+00 -2.206474685668945312e+01
4.261435985565185547e+00 3.502441406250000000e+00 -2.203298187255859375e+01
4.557043075561523438e+00 3.553234100341796875e+00 -2.227722740173339844e+01
4.471920013427734375e+00 3.487343549728393555e+00 -2.201483345031738281e+01
3.901966810226440430e+00 3.340323448181152344e+00 -2.204521369934082031e+01
4.633556842803955078e+00 3.445100784301757812e+00 -2.198110580444335938e+01
4.233234882354736328e+00 3.327992200851440430e+00 -2.186330413818359375e+01
4.557043075561523438e+00 3.553234100341796875e+00 -2.227722740173339844e+01
4.270740509033203125e+00 3.407124042510986328e+00 -2.228002166748046875e+01
4.510138511657714844e+00 3.278194189071655273e+00 -2.179665756225585938e+01
3.737695693969726562e+00 2.908380508422851562e+00 -2.176718521118164062e+01
4.557043075561523438e+00 3.553234100341796875e+00 -2.227722740173339844e+01
4.263883590698242188e+00 2.963431835174560547e+00 -2.166635894775390625e+01
4.557043075561523438e+00 3.553234100341796875e+00 -2.227722740173339844e+01
4.330217838287353516e+00 3.314735174179077148e+00 -2.222967529296875000e+01
4.729294300079345703e+00 1.870866656303405762e+00 -2.083792495727539062e+01
4.293438911437988281e+00 3.029094457626342773e+00 -2.201997566223144531e+01
4.557043075561523438e+00 3.553234100341796875e+00 -2.227722740173339844e+01
4.557043075561523438e+00 3.553234100341796875e+00 -2.227722740173339844e+01
4.557043075561523438e+00 3.553234100341796875e+00 -2.227722740173339844e+01
4.557043075561523438e+00 3.553234100341796875e+00 -2.227722740173339844e+01
4.540954113006591797e+00 3.389239549636840820e+00 -2.220883369445800781e+01
4.557043075561523438e+00 3.553234100341796875e+00 -2.227722740173339844e+01
4.557043075561523438e+00 3.553234100341796875e+00 -2.227722740173339844e+01
4.134302139282226562e+00 1.281883120536804199e+00 -2.208689308166503906e+01
4.557043075561523438e+00 7.991089224815368652e-01 -2.227722740173339844e+01
