-1.380651116371154785e+00 -6.290591359138488770e-01 1.060978174209594727e+00
-1.495076775550842285e+00 -6.422854065895080566e-01 1.165801525115966797e+00
-1.312414884567260742e+00 1.259202003479003906e+00 2.834618091583251953e-01
-1.248937606811523438e+00 -8.093973398208618164e-01 1.232775092124938965e+00
-1.964098930358886719e+00 -1.958799175918102264e-02 9.577744603157043457e-01
-5.993258953094482422e-01 4.982014298439025879e-01 5.639629960060119629e-01
-1.493485450744628906e+00 -6.021648049354553223e-01 1.480716347694396973e+00
-2.110058307647705078e+00 1.247792482376098633e+00 -3.434511721134185791e-01
-4.783754944801330566e-01 7.487712055444717407e-02 1.390487790107727051e+00
-1.912595152854919434e+00 -5.836297273635864258e-01 1.280556917190551758e+00
-1.264745593070983887e+00 -1.040480256080627441e+00 8.132948875427246094e-01
-1.049915790557861328e+00 -3.507673740386962891e-02 2.115414619445800781e+00
-2.836121082305908203e+00 5.498154163360595703e-01 2.175035178661346436e-01
-3.529502451419830322e-01 -2.539032697677612305e-01 8.350410461425781250e-01
-2.688829183578491211e+00 9.382012486457824707e-01 2.921726942062377930e+00
-1.418552517890930176e+00 -1.115906238555908203e+00 7.684957385063171387e-01
-2.797527983784675598e-02 2.236580699682235718e-01 2.201014757156372070e+00
-2.122370481491088867e+00 -7.563611268997192383e-01 1.091650605201721191e+00
-1.126129865646362305e+00 -1.106334924697875977e+00 8.076955080032348633e-01
-1.434655904769897461e+00 -4.879173934459686279e-01 2.228882074356079102e+00
-2.686263084411621094e+00 1.097757220268249512e-01 -5.035814046859741211e-01
-5.255284309387207031e-01 -7.949624657630920410e-01 1.176033735275268555e+00
-2.018132209777832031e+00 -8.836650252342224121e-01 1.504520893096923828e+00
-1.285676598548889160e+00 -1.128280758857727051e+00 6.388068199157714844e-01
-1.004149913787841797e+00 -9.474034309387207031e-01 1.718022823333740234e+00
-2.461122035980224609e+00 -7.565430402755737305e-01 7.162784934043884277e-01
-1.111049532890319824e+00 -1.242357015609741211e+00 9.364153742790222168e-01
-2.175891160964965820e+00 -3.513759374618530273e-01 2.961163520812988281e+00
-1.513310074806213379e+00 -1.213551521301269531e+00 6.921526193618774414e-01
-4.889256656169891357e-01 -9.442009925842285156e-01 1.529644131660461426e+00
-2.170878887176513672e+00 -1.052296161651611328e+00 1.269279718399047852e+00
-1.138681530952453613e+00 -1.222281932830810547e+00 6.846598386764526367e-01
-1.216718077659606934e+00 -1.036757946014404297e+00 2.014857769012451172e+00
-1.553791761398315430e+00 -1.325129151344299316e+00 9.268882870674133301e-01
-4.925614595413208008e-01 -1.108737230300903320e+00 9.874017834663391113e-01
-1.971779108047485352e+00 -1.135865807533264160e+00 1.699970245361328125e+00
-1.377510547637939453e+00 -1.220059394836425781e+00 4.172026515007019043e-01
2.958666086196899414e-01 -7.513367533683776855e-01 2.909094333648681641e+00
-2.369232177734375000e+00 -1.165411591529846191e+00 9.693567156791687012e-01
-1.100926995277404785e+00 -1.326330542564392090e+00 8.486775159835815430e-01
-1.796858668327331543e+00 -9.478134512901306152e-01 3.348823308944702148e+00
-1.623888850212097168e+00 -1.322950124740600586e+00 6.744490265846252441e-01
-4.493845105171203613e-01 -1.254541993141174316e+00 1.316199779510498047e+00
-2.274347782135009766e+00 -1.269497513771057129e+00 1.519608497619628906e+00
-1.200155377388000488e+00 -1.344502210617065430e+00 5.741217732429504395e-01
-1.072364449501037598e+00 -1.327914357185363770e+00 1.818276762962341309e+00
-1.697360396385192871e+00 -1.377711415290832520e+00 9.108837246894836426e-01
-1.157430887222290039e+00 -1.390742301940917969e+00 9.921569824218750000e-01
-1.848864316940307617e+00 -1.374480843544006348e+00 1.859900951385498047e+00
-1.522534370422363281e+00 -1.395728230476379395e+00 4.002526104450225830e-01
8.397915959358215332e-01 -1.430067658424377441e+00 2.638276576995849609e+00
-1.807778716087341309e+00 -1.415604114532470703e+00 1.114210247993469238e+00
-1.138042211532592773e+00 -1.421482920646667480e+00 7.759513258934020996e-01
-1.349894523620605469e+00 -1.462378263473510742e+00 1.904375314712524414e+00
-1.734483480453491211e+00 -1.448572278022766113e+00 7.019292712211608887e-01
-1.502983421087265015e-01 -1.540292024612426758e+00 1.123886942863464355e+00
-3.442906856536865234e+00 -1.756902337074279785e+00 2.764916658401489258e+00
-1.308544993400573730e+00 -1.482542872428894043e+00 5.441569685935974121e-01
-9.335992336273193359e-01 -1.539957523345947266e+00 1.710235834121704102e+00
-1.825593471527099609e+00 -1.491838812828063965e+00 9.585979580879211426e-01
-1.136964917182922363e+00 -1.463348984718322754e+00 9.229152798652648926e-01
-2.112313985824584961e+00 -1.968906164169311523e+00 3.316339731216430664e+00
-1.680691838264465332e+00 -1.591248154640197754e+00 4.031657874584197998e-01
-4.670092165470123291e-01 -1.683892011642456055e+00 1.448591709136962891e+00
-1.873720526695251465e+00 -1.562810540199279785e+00 1.235613226890563965e+00
-1.223162412643432617e+00 -1.513143062591552734e+00 7.648431658744812012e-01
-1.198415756225585938e+00 -1.660099267959594727e+00 1.766260862350463867e+00
-1.894081950187683105e+00 -1.633982658386230469e+00 7.272949814796447754e-01
-1.188842177391052246e+00 -1.480909824371337891e+00 1.028976559638977051e+00
-3.534048557281494141e+00 -2.900463581085205078e+00 3.813662290573120117e+00
-1.416026830673217773e+00 -1.609700322151184082e+00 6.070838570594787598e-01
-8.968241214752197266e-01 -1.721822738647460938e+00 1.512963891029357910e+00
-1.923178076744079590e+00 -1.679425001144409180e+00 1.055684804916381836e+00
-1.189157247543334961e+00 -1.541404724121093750e+00 8.889600634574890137e-01
-1.677539110183715820e+00 -3.143446683883666992e+00 4.102793216705322266e+00
-1.866072416305541992e+00 -1.888278007507324219e+00 4.148733913898468018e-01
3.255222737789154053e-01 -2.502723455429077148e+00 1.379973769187927246e+00
-2.675274610519409180e+00 -2.421466350555419922e+00 1.866878271102905273e+00
-1.305187582969665527e+00 -1.600092768669128418e+00 7.907998561859130859e-01
-1.180483937263488770e+00 -1.731050848960876465e+00 1.455757498741149902e+00
-2.374082565307617188e+00 -2.232926845550537109e+00 6.871537566184997559e-01
-1.208316922187805176e+00 -1.555749535560607910e+00 9.918012022972106934e-01
-1.970082759857177734e+00 -2.588422298431396484e+00 2.289200067520141602e+00
-1.489129662513732910e+00 -1.746469736099243164e+00 7.029354572296142578e-01
-9.224449992179870605e-01 -1.920228123664855957e+00 1.332524061203002930e+00
-1.752567887306213379e+00 -1.793612003326416016e+00 1.138947010040283203e+00
-1.266212463378906250e+00 -1.616801500320434570e+00 9.015303254127502441e-01
-1.332298278808593750e+00 -1.874814271926879883e+00 1.465006351470947266e+00
-1.938674211502075195e+00 -2.313138246536254883e+00 5.812866091728210449e-01
-1.214573025703430176e+00 -1.622558832168579102e+00 1.055732846260070801e+00
-1.571612238883972168e+00 -1.782254338264465332e+00 1.247337460517883301e+00
-1.370224118232727051e+00 -1.689274191856384277e+00 8.748576641082763672e-01
-1.261082410812377930e+00 -1.718805074691772461e+00 1.207136988639831543e+00
-1.651336073875427246e+00 -1.906198382377624512e+00 1.021865487098693848e+00
-1.265731811523437500e+00 -1.687996864318847656e+00 9.826731681823730469e-01
-1.419474244117736816e+00 -1.798280596733093262e+00 1.226014256477355957e+00
-1.446143984794616699e+00 -1.769765496253967285e+00 9.440545439720153809e-01
-1.274077653884887695e+00 -1.785259246826171875e+00 1.096127271652221680e+00
-1.463850855827331543e+00 -1.849580287933349609e+00 1.098437905311584473e+00
-1.380651116371154785e+00 -1.787776470184326172e+00 1.060978174209594727e+00
