-1.210422754287719727e+00 1.216074451804161072e-01 1.161679744720458984e+00
-1.308933734893798828e+00 5.984012037515640259e-02 1.251923918724060059e+00
-1.191967248916625977e+00 1.252226978540420532e-01 9.513890743255615234e-01
-1.033627152442932129e+00 2.014915794134140015e-01 1.392278313636779785e+00
-1.375879645347595215e+00 -2.024999856948852539e-01 1.132412791252136230e+00
-5.725414156913757324e-01 9.571070671081542969e-01 7.559118270874023438e-01
-1.290464282035827637e+00 -2.691400423645973206e-02 1.459430336952209473e+00
-1.346383810043334961e+00 -1.006652116775512695e-01 8.998949527740478516e-01
-5.574075579643249512e-01 4.745918810367584229e-01 1.400159835815429688e+00
-1.338782548904418945e+00 -3.970791697502136230e-01 1.214664816856384277e+00
-9.343590140342712402e-01 2.677010297775268555e-01 5.717475414276123047e-01
-1.019072771072387695e+00 1.964788585901260376e-01 1.771733760833740234e+00
-1.370298385620117188e+00 -3.802308440208435059e-01 1.069028496742248535e+00
-4.271181225776672363e-01 2.808037698268890381e-01 9.894723892211914062e-01
-1.673944711685180664e+00 2.347032427787780762e-01 1.820992112159729004e+00
-1.459404706954956055e+00 1.288364410400390625e+00 -7.596970796585083008e-01
3.617315292358398438e-01 1.295385599136352539e+00 2.486693143844604492e+00
-1.874591588973999023e+00 -1.605765148997306824e-02 1.189145207405090332e+00
-6.142578125000000000e-01 9.914712607860565186e-02 5.684159994125366211e-01
-1.248733401298522949e+00 5.414925143122673035e-02 1.990182876586914062e+00
-1.378687977790832520e+00 -3.997815549373626709e-01 9.600417613983154297e-01
-4.325232803821563721e-01 -4.196564108133316040e-02 1.266345024108886719e+00
-1.825361967086791992e+00 -9.414698928594589233e-02 1.589538455009460449e+00
-1.210422754287719727e+00 -5.946883559226989746e-01 1.161679744720458984e+00
-6.615621596574783325e-02 7.886127233505249023e-01 3.158577442169189453e+00
-1.806155562400817871e+00 -2.385007292032241821e-01 9.716247320175170898e-01
-4.187372326850891113e-01 -1.242675408720970154e-01 7.959009408950805664e-01
-1.414322495460510254e+00 -3.251658976078033447e-01 1.648887634277343750e+00
-1.625346899032592773e+00 -3.533110255375504494e-03 8.084884844720363617e-03
5.197160411626100540e-03 3.014963120222091675e-02 1.800575494766235352e+00
-1.921687722206115723e+00 -2.794290781021118164e-01 1.349166870117187500e+00
7.814404368400573730e-01 8.892947435379028320e-01 -1.936125159263610840e+00
-1.053676962852478027e+00 -2.449291944503784180e-01 2.073738336563110352e+00
-1.399706363677978516e+00 -5.100439190864562988e-01 1.015087842941284180e+00
-1.019108965992927551e-01 -2.279458343982696533e-01 1.069841861724853516e+00
-1.669520020484924316e+00 -3.875654339790344238e-01 1.657950401306152344e+00
-1.190056085586547852e+00 5.888038873672485352e-01 -3.013238906860351562e+00
1.418188065290451050e-01 -6.943053007125854492e-02 2.652328729629516602e+00
-1.686193346977233887e+00 -4.805593788623809814e-01 1.117585420608520508e+00
-4.491773247718811035e-01 -3.872505724430084229e-01 5.839216113090515137e-01
-1.292853116989135742e+00 -5.046263337135314941e-01 1.614789962768554688e+00
-1.971176862716674805e+00 -3.457157313823699951e-01 -4.723471403121948242e-02
1.852176308631896973e+00 -1.079277694225311279e-01 2.001011133193969727e+00
-2.579619407653808594e+00 -3.908368051052093506e-01 1.864328861236572266e+00
-7.102364897727966309e-01 -4.338143169879913330e-01 -1.874867826700210571e-01
-9.463151097297668457e-01 -5.307443141937255859e-01 1.810453653335571289e+00
-1.443105340003967285e+00 -5.764362812042236328e-01 1.051407098770141602e+00
-4.233399331569671631e-01 -5.530371069908142090e-01 9.190136790275573730e-01
-1.413477659225463867e+00 -5.825132727622985840e-01 1.508157014846801758e+00
-1.679417967796325684e+00 -5.721234083175659180e-01 -1.022348999977111816e+00
1.414498686790466309e+00 -6.272131204605102539e-01 3.026300907135009766e+00
-1.664693832397460938e+00 -6.085669994354248047e-01 1.218294620513916016e+00
-2.352231442928314209e-01 -6.707725524902343750e-01 1.597522012889385223e-02
-1.196727395057678223e+00 -6.213268637657165527e-01 1.537231564521789551e+00
-1.321834564208984375e+00 -6.091780066490173340e-01 1.048625349998474121e+00
-3.530106842517852783e-01 -6.906751394271850586e-01 1.205519795417785645e+00
-1.504845023155212402e+00 -6.452775597572326660e-01 1.404946088790893555e+00
-1.035888552665710449e+00 -7.883012294769287109e-01 -8.929584920406341553e-02
-8.852369189262390137e-01 -6.946352124214172363e-01 1.633950233459472656e+00
-1.442489385604858398e+00 -6.412559151649475098e-01 1.108281731605529785e+00
-5.915383696556091309e-01 -7.490860223770141602e-01 8.110445737838745117e-01
-1.301560282707214355e+00 -6.652343273162841797e-01 1.442612409591674805e+00
-1.265195488929748535e+00 -6.291345357894897461e-01 1.041595458984375000e+00
-5.407955646514892578e-01 -8.008862733840942383e-01 1.445769786834716797e+00
-1.417173624038696289e+00 -6.618858575820922852e-01 1.234906673431396484e+00
2.528315782546997070e-01 -1.622183084487915039e+00 -1.589761137962341309e+00
-1.146256923675537109e+00 -6.853708624839782715e-01 1.410012722015380859e+00
-1.356719374656677246e+00 -6.606312394142150879e-01 1.066600322723388672e+00
-5.658468008041381836e-01 -8.580014109611511230e-01 1.054137945175170898e+00
-1.348347067832946777e+00 -6.906288266181945801e-01 1.337988138198852539e+00
-1.703751921653747559e+00 -3.483423471450805664e+00 -5.168074131011962891e+00
-6.587723493576049805e-01 -9.587117433547973633e-01 1.677025318145751953e+00
-1.383247733116149902e+00 -6.828869581222534180e-01 1.159993529319763184e+00
-2.662945091724395752e-01 -1.279265046119689941e+00 3.135731816291809082e-01
-1.232115149497985840e+00 -7.218881845474243164e-01 1.383932709693908691e+00
-1.305437922477722168e+00 -6.897626519203186035e-01 1.035212755203247070e+00
-4.486018419265747070e-01 -1.085923075675964355e+00 1.304113984107971191e+00
-1.352476596832275391e+00 -7.064894437789916992e-01 1.250108003616333008e+00
-6.242862939834594727e-01 -2.128994226455688477e+00 -9.368338584899902344e-01
-1.109272122383117676e+00 -7.606875300407409668e-01 1.361173868179321289e+00
-1.360912561416625977e+00 -7.204771041870117188e-01 1.105051040649414062e+00
-4.554321467876434326e-01 -1.265829801559448242e+00 8.586175441741943359e-01
-1.284521698951721191e+00 -7.437666654586791992e-01 1.316082477569580078e+00
-1.253118872642517090e+00 -7.300497889518737793e-01 1.020757794380187988e+00
-3.709856569766998291e-01 -1.543069958686828613e+00 1.659153819084167480e+00
-1.336237311363220215e+00 -7.269778251647949219e-01 1.188055515289306641e+00
1.935926526784896851e-01 -3.223219633102416992e+00 -7.945400476455688477e-01
-1.190781474113464355e+00 -7.865238785743713379e-01 1.325799226760864258e+00
-1.323708295822143555e+00 -7.795479893684387207e-01 1.064296483993530273e+00
7.639260888099670410e-01 -3.210114717483520508e+00 1.099322915077209473e+00
-1.295159101486206055e+00 -7.631746530532836914e-01 1.244374036788940430e+00
-1.202750802040100098e+00 -8.056492805480957031e-01 1.024737000465393066e+00
-1.128001093864440918e+00 -8.126875162124633789e-01 1.262430548667907715e+00
-1.300809264183044434e+00 -7.628638744354248047e-01 1.148619294166564941e+00
-1.093800663948059082e+00 -8.843599557876586914e-01 1.082214474678039551e+00
-1.232113242149353027e+00 -8.157803416252136230e-01 1.253885388374328613e+00
-1.263456463813781738e+00 -8.920423984527587891e-01 1.066999197006225586e+00
-1.138888001441955566e+00 -8.515689969062805176e-01 1.185272693634033203e+00
-1.250405550003051758e+00 -8.095128536224365234e-01 1.179681539535522461e+00
-1.210422754287719727e+00 -9.082581400871276855e-01 1.161679744720458984e+00
