-2.290539979934692383e+00 5.429673939943313599e-02 -4.479901313781738281e+00
-2.540699720382690430e+00 1.716413378715515137e+00 -4.250734329223632812e+00
-2.239292860031127930e+00 2.053344011306762695e+00 -5.063836097717285156e+00
-2.052173614501953125e+00 1.127754211425781250e+00 -4.168994426727294922e+00
-2.591677665710449219e+00 7.680940032005310059e-01 -4.533168315887451172e+00
-2.080357789993286133e+00 5.656141638755798340e-01 -4.613602161407470703e+00
-2.481426954269409180e+00 1.408352851867675781e+00 -3.769811153411865234e+00
-2.806402921676635742e+00 1.928717374801635742e+00 -5.473164081573486328e+00
-1.931539177894592285e+00 6.421428322792053223e-01 -4.348794937133789062e+00
-2.736992120742797852e+00 7.416074872016906738e-01 -4.295612335205078125e+00
-2.102800846099853516e+00 6.407704353332519531e-01 -4.881088733673095703e+00
-1.832176804542541504e+00 1.949472665786743164e+00 -3.018567085266113281e+00
-2.784624099731445312e+00 7.170620560646057129e-01 -4.766232967376708984e+00
-1.946297526359558105e+00 4.390532672405242920e-01 -4.555582046508789062e+00
-2.865286827087402344e+00 1.082705616950988770e+00 -3.662383079528808594e+00
-2.391634702682495117e+00 8.188763856887817383e-01 -5.260041713714599609e+00
-1.844629049301147461e+00 5.903794765472412109e-01 -4.104086875915527344e+00
-2.915159225463867188e+00 5.984715223312377930e-01 -4.454071521759033203e+00
-2.070992708206176758e+00 3.098126053810119629e-01 -4.698379993438720703e+00
-2.348297595977783203e+00 1.032492041587829590e+00 -3.230840206146240234e+00
-2.829885721206665039e+00 6.790373921394348145e-01 -5.126217842102050781e+00
-1.690526247024536133e+00 4.806258976459503174e-01 -4.399170398712158203e+00
-3.016951322555541992e+00 6.455728411674499512e-01 -3.974483251571655273e+00
-1.837781429290771484e+00 1.361804246902465820e+00 -6.492458820343017578e+00
-1.873498320579528809e+00 5.584573745727539062e-01 -3.752108097076416016e+00
-3.157972335815429688e+00 5.729330778121948242e-01 -4.756635665893554688e+00
-1.758050441741943359e+00 3.707029223442077637e-01 -4.725924968719482422e+00
-2.723909616470336914e+00 6.271414756774902344e-01 -3.444386482238769531e+00
-2.639230966567993164e+00 5.510876178741455078e-01 -5.449351310729980469e+00
-1.723011851310729980e+00 3.460105955600738525e-01 -4.181624412536621094e+00
-4.156902313232421875e+00 8.815383911132812500e-01 -3.987934112548828125e+00
-1.824650526046752930e+00 4.013948738574981689e-01 -5.204466342926025391e+00
-2.009851455688476562e+00 6.806190609931945801e-01 -2.846655607223510742e+00
-4.147732734680175781e+00 8.848021626472473145e-01 -5.918215751647949219e+00
-1.708809137344360352e+00 2.467578500509262085e-01 -4.528096675872802734e+00
-3.065031528472900391e+00 4.037106037139892578e-01 -3.642698764801025391e+00
-2.283914804458618164e+00 4.392863810062408447e-01 -5.838000774383544922e+00
-1.550122380256652832e+00 3.419007956981658936e-01 -3.663698911666870117e+00
-3.421408653259277344e+00 3.255722224712371826e-01 -4.584710121154785156e+00
-1.838538169860839844e+00 1.774662882089614868e-01 -4.822954654693603516e+00
-2.774393081665039062e+00 5.829463601112365723e-01 -1.820216774940490723e+00
-3.500169277191162109e+00 4.501731097698211670e-01 -6.402123451232910156e+00
-1.754656314849853516e+00 1.394685357809066772e-01 -4.333037853240966797e+00
-3.886137247085571289e+00 2.918557524681091309e-01 -3.661067008972167969e+00
-2.014484643936157227e+00 1.430839300155639648e-01 -5.224513053894042969e+00
-1.751218199729919434e+00 1.848737746477127075e-01 -3.155071020126342773e+00
-4.242650508880615234e+00 2.074240148067474365e-01 -5.405043125152587891e+00
-1.870602250099182129e+00 7.651921361684799194e-02 -4.609372615814208984e+00
-3.495294094085693359e+00 1.265334039926528931e-01 -2.424202203750610352e+00
-2.340673923492431641e+00 5.670885369181632996e-02 -4.713366508483886719e+00
-1.073249459266662598e+00 3.921359404921531677e-02 -3.615195274353027344e+00
-4.048473834991455078e+00 5.892475019209086895e-04 -4.260813236236572266e+00
-1.961672186851501465e+00 2.863877825438976288e-02 -4.866268634796142578e+00
-2.235614299774169922e+00 -5.253715068101882935e-02 -2.973747730255126953e+00
-4.063063144683837891e+00 -1.762280464172363281e-01 -6.278556823730468750e+00
-1.939224004745483398e+00 1.496710814535617828e-02 -4.461938381195068359e+00
-3.481336116790771484e+00 -1.503121107816696167e-01 -3.496006250381469727e+00
-2.124093532562255859e+00 -1.303442418575286865e-01 -5.672907352447509766e+00
-1.514926671981811523e+00 -1.840903908014297485e-01 -3.353470802307128906e+00
-3.029322624206542969e+00 -9.395065903663635254e-02 -4.649893283843994141e+00
-1.967883229255676270e+00 -2.619882114231586456e-02 -4.662705898284912109e+00
-2.998816251754760742e+00 -4.939520359039306641e-01 -2.296629428863525391e+00
-2.408876657485961914e+00 -2.012430690228939056e-02 -4.739343643188476562e+00
-1.986790776252746582e+00 -3.923658654093742371e-02 -4.351035594940185547e+00
-3.889532804489135742e+00 -4.654027521610260010e-01 -3.913570880889892578e+00
-2.065646171569824219e+00 -1.036232486367225647e-01 -4.902781963348388672e+00
-1.742455363273620605e+00 -7.202852964401245117e-01 -2.358717203140258789e+00
-3.140918016433715820e+00 -3.290093243122100830e-01 -5.032569408416748047e+00
-1.995314598083496094e+00 -6.630454957485198975e-02 -4.529157161712646484e+00
-2.870840549468994141e+00 -3.493618071079254150e-01 -3.738104104995727539e+00
-2.469924211502075195e+00 -9.961038827896118164e-01 -6.781523704528808594e+00
-7.903200984001159668e-01 -9.356693029403686523e-01 -3.078412771224975586e+00
-3.289103269577026367e+00 -4.553047120571136475e-01 -4.489644050598144531e+00
-2.064731836318969727e+00 -1.094342172145843506e-01 -4.682744026184082031e+00
-2.410658836364746094e+00 -6.500563621520996094e-01 -3.249203443527221680e+00
-2.527258157730102539e+00 -1.825686246156692505e-01 -4.794977664947509766e+00
-2.036866426467895508e+00 -1.092761382460594177e-01 -4.432473182678222656e+00
-3.683633804321289062e+00 -1.042114257812500000e+00 -3.612703561782836914e+00
-2.193636655807495117e+00 -1.993630379438400269e-01 -4.826838970184326172e+00
-1.973639845848083496e+00 -4.657706916332244873e-01 -3.854895830154418945e+00
-2.666664361953735352e+00 -2.600914537906646729e-01 -4.621435642242431641e+00
-2.079899549484252930e+00 -1.329500228166580200e-01 -4.564455032348632812e+00
-2.595024585723876953e+00 -5.582904815673828125e-01 -3.845434904098510742e+00
-2.395809173583984375e+00 -2.794434130191802979e-01 -4.827351093292236328e+00
-2.123929500579833984e+00 -1.339368969202041626e-01 -4.381163120269775391e+00
-3.782549381256103516e+00 -1.514497876167297363e+00 -4.167115688323974609e+00
-2.160771608352661133e+00 -1.886494308710098267e-01 -4.660707950592041016e+00
-2.277117967605590820e+00 -7.679461687803268433e-02 -4.367749691009521484e+00
-2.540660858154296875e+00 -3.538511991500854492e-01 -4.694911956787109375e+00
-2.119366645812988281e+00 -1.724570393562316895e-01 -4.485307693481445312e+00
-2.371092796325683594e+00 -1.058714389801025391e-01 -4.401289463043212891e+00
-2.278433561325073242e+00 -2.786051928997039795e-01 -4.696000576019287109e+00
-2.205421447753906250e+00 -1.708357483148574829e-01 -4.375853538513183594e+00
-2.610816955566406250e+00 -5.416190624237060547e-01 -4.526179790496826172e+00
-2.181681156158447266e+00 -2.160922288894653320e-01 -4.554076671600341797e+00
-2.320860862731933594e+00 -2.547643780708312988e-01 -4.351008415222167969e+00
-2.396410465240478516e+00 -5.393068194389343262e-01 -4.668910980224609375e+00
-2.209358930587768555e+00 -2.372241467237472534e-01 -4.453126907348632812e+00
-2.520712852478027344e+00 -1.182403206825256348e+00 -4.376268386840820312e+00
-2.290539979934692383e+00 -2.875360727310180664e+00 -4.479901313781738281e+00
