-1.568616509437561035e+00 -1.567801117897033691e+00 1.125692129135131836e+00
-1.742082118988037109e+00 -6.450423002243041992e-01 1.284600853919982910e+00
-1.557701945304870605e+00 -1.371832966804504395e+00 1.001326918601989746e+00
-1.313934445381164551e+00 -6.506528854370117188e-01 1.457879662513732910e+00
-1.683405280113220215e+00 -1.525497913360595703e+00 1.105387568473815918e+00
-1.219331622123718262e+00 -9.478687644004821777e-01 9.035056829452514648e-01
-2.058135509490966797e+00 1.674813866615295410e+00 2.946677923202514648e+00
-1.685470581054687500e+00 -1.372989177703857422e+00 9.006966948509216309e-01
-3.634070456027984619e-01 1.758852601051330566e-01 1.565832734107971191e+00
-2.104407548904418945e+00 -9.727384448051452637e-01 1.346858859062194824e+00
-1.350080251693725586e+00 -1.114905357360839844e+00 6.586928963661193848e-01
-1.269425630569458008e+00 -5.605335831642150879e-01 2.079559803009033203e+00
-2.220605850219726562e+00 -9.230061173439025879e-01 7.478509545326232910e-01
-1.285856485366821289e+00 -1.481547713279724121e+00 1.063528180122375488e+00
-1.965326547622680664e+00 -1.087742567062377930e+00 1.689971327781677246e+00
-1.629710316658020020e+00 -1.335532426834106445e+00 6.542350053787231445e-01
-8.660397529602050781e-01 -9.529346227645874023e-01 1.717824578285217285e+00
-2.285233020782470703e+00 -1.173262238502502441e+00 1.155326485633850098e+00
-1.117404460906982422e+00 -1.272451043128967285e+00 6.766758561134338379e-01
-1.642893314361572266e+00 -5.396183133125305176e-01 2.731995582580566406e+00
-3.305267095565795898e+00 2.140297889709472656e-01 -9.553956985473632812e-01
-4.587115943431854248e-01 -1.008962512016296387e+00 1.275028228759765625e+00
-2.255259037017822266e+00 -1.238680124282836914e+00 1.603440165519714355e+00
-1.405431151390075684e+00 -1.326328039169311523e+00 4.003170728683471680e-01
-1.152184367179870605e+00 -1.294162034988403320e+00 1.852421760559082031e+00
-2.509302854537963867e+00 -1.235151052474975586e+00 8.255875706672668457e-01
-1.216920137405395508e+00 -1.588607311248779297e+00 9.631994962692260742e-01
-2.221244096755981445e+00 -9.349176883697509766e-01 2.685112237930297852e+00
-2.065921306610107422e+00 -1.089060425758361816e+00 -2.569417953491210938e-01
-1.568616509437561035e+00 -1.797585844993591309e+00 1.125692129135131836e+00
-2.488436937332153320e+00 -1.389886975288391113e+00 1.368153810501098633e+00
-1.350829362869262695e+00 -1.635329484939575195e+00 7.869831323623657227e-01
-1.414314150810241699e+00 -1.453278660774230957e+00 2.023533582687377930e+00
-3.200194597244262695e+00 -1.067971587181091309e+00 -1.378936171531677246e-01
-1.210528373718261719e+00 -1.679115176200866699e+00 1.096025228500366211e+00
-2.574237823486328125e+00 -1.343897223472595215e+00 2.212739229202270508e+00
-1.556992173194885254e+00 -1.122101068496704102e+00 -1.257165789604187012e+00
-1.071356773376464844e+00 -1.604432821273803711e+00 1.673848390579223633e+00
-3.326663970947265625e+00 -1.375861167907714844e+00 9.627566933631896973e-01
-3.247189223766326904e-01 -1.458626389503479004e+00 1.816181987524032593e-01
-1.742997646331787109e+00 -1.607059955596923828e+00 2.084244966506958008e+00
-2.367551565170288086e+00 -1.536117672920227051e+00 -1.438955217599868774e-01
-1.277104020118713379e+00 -1.751253724098205566e+00 1.205583572387695312e+00
-3.565208196640014648e+00 -1.500325202941894531e+00 2.150310039520263672e+00
-7.356742620468139648e-01 -1.529688000679016113e+00 -1.121026635169982910e+00
-1.190766692161560059e+00 -1.706103324890136719e+00 2.053870677947998047e+00
-3.725383520126342773e+00 -1.628404974937438965e+00 1.035600453615188599e-01
-1.340897798538208008e+00 -1.785535335540771484e+00 1.055484056472778320e+00
-2.881629467010498047e+00 -1.718858003616333008e+00 3.366116046905517578e+00
-1.989547967910766602e+00 -1.777333378791809082e+00 -8.345124125480651855e-01
-1.341009855270385742e+00 -1.800406098365783691e+00 1.287373185157775879e+00
-3.781583309173583984e+00 -1.865195274353027344e+00 1.401489853858947754e+00
-1.456570148468017578e+00 -1.806327581405639648e+00 9.940553903579711914e-01
-1.509528636932373047e+00 -1.912515759468078613e+00 2.745984077453613281e+00
-2.090955495834350586e+00 -1.865518450736999512e+00 5.956522822380065918e-01
-1.438805818557739258e+00 -1.812118053436279297e+00 1.132329463958740234e+00
-3.322922706604003906e+00 -2.099020004272460938e+00 2.575187206268310547e+00
-1.526716113090515137e+00 -1.844066500663757324e+00 8.253706097602844238e-01
-1.326563835144042969e+00 -1.871981501579284668e+00 1.477227449417114258e+00
-1.800199985504150391e+00 -1.844056367874145508e+00 1.072405338287353516e+00
-1.456314325332641602e+00 -1.825602650642395020e+00 1.062066197395324707e+00
-2.189418792724609375e+00 -2.278124332427978516e+00 3.039324045181274414e+00
-1.897496700286865234e+00 -2.004416227340698242e+00 4.046518802642822266e-01
1.568354725837707520e+00 -2.763551712036132812e+00 2.456555366516113281e+00
-3.289153337478637695e+00 -2.356789112091064453e+00 1.735070943832397461e+00
-1.490519285202026367e+00 -1.852425575256347656e+00 9.788415431976318359e-01
-1.106533765792846680e+00 -2.450625419616699219e+00 2.914033889770507812e+00
-2.396826267242431641e+00 -2.170899629592895508e+00 5.874313116073608398e-01
-1.458474993705749512e+00 -1.842579245567321777e+00 1.107316017150878906e+00
-3.483651399612426758e+00 -3.129688978195190430e+00 3.573678016662597656e+00
-1.611096739768981934e+00 -2.046332597732543945e+00 5.806416273117065430e-01
1.800367981195449829e-01 -2.951488256454467773e+00 2.759264230728149414e+00
-2.411183118820190430e+00 -2.227576732635498047e+00 1.117471337318420410e+00
-1.479522705078125000e+00 -1.862186670303344727e+00 1.045659542083740234e+00
-1.828503131866455078e+00 -3.321509599685668945e+00 3.788404226303100586e+00
-1.672589182853698730e+00 -1.901623129844665527e+00 9.873026609420776367e-01
7.182433009147644043e-01 -3.272190809249877930e+00 1.553256034851074219e+00
-2.263796806335449219e+00 -2.344715833663940430e+00 1.558440327644348145e+00
-1.527865648269653320e+00 -1.904257774353027344e+00 9.797939658164978027e-01
-6.711556315422058105e-01 -3.270416259765625000e+00 2.895706892013549805e+00
-1.676668167114257812e+00 -1.887902140617370605e+00 1.085032701492309570e+00
-1.480152606964111328e+00 -1.876224994659423828e+00 1.090181708335876465e+00
-1.952699780464172363e+00 -2.570316314697265625e+00 1.926021337509155273e+00
-1.607715368270874023e+00 -1.921543121337890625e+00 9.966428875923156738e-01
-1.232161760330200195e+00 -2.177706718444824219e+00 1.325084805488586426e+00
-2.211677789688110352e+00 -2.473742008209228516e+00 1.260503888130187988e+00
-1.510769128799438477e+00 -1.905884981155395508e+00 1.045093178749084473e+00
-1.512245655059814453e+00 -2.348156213760375977e+00 1.596717000007629395e+00
-1.632163405418395996e+00 -1.901281833648681641e+00 1.071065545082092285e+00
-1.489480137825012207e+00 -1.902418136596679688e+00 1.123192667961120605e+00
-1.961329579353332520e+00 -2.578440904617309570e+00 1.508941292762756348e+00
-1.564063906669616699e+00 -1.922773361206054688e+00 1.044428110122680664e+00
-1.367632985115051270e+00 -2.329172372817993164e+00 1.371371030807495117e+00
-2.168409109115600586e+00 -2.913575887680053711e+00 1.039024949073791504e+00
-1.517304778099060059e+00 -1.925036430358886719e+00 1.090728759765625000e+00
-1.655897736549377441e+00 -2.687247276306152344e+00 1.496722459793090820e+00
-1.588315963745117188e+00 -1.908038496971130371e+00 1.090522885322570801e+00
-1.326422095298767090e+00 -2.667304039001464844e+00 1.205570459365844727e+00
-1.973759770393371582e+00 -3.974386692047119141e+00 1.308103322982788086e+00
-1.568616509437561035e+00 -2.765429496765136719e+00 1.125692129135131836e+00
