-2.404292821884155273e+00 6.061736345291137695e-01 -2.002995014190673828e+00
-2.482047557830810547e+00 6.559113860130310059e-01 -1.931765317916870117e+00
-2.392748355865478516e+00 5.896227955818176270e-01 -2.134539604187011719e+00
-2.304297685623168945e+00 5.896089076995849609e-01 -1.872569203376770020e+00
-2.616686582565307617e+00 6.427363157272338867e-01 -2.040564537048339844e+00
-2.238578081130981445e+00 5.424317121505737305e-01 -2.108409166336059570e+00
-2.481948852539062500e+00 6.901448965072631836e-01 -1.714118361473083496e+00
-2.534345626831054688e+00 6.118468046188354492e-01 -2.253403663635253906e+00
-2.255848884582519531e+00 3.823616206645965576e-01 -1.948783516883850098e+00
-2.721742153167724609e+00 6.280033588409423828e-01 -1.871956586837768555e+00
-2.283183574676513672e+00 5.176225304603576660e-01 -2.261798620223999023e+00
-2.240354299545288086e+00 8.171222805976867676e-01 -1.480332851409912109e+00
-2.755796432495117188e+00 6.107995510101318359e-01 -2.206698656082153320e+00
-1.001921892166137695e+00 1.706708669662475586e+00 -2.311302423477172852e+00
-2.695958137512207031e+00 6.611761450767517090e-01 -1.588131070137023926e+00
-2.460119009017944336e+00 5.615050196647644043e-01 -2.433800935745239258e+00
-2.249643325805664062e+00 3.252145051956176758e-01 -1.872656345367431641e+00
-2.842890262603759766e+00 5.214025378227233887e-01 -1.984857678413391113e+00
-2.067622423171997070e+00 5.311194062232971191e-01 -2.338027000427246094e+00
-2.440852880477905273e+00 7.584820985794067383e-01 -1.212348818778991699e+00
-2.759367704391479492e+00 5.505860447883605957e-01 -2.428493499755859375e+00
-1.887620687484741211e+00 5.064041614532470703e-01 -1.933477520942687988e+00
-2.820035696029663086e+00 4.776937365531921387e-01 -1.713731884956359863e+00
-2.318212747573852539e+00 3.878799080848693848e-01 -2.385629653930664062e+00
-2.282926321029663086e+00 2.860116958618164062e-01 -1.791194200515747070e+00
-2.885817050933837891e+00 4.271945655345916748e-01 -2.156614303588867188e+00
-2.404292821884155273e+00 1.392919570207595825e-01 -2.002995014190673828e+00
-2.804597854614257812e+00 6.684305667877197266e-01 -1.046486496925354004e+00
-2.744839906692504883e+00 6.244798898696899414e-01 -2.949802637100219727e+00
-1.695094347000122070e+00 5.038254261016845703e-01 -1.630260229110717773e+00
-2.886760473251342773e+00 3.531396985054016113e-01 -1.875818133354187012e+00
-2.181149959564208984e+00 3.055383861064910889e-01 -2.350033283233642578e+00
-2.364545822143554688e+00 2.279825806617736816e-01 -1.771718621253967285e+00
-2.944435358047485352e+00 3.808345794677734375e-01 -2.421311616897583008e+00
-2.010344266891479492e+00 2.696267664432525635e-01 -2.035632848739624023e+00
-3.072037220001220703e+00 4.405466020107269287e-01 -1.281182885169982910e+00
-2.387424230575561523e+00 1.119508028030395508e+00 -5.460831165313720703e+00
-2.036312818527221680e+00 2.822282612323760986e-01 -1.597350716590881348e+00
-2.938706636428833008e+00 2.674884200096130371e-01 -2.052524328231811523e+00
-7.653590440750122070e-01 5.858979821205139160e-01 -3.246887207031250000e+00
-2.444850683212280273e+00 1.836048513650894165e-01 -1.780052781105041504e+00
-2.991022109985351562e+00 3.313113451004028320e-01 -2.935366630554199219e+00
-1.290046095848083496e+00 3.163870871067047119e-01 -1.697626233100891113e+00
-2.839978456497192383e+00 2.041586190462112427e-01 -1.779408335685729980e+00
-2.296583414077758789e+00 1.739343404769897461e-01 -2.293522596359252930e+00
-2.230495452880859375e+00 1.813706606626510620e-01 -1.576065897941589355e+00
-3.014858245849609375e+00 1.871858686208724976e-01 -2.292353391647338867e+00
-2.083312511444091797e+00 1.562777608633041382e-01 -2.101956605911254883e+00
-2.522784471511840820e+00 1.463966816663742065e-01 -1.800809860229492188e+00
-3.291971445083618164e+00 1.820012032985687256e-01 -6.136759757995605469e+00
-1.715993523597717285e+00 1.307634115219116211e-01 -1.514059424400329590e+00
-2.945198535919189453e+00 1.227664873003959656e-01 -1.935582995414733887e+00
-2.208264350891113281e+00 1.239980012178421021e-01 -2.233297348022460938e+00
-2.388699293136596680e+00 1.089612841606140137e-01 -1.575390458106994629e+00
-3.506238460540771484e+00 -4.021140281111001968e-03 -3.121186733245849609e+00
-1.162001967430114746e+00 2.181777672376483679e-04 -1.939475893974304199e+00
-3.110482215881347656e+00 1.795079931616783142e-02 -1.419506311416625977e+00
-2.362327098846435547e+00 9.273900091648101807e-02 -2.303783893585205078e+00
-2.072081327438354492e+00 3.718572109937667847e-02 -1.520521044731140137e+00
-2.966819286346435547e+00 2.641291543841362000e-02 -2.132431030273437500e+00
-2.071049213409423828e+00 5.615521967411041260e-02 -2.191797494888305664e+00
-2.725855112075805664e+00 -1.096166595816612244e-01 -1.011775016784667969e+00
-3.154749155044555664e+00 -3.326647281646728516e-01 -3.648303508758544922e+00
-1.483538985252380371e+00 -1.442352682352066040e-01 -1.612364172935485840e+00
-2.780783176422119141e+00 1.692631281912326813e-02 -1.869649887084960938e+00
-2.103949546813964844e+00 -7.160866260528564453e-02 -2.567747831344604492e+00
-2.262084245681762695e+00 -6.168470531702041626e-02 -1.452622771263122559e+00
-2.404292821884155273e+00 1.392919570207595825e-01 -2.002995014190673828e+00
-1.464497923851013184e+00 -2.446198165416717529e-01 -2.159791469573974609e+00
-2.758110523223876953e+00 -1.068245917558670044e-01 -1.550710320472717285e+00
-2.438365697860717773e+00 -6.022479385137557983e-02 -2.440173149108886719e+00
-1.976067066192626953e+00 -1.432859003543853760e-01 -1.602951407432556152e+00
-2.758669614791870117e+00 -4.155876860022544861e-02 -2.006452560424804688e+00
-2.109411716461181641e+00 -7.452299445867538452e-02 -2.267885446548461914e+00
-2.469206094741821289e+00 -2.413461357355117798e-01 -1.337916016578674316e+00
-3.310515165328979492e+00 -7.674940228462219238e-01 -3.209193706512451172e+00
-1.359174728393554688e+00 -5.346174240112304688e-01 -1.807593941688537598e+00
-2.782953977584838867e+00 -1.587269604206085205e-01 -1.767279267311096191e+00
-2.233181476593017578e+00 -3.086196184158325195e-01 -2.615616321563720703e+00
-2.159681797027587891e+00 -2.621413469314575195e-01 -1.520561456680297852e+00
-2.575140237808227539e+00 -3.512878203764557838e-03 -2.067284107208251953e+00
-1.951691746711730957e+00 -2.630433142185211182e-01 -2.184674501419067383e+00
-2.619936704635620117e+00 -2.945582568645477295e-01 -1.553649425506591797e+00
-2.498802185058593750e+00 -1.603358685970306396e-01 -2.314931154251098633e+00
-1.787526965141296387e+00 -5.575195550918579102e-01 -1.637482166290283203e+00
-2.767800092697143555e+00 -2.429229170083999634e-01 -1.926789164543151855e+00
-2.182590723037719727e+00 -2.757684290409088135e-01 -2.311893463134765625e+00
-2.296669960021972656e+00 -9.118542075157165527e-01 -1.103716850280761719e+00
-2.710456371307373047e+00 -3.603064417839050293e-01 -2.266181468963623047e+00
-1.260134100914001465e+00 -1.376378774642944336e+00 -2.039131641387939453e+00
-2.640812397003173828e+00 -3.309941887855529785e-01 -1.772175192832946777e+00
-2.384280204772949219e+00 -4.110104143619537354e-01 -2.360217332839965820e+00
-2.037662982940673828e+00 -8.304166197776794434e-01 -1.554832816123962402e+00
-2.757985115051269531e+00 -5.187973380088806152e-01 -2.054101943969726562e+00
-2.105053186416625977e+00 -6.039744615554809570e-01 -2.206894397735595703e+00
-2.537782192230224609e+00 -1.221372842788696289e+00 -1.435534358024597168e+00
-2.531562089920043945e+00 -5.742914080619812012e-01 -2.230207204818725586e+00
-2.160512208938598633e+00 -7.361223101615905762e-01 -1.922593593597412109e+00
-2.554300069808959961e+00 -6.666845083236694336e-01 -1.935455918312072754e+00
-2.404292821884155273e+00 -7.128655910491943359e-01 -2.002995014190673828e+00
