-1.760653018951416016e+00 -7.774952650070190430e-01 -2.378683328628540039e+00
-1.796012878417968750e+00 -7.498074173927307129e-01 -2.346290826797485352e+00
-1.756964087486267090e+00 -8.408487439155578613e-01 -2.420716524124145508e+00
-1.669779777526855469e+00 -5.755077600479125977e-01 -2.260155200958251953e+00
-2.345102310180664062e+00 4.005946815013885498e-01 -2.482064247131347656e+00
-1.694316744804382324e+00 -8.233674168586730957e-01 -2.420881032943725586e+00
-1.966954588890075684e+00 4.786535203456878662e-01 -1.611251711845397949e+00
-2.075761079788208008e+00 1.602192670106887817e-01 -2.985404729843139648e+00
-1.597056746482849121e+00 -7.168650031089782715e-01 -2.318938255310058594e+00
-1.880750298500061035e+00 -7.998566627502441406e-01 -2.329108953475952148e+00
-1.320533156394958496e+00 3.901346623897552490e-01 -3.319193840026855469e+00
-1.388953089714050293e+00 5.521067380905151367e-01 -1.193645477294921875e+00
-2.266901016235351562e+00 -3.056637346744537354e-01 -2.672064542770385742e+00
-1.603380322456359863e+00 -8.089635968208312988e-01 -2.413259267807006836e+00
-2.362777233123779297e+00 9.265036880970001221e-02 -1.522223472595214844e+00
-1.994770050048828125e+00 7.858831286430358887e-01 -4.185348033905029297e+00
-1.445805072784423828e+00 -6.062296032905578613e-01 -2.113329172134399414e+00
-2.389144182205200195e+00 -4.371978938579559326e-01 -2.352693319320678711e+00
-1.673264503479003906e+00 -8.830403089523315430e-01 -2.465646505355834961e+00
-1.795143246650695801e+00 -4.006114304065704346e-01 -1.632799983024597168e+00
-1.760653018951416016e+00 -9.847458004951477051e-01 -2.378683328628540039e+00
-1.545784235000610352e+00 -8.320746421813964844e-01 -2.349772930145263672e+00
-1.929333329200744629e+00 -8.474453091621398926e-01 -2.261319875717163086e+00
-1.310496926307678223e+00 3.152459561824798584e-01 -4.379672050476074219e+00
-1.417077541351318359e+00 -5.693981647491455078e-01 -1.779098272323608398e+00
-4.287919521331787109e+00 5.263025760650634766e-01 -3.184950351715087891e+00
-1.588108539581298828e+00 -8.822196125984191895e-01 -2.458403348922729492e+00
-1.872435450553894043e+00 -8.369875550270080566e-01 -2.111584901809692383e+00
-3.203131198883056641e+00 1.070397496223449707e+00 -6.389140129089355469e+00
-1.472825884819030762e+00 -8.368004560470581055e-01 -2.227409362792968750e+00
-2.541625261306762695e+00 -6.385896205902099609e-01 -2.172821521759033203e+00
-8.339109420776367188e-01 -2.943020164966583252e-01 -3.819980144500732422e+00
-1.633975625038146973e+00 -7.020805478096008301e-01 -1.641583800315856934e+00
-3.966331958770751953e+00 1.596748130396008492e-03 -4.086884975433349609e+00
-1.528574585914611816e+00 -9.079644680023193359e-01 -2.397910594940185547e+00
-2.262616872787475586e+00 -7.582834959030151367e-01 -1.836075067520141602e+00
-1.755901336669921875e+00 -7.086316347122192383e-01 -3.352710962295532227e+00
-1.402301669120788574e+00 -8.455495834350585938e-01 -1.983653187751770020e+00
-4.142970561981201172e+00 -4.132697880268096924e-01 -2.599476099014282227e+00
-1.589230179786682129e+00 -9.380334615707397461e-01 -2.508787155151367188e+00
-1.792300105094909668e+00 -9.501686692237854004e-01 -2.204722642898559570e+00
-2.222684621810913086e+00 -8.335363268852233887e-01 -3.112897634506225586e+00
-1.460545182228088379e+00 -9.370475411415100098e-01 -2.296436309814453125e+00
-3.744696378707885742e+00 -6.893533468246459961e-01 -1.360504984855651855e+00
-7.380568385124206543e-01 -6.558499336242675781e-01 -5.136960983276367188e+00
-1.525632858276367188e+00 -9.278442859649658203e-01 -1.801362156867980957e+00
-3.415917396545410156e+00 -8.549036979675292969e-01 -3.163144111633300781e+00
-1.528905034065246582e+00 -9.724820256233215332e-01 -2.450133800506591797e+00
-2.243099927902221680e+00 -9.558184146881103516e-01 -1.555473208427429199e+00
-2.057473421096801758e+00 -9.704647660255432129e-01 -3.760924577713012695e+00
-1.389323234558105469e+00 -9.893468618392944336e-01 -2.114907979965209961e+00
-2.992599964141845703e+00 -1.022383570671081543e+00 -2.225148200988769531e+00
-1.666928052902221680e+00 -9.920581579208374023e-01 -2.488795280456542969e+00
-1.751929998397827148e+00 -1.001712679862976074e+00 -2.139482736587524414e+00
-3.789087295532226562e+00 -1.248552918434143066e+00 -4.437022686004638672e+00
-1.409363031387329102e+00 -1.024072527885437012e+00 -2.360721588134765625e+00
-2.536110401153564453e+00 -1.117988944053649902e+00 -1.737961769104003906e+00
-1.668066740036010742e+00 -1.087452888488769531e+00 -3.042296409606933594e+00
-1.307348489761352539e+00 -1.124070286750793457e+00 -1.720344901084899902e+00
-4.053693294525146484e+00 -1.444877386093139648e+00 -2.906306505203247070e+00
-1.337594032287597656e+00 -1.090289473533630371e+00 -2.618371725082397461e+00
-2.350184917449951172e+00 -1.441079139709472656e+00 -5.614430308341979980e-01
-3.030691862106323242e+00 -1.783464074134826660e+00 -5.163129329681396484e+00
-1.299372792243957520e+00 -1.126787543296813965e+00 -2.182984828948974609e+00
-2.763121604919433594e+00 -1.310564994812011719e+00 -2.023629426956176758e+00
-1.589833974838256836e+00 -1.104694724082946777e+00 -2.699884176254272461e+00
-1.680525660514831543e+00 -1.097986102104187012e+00 -2.068576097488403320e+00
-2.774367094039916992e+00 -1.441675305366516113e+00 -3.037504911422729492e+00
-1.262074232101440430e+00 -1.188418149948120117e+00 -2.461866855621337891e+00
-2.924225568771362305e+00 -1.794129729270935059e+00 -8.912907242774963379e-01
-1.924871444702148438e+00 -1.946341872215270996e+00 -4.485718727111816406e+00
-1.229293346405029297e+00 -1.335379719734191895e+00 -1.882293224334716797e+00
-2.903593778610229492e+00 -1.568027973175048828e+00 -2.389834880828857422e+00
-1.248283267021179199e+00 -1.356259346008300781e+00 -2.838943004608154297e+00
-1.880647778511047363e+00 -1.688371181488037109e+00 -1.149257183074951172e+00
-3.226177215576171875e+00 -2.451181650161743164e+00 -4.329323291778564453e+00
-1.234982609748840332e+00 -1.323706746101379395e+00 -2.280400991439819336e+00
-2.464109420776367188e+00 -1.538389325141906738e+00 -1.940783381462097168e+00
-1.584949135780334473e+00 -1.444678902626037598e+00 -3.007746696472167969e+00
-1.619252324104309082e+00 -1.216799497604370117e+00 -2.099806308746337891e+00
-3.004130125045776367e+00 -2.024121522903442383e+00 -2.846598863601684570e+00
-1.298802018165588379e+00 -1.395303726196289062e+00 -2.564075708389282227e+00
-2.694244146347045898e+00 -2.863021612167358398e+00 -4.333229362964630127e-01
-2.124736309051513672e+00 -2.139017343521118164e+00 -3.580371141433715820e+00
-1.333553433418273926e+00 -1.467275619506835938e+00 -2.125571966171264648e+00
-2.354833126068115234e+00 -1.609504938125610352e+00 -2.254119157791137695e+00
-6.044498682022094727e-01 -3.149334669113159180e+00 -3.989625453948974609e+00
-1.628323435783386230e+00 -2.277200937271118164e+00 -1.272960066795349121e+00
-2.363610982894897461e+00 -1.968654036521911621e+00 -2.897001981735229492e+00
-1.390924692153930664e+00 -1.474526047706604004e+00 -2.390360593795776367e+00
-2.988641738891601562e+00 -3.426429510116577148e+00 -1.180287718772888184e+00
-1.636417508125305176e+00 -4.400940418243408203e+00 -4.596265316009521484e+00
-5.892546176910400391e-01 -4.083007335662841797e+00 -9.467855691909790039e-01
-2.192051649093627930e+00 -1.787417531013488770e+00 -2.441018342971801758e+00
-1.115964889526367188e+00 -2.586053848266601562e+00 -2.817968130111694336e+00
-1.902262210845947266e+00 -2.428175449371337891e+00 -1.776705861091613770e+00
-1.931829929351806641e+00 -1.944514274597167969e+00 -2.684283494949340820e+00
-1.359701752662658691e+00 -2.424558639526367188e+00 -2.246445178985595703e+00
-1.936804413795471191e+00 -1.931192755699157715e+00 -2.299373149871826172e+00
-1.760653018951416016e+00 -2.052446365356445312e+00 -2.378683328628540039e+00
