-2.276957511901855469e+00 5.132640004158020020e-01 -2.264821052551269531e+00
-2.339767932891845703e+00 5.650810599327087402e-01 -2.207281589508056641e+00
-2.269762516021728516e+00 4.284121096134185791e-01 -2.346802949905395508e+00
-2.189615726470947266e+00 5.410885810852050781e-01 -2.150899171829223633e+00
-2.450706958770751953e+00 5.595985651016235352e-01 -2.295554876327514648e+00
-2.152606725692749023e+00 4.502665400505065918e-01 -2.343922853469848633e+00
-2.334026813507080078e+00 5.525745749473571777e-01 -2.052526235580444336e+00
-2.342692613601684570e+00 3.866065144538879395e-01 -2.391389846801757812e+00
-1.390766024589538574e+00 1.598849177360534668e+00 -1.941185355186462402e+00
-2.591136693954467773e+00 6.314314007759094238e-01 -2.135132551193237305e+00
-1.620635032653808594e+00 2.198025226593017578e+00 -3.667344093322753906e+00
-2.196934700012207031e+00 4.786211550235748291e-01 -2.009695768356323242e+00
-2.614594459533691406e+00 6.006609797477722168e-01 -2.460488557815551758e+00
-2.276957511901855469e+00 1.477542519569396973e-01 -2.264821052551269531e+00
-2.558447360992431641e+00 6.514311432838439941e-01 -1.864430665969848633e+00
-2.366667509078979492e+00 8.262310624122619629e-01 -2.957106351852416992e+00
-1.284911155700683594e+00 1.340411424636840820e+00 -1.428723335266113281e+00
-2.780837297439575195e+00 5.867394804954528809e-01 -2.243983983993530273e+00
-2.126730680465698242e+00 3.225928843021392822e-01 -2.414316654205322266e+00
-2.316205739974975586e+00 8.124696612358093262e-01 -1.416043400764465332e+00
-2.698059797286987305e+00 6.355300545692443848e-01 -2.769442558288574219e+00
3.793815076351165771e-01 2.035168886184692383e+00 -1.907414436340332031e+00
-2.793727397918701172e+00 5.683889389038085938e-01 -1.905265927314758301e+00
-1.906365275382995605e+00 1.217975974082946777e+00 -3.912140369415283203e+00
-2.137855291366577148e+00 3.159145116806030273e-01 -2.022069215774536133e+00
-2.860055208206176758e+00 4.963874220848083496e-01 -2.450845241546630859e+00
-5.078521966934204102e-01 1.198959469795227051e+00 -3.082192659378051758e+00
-2.714846134185791016e+00 7.265720963478088379e-01 -1.218508839607238770e+00
-2.350751161575317383e+00 2.528902888298034668e-01 -2.469986200332641602e+00
-1.720272183418273926e+00 4.338947832584381104e-01 -1.972242832183837891e+00
-2.891386270523071289e+00 4.200920760631561279e-01 -2.102859497070312500e+00
-1.902746438980102539e+00 4.265499114990234375e-01 -2.846805095672607422e+00
-2.237117767333984375e+00 2.366516143083572388e-01 -2.033005475997924805e+00
-2.935088872909545898e+00 4.420595169067382812e-01 -2.774514913558959961e+00
-5.535280108451843262e-01 7.179374694824218750e-01 -2.407603740692138672e+00
-2.952891349792480469e+00 4.527035355567932129e-01 -1.534156441688537598e+00
-2.274729728698730469e+00 2.772056460380554199e-01 -2.721477270126342773e+00
-2.110352516174316406e+00 2.124694585800170898e-01 -2.081163406372070312e+00
-2.949508428573608398e+00 3.090873658657073975e-01 -2.327152967453002930e+00
-2.163381338119506836e+00 1.787035465240478516e-01 -2.351021289825439453e+00
-2.323355674743652344e+00 1.984480321407318115e-01 -2.009776115417480469e+00
-2.368911504745483398e+00 1.778480708599090576e-01 -2.410944938659667969e+00
-1.581813693046569824e+00 2.582384049892425537e-01 -2.074311017990112305e+00
-2.911279439926147461e+00 2.421946972608566284e-01 -1.939297437667846680e+00
-2.008633852005004883e+00 2.340546995401382446e-01 -2.988577842712402344e+00
-1.482810139656066895e+00 3.400279879570007324e-01 -3.140178620815277100e-01
-3.193619012832641602e+00 2.196589261293411255e-01 -2.699244022369384766e+00
-2.145008325576782227e+00 1.547368019819259644e-01 -2.305502414703369141e+00
-4.386484146118164062e+00 2.742407917976379395e-01 1.334712147712707520e+00
-2.356978416442871094e+00 1.516043394804000854e-01 -2.637464761734008789e+00
-2.042966127395629883e+00 1.448549181222915649e-01 -2.098604440689086914e+00
-2.975158452987670898e+00 1.264231652021408081e-01 -2.177805662155151367e+00
-2.093374490737915039e+00 1.334312707185745239e-01 -2.480501890182495117e+00
-2.226772785186767578e+00 5.014174804091453552e-02 -8.886713385581970215e-01
-2.383145809173583984e+00 1.339439749717712402e-01 -2.372574806213378906e+00
-6.858966350555419922e-01 -3.036413714289665222e-02 -2.183469057083129883e+00
-2.854485034942626953e+00 4.852045327425003052e-02 -1.787639141082763672e+00
-2.176262378692626953e+00 3.605189546942710876e-02 -2.986554622650146484e+00
-3.930809497833251953e-01 -4.312609434127807617e-01 4.711506366729736328e-01
-4.188678741455078125e+00 -2.358602732419967651e-01 -2.704703569412231445e+00
-2.151869297027587891e+00 1.165475994348526001e-01 -2.335690975189208984e+00
-3.158760309219360352e+00 -5.348145365715026855e-01 4.533486366271972656e-01
-2.401742458343505859e+00 6.927785277366638184e-02 -2.538401126861572266e+00
-1.946297645568847656e+00 4.593433812260627747e-02 -2.124538183212280273e+00
-2.922833681106567383e+00 -6.216632574796676636e-02 -2.036064863204956055e+00
-1.907126903533935547e+00 -1.119401454925537109e-01 -2.960234642028808594e+00
-1.905322790145874023e+00 -3.774594366550445557e-01 -8.265293240547180176e-01
-2.407419204711914062e+00 8.894894272089004517e-02 -2.349609136581420898e+00
-2.132768869400024414e+00 8.885235339403152466e-02 -2.288877725601196289e+00
-3.545746803283691406e+00 -7.348188161849975586e-01 -6.429299116134643555e-01
-2.336779356002807617e+00 -2.025384157896041870e-01 -3.032377243041992188e+00
-1.608835458755493164e+00 -2.931265532970428467e-01 -1.640668869018554688e+00
-3.125380277633666992e+00 -2.852253019809722900e-01 -2.273098945617675781e+00
-2.079416990280151367e+00 4.519836977124214172e-03 -2.442270994186401367e+00
-2.396809577941894531e+00 -5.550343394279479980e-01 -1.036856889724731445e+00
-2.420743227005004883e+00 3.879128722473978996e-03 -2.456202507019042969e+00
-2.108411788940429688e+00 3.907317668199539185e-02 -2.233308792114257812e+00
-2.782862424850463867e+00 -2.504096329212188721e-01 -1.949896454811096191e+00
-2.121697664260864258e+00 -2.586634457111358643e-01 -2.820689916610717773e+00
-1.941702127456665039e+00 -4.024360775947570801e-01 -1.603614568710327148e+00
-2.443699121475219727e+00 8.381254039704799652e-03 -2.327565193176269531e+00
-2.137432575225830078e+00 2.372497320175170898e-02 -2.320827960968017578e+00
-3.004562854766845703e+00 -1.316102266311645508e+00 -7.486813664436340332e-01
-2.443822860717773438e+00 -3.812670111656188965e-01 -2.815573930740356445e+00
-1.480066061019897461e+00 -7.525600194931030273e-01 -1.792560696601867676e+00
-2.899561643600463867e+00 -5.068917870521545410e-01 -2.134297847747802734e+00
-2.136353969573974609e+00 -1.154771074652671814e-01 -2.460724592208862305e+00
-2.164556741714477539e+00 -9.500573873519897461e-01 -1.325619578361511230e+00
-2.483762025833129883e+00 -1.897097527980804443e-01 -2.442595720291137695e+00
-2.110050439834594727e+00 -7.334813475608825684e-02 -2.270092487335205078e+00
-2.627093553543090820e+00 -5.484423637390136719e-01 -1.923122882843017578e+00
-2.260041475296020508e+00 -3.173991739749908447e-01 -2.566769838333129883e+00
-1.941925764083862305e+00 -7.383797168731689453e-01 -1.855283856391906738e+00
-2.606659889221191406e+00 -4.656990170478820801e-01 -2.312461376190185547e+00
-2.146708011627197266e+00 -1.757658123970031738e-01 -2.353571891784667969e+00
-2.363906383514404297e+00 -7.385191917419433594e-01 -1.895203709602355957e+00
-2.367130994796752930e+00 -3.578375577926635742e-01 -2.425806760787963867e+00
-2.077099800109863281e+00 -5.699334740638732910e-01 -2.198905706405639648e+00
-2.417332410812377930e+00 -6.064680814743041992e-01 -2.201618909835815430e+00
-2.276957511901855469e+00 -5.358095765113830566e-01 -2.264821052551269531e+00
