-4.440940320491790771e-01 -1.432393550872802734e+00 6.996991038322448730e-01
-4.644459784030914307e-01 -1.523279547691345215e+00 7.183431386947631836e-01
-4.396182894706726074e-01 -1.483912229537963867e+00 6.487001776695251465e-01
-2.086632400751113892e-01 -5.982651710510253906e-01 1.006776928901672363e+00
-4.682164788246154785e-01 -1.601324081420898438e+00 6.954321861267089844e-01
-4.787817969918251038e-02 -6.946147084236145020e-01 4.476590156555175781e-01
-4.759872257709503174e-01 -1.432268023490905762e+00 8.183402419090270996e-01
-4.603431820869445801e-01 -1.599460005760192871e+00 6.684123277664184570e-01
4.679687693715095520e-02 -8.546926975250244141e-01 8.789716958999633789e-01
-1.377055525779724121e+00 -2.222131639719009399e-01 1.084812045097351074e+00
-3.288946747779846191e-01 -1.298633575439453125e+00 4.535247683525085449e-01
-2.332274615764617920e-01 -7.866408824920654297e-01 1.371974945068359375e+00
-1.620920300483703613e+00 -7.990547269582748413e-02 1.770422421395778656e-02
1.339270621538162231e-01 -1.012453675270080566e+00 5.726227760314941406e-01
-4.834969043731689453e-01 -1.587997794151306152e+00 7.557456493377685547e-01
-4.519647061824798584e-01 -1.598976373672485352e+00 6.389616727828979492e-01
9.950517117977142334e-02 -1.004976987838745117e+00 1.157845139503479004e+00
-2.262107133865356445e+00 -7.463065534830093384e-02 7.748796343803405762e-01
8.587893098592758179e-02 -1.041703224182128906e+00 1.723052114248275757e-01
-4.548805058002471924e-01 -1.475820183753967285e+00 9.329666495323181152e-01
-1.301831483840942383e+00 -6.649587750434875488e-01 -3.281569778919219971e-01
3.784615695476531982e-01 -1.074049949645996094e+00 8.103727698326110840e-01
-2.191652059555053711e+00 -2.360446453094482422e-01 1.915604352951049805e+00
-3.923053741455078125e-01 -1.508943438529968262e+00 4.694932699203491211e-01
9.924458712339401245e-02 -1.001661539077758789e+00 1.647897481918334961e+00
-3.978681802749633789e+00 4.548218250274658203e-01 -4.279308021068572998e-01
5.292023420333862305e-01 -1.080168128013610840e+00 2.500115036964416504e-01
-4.833776056766510010e-01 -1.606575846672058105e+00 7.935651540756225586e-01
-1.034665584564208984e+00 -8.170967698097229004e-01 -9.422403573989868164e-01
2.980484366416931152e-01 -1.277035355567932129e+00 1.089748382568359375e+00
-1.103836417198181152e+00 -1.366079807281494141e+00 8.736050724983215332e-01
2.761341035366058350e-01 -1.121916055679321289e+00 -4.204211235046386719e-01
-2.799309492111206055e-01 -1.292192220687866211e+00 1.654917120933532715e+00
-2.164277791976928711e+00 -8.892650604248046875e-01 -6.325079798698425293e-01
1.902708411216735840e-01 -1.448627710342407227e+00 6.471432447433471680e-01
-2.281338214874267578e+00 -8.296248316764831543e-01 2.685706138610839844e+00
-4.364915788173675537e-01 -1.216728568077087402e+00 -8.587137460708618164e-01
-8.558371663093566895e-02 -1.519244432449340820e+00 1.094904422760009766e+00
-1.249807476997375488e+00 -1.465225934982299805e+00 6.250257492065429688e-01
5.561416149139404297e-01 -1.385940194129943848e+00 -5.944411084055900574e-02
-4.625718891620635986e-01 -1.638313770294189453e+00 8.012697100639343262e-01
-2.845136165618896484e+00 -8.727113604545593262e-01 -3.115796804428100586e+00
5.878857150673866272e-02 -1.578575611114501953e+00 8.375183939933776855e-01
-4.403347969055175781e+00 -1.069032549858093262e+00 2.731522798538208008e+00
-7.938813418149948120e-02 -1.541202664375305176e+00 -2.840324342250823975e-01
-2.774116098880767822e-01 -1.618146300315856934e+00 1.109150409698486328e+00
-2.233998775482177734e+00 -1.518098831176757812e+00 -1.485701501369476318e-01
5.988563224673271179e-02 -1.631832480430603027e+00 5.443167686462402344e-01
-9.955890178680419922e-01 -1.625434875488281250e+00 1.640727519989013672e+00
-1.294030427932739258e+00 -1.617609024047851562e+00 -3.258306264877319336e+00
-1.202282831072807312e-01 -1.662515282630920410e+00 9.297581911087036133e-01
-1.398506283760070801e+00 -1.687661051750183105e+00 8.186456561088562012e-01
1.000367179512977600e-01 -1.700954914093017578e+00 6.043196842074394226e-02
-4.402317106723785400e-01 -1.666014790534973145e+00 8.056104779243469238e-01
-1.931846618652343750e+00 -1.851991415023803711e+00 -8.099874258041381836e-01
3.773296996951103210e-02 -1.712442636489868164e+00 7.243352532386779785e-01
-1.095316886901855469e+00 -1.770398855209350586e+00 1.237771868705749512e+00
-3.879005908966064453e-01 -1.720838427543640137e+00 2.969322502613067627e-01
-2.519284784793853760e-01 -1.717565059661865234e+00 9.787829518318176270e-01
-1.618123292922973633e+00 -1.894088268280029297e+00 4.295577108860015869e-01
1.400973368436098099e-02 -1.772788882255554199e+00 4.401558339595794678e-01
-6.847984194755554199e-01 -1.844822168350219727e+00 1.441673755645751953e+00
-1.540528059005737305e+00 -2.348041772842407227e+00 -1.704134225845336914e+00
-8.381709456443786621e-02 -1.769442200660705566e+00 8.525469899177551270e-01
-2.420521020889282227e+00 -2.300874233245849609e+00 1.399708986282348633e+00
-1.199944764375686646e-01 -1.886084556579589844e+00 9.027615934610366821e-02
-4.159728288650512695e-01 -1.698244690895080566e+00 8.085330724716186523e-01
-2.870523452758789062e+00 -2.752210378646850586e+00 -8.772585988044738770e-01
5.713431909680366516e-02 -1.863257050514221191e+00 6.160736083984375000e-01
-9.231913685798645020e-01 -1.991763591766357422e+00 1.312128305435180664e+00
-7.202721834182739258e-01 -3.275689363479614258e+00 -2.843857288360595703e+00
-2.183578461408615112e-01 -1.807461261749267578e+00 9.105793237686157227e-01
-1.594452500343322754e+00 -2.245570182800292969e+00 6.884751915931701660e-01
-1.767842657864093781e-02 -1.967691421508789062e+00 3.166517019271850586e-01
-5.277758836746215820e-01 -2.149195909500122070e+00 1.557075262069702148e+00
-1.091727375984191895e+00 -2.306538581848144531e+00 -1.623129397630691528e-01
6.852034479379653931e-03 -1.949279785156250000e+00 7.840104699134826660e-01
-1.797847628593444824e+00 -2.723951339721679688e+00 1.542407631874084473e+00
1.927095800638198853e-01 -3.325437545776367188e+00 -1.580215454101562500e+00
-3.932313323020935059e-01 -1.741973519325256348e+00 8.000129461288452148e-01
-1.549573063850402832e+00 -2.582530736923217773e+00 2.837116420269012451e-01
6.986304372549057007e-02 -2.115379333496093750e+00 4.933906197547912598e-01
-7.544426321983337402e-01 -2.282887220382690430e+00 1.346384644508361816e+00
-7.412021160125732422e-01 -2.600438833236694336e+00 -2.809312343597412109e-01
-1.805425584316253662e-01 -1.956258296966552734e+00 8.558871746063232422e-01
-1.346302509307861328e+00 -2.607142448425292969e+00 8.888386487960815430e-01
2.974721789360046387e-01 -3.046827554702758789e+00 -3.335278332233428955e-01
-3.264344930648803711e-01 -2.807675600051879883e+00 1.682841658592224121e+00
-1.377003073692321777e+00 -3.180825710296630859e+00 -1.022544652223587036e-01
5.114603042602539062e-02 -2.314548492431640625e+00 6.840577125549316406e-01
-1.591400861740112305e+00 -3.939761638641357422e+00 1.819357275962829590e+00
-3.886928558349609375e-01 -3.181908607482910156e+00 -2.892019748687744141e-01
-3.952316045761108398e-01 -1.787739753723144531e+00 7.594277262687683105e-01
-1.541618585586547852e+00 -3.700585842132568359e+00 5.411121249198913574e-01
-2.753803730010986328e-01 -2.077561616897583008e+00 5.847390890121459961e-01
-5.503995418548583984e-01 -2.742079496383666992e+00 1.151601433753967285e+00
-7.500399947166442871e-01 -3.373905420303344727e+00 1.534972488880157471e-01
-2.238842546939849854e-01 -2.449274063110351562e+00 7.723266482353210449e-01
-6.341387629508972168e-01 -2.679596900939941406e+00 7.852646112442016602e-01
-4.440940320491790771e-01 -2.574218750000000000e+00 6.996991038322448730e-01
