-4.354197680950164795e-01 -7.263345718383789062e-01 -8.893164992332458496e-01
-7.660380005836486816e-01 1.470365285873413086e+00 -5.864430665969848633e-01
-4.157217442989349365e-01 4.204577952623367310e-02 -1.113765358924865723e+00
-1.251111626625061035e-01 6.711067557334899902e-01 -4.845738708972930908e-01
-6.957430839538574219e-01 -1.092811152338981628e-01 -9.353640079498291016e-01
-2.088295817375183105e-01 -1.751009970903396606e-01 -1.033454656600952148e+00
-6.361706852912902832e-01 6.976911425590515137e-01 -1.425330340862274170e-01
-6.178789138793945312e-01 -6.335785239934921265e-02 -1.240630507469177246e+00
-3.380831480026245117e-01 -5.669506192207336426e-01 -8.537693023681640625e-01
-1.876209974288940430e+00 1.491754055023193359e+00 -2.945792376995086670e-01
-2.723828256130218506e-01 -2.170271128416061401e-01 -1.237717032432556152e+00
-1.484704464673995972e-01 4.601031243801116943e-01 2.552313171327114105e-02
-4.974941015243530273e-01 -6.430679559707641602e-01 -9.252898693084716797e-01
1.810632180422544479e-03 -2.376463264226913452e-01 -9.854403734207153320e-01
-4.354197680950164795e-01 -7.263345718383789062e-01 -8.893164992332458496e-01
-4.957183301448822021e-01 -2.702959775924682617e-01 -1.354636430740356445e+00
7.514837980270385742e-01 7.005836963653564453e-01 1.110071092844009399e-01
-2.076548576354980469e+00 7.034336328506469727e-01 -8.214506506919860840e-01
-2.245914004743099213e-02 -2.457180321216583252e-01 -1.300267457962036133e+00
-4.598183035850524902e-01 -3.131155371665954590e-01 -3.616755902767181396e-01
-8.156592845916748047e-01 -2.858914732933044434e-01 -1.344970583915710449e+00
4.482549428939819336e-02 -3.851048052310943604e-01 -8.247001767158508301e-01
-1.391771554946899414e+00 5.210601538419723511e-02 -2.239118069410324097e-01
-3.347527384757995605e-01 -4.356213510036468506e-01 -1.336791634559631348e+00
8.857882618904113770e-01 8.708706498146057129e-01 1.416367650032043457e+00
-5.651136040687561035e-01 -6.487908363342285156e-01 -9.306923747062683105e-01
3.812732994556427002e-01 -2.410542368888854980e-01 -1.266649365425109863e+00
-6.278956532478332520e-01 -4.719125926494598389e-01 -4.294052720069885254e-01
-6.518315672874450684e-01 -4.180059731006622314e-01 -1.490996479988098145e+00
-3.299306929111480713e-01 -6.721124053001403809e-01 -8.338744044303894043e-01
-1.283849954605102539e+00 -3.502785563468933105e-01 -6.656730175018310547e-01
-1.730082184076309204e-01 -5.308320522308349609e-01 -1.297426700592041016e+00
-3.670373857021331787e-01 -5.737475752830505371e-01 -4.914189577102661133e-01
-9.509440660476684570e-01 -4.958007633686065674e-01 -1.288567543029785156e+00
-3.235203623771667480e-01 -6.893135309219360352e-01 -8.985871076583862305e-01
-8.551701903343200684e-01 -5.369630455970764160e-01 -4.355785846710205078e-01
-4.331422448158264160e-01 -5.939884781837463379e-01 -1.356184124946594238e+00
-2.807233333587646484e-01 -6.662450432777404785e-01 -7.187862396240234375e-01
-1.008242607116699219e+00 -5.889244675636291504e-01 -9.424055814743041992e-01
-3.190169334411621094e-01 -6.946150660514831543e-01 -9.776620864868164062e-01
-5.217875838279724121e-01 -6.319705843925476074e-01 -4.145625233650207520e-01
-8.064877390861511230e-01 -6.048948764801025391e-01 -1.478980541229248047e+00
-3.230948150157928467e-01 -7.084819674491882324e-01 -8.585329055786132812e-01
-1.208071947097778320e+00 -6.112989783287048340e-01 -4.928041696548461914e-01
-3.277325630187988281e-01 -6.916993260383605957e-01 -1.179784178733825684e+00
-3.228366076946258545e-01 -6.990766525268554688e-01 -6.127587556838989258e-01
-5.154644846916198730e-01 -7.200556993484497070e-01 -9.272511601448059082e-01
-3.235529959201812744e-01 -7.204147577285766602e-01 -9.238062500953674316e-01
-7.441320419311523438e-01 -7.078242897987365723e-01 -3.625537157058715820e-01
-5.527834296226501465e-01 -7.206878066062927246e-01 -1.435858488082885742e+00
-3.241618573665618896e-01 -7.277131676673889160e-01 -8.102840781211853027e-01
-1.591962814331054688e+00 -7.616686820983886719e-01 -7.451787590980529785e-01
-3.185064196586608887e-01 -7.354560494422912598e-01 -1.026671051979064941e+00
-4.222992360591888428e-01 -7.518548965454101562e-01 -5.295286178588867188e-01
-8.930026888847351074e-01 -7.858453392982482910e-01 -1.353645563125610352e+00
-3.230948150157928467e-01 -7.389093041419982910e-01 -8.835732340812683105e-01
-2.323797225952148438e+00 -1.050805449485778809e+00 6.709548830986022949e-01
-3.923746347427368164e-01 -7.740850448608398438e-01 -1.197842836380004883e+00
-3.138396143913269043e-01 -7.637025713920593262e-01 -7.127445340156555176e-01
-6.471444964408874512e-01 -7.688202261924743652e-01 -9.380338788032531738e-01
-3.298704028129577637e-01 -7.526667714118957520e-01 -9.491165280342102051e-01
-6.205611228942871094e-01 -8.696451783180236816e-01 -3.186157047748565674e-01
-6.763129830360412598e-01 -8.778306245803833008e-01 -1.417453408241271973e+00
-3.230948150157928467e-01 -7.609227299690246582e-01 -8.416625261306762695e-01
-2.062234878540039062e+00 -1.255076766014099121e+00 -3.131319582462310791e-01
-3.236803412437438965e-01 -8.047978281974792480e-01 -1.099426507949829102e+00
-3.574927449226379395e-01 -8.364651203155517578e-01 -5.877252817153930664e-01
-1.542353034019470215e+00 -1.225282430648803711e+00 -1.608722090721130371e+00
-3.272241950035095215e-01 -7.705330848693847656e-01 -9.073679447174072266e-01
-1.434735536575317383e+00 -1.421461105346679688e+00 3.881070613861083984e-01
-4.668422341346740723e-01 -9.103317260742187500e-01 -1.292488336563110352e+00
-3.197264671325683594e-01 -8.026783466339111328e-01 -7.812371253967285156e-01
-2.844442605972290039e+00 -1.955742478370666504e+00 -9.128211140632629395e-01
-3.378729820251464844e-01 -7.970646619796752930e-01 -9.769424200057983398e-01
-6.596745252609252930e-01 -2.041319847106933594e+00 1.408323049545288086e+00
-8.284842371940612793e-01 -1.119643568992614746e+00 -1.412492632865905762e+00
-3.258836269378662109e-01 -7.969653010368347168e-01 -8.688369989395141602e-01
-2.923240661621093750e+00 -2.684332132339477539e+00 6.593462228775024414e-01
-3.748343884944915771e-01 -8.849264979362487793e-01 -1.106227159500122070e+00
-2.407535016536712646e-01 -1.045802950859069824e+00 -5.053864717483520508e-01
-8.901633620262145996e-01 -1.106437563896179199e+00 -1.060434699058532715e+00
-3.347236812114715576e-01 -8.158473372459411621e-01 -9.297370910644531250e-01
-1.398972511291503906e+00 -2.664889812469482422e+00 1.118476152420043945e+00
-6.015906929969787598e-01 -1.253154397010803223e+00 -1.437777638435363770e+00
-3.315945863723754883e-01 -8.436344861984252930e-01 -8.277867436408996582e-01
-3.124080181121826172e+00 -3.553365230560302734e+00 -3.256640732288360596e-01
-3.509056568145751953e-01 -8.845579028129577637e-01 -1.007070302963256836e+00
-3.418230712413787842e-01 -1.640487670898437500e+00 -1.072388887405395508e-01
-8.505075573921203613e-01 -1.403675913810729980e+00 -1.246137142181396484e+00
-3.353632390499114990e-01 -8.588798046112060547e-01 -8.924766182899475098e-01
-1.115829467773437500e+00 -2.079233884811401367e+00 -2.253038883209228516e-01
-3.971311450004577637e-01 -1.779184341430664062e+00 -1.572761416435241699e+00
5.460284948348999023e-01 -3.322192192077636719e+00 3.103894591331481934e-01
-5.831995010375976562e-01 -1.001297473907470703e+00 -9.106699824333190918e-01
-3.517929911613464355e-01 -9.340508580207824707e-01 -9.462990760803222656e-01
-6.974645256996154785e-01 -3.397369384765625000e+00 2.246295809745788574e-01
-6.700144410133361816e-01 -2.041679143905639648e+00 -1.308135628700256348e+00
-3.606757521629333496e-01 -9.947398304939270020e-01 -8.646650910377502441e-01
-4.997792541980743408e-01 -1.072132706642150879e+00 -8.603393435478210449e-01
-4.354197680950164795e-01 -1.442512273788452148e+00 -8.893164992332458496e-01
