-1.958509445190429688e+00 -6.387182474136352539e-01 -4.023353099822998047e+00
-2.031144380569458008e+00 -5.531830787658691406e-01 -3.956813573837280273e+00
-1.951991081237792969e+00 -7.815194129943847656e-01 -4.097626209259033203e+00
-1.831768989562988281e+00 -4.650242030620574951e-01 -3.858042716979980469e+00
-2.149198770523071289e+00 -5.837885141372680664e-01 -4.057083129882812500e+00
-1.846735477447509766e+00 -7.638697028160095215e-01 -4.094454765319824219e+00
-2.039260625839233398e+00 -4.629774093627929688e-01 -3.722962379455566406e+00
-2.015252828598022461e+00 -8.296056985855102539e-01 -4.132608890533447266e+00
-1.684619188308715820e+00 -5.873042941093444824e-01 -3.923328876495361328e+00
-2.265185356140136719e+00 -5.636603832244873047e-01 -3.896761894226074219e+00
-1.416943192481994629e+00 6.560004949569702148e-01 -5.180648803710937500e+00
-1.782689094543457031e+00 -3.088286817073822021e-01 -3.462810039520263672e+00
-2.326040029525756836e+00 -5.427800416946411133e-01 -4.236344337463378906e+00
-1.759216547012329102e+00 -8.130383491516113281e-01 -4.067167282104492188e+00
-2.194089651107788086e+00 -6.142563819885253906e-01 -3.688264369964599609e+00
-2.079885482788085938e+00 -1.178181469440460205e-01 -4.960003852844238281e+00
-1.648043751716613770e+00 -6.625382900238037109e-01 -3.761692285537719727e+00
-2.500802040100097656e+00 -5.633352994918823242e-01 -4.000927448272705078e+00
-6.052159070968627930e-01 5.392193198204040527e-01 -5.370060920715332031e+00
-1.987750411033630371e+00 -5.405545234680175781e-01 -3.390990018844604492e+00
-2.125781297683715820e+00 -8.420299887657165527e-01 -4.223800659179687500e+00
-1.565039992332458496e+00 -7.562134265899658203e-01 -3.970412254333496094e+00
-2.386188745498657227e+00 -6.876686215400695801e-01 -3.725785017013549805e+00
-1.630699396133422852e+00 -8.911366015672683716e-02 -5.480501651763916016e+00
-1.680852890014648438e+00 -7.001277804374694824e-01 -3.538805246353149414e+00
-3.803709745407104492e+00 6.745610386133193970e-02 -4.612022399902343750e+00
-1.450533390045166016e+00 -7.339459657669067383e-01 -4.258050918579101562e+00
-2.078769207000732422e+00 -8.768221735954284668e-01 -3.735998630523681641e+00
-2.408639192581176758e+00 -3.944722712039947510e-01 -5.274828910827636719e+00
-1.539162397384643555e+00 -8.202385902404785156e-01 -3.802956104278564453e+00
-4.033181190490722656e+00 -1.162138953804969788e-01 -3.476476192474365234e+00
-1.233380198478698730e+00 -4.955484867095947266e-01 -5.151095867156982422e+00
-1.834616541862487793e+00 -7.593342065811157227e-01 -3.302455902099609375e+00
-2.109657287597656250e+00 -9.681954383850097656e-01 -4.140410423278808594e+00
4.758108258247375488e-01 -2.304102480411529541e-01 -4.225031375885009766e+00
-2.159169435501098633e+00 -9.452579021453857422e-01 -3.806445598602294922e+00
-1.951258063316345215e+00 -6.144136190414428711e-01 -5.509798049926757812e+00
-1.582939505577087402e+00 -8.899016976356506348e-01 -3.609342098236083984e+00
-2.759830713272094727e+00 -8.435633182525634766e-01 -4.097619533538818359e+00
-1.140242576599121094e+00 -8.128101229667663574e-01 -4.644388675689697266e+00
-2.014998197555541992e+00 -9.740675091743469238e-01 -3.712841033935546875e+00
-2.132961988449096680e+00 -9.786928892135620117e-01 -4.300575733184814453e+00
-1.413471460342407227e+00 -9.491593837738037109e-01 -3.873980760574340820e+00
-2.265142202377319336e+00 -9.901334047317504883e-01 -3.865994215011596680e+00
-1.423013091087341309e+00 -8.635553717613220215e-01 -5.467762947082519531e+00
-1.649993538856506348e+00 -9.610903263092041016e-01 -3.265491485595703125e+00
-2.119039773941040039e+00 -1.023193836212158203e+00 -4.099431514739990234e+00
1.509979069232940674e-01 -9.241542220115661621e-01 -4.673736572265625000e+00
-2.078875064849853516e+00 -1.028569102287292480e+00 -3.817970514297485352e+00
-2.463280916213989258e+00 -1.011499881744384766e+00 -6.373986244201660156e+00
-1.403182983398437500e+00 -1.042667031288146973e+00 -3.628875255584716797e+00
-2.530259132385253906e+00 -1.053254008293151855e+00 -3.952096939086914062e+00
-9.387513399124145508e-01 -1.115346789360046387e+00 -5.221406936645507812e+00
-1.945341348648071289e+00 -1.061399102210998535e+00 -3.662260055541992188e+00
-2.157572031021118164e+00 -1.061675190925598145e+00 -4.225350379943847656e+00
9.061252474784851074e-01 -1.356480479240417480e+00 -3.876882314682006836e+00
-2.141967296600341797e+00 -1.067308902740478516e+00 -3.871771097183227539e+00
-1.718363523483276367e+00 -1.302182793617248535e+00 -5.744600772857666016e+00
-1.121816873550415039e+00 -1.292946219444274902e+00 -2.808216571807861328e+00
-2.126154899597167969e+00 -1.069426655769348145e+00 -4.061927795410156250e+00
-8.194183111190795898e-01 -1.319963574409484863e+00 -4.668716430664062500e+00
-2.033628940582275391e+00 -1.093933105468750000e+00 -3.791796445846557617e+00
-2.183382749557495117e+00 -1.177207350730895996e+00 -4.516367435455322266e+00
-1.021517157554626465e+00 -1.324313640594482422e+00 -3.625833034515380859e+00
-2.227050781250000000e+00 -1.123066544532775879e+00 -3.928241252899169922e+00
-1.043531894683837891e+00 -1.678281903266906738e+00 -5.743837833404541016e+00
-1.822555780410766602e+00 -1.227923035621643066e+00 -3.497188568115234375e+00
-2.174860477447509766e+00 -1.133305907249450684e+00 -4.163961410522460938e+00
-4.781964719295501709e-01 -1.640502691268920898e+00 -4.270329952239990234e+00
-2.084729671478271484e+00 -1.123585343360900879e+00 -3.862005949020385742e+00
-2.016137361526489258e+00 -1.373231649398803711e+00 -4.762758731842041016e+00
-1.169206500053405762e+00 -1.556631803512573242e+00 -3.285995244979858398e+00
-2.137546300888061523e+00 -1.127154827117919922e+00 -4.025099754333496094e+00
-1.071874856948852539e+00 -1.678674817085266113e+00 -4.819813251495361328e+00
-1.983528256416320801e+00 -1.182491540908813477e+00 -3.767018556594848633e+00
-2.219214677810668945e+00 -1.296653389930725098e+00 -4.370356559753417969e+00
-1.339028000831604004e+00 -1.435238003730773926e+00 -3.907531499862670898e+00
-2.108787775039672852e+00 -1.154060244560241699e+00 -3.929805040359497070e+00
-1.653210401535034180e+00 -1.834955215454101562e+00 -5.116399288177490234e+00
-1.737316727638244629e+00 -1.398787260055541992e+00 -3.587106466293334961e+00
-2.178679943084716797e+00 -1.219818353652954102e+00 -4.106202602386474609e+00
-1.189035534858703613e+00 -1.719802379608154297e+00 -4.332229137420654297e+00
-2.047038793563842773e+00 -1.213896870613098145e+00 -3.838881015777587891e+00
-2.125571250915527344e+00 -1.565430045127868652e+00 -4.574754238128662109e+00
-1.561811208724975586e+00 -1.483968973159790039e+00 -3.788258552551269531e+00
-2.121027946472167969e+00 -1.206668496131896973e+00 -3.989282608032226562e+00
-1.958509445190429688e+00 -1.035786151885986328e+00 -4.023353099822998047e+00
-1.925912976264953613e+00 -1.354154229164123535e+00 -3.750982284545898438e+00
-2.210411310195922852e+00 -1.446840167045593262e+00 -4.239894390106201172e+00
-5.466688275337219238e-01 -2.906055927276611328e+00 -4.067944049835205078e+00
-2.096484661102294922e+00 -1.310130476951599121e+00 -3.888702869415283203e+00
-1.928783893585205078e+00 -1.853170633316040039e+00 -4.553948402404785156e+00
-1.783255934715270996e+00 -1.499318480491638184e+00 -3.809126138687133789e+00
-2.225522041320800781e+00 -1.532596945762634277e+00 -4.061934947967529297e+00
-1.201952934265136719e+00 -2.914958477020263672e+00 -4.538864135742187500e+00
-2.000975370407104492e+00 -1.468642830848693848e+00 -3.842831611633300781e+00
-2.082225322723388672e+00 -1.729446887969970703e+00 -4.244221687316894531e+00
-1.161728143692016602e+00 -3.897021770477294922e+00 -3.760565996170043945e+00
-2.046670436859130859e+00 -1.509468078613281250e+00 -3.983659505844116211e+00
-1.958509445190429688e+00 -1.610375881195068359e+00 -4.023353099822998047e+00
