-1.172928214073181152e+00 1.128312945365905762e-01 1.846349596977233887e+00
-1.366870641708374023e+00 -6.105569750070571899e-02 2.024016857147216797e+00
-1.152621626853942871e+00 -5.575312972068786621e-01 1.614966154098510742e+00
-8.932883739471435547e-01 -9.032371640205383301e-02 2.211090326309204102e+00
-1.900730252265930176e+00 3.754830956459045410e-01 1.717611670494079590e+00
-1.019202947616577148e+00 -9.756789803504943848e-01 1.748562216758728027e+00
-1.211773157119750977e+00 -1.074105381965637207e+00 1.990850687026977539e+00
-1.373139262199401855e+00 -6.221722960472106934e-01 1.460855484008789062e+00
-6.375705599784851074e-01 -4.730298221111297607e-01 2.041861295700073242e+00
-3.382784843444824219e+00 2.052410602569580078e+00 2.758546352386474609e+00
-5.773892402648925781e-01 5.107393264770507812e-01 5.737173557281494141e-01
-9.364054799079895020e-01 -3.717105686664581299e-01 2.600421428680419922e+00
-1.733770728111267090e+00 -5.973364710807800293e-01 1.521329879760742188e+00
-8.662339448928833008e-01 -1.006862282752990723e+00 1.778923749923706055e+00
-1.293550848960876465e+00 -1.133818507194519043e+00 2.017922878265380859e+00
-1.246711730957031250e+00 -7.916259169578552246e-01 1.276966929435729980e+00
-2.760013937950134277e-01 -2.713489532470703125e-01 2.602280378341674805e+00
-2.233657121658325195e+00 -4.255335628986358643e-01 1.890214085578918457e+00
-2.763636708259582520e-01 -3.062016367912292480e-01 9.541481137275695801e-01
-1.230748057365417480e+00 -3.704020678997039795e-01 3.096756935119628906e+00
-3.728666543960571289e+00 1.610738515853881836e+00 -1.216279149055480957e+00
-8.474625945091247559e-01 -1.118397712707519531e+00 1.890140533447265625e+00
-3.011911392211914062e+00 1.472234427928924561e-01 3.125866174697875977e+00
-5.329210162162780762e-01 4.986053705215454102e-01 -9.985464811325073242e-01
-6.232914328575134277e-01 -6.851969957351684570e-01 2.805539131164550781e+00
-1.981099247932434082e+00 -8.664474487304687500e-01 1.588521003723144531e+00
-4.894392788410186768e-01 -9.435213804244995117e-01 1.530560374259948730e+00
-1.350155591964721680e+00 -1.115385651588439941e+00 2.269825458526611328e+00
-1.805574774742126465e+00 -4.483004808425903320e-01 8.743092417716979980e-02
-8.641987442970275879e-01 -1.190962195396423340e+00 2.008609056472778320e+00
-2.430112123489379883e+00 -7.924206256866455078e-01 2.177739143371582031e+00
-6.152736544609069824e-01 -9.341863393783569336e-01 9.790685772895812988e-01
-9.286989569664001465e-01 -8.046835660934448242e-01 3.267449617385864258e+00
-2.195212364196777344e+00 -8.925033211708068848e-01 1.054635405540466309e+00
-9.758593440055847168e-01 -1.284452915191650391e+00 1.830022811889648438e+00
-1.447418808937072754e+00 -1.225814461708068848e+00 2.143065929412841797e+00
-1.168907642364501953e+00 -1.116019487380981445e+00 1.022182703018188477e+00
-8.647118210792541504e-01 -1.229929566383361816e+00 2.186113119125366211e+00
-1.928008198738098145e+00 -1.168521165847778320e+00 1.776368975639343262e+00
-4.450511932373046875e-01 -1.151306629180908203e+00 1.293916821479797363e+00
-1.271464943885803223e+00 -1.241991996765136719e+00 2.387994766235351562e+00
-2.540585279464721680e+00 -9.020573496818542480e-01 -3.269943296909332275e-01
-9.122448563575744629e-01 -1.308219313621520996e+00 1.917792081832885742e+00
-1.555700421333312988e+00 -1.292662858963012695e+00 2.042782068252563477e+00
-3.533011674880981445e-01 -1.086036324501037598e+00 -3.644536733627319336e-01
-6.366267800331115723e-01 -1.219805836677551270e+00 3.163760662078857422e+00
-2.232568025588989258e+00 -1.266531467437744141e+00 1.344166517257690430e+00
-9.924997687339782715e-01 -1.340103626251220703e+00 1.790721535682678223e+00
-1.406414866447448730e+00 -1.335651755332946777e+00 2.244753122329711914e+00
-1.341226458549499512e+00 -1.341554164886474609e+00 1.062613964080810547e+00
-8.911424875259399414e-01 -1.353143095970153809e+00 2.046516895294189453e+00
-3.539914846420288086e+00 -1.421966552734375000e+00 2.141342639923095703e+00
-4.465629756450653076e-01 -1.406321883201599121e+00 9.929859042167663574e-01
-1.150100708007812500e+00 -1.394052624702453613e+00 2.472318649291992188e+00
-1.853811144828796387e+00 -1.438203573226928711e+00 1.155428409576416016e+00
-9.277921915054321289e-01 -1.377094388008117676e+00 1.858883619308471680e+00
-1.570347905158996582e+00 -1.417938351631164551e+00 2.174717664718627930e+00
-4.307122528553009033e-01 -2.173000574111938477e+00 -3.473489522933959961e+00
-8.313245773315429688e-01 -1.454644441604614258e+00 2.342463731765747070e+00
-3.653234720230102539e+00 -1.847360849380493164e+00 1.275636911392211914e+00
-2.524087131023406982e-01 -1.579300403594970703e+00 1.324820041656494141e+00
-1.315663218498229980e+00 -1.460137128829956055e+00 2.286332368850708008e+00
-1.504046201705932617e+00 -1.557889223098754883e+00 1.120403170585632324e+00
-8.881266713142395020e-01 -1.437350392341613770e+00 1.967176914215087891e+00
-1.456955671310424805e+00 -1.441965222358703613e+00 1.946946263313293457e+00
3.148142695426940918e-01 -2.394341945648193359e+00 -9.511377811431884766e-01
-9.173163771629333496e-01 -1.710895657539367676e+00 2.835612297058105469e+00
-2.625150442123413086e+00 -2.004237651824951172e+00 9.025377035140991211e-01
-9.507331252098083496e-01 -1.440419554710388184e+00 1.809278368949890137e+00
-1.387232184410095215e+00 -1.498721957206726074e+00 2.120294094085693359e+00
-1.227395534515380859e+00 -1.668589830398559570e+00 1.147496819496154785e+00
-8.500103950500488281e-01 -1.562738776206970215e+00 2.148015737533569336e+00
-3.179091453552246094e+00 -2.373466253280639648e+00 1.826775670051574707e+00
-1.042685750871896744e-02 -2.192568063735961914e+00 8.020793795585632324e-01
-1.211704492568969727e+00 -1.577027916908264160e+00 2.243638277053833008e+00
-1.820086359977722168e+00 -1.997212290763854980e+00 9.849700331687927246e-01
-7.325010895729064941e-01 -1.633646249771118164e+00 1.928694248199462891e+00
-1.355306386947631836e+00 -1.493189215660095215e+00 1.959879517555236816e+00
-4.599206149578094482e-01 -3.216063022613525391e+00 -7.063940763473510742e-01
-8.639984726905822754e-01 -1.856638669967651367e+00 2.455635309219360352e+00
-2.327070951461791992e+00 -2.314356088638305664e+00 1.412050127983093262e+00
-4.294069111347198486e-01 -2.010597467422485352e+00 1.547891259193420410e+00
-1.281838059425354004e+00 -1.568765401840209961e+00 2.073289394378662109e+00
-1.315126180648803711e+00 -1.800468683242797852e+00 1.377013325691223145e+00
-6.399958729743957520e-01 -1.951749324798583984e+00 2.162180423736572266e+00
-1.305158495903015137e+00 -1.488687038421630859e+00 1.874070405960083008e+00
-1.010431647300720215e+00 -1.653869867324829102e+00 1.619942665100097656e+00
-1.048131704330444336e+00 -2.568531990051269531e+00 2.889127969741821289e+00
-2.159402370452880859e+00 -2.959382534027099609e+00 9.983500242233276367e-01
-4.683507382869720459e-01 -2.283007621765136719e+00 1.824096560478210449e+00
-1.282706499099731445e+00 -1.567930340766906738e+00 1.953482389450073242e+00
-1.158583402633666992e+00 -1.744101643562316895e+00 1.590296983718872070e+00
-8.021745681762695312e-01 -2.330267429351806641e+00 2.299552679061889648e+00
-1.262148737907409668e+00 -1.515657544136047363e+00 1.833457708358764648e+00
-6.032129526138305664e-01 -2.764738559722900391e+00 1.458150506019592285e+00
-1.202402353286743164e+00 -1.650082945823669434e+00 1.971643447875976562e+00
-1.266354799270629883e+00 -1.873483300209045410e+00 1.679556250572204590e+00
-7.397908568382263184e-01 -2.905044555664062500e+00 1.989202976226806641e+00
-1.224318623542785645e+00 -1.625768065452575684e+00 1.869487524032592773e+00
-1.172928214073181152e+00 -2.540882349014282227e+00 1.846349596977233887e+00
