-1.767189621925354004e+00 -1.403668999671936035e+00 1.944010496139526367e+00
-1.789854407310485840e+00 -1.413326859474182129e+00 1.964773297309875488e+00
-1.716504931449890137e+00 4.131894409656524658e-01 1.366484999656677246e+00
-1.708315730094909668e+00 -1.298784494400024414e+00 2.020801067352294922e+00
-2.012001752853393555e+00 -9.836300611495971680e-01 1.900706648826599121e+00
-9.827730059623718262e-01 3.443600535392761230e-01 1.445028901100158691e+00
-1.785525918006896973e+00 -1.433848381042480469e+00 2.012220621109008789e+00
-2.085277318954467773e+00 -4.081254899501800537e-01 1.331552267074584961e+00
-1.689124464988708496e+00 -1.436088919639587402e+00 1.972519755363464355e+00
-2.668788671493530273e+00 -1.759099513292312622e-01 2.316177368164062500e+00
-1.478967428207397461e+00 -6.635456681251525879e-01 1.328096270561218262e+00
-1.714157938957214355e+00 -1.344648599624633789e+00 2.113084077835083008e+00
-2.438481807708740234e+00 -6.634440422058105469e-01 1.554982900619506836e+00
-8.932429552078247070e-01 -5.871148109436035156e-01 1.751875758171081543e+00
-1.813340783119201660e+00 -1.481337189674377441e+00 2.009655714035034180e+00
-1.961198449134826660e+00 -9.662651270627975464e-02 4.468579292297363281e-01
-1.540156364440917969e+00 -1.290972948074340820e+00 2.135354280471801758e+00
-3.352899789810180664e+00 -1.824297606945037842e-01 2.009584665298461914e+00
-1.106303334236145020e+00 -7.947564721107482910e-01 1.286340355873107910e+00
-1.773130536079406738e+00 -1.463299989700317383e+00 2.072488307952880859e+00
-2.476717472076416016e+00 -7.420487999916076660e-01 1.093758940696716309e+00
-1.598723173141479492e+00 -1.444215893745422363e+00 1.966677427291870117e+00
-2.883159160614013672e+00 -6.555522084236145020e-01 2.720473051071166992e+00
-1.088349938392639160e+00 3.964833319187164307e-01 -1.073499798774719238e+00
-1.637958288192749023e+00 -1.407689213752746582e+00 2.169536352157592773e+00
-2.543998003005981445e+00 -1.099464297294616699e+00 1.696187496185302734e+00
-5.001915097236633301e-01 -8.110643625259399414e-01 1.358625292778015137e+00
-1.815914750099182129e+00 -1.499509930610656738e+00 2.060436725616455078e+00
-2.218367338180541992e+00 -9.211100339889526367e-01 6.896218061447143555e-01
-7.534672617912292480e-01 -1.042855620384216309e+00 2.476794481277465820e+00
-2.621092319488525391e+00 -1.185435056686401367e+00 2.169096469879150391e+00
-1.205739378929138184e+00 -1.145623564720153809e+00 1.070826411247253418e+00
-1.733338356018066406e+00 -1.488381743431091309e+00 2.140981197357177734e+00
-4.261270046234130859e+00 -4.486058056354522705e-01 1.245432998985052109e-02
-1.334214210510253906e+00 -1.420670151710510254e+00 1.908139348030090332e+00
-2.982374668121337891e+00 -1.015682816505432129e+00 3.257590055465698242e+00
-1.754094839096069336e+00 -8.029874563217163086e-01 -7.402634620666503906e-01
-1.573265552520751953e+00 -1.488589763641357422e+00 2.157783508300781250e+00
-4.074792861938476562e+00 -1.010363340377807617e+00 1.730142354965209961e+00
-4.863342642784118652e-01 -1.214886307716369629e+00 9.718869328498840332e-01
-1.799778223037719727e+00 -1.528310894966125488e+00 2.123146295547485352e+00
-3.085845232009887695e+00 -1.132359266281127930e+00 -1.514649987220764160e-01
-1.365691065788269043e+00 -1.500103712081909180e+00 2.054044723510742188e+00
-2.621677398681640625e+00 -1.436697006225585938e+00 2.382519483566284180e+00
-1.448789596557617188e+00 -1.461510300636291504e+00 1.085181236267089844e+00
-1.695676565170288086e+00 -1.546602368354797363e+00 2.119680643081665039e+00
-2.731286764144897461e+00 -1.488291025161743164e+00 1.487106919288635254e+00
-1.126710891723632812e+00 -1.530023455619812012e+00 1.746544003486633301e+00
-1.827572941780090332e+00 -1.560296177864074707e+00 2.047044038772583008e+00
-2.223675966262817383e+00 -1.541953563690185547e+00 -1.817668527364730835e-01
-7.039541006088256836e-01 -1.577090978622436523e+00 2.699283123016357422e+00
-4.685828685760498047e+00 -1.653085470199584961e+00 2.307754755020141602e+00
-3.975549936294555664e-01 -1.670774340629577637e+00 3.349075317382812500e-01
-1.759783744812011719e+00 -1.578321576118469238e+00 2.147092103958129883e+00
-3.144797801971435547e+00 -1.743080973625183105e+00 5.460922122001647949e-01
-1.228685855865478516e+00 -1.624201893806457520e+00 1.971544504165649414e+00
-3.835813999176025391e+00 -1.919358611106872559e+00 3.653211116790771484e+00
-1.663374304771423340e+00 -1.679080247879028320e+00 1.199913382530212402e+00
3.682860136032104492e-01 -2.220261573791503906e+00 5.045382022857666016e+00
-3.899099349975585938e+00 -1.991715192794799805e+00 1.453463077545166016e+00
-1.131190657615661621e+00 -1.722584009170532227e+00 1.583678960800170898e+00
-1.838122248649597168e+00 -1.618822813034057617e+00 2.162661314010620117e+00
-2.313648700714111328e+00 -1.907580971717834473e+00 7.459477186203002930e-01
-1.187987804412841797e+00 -1.742269992828369141e+00 2.189737558364868164e+00
-3.977577447891235352e+00 -2.282329797744750977e+00 2.726884603500366211e+00
-1.426394343376159668e+00 -1.803222537040710449e+00 1.303193569183349609e+00
-1.289981961250305176e+00 -2.238331556320190430e+00 3.790888309478759766e+00
-3.082043886184692383e+00 -2.156584501266479492e+00 1.089475154876708984e+00
-1.196630239486694336e+00 -1.796993613243103027e+00 1.848817706108093262e+00
-3.202431678771972656e+00 -2.562274694442749023e+00 3.778677940368652344e+00
-1.843133330345153809e+00 -2.008612155914306641e+00 9.696002006530761719e-01
-9.654860496520996094e-01 -2.092945337295532227e+00 2.692952871322631836e+00
-3.358153581619262695e+00 -2.375840663909912109e+00 1.928487658500671387e+00
-1.319144725799560547e+00 -1.888788938522338867e+00 1.541533589363098145e+00
-1.780865311622619629e+00 -1.644108057022094727e+00 2.084126710891723633e+00
-2.412105321884155273e+00 -2.209233522415161133e+00 1.085615515708923340e+00
-1.189059257507324219e+00 -1.936704635620117188e+00 2.052100896835327148e+00
-3.851353406906127930e+00 -3.204222679138183594e+00 3.241397619247436523e+00
-1.406919002532958984e+00 -2.506982564926147461e+00 6.541526317596435547e-01
-8.579767942428588867e-01 -3.056033372879028320e+00 3.737203121185302734e+00
-3.301614999771118164e+00 -2.846485137939453125e+00 1.366612195968627930e+00
-1.294023156166076660e+00 -1.984533309936523438e+00 1.754075884819030762e+00
-1.828476071357727051e+00 -1.687217831611633301e+00 2.071715593338012695e+00
-2.556017637252807617e+00 -4.064777374267578125e+00 -6.595829725265502930e-01
-1.125860929489135742e+00 -2.288478851318359375e+00 2.324079990386962891e+00
-2.727273225784301758e+00 -2.573410511016845703e+00 2.145282983779907227e+00
-1.466147422790527344e+00 -2.127513647079467773e+00 1.524567246437072754e+00
-1.539822936058044434e+00 -3.784593582153320312e+00 3.843847513198852539e+00
-2.249970912933349609e+00 -2.351720571517944336e+00 1.528998732566833496e+00
-1.273654937744140625e+00 -2.217703819274902344e+00 1.928422927856445312e+00
-2.220345258712768555e+00 -2.464953184127807617e+00 2.386245489120483398e+00
-1.714224696159362793e+00 -3.020331859588623047e+00 9.985958337783813477e-01
-1.055088400840759277e+00 -3.447371482849121094e+00 2.814471006393432617e+00
-2.227114915847778320e+00 -2.419666051864624023e+00 1.877553462982177734e+00
-1.440532207489013672e+00 -2.375284433364868164e+00 1.721428990364074707e+00
-1.884216427803039551e+00 -2.756776809692382812e+00 2.441488742828369141e+00
-1.934442281723022461e+00 -2.501682281494140625e+00 1.645416378974914551e+00
-1.767189621925354004e+00 -1.563916683197021484e+00 1.944010496139526367e+00
-1.955926895141601562e+00 -2.577986240386962891e+00 2.028987407684326172e+00
-1.767189621925354004e+00 -2.793939590454101562e+00 1.944010496139526367e+00
