5.878250598907470703e+00 4.431530952453613281e+00 -2.095397377014160156e+01
5.878250598907470703e+00 4.431530952453613281e+00 -2.095397377014160156e+01
5.878250598907470703e+00 4.431530952453613281e+00 -2.095397377014160156e+01
5.878250598907470703e+00 4.431530952453613281e+00 -2.095397377014160156e+01
5.878250598907470703e+00 4.431530952453613281e+00 -2.095397377014160156e+01
5.878250598907470703e+00 4.431530952453613281e+00 -2.095397377014160156e+01
5.878250598907470703e+00 4.431530952453613281e+00 -2.095397377014160156e+01
5.878250598907470703e+00 4.431530952453613281e+00 -2.095397377014160156e+01
5.878250598907470703e+00 4.431530952453613281e+00 -2.095397377014160156e+01
5.878250598907470703e+00 4.431530952453613281e+00 -2.095397377014160156e+01
5.878250598907470703e+00 4.431530952453613281e+00 -2.095397377014160156e+01
5.642983913421630859e+00 4.424343109130859375e+00 -2.092465209960937500e+01
5.878250598907470703e+00 4.431530952453613281e+00 -2.095397377014160156e+01
5.878250598907470703e+00 4.431530952453613281e+00 -2.095397377014160156e+01
5.672632694244384766e+00 4.396200656890869141e+00 -2.078408241271972656e+01
5.878250598907470703e+00 4.431530952453613281e+00 -2.095397377014160156e+01
5.765902042388916016e+00 4.344566345214843750e+00 -2.060765647888183594e+01
5.878250598907470703e+00 4.431530952453613281e+00 -2.095397377014160156e+01
5.703684806823730469e+00 4.374794006347656250e+00 -2.089214706420898438e+01
5.878250598907470703e+00 4.431530952453613281e+00 -2.095397377014160156e+01
5.878250598907470703e+00 4.431530952453613281e+00 -2.095397377014160156e+01
5.738657951354980469e+00 4.334430217742919922e+00 -2.077553367614746094e+01
5.750227928161621094e+00 4.366196632385253906e+00 -2.095522308349609375e+01
5.878250598907470703e+00 4.431530952453613281e+00 -2.095397377014160156e+01
5.878250598907470703e+00 4.431530952453613281e+00 -2.095397377014160156e+01
5.754929542541503906e+00 4.334473133087158203e+00 -2.087720680236816406e+01
5.878250598907470703e+00 4.431530952453613281e+00 -2.095397377014160156e+01
5.878250598907470703e+00 4.431530952453613281e+00 -2.095397377014160156e+01
5.806401729583740234e+00 4.286979198455810547e+00 -2.080425834655761719e+01
5.787167072296142578e+00 4.335759639739990234e+00 -2.093487930297851562e+01
5.878250598907470703e+00 4.431530952453613281e+00 -2.095397377014160156e+01
5.878250598907470703e+00 4.431530952453613281e+00 -2.095397377014160156e+01
5.812678813934326172e+00 4.301150798797607422e+00 -2.088998222351074219e+01
5.878250598907470703e+00 4.431530952453613281e+00 -2.095397377014160156e+01
5.822251796722412109e+00 4.327337741851806641e+00 -2.096206474304199219e+01
5.862488269805908203e+00 4.270865440368652344e+00 -2.088696861267089844e+01
5.878250598907470703e+00 4.431530952453613281e+00 -2.095397377014160156e+01
5.878250598907470703e+00 4.431530952453613281e+00 -2.095397377014160156e+01
5.878250598907470703e+00 4.431530952453613281e+00 -2.095397377014160156e+01
5.878250598907470703e+00 4.431530952453613281e+00 -2.095397377014160156e+01
