-1.615810871124267578e+00 1.248155832290649414e+00 -4.369484424591064453e+00
-1.847678661346435547e+00 1.457345247268676758e+00 -4.157074451446533203e+00
-1.604072928428649902e+00 3.746390342712402344e-01 -4.503232479095458984e+00
-1.370512843132019043e+00 1.021438241004943848e+00 -4.049536705017089844e+00
-1.718644499778747559e+00 1.605154126882553101e-01 -4.387674331665039062e+00
-1.468369841575622559e+00 2.754499018192291260e-01 -4.463274478912353516e+00
-1.768991947174072266e+00 1.003354430198669434e+00 -3.799658298492431641e+00
-1.707256317138671875e+00 2.490381151437759399e-01 -4.545557022094726562e+00
-1.246639132499694824e+00 5.212656259536743164e-01 -4.234663486480712891e+00
-1.748952627182006836e+00 1.217362210154533386e-01 -4.314525604248046875e+00
-1.172132134437561035e+00 1.302763342857360840e+00 -5.317600250244140625e+00
-1.141478419303894043e+00 1.877968430519104004e+00 -2.857237577438354492e+00
-1.789243698120117188e+00 1.494081914424896240e-01 -4.469992160797119141e+00
-1.372584581375122070e+00 1.886168867349624634e-01 -4.422956943511962891e+00
-1.703055739402770996e+00 7.287466526031494141e-02 -4.245387554168701172e+00
-1.684027671813964844e+00 4.326896369457244873e-01 -4.895908832550048828e+00
-1.098700523376464844e+00 5.384451150894165039e-01 -3.933663368225097656e+00
-1.804909229278564453e+00 8.150959014892578125e-02 -4.361664772033691406e+00
-3.078886866569519043e-01 1.438966035842895508e+00 -5.671041488647460938e+00
-1.623197793960571289e+00 4.187124222517013550e-02 -4.209735870361328125e+00
-1.825598716735839844e+00 1.597688794136047363e-01 -4.620880603790283203e+00
-1.308153629302978516e+00 1.353655457496643066e-01 -4.328089714050292969e+00
-1.751543879508972168e+00 2.724761329591274261e-02 -4.275044918060302734e+00
-1.172459244728088379e+00 1.197106599807739258e+00 -6.340226650238037109e+00
-1.481107473373413086e+00 7.960775494575500488e-02 -4.134408950805664062e+00
-2.891768932342529297e+00 6.796583533287048340e-01 -4.776549816131591797e+00
4.719543457031250000e-01 1.157318592071533203e+00 -5.334084987640380859e+00
-1.661236524581909180e+00 -2.318953163921833038e-02 -4.260942459106445312e+00
-1.830769181251525879e+00 2.230228185653686523e-01 -4.967123031616210938e+00
-1.276295423507690430e+00 9.127873182296752930e-02 -4.191044807434082031e+00
-1.808374285697937012e+00 2.116447314620018005e-03 -4.318725109100341797e+00
-7.803347706794738770e-01 5.392137169837951660e-01 -5.668841838836669922e+00
-1.591791033744812012e+00 -2.963759377598762512e-02 -4.229720115661621094e+00
-1.892134785652160645e+00 4.033255577087402344e-02 -4.583485126495361328e+00
-1.411301970481872559e+00 -1.557464990764856339e-02 -4.386427402496337891e+00
-1.691559314727783203e+00 -4.906073212623596191e-02 -4.287602424621582031e+00
-1.608122348785400391e+00 3.635371327400207520e-01 -5.945528984069824219e+00
-1.417022466659545898e+00 -6.018510088324546814e-03 -4.150349140167236328e+00
-1.948503255844116211e+00 -3.427797462791204453e-03 -4.400318145751953125e+00
-2.645384073257446289e-01 2.849840819835662842e-01 -5.395051956176757812e+00
-1.634005069732666016e+00 -6.335612386465072632e-02 -4.269472599029541016e+00
-1.972074508666992188e+00 3.335985913872718811e-02 -4.935623168945312500e+00
-1.343462109565734863e+00 -3.994852676987648010e-02 -4.294845104217529297e+00
-1.727141261100769043e+00 -6.665953248739242554e-02 -4.312351703643798828e+00
-1.244474411010742188e+00 3.619746491312980652e-02 -5.371100902557373047e+00
-1.544831991195678711e+00 -6.604991853237152100e-02 -4.195126533508300781e+00
-1.984119653701782227e+00 -5.434400960803031921e-02 -4.544032573699951172e+00
-5.000645518302917480e-01 -2.419123239815235138e-02 -4.713480949401855469e+00
-1.662026047706604004e+00 -8.046380430459976196e-02 -4.290626525878906250e+00
-1.855030894279479980e+00 -7.172515243291854858e-02 -5.483490467071533203e+00
-1.332720518112182617e+00 -8.674255013465881348e-02 -4.168390274047851562e+00
-4.321614265441894531e+00 -1.659011840820312500e-01 -4.032265186309814453e+00
-1.014264345169067383e+00 -1.301669627428054810e-01 -5.076206207275390625e+00
-1.612334489822387695e+00 -8.999669551849365234e-02 -4.274155139923095703e+00
-2.142223834991455078e+00 -1.516972482204437256e-01 -4.903658390045166016e+00
4.162426590919494629e-01 -3.107221126556396484e-01 -4.265583992004394531e+00
-4.284387588500976562e+00 -5.417637228965759277e-01 -2.164573431015014648e+00
-1.467209935188293457e+00 -2.480796128511428833e-01 -5.434582710266113281e+00
-1.474676728248596191e+00 -1.266128420829772949e-01 -4.164514064788818359e+00
-2.139469861984252930e+00 -1.883145719766616821e-01 -4.489976882934570312e+00
-7.408629655838012695e-01 -3.015145659446716309e-01 -4.865194797515869141e+00
-2.421022653579711914e+00 -7.065175175666809082e-01 -1.887407779693603516e+00
-2.104612112045288086e+00 -3.906384408473968506e-01 -5.441137313842773438e+00
-1.373853683471679688e+00 -1.577405929565429688e-01 -4.266833782196044922e+00
-3.385632276535034180e+00 -6.584565043449401855e-01 -3.742650032043457031e+00
-1.203936338424682617e+00 -3.724524378776550293e-01 -5.143955707550048828e+00
-1.584479212760925293e+00 -1.275144219398498535e-01 -4.248225212097167969e+00
-3.017445087432861328e+00 -7.150184512138366699e-01 -5.280418872833251953e+00
-2.553452551364898682e-01 -6.389930844306945801e-01 -4.596466064453125000e+00
-2.635722875595092773e+00 -7.926881909370422363e-01 -3.065732717514038086e+00
-1.704809665679931641e+00 -6.043758392333984375e-01 -5.511400699615478516e+00
-1.423168301582336426e+00 -2.103559672832489014e-01 -4.189519882202148438e+00
-2.311635017395019531e+00 -4.383380711078643799e-01 -4.376273632049560547e+00
-1.026998162269592285e+00 -5.101762413978576660e-01 -4.898412704467773438e+00
-1.969492316246032715e+00 -2.157152652740478516e+00 -7.457820177078247070e-01
-3.107391357421875000e+00 -1.575742959976196289e+00 -6.354805469512939453e+00
-1.412257909774780273e+00 -2.144891619682312012e-01 -4.331427097320556641e+00
-2.562005281448364258e+00 -8.279212713241577148e-01 -3.780480623245239258e+00
-1.335590362548828125e+00 -8.167569041252136230e-01 -5.372743129730224609e+00
-1.540493369102478027e+00 -2.068390250205993652e-01 -4.220939636230468750e+00
-2.331022024154663086e+00 -6.810529232025146484e-01 -4.638615608215332031e+00
-7.004969120025634766e-01 -8.968940973281860352e-01 -4.736902236938476562e+00
-1.988915324211120605e+00 -8.338771462440490723e-01 -3.592032194137573242e+00
-2.488165140151977539e+00 -2.848902702331542969e+00 -7.248763561248779297e+00
-1.286829948425292969e+00 -4.549118280410766602e-01 -4.174520969390869141e+00
-2.175993204116821289e+00 -6.722465157508850098e-01 -4.252047538757324219e+00
-1.293584108352661133e+00 -6.864926218986511230e-01 -4.818444252014160156e+00
-1.462725281715393066e+00 -1.578412771224975586e+00 -3.090327501296997070e+00
-2.199826002120971680e+00 -1.036232352256774902e+00 -4.871519565582275391e+00
-1.411569595336914062e+00 -3.537938892841339111e-01 -4.375935077667236328e+00
-1.932456851005554199e+00 -7.128410339355468750e-01 -4.060469150543212891e+00
-1.550190925598144531e+00 -1.887634992599487305e+00 -5.540789604187011719e+00
-1.506098866462707520e+00 -3.734148144721984863e-01 -4.235374450683593750e+00
-2.198078155517578125e+00 -1.166616916656494141e+00 -4.453619003295898438e+00
-1.408005833625793457e+00 -5.993911027908325195e-01 -4.511080741882324219e+00
-1.680072188377380371e+00 -7.382540106773376465e-01 -4.096311092376708984e+00
-1.881769537925720215e+00 -1.574434041976928711e+00 -4.844297409057617188e+00
-1.508790731430053711e+00 -4.675433933734893799e-01 -4.334187984466552734e+00
-1.615810871124267578e+00 -8.323484659194946289e-02 -4.369484424591064453e+00
-1.615810871124267578e+00 -2.628809690475463867e+00 -4.369484424591064453e+00
