-1.526104956865310669e-01 -3.607355356216430664e-01 -8.520501852035522461e-01
-2.024789899587631226e-01 -4.102781713008880615e-01 -8.063665628433227539e-01
-1.386431753635406494e-01 -1.967782229185104370e-01 -1.011200666427612305e+00
-8.777643740177154541e-02 -4.496420919895172119e-01 -7.674856185913085938e-01
-2.989186048507690430e-01 -3.948160707950592041e-01 -8.779300451278686523e-01
4.992183670401573181e-02 -2.489080727100372314e-01 -9.808846712112426758e-01
-1.833678781986236572e-01 -5.234379172325134277e-01 -7.376342415809631348e-01
-3.276272416114807129e-01 -1.056809127330780029e-01 -1.189034342765808105e+00
3.749585524201393127e-02 -4.303255081176757812e-01 -7.826236486434936523e-01
-2.848908901214599609e-01 -5.379703640937805176e-01 -7.974467873573303223e-01
2.073396556079387665e-02 -2.001084089279174805e-01 -1.222477197647094727e+00
-1.003202572464942932e-01 -5.254129767417907715e-01 -6.853406429290771484e-01
-7.065151333808898926e-01 1.393391285091638565e-03 -1.173049211502075195e+00
2.344971150159835815e-01 -3.089488148689270020e-01 -9.371547102928161621e-01
-2.409163862466812134e-01 -5.836073160171508789e-01 -7.264441251754760742e-01
-2.113642096519470215e-01 -2.972605228424072266e-01 -1.305448532104492188e+00
3.553229570388793945e-02 -5.154263973236083984e-01 -6.934832334518432617e-01
-3.297055363655090332e-01 -5.873282551765441895e-01 -8.447267413139343262e-01
2.788148820400238037e-01 -2.395089119672775269e-01 -1.281376004219055176e+00
-1.623438149690628052e-01 -5.767697095870971680e-01 -6.415582299232482910e-01
-5.813819169998168945e-01 -2.449561953544616699e-01 -1.365861654281616211e+00
3.060656785964965820e-01 -4.157110452651977539e-01 -7.903359532356262207e-01
-2.849804759025573730e-01 -6.338702440261840820e-01 -7.599505782127380371e-01
-4.047987610101699829e-02 -4.177967607975006104e-01 -1.350481986999511719e+00
-1.901897042989730835e-02 -5.801168084144592285e-01 -6.189151406288146973e-01
-3.474409282207489014e-01 -6.251264810562133789e-01 -9.142063856124877930e-01
5.816735029220581055e-01 -3.053025901317596436e-01 -1.191308021545410156e+00
-2.726367712020874023e-01 -5.829599499702453613e-01 -5.652535557746887207e-01
-6.358927488327026367e-01 -5.306817963719367981e-02 -2.195698022842407227e+00
2.080345451831817627e-01 -5.562409758567810059e-01 -6.625052690505981445e-01
-3.141019940376281738e-01 -6.700361967086791992e-01 -8.094815611839294434e-01
1.210361644625663757e-01 -5.377423763275146484e-01 -1.277633666992187500e+00
-1.058919057250022888e-01 -6.373684406280517578e-01 -5.802081227302551270e-01
-1.206156015396118164e+00 -2.704874277114868164e-01 -1.667975068092346191e+00
6.897225379943847656e-01 -4.629359841346740723e-01 -9.218357801437377930e-01
-2.832981646060943604e-01 -6.826552152633666992e-01 -7.107806801795959473e-01
-1.460096538066864014e-01 -3.580451607704162598e-01 -2.205142259597778320e+00
7.652047276496887207e-02 -6.526128053665161133e-01 -5.994667410850524902e-01
-3.230948150157928467e-01 -7.007191181182861328e-01 -8.678506612777709961e-01
1.583569407463073730e+00 -2.685098946094512939e-01 -2.169748783111572266e+00
-3.045316040515899658e-01 -5.756288766860961914e-01 -1.695748232305049896e-02
-2.995027005672454834e-01 -6.935417652130126953e-01 -1.085476636886596680e+00
5.661563277244567871e-01 -6.273766160011291504e-01 -6.550660133361816406e-01
-3.160667121410369873e-01 -7.172792553901672363e-01 -7.681671380996704102e-01
1.634914427995681763e-01 -6.399479508399963379e-01 -1.704680919647216797e+00
-3.226011246442794800e-02 -7.124768495559692383e-01 -5.564124584197998047e-01
-3.254651725292205811e-01 -7.280562520027160645e-01 -9.339692592620849609e-01
1.800785660743713379e+00 -6.382445096969604492e-01 -1.454303026199340820e+00
-5.726788043975830078e-01 -7.164281606674194336e-01 -1.352780461311340332e-01
-6.839554905891418457e-01 -7.160504460334777832e-01 -3.326431035995483398e+00
2.428958415985107422e-01 -7.465159296989440918e-01 -5.711010098457336426e-01
-3.230948150157928467e-01 -7.468238472938537598e-01 -8.308030366897583008e-01
5.349096059799194336e-01 -7.952550053596496582e-01 -1.659777045249938965e+00
-1.306587308645248413e-01 -7.843129634857177734e-01 -2.500949203968048096e-01
-3.243352174758911133e-01 -7.639488577842712402e-01 -1.026306629180908203e+00
6.196855306625366211e-01 -8.280733823776245117e-01 -8.125621676445007324e-01
-3.129289150238037109e-01 -7.691620588302612305e-01 -7.195871472358703613e-01
-1.516932807862758636e-02 -8.940804004669189453e-01 -1.837160944938659668e+00
6.760492175817489624e-02 -8.092991709709167480e-01 -5.322292447090148926e-01
-3.261748552322387695e-01 -7.764434814453125000e-01 -8.919869065284729004e-01
9.402053952217102051e-01 -1.014248132705688477e+00 -1.471195936203002930e+00
-3.959184288978576660e-01 -9.299503564834594727e-01 -1.020499989390373230e-01
-1.077747225761413574e+00 -1.323427200317382812e+00 -2.880329608917236328e+00
1.201084971427917480e+00 -1.158457994461059570e+00 -2.777434885501861572e-01
-2.177692413330078125e+00 -1.399800896644592285e+00 -1.348077058792114258e-01
2.653829157352447510e-01 -1.035129547119140625e+00 -1.638027071952819824e+00
-1.480681821703910828e-02 -9.363666772842407227e-01 -3.187257349491119385e-01
-3.408471643924713135e-01 -8.264625668525695801e-01 -9.743868708610534668e-01
3.854790031909942627e-01 -9.614280462265014648e-01 -9.418256282806396484e-01
-1.318542957305908203e+00 -1.552640795707702637e+00 6.383591294288635254e-01
-2.383622527122497559e-01 -1.243742823600769043e+00 -1.952304601669311523e+00
8.005671501159667969e-01 -1.370598793029785156e+00 3.839760646224021912e-02
-3.279978036880493164e-01 -8.311215043067932129e-01 -8.537614345550537109e-01
5.417216420173645020e-01 -1.245067596435546875e+00 -1.475765943527221680e+00
-1.713563948869705200e-01 -8.515375256538391113e-01 -6.599859595298767090e-01
-4.497924745082855225e-01 -1.038982152938842773e+00 -1.247604846954345703e+00
2.350969314575195312e-01 -9.916154146194458008e-01 -7.795622944831848145e-01
-2.727419137954711914e+00 -2.768074989318847656e+00 7.507622241973876953e-01
5.322368070483207703e-02 -1.280419111251831055e+00 -1.588987469673156738e+00
-5.149244144558906555e-02 -9.075609445571899414e-01 -6.526203751564025879e-01
-3.424503207206726074e-01 -9.002952575683593750e-01 -9.234861731529235840e-01
5.458655357360839844e-01 -1.362518668174743652e+00 -1.132426738739013672e+00
-1.524752020835876465e+00 -3.502202987670898438e+00 2.007134914398193359e+00
-6.491861343383789062e-01 -2.315933465957641602e+00 -2.491039991378784180e+00
1.449488103389739990e-01 -1.077792644500732422e+00 -6.757081151008605957e-01
-1.547512412071228027e+00 -2.208304882049560547e+00 -5.596221089363098145e-01
3.390763401985168457e-01 -1.662128090858459473e+00 -1.537119269371032715e+00
-1.158440411090850830e-01 -1.100710988044738770e+00 -5.448361039161682129e-01
-3.592550456523895264e-01 -1.078818440437316895e+00 -1.029687404632568359e+00
-1.526104956865310669e-01 -7.416152954101562500e-01 -8.520501852035522461e-01
-8.340612649917602539e-01 -2.096584796905517578e+00 -1.870215386152267456e-01
-8.383408933877944946e-02 -2.632809638977050781e+00 -2.079696416854858398e+00
5.259604007005691528e-02 -1.284371256828308105e+00 -6.012091636657714844e-01
-3.867638707160949707e-01 -1.177287340164184570e+00 -8.858842253684997559e-01
4.277423918247222900e-01 -2.183124542236328125e+00 -1.247497677803039551e+00
-4.692125022411346436e-01 -3.968755006790161133e+00 4.938176274299621582e-01
-1.526104956865310669e-01 -7.416152954101562500e-01 -8.520501852035522461e-01
1.815665960311889648e-01 -1.941642761230468750e+00 -7.418349981307983398e-01
-6.302158236503601074e-01 -3.307748794555664062e+00 -6.370137333869934082e-01
-1.526104956865310669e-01 -3.225815057754516602e+00 -8.520501852035522461e-01
