-2.049982070922851562e+00 1.140259504318237305e+00 -2.520444869995117188e+00
-2.226827383041381836e+00 1.213203072547912598e+00 -2.358439922332763672e+00
-2.024121284484863281e+00 1.046981453895568848e+00 -2.815115213394165039e+00
-1.668087363243103027e+00 1.758025527000427246e+00 -2.022330760955810547e+00
-2.550735235214233398e+00 1.225156426429748535e+00 -2.609020948410034180e+00
-1.885900855064392090e+00 4.373697042465209961e-01 -2.624819993972778320e+00
-2.121001958847045898e+00 5.419838428497314453e-01 -2.256253957748413086e+00
-2.177771568298339844e+00 5.025346279144287109e-01 -2.766495466232299805e+00
-1.011041522026062012e+00 1.739417910575866699e+00 -2.141025543212890625e+00
-2.371314764022827148e+00 5.328938364982604980e-01 -2.387803316116333008e+00
-1.910868525505065918e+00 4.727774858474731445e-01 -2.817722320556640625e+00
-2.049982070922851562e+00 3.820385411381721497e-02 -2.520444869995117188e+00
-2.315572261810302734e+00 3.944669365882873535e-01 -2.674359798431396484e+00
-2.049982070922851562e+00 3.820385411381721497e-02 -2.520444869995117188e+00
-2.346121072769165039e+00 5.680927634239196777e-01 -2.099217653274536133e+00
-2.094122171401977539e+00 3.720365762710571289e-01 -2.861071825027465820e+00
-2.049982070922851562e+00 3.820385411381721497e-02 -2.520444869995117188e+00
-2.339837551116943359e+00 2.907288968563079834e-01 -2.508458375930786133e+00
-1.418132424354553223e+00 7.735703587532043457e-01 -3.149219751358032227e+00
-2.073606491088867188e+00 4.383111298084259033e-01 -2.009546518325805664e+00
-2.246821165084838867e+00 2.662087082862854004e-01 -2.756324052810668945e+00
-2.049982070922851562e+00 3.820385411381721497e-02 -2.520444869995117188e+00
-2.308721542358398438e+00 2.488097995519638062e-01 -2.340420722961425781e+00
-1.949145317077636719e+00 3.294072151184082031e-01 -2.968674421310424805e+00
-1.735904216766357422e+00 4.178918004035949707e-01 -1.972337126731872559e+00
-2.329091310501098633e+00 2.050828337669372559e-01 -2.609488248825073242e+00
-1.111695766448974609e+00 5.957350730895996094e-01 -2.953956842422485352e+00
-2.581298828125000000e+00 7.405188679695129395e-01 -1.250890374183654785e+00
-2.179344415664672852e+00 2.225104272365570068e-01 -2.880105257034301758e+00
-5.420308709144592285e-01 8.133023977279663086e-01 -1.727908015251159668e+00
-2.363547086715698242e+00 1.771876215934753418e-01 -2.437790155410766602e+00
-1.541480779647827148e+00 4.170487821102142334e-01 -3.311281204223632812e+00
-1.969638705253601074e+00 2.174803465604782104e-01 -2.052949905395507812e+00
-2.340030193328857422e+00 1.679084599018096924e-01 -2.745074272155761719e+00
-8.603451848030090332e-01 4.317859411239624023e-01 -2.619003772735595703e+00
-2.282566547393798828e+00 1.431349515914916992e-01 -2.269027948379516602e+00
-2.047660350799560547e+00 1.731183677911758423e-01 -2.996372938156127930e+00
-1.643656253814697266e+00 1.960349977016448975e-01 -2.072530031204223633e+00
-2.380967855453491211e+00 1.176014840602874756e-01 -2.551120519638061523e+00
-1.328476190567016602e+00 2.348126918077468872e-01 -3.068042039871215820e+00
-2.112357616424560547e+00 1.063542887568473816e-01 -2.177573919296264648e+00
-2.274434089660644531e+00 1.116604581475257874e-01 -2.877121686935424805e+00
-5.918812751770019531e-01 2.699501514434814453e-01 -2.120839834213256836e+00
-2.397668600082397461e+00 8.996882289648056030e-02 -2.342017889022827148e+00
-1.840954542160034180e+00 1.054330170154571533e-01 -3.084260702133178711e+00
-1.879221439361572266e+00 7.954730838537216187e-02 -2.100975513458251953e+00
-2.401003122329711914e+00 6.573860347270965576e-02 -2.686800241470336914e+00
-9.808381199836730957e-01 9.478133916854858398e-02 -2.850073337554931641e+00
-2.625540733337402344e+00 7.271417230367660522e-02 -1.538355946540832520e+00
-2.150426626205444336e+00 4.303658753633499146e-02 -2.988197803497314453e+00
-1.498891830444335938e+00 3.137543052434921265e-02 -2.128976106643676758e+00
-2.413920640945434570e+00 2.708499133586883545e-02 -2.475087881088256836e+00
-1.122815847396850586e+00 -3.413280099630355835e-02 -3.609717845916748047e+00
-2.038309335708618164e+00 1.549973152577877045e-02 -2.200360059738159180e+00
-2.527942657470703125e+00 -2.395709790289402008e-02 -3.005451917648315430e+00
-5.897949337959289551e-01 -1.252632886171340942e-01 -2.445784568786621094e+00
-2.853169918060302734e+00 -9.980412572622299194e-02 -1.856810927391052246e+00
-1.980895042419433594e+00 -3.843523934483528137e-02 -3.015626907348632812e+00
-1.800614833831787109e+00 -3.843993693590164185e-02 -2.158286333084106445e+00
-2.434825658798217773e+00 -3.902059420943260193e-02 -2.608996391296386719e+00
-7.147777676582336426e-01 -2.948994040489196777e-01 -3.276918172836303711e+00
-2.123629570007324219e+00 -1.880385354161262512e-02 -2.293425083160400391e+00
-2.261578321456909180e+00 -9.486757218837738037e-02 -2.984350919723510742e+00
2.832964658737182617e-01 -6.802812814712524414e-01 -1.530549049377441406e+00
-2.474160432815551758e+00 -9.966121613979339600e-02 -2.370209693908691406e+00
-1.799114584922790527e+00 -1.379548609256744385e-01 -2.992165327072143555e+00
-1.968976378440856934e+00 -7.627756893634796143e-02 -2.206938743591308594e+00
-2.491459608078002930e+00 -1.607911884784698486e-01 -2.807364940643310547e+00
8.781471252441406250e-01 -1.157954216003417969e+00 -3.008977174758911133e+00
-3.428626775741577148e+00 -9.207848310470581055e-01 -7.581258416175842285e-01
-2.083545207977294922e+00 -1.583285480737686157e-01 -2.951083898544311523e+00
-1.702837347984313965e+00 -1.908702403306961060e-01 -2.196146249771118164e+00
-2.476323604583740234e+00 -1.793730556964874268e-01 -2.524604558944702148e+00
7.513912320137023926e-01 -1.993040084838867188e+00 -5.036907196044921875e+00
-2.074908494949340820e+00 -1.079603210091590881e-01 -2.265056133270263672e+00
-2.512843608856201172e+00 -4.249455332756042480e-01 -3.136522054672241211e+00
-3.425124883651733398e-01 -1.062800645828247070e+00 -2.201206922531127930e+00
-2.771155834197998047e+00 -5.293837189674377441e-01 -2.071516036987304688e+00
-1.962165951728820801e+00 -1.916688978672027588e-01 -2.834848403930664062e+00
-1.882375717163085938e+00 -2.368562370538711548e-01 -2.189883708953857422e+00
-2.449466228485107422e+00 -2.957099080085754395e-01 -2.670769214630126953e+00
-8.836355805397033691e-01 -9.986083507537841797e-01 -2.988630294799804688e+00
-2.884080648422241211e+00 -1.639904856681823730e+00 -7.824007868766784668e-01
-2.153147935867309570e+00 -2.888678312301635742e-01 -2.860952377319335938e+00
-1.557370662689208984e+00 -5.183400511741638184e-01 -2.228509426116943359e+00
-2.434289693832397461e+00 -3.658818900585174561e-01 -2.439878463745117188e+00
-1.456431865692138672e+00 -1.073012709617614746e+00 -3.347440481185913086e+00
-2.014235258102416992e+00 -3.109325468540191650e-01 -2.221751213073730469e+00
-2.269377708435058594e+00 -3.198066949844360352e-01 -2.709043264389038086e+00
-3.613581657409667969e-01 -2.198721647262573242e+00 -2.573777437210083008e+00
-2.222483634948730469e+00 -3.047911822795867920e-01 -2.352100372314453125e+00
-1.944111466407775879e+00 -2.872995615005493164e+00 -4.410215377807617188e+00
-1.830645680427551270e+00 -5.419245362281799316e-01 -2.252331733703613281e+00
-2.940216541290283203e+00 -1.618190050125122070e+00 -2.649079322814941406e+00
-1.570787429809570312e+00 -1.152043342590332031e+00 -2.846963882446289062e+00
-2.449569463729858398e+00 -4.034810066223144531e+00 -8.218080997467041016e-01
-2.415515899658203125e+00 -2.011300563812255859e+00 -3.173027992248535156e+00
-1.363151907920837402e+00 -2.428198099136352539e+00 -2.293920755386352539e+00
-2.384007453918457031e+00 -1.756486535072326660e+00 -2.370053768157958984e+00
-2.049982070922851562e+00 -1.869517683982849121e+00 -2.520444869995117188e+00
