2.665320396423339844e+00 -3.216317892074584961e+00 -1.924959754943847656e+01
2.548411130905151367e+00 -3.548346519470214844e+00 -1.914249992370605469e+01
2.693855285644531250e+00 -3.212024927139282227e+00 -1.957473945617675781e+01
2.809628486633300781e+00 -3.675240278244018555e+00 -1.906137275695800781e+01
2.304531335830688477e+00 -3.469925880432128906e+00 -1.931341552734375000e+01
2.980180263519287109e+00 -3.559146404266357422e+00 -1.944988632202148438e+01
2.588654994964599609e+00 -3.781291484832763672e+00 -1.896440696716308594e+01
2.482134819030761719e+00 -3.659500122070312500e+00 -1.960231018066406250e+01
3.020603418350219727e+00 -3.743358135223388672e+00 -1.911984825134277344e+01
2.237800598144531250e+00 -3.666952371597290039e+00 -1.907312393188476562e+01
2.665320396423339844e+00 -4.325116634368896484e+00 -1.924959754943847656e+01
2.776552200317382812e+00 -3.865211248397827148e+00 -1.889497375488281250e+01
2.344078779220581055e+00 -3.894202709197998047e+00 -1.943576431274414062e+01
2.665320396423339844e+00 -4.325116634368896484e+00 -1.924959754943847656e+01
2.432983398437500000e+00 -3.909389972686767578e+00 -1.891912269592285156e+01
2.565793037414550781e+00 -3.572390556335449219e+00 -2.001764297485351562e+01
2.987953901290893555e+00 -3.937240362167358398e+00 -1.897768211364746094e+01
1.777260541915893555e+00 -3.551429748535156250e+00 -1.921287345886230469e+01
2.665320396423339844e+00 -4.325116634368896484e+00 -1.924959754943847656e+01
2.646369218826293945e+00 -4.004157066345214844e+00 -1.883976364135742188e+01
2.665320396423339844e+00 -4.325116634368896484e+00 -1.924959754943847656e+01
2.665320396423339844e+00 -4.325116634368896484e+00 -1.924959754943847656e+01
2.441227436065673828e+00 -4.142712116241455078e+00 -1.909367942810058594e+01
2.665320396423339844e+00 -4.325116634368896484e+00 -1.924959754943847656e+01
2.665320396423339844e+00 -4.325116634368896484e+00 -1.924959754943847656e+01
-1.111972853541374207e-01 -2.665041208267211914e+00 -2.013538169860839844e+01
2.665320396423339844e+00 -4.325116634368896484e+00 -1.924959754943847656e+01
2.556935071945190430e+00 -4.181848526000976562e+00 -1.899061584472656250e+01
2.665320396423339844e+00 -4.325116634368896484e+00 -1.924959754943847656e+01
2.665320396423339844e+00 -4.325116634368896484e+00 -1.924959754943847656e+01
7.155016064643859863e-01 -3.460883855819702148e+00 -1.873563194274902344e+01
2.665320396423339844e+00 -4.325116634368896484e+00 -1.924959754943847656e+01
2.665320396423339844e+00 -4.325116634368896484e+00 -1.924959754943847656e+01
2.665320396423339844e+00 -4.325116634368896484e+00 -1.924959754943847656e+01
2.665320396423339844e+00 -4.325116634368896484e+00 -1.924959754943847656e+01
1.627732872962951660e+00 -3.857006311416625977e+00 -1.812799644470214844e+01
2.665320396423339844e+00 -4.325116634368896484e+00 -1.924959754943847656e+01
-1.740294814109802246e+00 -3.268287181854248047e+00 -1.965790939331054688e+01
2.611354351043701172e+00 -4.266154289245605469e+00 -1.895295333862304688e+01
1.070193290710449219e+00 -4.087627410888671875e+00 -1.843100547790527344e+01
2.665320396423339844e+00 -4.325116634368896484e+00 -1.924959754943847656e+01
1.720956563949584961e+00 -4.268492698669433594e+00 -1.763820838928222656e+01
6.789608597755432129e-01 -4.385802745819091797e+00 -1.900204086303710938e+01
2.665320396423339844e+00 -4.325116634368896484e+00 -1.924959754943847656e+01
2.665320396423339844e+00 -4.325116634368896484e+00 -1.924959754943847656e+01
2.665320396423339844e+00 -4.325116634368896484e+00 -1.924959754943847656e+01
2.665320396423339844e+00 -4.325116634368896484e+00 -1.924959754943847656e+01
