-1.547569632530212402e+00 4.654675424098968506e-01 -1.770963668823242188e+00
-1.740584254264831543e+00 4.507310986518859863e-01 -1.594146370887756348e+00
-1.519022703170776367e+00 2.818577587604522705e-01 -2.096241235733032227e+00
-1.337044119834899902e+00 1.163783371448516846e-01 -1.496370434761047363e+00
-2.374452829360961914e+00 1.128289699554443359e+00 -1.917227625846862793e+00
-1.196962952613830566e+00 2.123207040131092072e-02 -1.993990898132324219e+00
-1.576793193817138672e+00 -6.244034171104431152e-01 -1.662253499031066895e+00
-1.754991650581359863e+00 -7.801978290081024170e-02 -2.170341968536376953e+00
8.039584755897521973e-02 1.834012746810913086e+00 -1.176433324813842773e+00
-1.942463278770446777e+00 -2.237638384103775024e-01 -1.607957243919372559e+00
-1.383670091629028320e+00 -3.196982443332672119e-01 -2.121207475662231445e+00
-9.180850386619567871e-01 1.771003961563110352e+00 2.359324246644973755e-01
-2.281207561492919922e+00 1.524027436971664429e-01 -2.196121931076049805e+00
-1.198473215103149414e+00 -4.415187239646911621e-01 -1.847711563110351562e+00
-1.634897112846374512e+00 -6.754431724548339844e-01 -1.646749258041381836e+00
-1.606478929519653320e+00 -3.861688673496246338e-01 -2.225562810897827148e+00
-7.620443105697631836e-01 1.126730963587760925e-01 -1.108922123908996582e+00
-2.652162790298461914e+00 1.306324452161788940e-01 -1.725285291671752930e+00
-1.349613070487976074e+00 -6.013124585151672363e-01 -1.967956900596618652e+00
-1.612841367721557617e+00 2.737563252449035645e-01 -3.594017624855041504e-01
-1.913982272148132324e+00 -4.072734713554382324e-01 -2.210048437118530273e+00
1.117215514183044434e+00 1.061715483665466309e+00 -1.412420630455017090e+00
-1.709556698799133301e+00 -6.998480558395385742e-01 -1.658257246017456055e+00
-1.462397813796997070e+00 -5.857354998588562012e-01 -2.149560928344726562e+00
-4.561366140842437744e-01 4.877302348613739014e-01 1.337324529886245728e-01
-2.687364578247070312e+00 -1.502190381288528442e-01 -2.134589433670043945e+00
-4.701010882854461670e-01 -1.914669573307037354e-01 -2.268781423568725586e+00
-1.962881088256835938e+00 -2.827258706092834473e-01 -7.785981297492980957e-01
-1.721267342567443848e+00 -5.842280387878417969e-01 -2.253887414932250977e+00
-8.530286550521850586e-01 -4.747011065483093262e-01 -1.405932426452636719e+00
-1.719279766082763672e+00 -7.555921673774719238e-01 -1.725701451301574707e+00
-1.398607850074768066e+00 -7.207205891609191895e-01 -2.002633571624755859e+00
-1.424242258071899414e+00 -5.565104484558105469e-01 -1.053357005119323730e+00
-2.121587753295898438e+00 -5.750092864036560059e-01 -2.215515613555908203e+00
6.920996308326721191e-01 -9.072337299585342407e-02 -1.956515669822692871e+00
-1.656437873840332031e+00 -7.825843095779418945e-01 -1.653280258178710938e+00
-1.545183539390563965e+00 -6.930438280105590820e-01 -2.260092735290527344e+00
-1.065043449401855469e+00 -6.442704796791076660e-01 -1.239048957824707031e+00
-1.729306817054748535e+00 -7.881049513816833496e-01 -1.787806987762451172e+00
1.558329463005065918e+00 1.465052738785743713e-02 -4.128230571746826172e+00
-1.601031899452209473e+00 -7.732884883880615234e-01 -1.477087616920471191e+00
-1.875351190567016602e+00 -7.244271636009216309e-01 -2.291841268539428711e+00
1.498257070779800415e-01 -5.619214177131652832e-01 -1.305778026580810547e+00
-1.705068588256835938e+00 -8.082514405250549316e-01 -1.690137743949890137e+00
-1.437643527984619141e+00 -7.963451743125915527e-01 -2.067470312118530273e+00
-1.368750691413879395e+00 -7.884060740470886230e-01 -1.331699490547180176e+00
-1.720498681068420410e+00 -8.181356191635131836e-01 -1.852918028831481934e+00
-2.805608808994293213e-01 -7.646523118019104004e-01 -2.161596059799194336e+00
-1.670429587364196777e+00 -8.243338465690612793e-01 -1.561324954032897949e+00
-1.687208771705627441e+00 -8.249819874763488770e-01 -2.421239137649536133e+00
-9.578102231025695801e-01 -8.390080928802490234e-01 -1.352026224136352539e+00
-2.573180913925170898e+00 -8.630344867706298828e-01 -1.643143653869628906e+00
5.692306160926818848e-01 -9.968513250350952148e-01 -4.257867336273193359e+00
-1.537392973899841309e+00 -8.514947891235351562e-01 -1.491902112960815430e+00
-1.798464417457580566e+00 -8.643305301666259766e-01 -2.025557518005371094e+00
8.248044550418853760e-02 -1.014183759689331055e+00 -1.687618136405944824e+00
-1.984594821929931641e+00 -9.067924618721008301e-01 -1.409871697425842285e+00
-1.470506191253662109e+00 -9.171878695487976074e-01 -2.323316335678100586e+00
-1.307922840118408203e+00 -9.053567051887512207e-01 -1.422922372817993164e+00
-3.304013013839721680e+00 -1.184156179428100586e+00 -2.175117254257202148e+00
8.656248450279235840e-01 -1.433737993240356445e+00 -3.138183116912841797e+00
-1.620118975639343262e+00 -8.878580927848815918e-01 -1.547329187393188477e+00
-1.789622426033020020e+00 -9.839258193969726562e-01 -2.301642894744873047e+00
-7.422776818275451660e-01 -1.079673647880554199e+00 -1.429317712783813477e+00
-2.561587095260620117e+00 -1.161273241043090820e+00 -1.411819458007812500e+00
-1.412735700607299805e+00 -9.263806343078613281e-01 -2.024499654769897461e+00
-1.482746124267578125e+00 -9.233125448226928711e-01 -1.520085215568542480e+00
-1.664483070373535156e+00 -8.843989372253417969e-01 -1.846946716308593750e+00
-3.077030479907989502e-01 -1.338193297386169434e+00 -1.977824330329895020e+00
-2.479848623275756836e+00 -1.480196118354797363e+00 -5.792331099510192871e-01
-1.606302142143249512e+00 -1.175614118576049805e+00 -2.524542093276977539e+00
-1.171158194541931152e+00 -1.080087065696716309e+00 -1.419324398040771484e+00
-3.165844917297363281e+00 -1.657562494277954102e+00 -1.786753058433532715e+00
-5.436119437217712402e-01 -1.559658765792846680e+00 -2.672814846038818359e+00
-1.569777250289916992e+00 -9.619213938713073730e-01 -1.543432116508483887e+00
-1.664378166198730469e+00 -9.485816955566406250e-01 -1.926437973976135254e+00
-4.356722235679626465e-01 -1.548670291900634766e+00 -1.563077211380004883e+00
-2.894446849822998047e+00 -1.891737461090087891e+00 -9.325357675552368164e-01
-1.326383590698242188e+00 -1.410690307617187500e+00 -2.562864303588867188e+00
-1.444762587547302246e+00 -1.000417947769165039e+00 -1.568202853202819824e+00
-3.010945320129394531e+00 -2.054881334304809570e+00 -2.321626186370849609e+00
5.326692461967468262e-01 -2.680908203125000000e+00 -2.605996370315551758e+00
-2.074936628341674805e+00 -1.892700910568237305e+00 -6.720684766769409180e-01
-1.654389262199401855e+00 -1.170356035232543945e+00 -2.123530864715576172e+00
-1.214388489723205566e+00 -1.208122849464416504e+00 -1.573511123657226562e+00
-2.373661518096923828e+00 -1.700306653976440430e+00 -1.597781300544738770e+00
-3.928742706775665283e-01 -2.993466615676879883e+00 -3.379804849624633789e+00
-1.530363440513610840e+00 -9.997519254684448242e-01 -1.627192020416259766e+00
-1.618256211280822754e+00 -9.470471143722534180e-01 -1.831727743148803711e+00
-1.441907763481140137e+00 -9.716710448265075684e-01 -1.774300813674926758e+00
-2.008124351501464844e+00 -1.747448921203613281e+00 -1.321507811546325684e+00
-1.528517723083496094e+00 -1.355586171150207520e+00 -2.111037731170654297e+00
-1.488784313201904297e+00 -9.871833920478820801e-01 -1.699105381965637207e+00
-2.980121135711669922e+00 -3.497143983840942383e+00 -1.977960467338562012e+00
-1.491154909133911133e+00 -9.718261957168579102e-01 -1.809404134750366211e+00
-1.563363194465637207e+00 -9.926855564117431641e-01 -1.703825354576110840e+00
-1.581534862518310547e+00 -1.022139668464660645e+00 -1.831601500511169434e+00
-1.506055474281311035e+00 -9.807773828506469727e-01 -1.757271885871887207e+00
-1.576468944549560547e+00 -9.869742989540100098e-01 -1.757952094078063965e+00
-1.547569632530212402e+00 -9.831823110580444336e-01 -1.770963668823242188e+00
