-9.388208389282226562e+00 2.377541065216064453e-01 -1.857556152343750000e+01
-9.388208389282226562e+00 2.377541065216064453e-01 -1.857556152343750000e+01
-9.388208389282226562e+00 2.377541065216064453e-01 -1.857556152343750000e+01
-9.347274780273437500e+00 4.220925569534301758e-01 -1.852217102050781250e+01
-9.336610794067382812e+00 3.632764518260955811e-01 -1.860838317871093750e+01
-9.388208389282226562e+00 2.377541065216064453e-01 -1.857556152343750000e+01
-9.388208389282226562e+00 2.377541065216064453e-01 -1.857556152343750000e+01
-9.355360031127929688e+00 3.403694927692413330e-01 -1.864575767517089844e+01
-9.362363815307617188e+00 3.446108102798461914e-01 -1.849316596984863281e+01
-9.332744598388671875e+00 2.997456789016723633e-01 -1.858775520324707031e+01
-9.341574668884277344e+00 2.938174903392791748e-01 -1.853625869750976562e+01
-9.346919059753417969e+00 2.858084440231323242e-01 -1.861664962768554688e+01
-9.388208389282226562e+00 2.377541065216064453e-01 -1.857556152343750000e+01
-9.324879646301269531e+00 2.827514708042144775e-01 -1.856704139709472656e+01
-9.388208389282226562e+00 2.377541065216064453e-01 -1.857556152343750000e+01
-9.355264663696289062e+00 2.775801718235015869e-01 -1.851807022094726562e+01
-9.340097427368164062e+00 2.663417756557464600e-01 -1.859778976440429688e+01
-9.328619003295898438e+00 2.683833241462707520e-01 -1.854424285888671875e+01
-9.349589347839355469e+00 2.665264904499053955e-01 -1.863562393188476562e+01
-9.375343322753906250e+00 2.664605081081390381e-01 -1.850070381164550781e+01
-9.333039283752441406e+00 2.560063004493713379e-01 -1.858013153076171875e+01
-9.343138694763183594e+00 2.552608549594879150e-01 -1.852587890625000000e+01
-9.345969200134277344e+00 2.492641657590866089e-01 -1.860762023925781250e+01
-9.388208389282226562e+00 2.377541065216064453e-01 -1.857556152343750000e+01
-9.323721885681152344e+00 2.480033785104751587e-01 -1.855788803100585938e+01
-9.388208389282226562e+00 2.377541065216064453e-01 -1.857556152343750000e+01
-9.359807968139648438e+00 2.446301877498626709e-01 -1.850579643249511719e+01
-9.340427398681640625e+00 2.402825802564620972e-01 -1.859029197692871094e+01
-9.330833435058593750e+00 2.370431870222091675e-01 -1.853480529785156250e+01
-9.341641426086425781e+00 2.341209650039672852e-01 -1.863027000427246094e+01
-9.384892463684082031e+00 2.313040643930435181e-01 -1.848462867736816406e+01
-9.331778526306152344e+00 2.314368337392807007e-01 -1.857267570495605469e+01
-9.346690177917480469e+00 2.249934226274490356e-01 -1.851526451110839844e+01
-9.345780372619628906e+00 2.271693348884582520e-01 -1.859959983825683594e+01
-9.321577072143554688e+00 2.172364592552185059e-01 -1.854729270935058594e+01
-9.339231491088867188e+00 2.033626437187194824e-01 -1.866765594482421875e+01
-9.366209030151367188e+00 2.066634893417358398e-01 -1.849041938781738281e+01
-9.338041305541992188e+00 2.172605544328689575e-01 -1.858393096923828125e+01
-9.333238601684570312e+00 2.014806568622589111e-01 -1.852420997619628906e+01
-9.332652091979980469e+00 1.974707990884780884e-01 -1.862546730041503906e+01
-9.331550598144531250e+00 2.012201696634292603e-01 -1.856496810913085938e+01
-9.388208389282226562e+00 2.377541065216064453e-01 -1.857556152343750000e+01
-9.388208389282226562e+00 2.377541065216064453e-01 -1.857556152343750000e+01
-9.322047233581542969e+00 1.630064994096755981e-01 -1.853635215759277344e+01
-9.388208389282226562e+00 2.377541065216064453e-01 -1.857556152343750000e+01
-9.320549964904785156e+00 1.481261998414993286e-01 -1.857769775390625000e+01
-9.388208389282226562e+00 2.377541065216064453e-01 -1.857556152343750000e+01
-9.388208389282226562e+00 2.377541065216064453e-01 -1.857556152343750000e+01
-9.388208389282226562e+00 2.377541065216064453e-01 -1.857556152343750000e+01
