-4.341983318328857422e+00 1.587949395179748535e-01 -1.688224792480468750e+01
-4.364500522613525391e+00 1.573727428913116455e-01 -1.686161994934082031e+01
-4.337979793548583984e+00 1.639339625835418701e-01 -1.692786598205566406e+01
-4.311004161834716797e+00 1.472743451595306396e-01 -1.684184074401855469e+01
-4.397548198699951172e+00 1.394697278738021851e-01 -1.689207649230957031e+01
-4.044638633728027344e+00 7.311222553253173828e-01 -1.707139396667480469e+01
-4.361574172973632812e+00 1.467281877994537354e-01 -1.680937194824218750e+01
-4.388362407684326172e+00 1.762830168008804321e-01 -1.697154808044433594e+01
-4.258944034576416016e+00 1.437350064516067505e-01 -1.685192298889160156e+01
-4.417933464050292969e+00 1.246866807341575623e-01 -1.685089683532714844e+01
-4.136455535888671875e+00 6.498062610626220703e-01 -1.732144927978515625e+01
-4.308171272277832031e+00 1.475625634193420410e-01 -1.677445030212402344e+01
-4.412346363067626953e+00 1.021471619606018066e-01 -1.692302513122558594e+01
-3.876774072647094727e+00 5.277221202850341797e-01 -1.698452377319335938e+01
-4.419409751892089844e+00 1.463033109903335571e-01 -1.677211570739746094e+01
-4.403591156005859375e+00 4.737021028995513916e-01 -1.735767173767089844e+01
-4.231380939483642578e+00 1.407304108142852783e-01 -1.678903198242187500e+01
-4.429464340209960938e+00 8.397644758224487305e-02 -1.687862968444824219e+01
-3.928832292556762695e+00 4.886002540588378906e-01 -1.729338836669921875e+01
-4.350129604339599609e+00 1.457275301218032837e-01 -1.670607948303222656e+01
-4.414347648620605469e+00 9.158391505479812622e-02 -1.696896553039550781e+01
-4.204160213470458984e+00 1.056899726390838623e-01 -1.686370468139648438e+01
-4.446826934814453125e+00 9.310138225555419922e-02 -1.680930137634277344e+01
-4.221548080444335938e+00 3.555631339550018311e-01 -1.741759490966796875e+01
-4.221300125122070312e+00 1.536559313535690308e-01 -1.667163848876953125e+01
-4.436033725738525391e+00 6.399472802877426147e-02 -1.691225242614746094e+01
-4.218593597412109375e+00 8.108051121234893799e-02 -1.693925666809082031e+01
-4.432226657867431641e+00 1.270489394664764404e-01 -1.666661643981933594e+01
-4.435343742370605469e+00 1.407753527164459229e-01 -1.714181327819824219e+01
-4.204882621765136719e+00 7.823277264833450317e-02 -1.681019210815429688e+01
-4.451272487640380859e+00 5.620305985212326050e-02 -1.685343933105468750e+01
-3.983531951904296875e+00 2.748164832592010498e-01 -1.743972206115722656e+01
-4.268426895141601562e+00 1.718941777944564819e-01 -1.645424461364746094e+01
-4.442922115325927734e+00 5.290017649531364441e-02 -1.696042060852050781e+01
-4.218443870544433594e+00 4.863410815596580505e-02 -1.689248275756835938e+01
-4.482747554779052734e+00 7.126823067665100098e-02 -1.673008537292480469e+01
-4.338891029357910156e+00 1.874474138021469116e-01 -1.751611137390136719e+01
-4.203951835632324219e+00 6.137828528881072998e-02 -1.673008918762207031e+01
-4.454229354858398438e+00 3.468792140483856201e-02 -1.689265060424804688e+01
-3.005933761596679688e+00 3.718327581882476807e-01 -1.789626121520996094e+01
-4.458933353424072266e+00 1.355396062135696411e-01 -1.623938751220703125e+01
-4.457626819610595703e+00 4.560877382755279541e-02 -1.706601715087890625e+01
-4.216450214385986328e+00 2.771390043199062347e-02 -1.684784507751464844e+01
-4.478310108184814453e+00 2.805891260504722595e-02 -1.681228828430175781e+01
-4.254698276519775391e+00 3.583533689379692078e-02 -1.711768341064453125e+01
-4.107776641845703125e+00 6.446666270494461060e-02 -1.630692481994628906e+01
-4.464957714080810547e+00 1.740839518606662750e-02 -1.694052696228027344e+01
-3.004873275756835938e+00 7.851989567279815674e-02 -1.729449272155761719e+01
-4.872805595397949219e+00 3.958998620510101318e-02 -1.597649383544921875e+01
-4.711240291595458984e+00 2.552827261388301849e-02 -1.860181427001953125e+01
-4.004229545593261719e+00 3.577027004212141037e-03 -1.664232444763183594e+01
-4.473501682281494141e+00 3.743972629308700562e-03 -1.686585617065429688e+01
-3.022983789443969727e+00 -9.514508396387100220e-02 -1.843186187744140625e+01
-4.318463325500488281e+00 -3.798628225922584534e-02 -1.623728370666503906e+01
-5.681397914886474609e+00 -1.664349287748336792e-01 -1.824140930175781250e+01
-2.541294574737548828e+00 -1.938240528106689453e-01 -1.679017829895019531e+01
-4.765803813934326172e+00 -6.506102532148361206e-02 -1.653206634521484375e+01
-4.258648395538330078e+00 -8.468228578567504883e-02 -1.747955131530761719e+01
-3.839205026626586914e+00 -1.467683911323547363e-01 -1.615205764770507812e+01
-4.477763175964355469e+00 -1.948418468236923218e-02 -1.691349029541015625e+01
-3.328001737594604492e+00 -2.452034354209899902e-01 -1.745672988891601562e+01
-4.628254413604736328e+00 -2.138293087482452393e-01 -1.599981212615966797e+01
-4.960419178009033203e+00 -3.811679482460021973e-01 -1.823811340332031250e+01
-3.546546936035156250e+00 -2.371762543916702271e-01 -1.654478263854980469e+01
-4.792389392852783203e+00 -1.386275440454483032e-01 -1.672272300720214844e+01
-3.471145391464233398e+00 -6.037389039993286133e-01 -1.851973342895507812e+01
-3.924271345138549805e+00 -5.825703144073486328e-01 -1.526562976837158203e+01
-5.062006950378417969e+00 -3.167869746685028076e-01 -1.735019683837890625e+01
-3.097329378128051758e+00 -5.006864070892333984e-01 -1.708990669250488281e+01
-5.127839565277099609e+00 -5.388814210891723633e-01 -1.587768936157226562e+01
-4.404912471771240234e+00 -3.607255220413208008e-01 -1.768967247009277344e+01
-3.902423143386840820e+00 -2.822952270507812500e-01 -1.647161483764648438e+01
-4.484083175659179688e+00 -6.475640833377838135e-02 -1.688363456726074219e+01
-3.330878019332885742e+00 -7.253789901733398438e-01 -1.779051971435546875e+01
-4.552981853485107422e+00 -1.229492545127868652e+00 -1.472042560577392578e+01
-5.411422252655029297e+00 -1.062342047691345215e+00 -1.830569076538085938e+01
-2.641544103622436523e+00 -1.088709115982055664e+00 -1.656432533264160156e+01
-5.541795253753662109e+00 -9.365295767784118652e-01 -1.613536834716796875e+01
-4.101206302642822266e+00 -6.225107312202453613e-01 -1.774428939819335938e+01
-4.176603317260742188e+00 -2.636443972587585449e-01 -1.655607795715332031e+01
-5.003728866577148438e+00 -5.453661084175109863e-01 -1.713125991821289062e+01
-3.438946723937988281e+00 -7.949834465980529785e-01 -1.724473762512207031e+01
-4.341983318328857422e+00 7.762049324810504913e-03 -1.688224792480468750e+01
-4.583287715911865234e+00 -7.572566866874694824e-01 -1.767869377136230469e+01
-1.307340383529663086e+00 -3.420725345611572266e+00 -1.508383274078369141e+01
-4.537237644195556641e+00 -1.975407004356384277e-01 -1.684131431579589844e+01
-3.404307842254638672e+00 -1.747709512710571289e+00 -1.818871498107910156e+01
-4.290399074554443359e+00 -4.960598051548004150e-01 -1.645121765136718750e+01
-4.960512161254882812e+00 -1.001555085182189941e+00 -1.741395187377929688e+01
-3.715382099151611328e+00 -8.222985863685607910e-01 -1.690203857421875000e+01
-4.433677196502685547e+00 -1.745583713054656982e-01 -1.679276466369628906e+01
-4.305420398712158203e+00 -9.976340532302856445e-01 -1.753488922119140625e+01
-3.715149164199829102e+00 -1.650167465209960938e+00 -1.611601638793945312e+01
-4.934661388397216797e+00 -1.094990253448486328e+00 -1.696788787841796875e+01
-3.868033170700073242e+00 -1.169458627700805664e+00 -1.720519256591796875e+01
-4.530003547668457031e+00 -1.908738493919372559e+00 -1.608297729492187500e+01
-4.541212081909179688e+00 -1.109290480613708496e+00 -1.723792839050292969e+01
-4.023265838623046875e+00 -1.136749267578125000e+00 -1.677713203430175781e+01
-4.546542644500732422e+00 -1.091317415237426758e+00 -1.679014778137207031e+01
-4.341983318328857422e+00 -1.364374876022338867e+00 -1.688224792480468750e+01
