4.105427265167236328e+00 -1.659194469451904297e+00 -2.240083122253417969e+01
3.680031538009643555e+00 1.167227149009704590e+00 -2.201113319396972656e+01
4.105427265167236328e+00 -1.659194469451904297e+00 -2.240083122253417969e+01
4.498589515686035156e+00 1.113697886466979980e-01 -2.188802146911621094e+01
4.105427265167236328e+00 -1.659194469451904297e+00 -2.240083122253417969e+01
4.105427265167236328e+00 -1.659194469451904297e+00 -2.240083122253417969e+01
3.848940849304199219e+00 1.601914167404174805e-01 -2.144671440124511719e+01
4.105427265167236328e+00 -1.659194469451904297e+00 -2.240083122253417969e+01
2.876132011413574219e+00 2.332988232374191284e-01 -2.189339637756347656e+01
4.415163516998291016e+00 -3.785405158996582031e-01 -2.141334342956542969e+01
4.105427265167236328e+00 -1.659194469451904297e+00 -2.240083122253417969e+01
4.105427265167236328e+00 -1.659194469451904297e+00 -2.240083122253417969e+01
3.514513015747070312e+00 -6.018567085266113281e-01 -2.156031608581542969e+01
4.105427265167236328e+00 -1.659194469451904297e+00 -2.240083122253417969e+01
4.105427265167236328e+00 -1.659194469451904297e+00 -2.240083122253417969e+01
4.034341812133789062e+00 -4.552725255489349365e-01 -2.086353874206542969e+01
4.105427265167236328e+00 -1.659194469451904297e+00 -2.240083122253417969e+01
2.496988773345947266e+00 -3.499757051467895508e-01 -2.128172111511230469e+01
4.105427265167236328e+00 -1.659194469451904297e+00 -2.240083122253417969e+01
4.105427265167236328e+00 -1.659194469451904297e+00 -2.240083122253417969e+01
4.105427265167236328e+00 -1.659194469451904297e+00 -2.240083122253417969e+01
3.635427951812744141e+00 -1.037931442260742188e+00 -2.127779197692871094e+01
4.105427265167236328e+00 -1.659194469451904297e+00 -2.240083122253417969e+01
1.310244321823120117e+00 -4.202647507190704346e-01 -2.166403007507324219e+01
4.105427265167236328e+00 -1.659194469451904297e+00 -2.240083122253417969e+01
4.508084297180175781e+00 -7.607141137123107910e-01 -2.005788612365722656e+01
4.105427265167236328e+00 -1.659194469451904297e+00 -2.240083122253417969e+01
3.496615886688232422e+00 -1.384527564048767090e+00 -2.174272346496582031e+01
4.105427265167236328e+00 -1.659194469451904297e+00 -2.240083122253417969e+01
-6.861156940460205078e+00 9.714959263801574707e-01 -2.341721153259277344e+01
4.105427265167236328e+00 -1.659194469451904297e+00 -2.240083122253417969e+01
3.891822814941406250e+00 -1.425813794136047363e+00 -2.122667121887207031e+01
4.105427265167236328e+00 -1.659194469451904297e+00 -2.240083122253417969e+01
2.111578464508056641e+00 -1.362342119216918945e+00 -2.137762069702148438e+01
4.105427265167236328e+00 -1.659194469451904297e+00 -2.240083122253417969e+01
4.105427265167236328e+00 -1.659194469451904297e+00 -2.240083122253417969e+01
4.105427265167236328e+00 -1.659194469451904297e+00 -2.240083122253417969e+01
3.201063871383666992e+00 -1.604969143867492676e+00 -2.085769462585449219e+01
4.105427265167236328e+00 -1.659194469451904297e+00 -2.240083122253417969e+01
3.009117245674133301e-01 -1.775428056716918945e+00 -2.192668151855468750e+01
4.113971710205078125e+00 -1.675814390182495117e+00 -2.216652107238769531e+01
3.683216094970703125e+00 -1.731741070747375488e+00 -2.205197906494140625e+01
4.105427265167236328e+00 -1.659194469451904297e+00 -2.240083122253417969e+01
3.533393383026123047e+00 -2.101983308792114258e+00 -2.063752937316894531e+01
4.105427265167236328e+00 -1.659194469451904297e+00 -2.240083122253417969e+01
3.700200796127319336e+00 -1.790899872779846191e+00 -2.225730895996093750e+01
4.105427265167236328e+00 -1.659194469451904297e+00 -2.240083122253417969e+01
3.887852430343627930e+00 -1.810540080070495605e+00 -2.212270545959472656e+01
4.105427265167236328e+00 -1.659194469451904297e+00 -2.240083122253417969e+01
4.105427265167236328e+00 -1.659194469451904297e+00 -2.240083122253417969e+01
4.105427265167236328e+00 -1.659194469451904297e+00 -2.240083122253417969e+01
4.105427265167236328e+00 -1.659194469451904297e+00 -2.240083122253417969e+01
4.105427265167236328e+00 -1.659194469451904297e+00 -2.240083122253417969e+01
4.105427265167236328e+00 -1.659194469451904297e+00 -2.240083122253417969e+01
4.105427265167236328e+00 -1.659194469451904297e+00 -2.240083122253417969e+01
4.105427265167236328e+00 -1.659194469451904297e+00 -2.240083122253417969e+01
4.105427265167236328e+00 -1.659194469451904297e+00 -2.240083122253417969e+01
4.105427265167236328e+00 -1.659194469451904297e+00 -2.240083122253417969e+01
4.105427265167236328e+00 -1.659194469451904297e+00 -2.240083122253417969e+01
4.105427265167236328e+00 -1.659194469451904297e+00 -2.240083122253417969e+01
4.105427265167236328e+00 -1.659194469451904297e+00 -2.240083122253417969e+01
4.105427265167236328e+00 -1.659194469451904297e+00 -2.240083122253417969e+01
4.105427265167236328e+00 -1.659194469451904297e+00 -2.240083122253417969e+01
4.105427265167236328e+00 -1.659194469451904297e+00 -2.240083122253417969e+01
4.105427265167236328e+00 -1.659194469451904297e+00 -2.240083122253417969e+01
4.105427265167236328e+00 -1.659194469451904297e+00 -2.240083122253417969e+01
4.105427265167236328e+00 -1.659194469451904297e+00 -2.240083122253417969e+01
4.105427265167236328e+00 -1.659194469451904297e+00 -2.240083122253417969e+01
4.105427265167236328e+00 -1.659194469451904297e+00 -2.240083122253417969e+01
