4.387001991271972656e+00 -1.547649502754211426e+00 -2.239227294921875000e+01
4.350914955139160156e+00 -1.307878971099853516e+00 -2.235921478271484375e+01
4.387001991271972656e+00 -1.547649502754211426e+00 -2.239227294921875000e+01
4.387001991271972656e+00 -1.547649502754211426e+00 -2.239227294921875000e+01
4.387001991271972656e+00 -1.547649502754211426e+00 -2.239227294921875000e+01
4.353808403015136719e+00 -1.312189459800720215e+00 -2.226879310607910156e+01
4.387001991271972656e+00 -1.547649502754211426e+00 -2.239227294921875000e+01
4.387001991271972656e+00 -1.547649502754211426e+00 -2.239227294921875000e+01
4.387001991271972656e+00 -1.547649502754211426e+00 -2.239227294921875000e+01
4.468560695648193359e+00 -1.210431218147277832e+00 -2.213224983215332031e+01
4.387001991271972656e+00 -1.547649502754211426e+00 -2.239227294921875000e+01
4.300677299499511719e+00 -1.393186807632446289e+00 -2.226948547363281250e+01
4.387001991271972656e+00 -1.547649502754211426e+00 -2.239227294921875000e+01
4.387001991271972656e+00 -1.547649502754211426e+00 -2.239227294921875000e+01
4.375628471374511719e+00 -1.355022192001342773e+00 -2.214630699157714844e+01
4.387001991271972656e+00 -1.547649502754211426e+00 -2.239227294921875000e+01
4.387001991271972656e+00 -1.547649502754211426e+00 -2.239227294921875000e+01
4.262207508087158203e+00 -1.446070790290832520e+00 -2.230544471740722656e+01
4.387001991271972656e+00 -1.547649502754211426e+00 -2.239227294921875000e+01
4.387001991271972656e+00 -1.547649502754211426e+00 -2.239227294921875000e+01
4.305075168609619141e+00 -1.439355373382568359e+00 -2.219651222229003906e+01
4.387001991271972656e+00 -1.547649502754211426e+00 -2.239227294921875000e+01
4.251612663269042969e+00 -1.487639904022216797e+00 -2.235658454895019531e+01
4.452272415161132812e+00 -1.402005910873413086e+00 -2.201248168945312500e+01
4.243046760559082031e+00 -1.482703804969787598e+00 -2.223666191101074219e+01
4.387001991271972656e+00 -1.547649502754211426e+00 -2.239227294921875000e+01
4.247805118560791016e+00 -1.514258623123168945e+00 -2.240517425537109375e+01
4.331762790679931641e+00 -1.487295866012573242e+00 -2.208862876892089844e+01
4.224978923797607422e+00 -1.523526787757873535e+00 -2.230912590026855469e+01
4.387001991271972656e+00 -1.547649502754211426e+00 -2.239227294921875000e+01
4.387001991271972656e+00 -1.547649502754211426e+00 -2.239227294921875000e+01
4.245907783508300781e+00 -1.539189577102661133e+00 -2.215151977539062500e+01
4.387001991271972656e+00 -1.547649502754211426e+00 -2.239227294921875000e+01
4.213604927062988281e+00 -1.552947044372558594e+00 -2.237066268920898438e+01
4.401318550109863281e+00 -1.575496554374694824e+00 -2.199968338012695312e+01
4.178641796112060547e+00 -1.583451032638549805e+00 -2.222011566162109375e+01
4.387001991271972656e+00 -1.547649502754211426e+00 -2.239227294921875000e+01
4.387001991271972656e+00 -1.547649502754211426e+00 -2.239227294921875000e+01
4.278959751129150391e+00 -1.631280899047851562e+00 -2.205923080444335938e+01
4.138839244842529297e+00 -1.628306627273559570e+00 -2.230437850952148438e+01
4.387001991271972656e+00 -1.547649502754211426e+00 -2.239227294921875000e+01
4.173675060272216797e+00 -1.696040391921997070e+00 -2.211957740783691406e+01
4.387001991271972656e+00 -1.547649502754211426e+00 -2.239227294921875000e+01
4.387001991271972656e+00 -1.547649502754211426e+00 -2.239227294921875000e+01
4.387001991271972656e+00 -1.547649502754211426e+00 -2.239227294921875000e+01
4.387001991271972656e+00 -1.547649502754211426e+00 -2.239227294921875000e+01
4.387001991271972656e+00 -1.547649502754211426e+00 -2.239227294921875000e+01
4.387001991271972656e+00 -1.547649502754211426e+00 -2.239227294921875000e+01
4.387001991271972656e+00 -1.547649502754211426e+00 -2.239227294921875000e+01
4.387001991271972656e+00 -1.547649502754211426e+00 -2.239227294921875000e+01
