3.157763957977294922e+00 -8.939076662063598633e-01 -2.284056091308593750e+01
3.157763957977294922e+00 -8.939076662063598633e-01 -2.284056091308593750e+01
3.157763957977294922e+00 -8.939076662063598633e-01 -2.284056091308593750e+01
3.187099456787109375e+00 -7.617984414100646973e-01 -2.280229759216308594e+01
3.157763957977294922e+00 -8.939076662063598633e-01 -2.284056091308593750e+01
3.157763957977294922e+00 -8.939076662063598633e-01 -2.284056091308593750e+01
3.157763957977294922e+00 -8.939076662063598633e-01 -2.284056091308593750e+01
3.157763957977294922e+00 -8.939076662063598633e-01 -2.284056091308593750e+01
3.157763957977294922e+00 -8.939076662063598633e-01 -2.284056091308593750e+01
3.171217441558837891e+00 -8.382818102836608887e-01 -2.279766845703125000e+01
3.157763957977294922e+00 -8.939076662063598633e-01 -2.284056091308593750e+01
3.126896858215332031e+00 -8.386762738227844238e-01 -2.279665565490722656e+01
3.225351095199584961e+00 -8.126532435417175293e-01 -2.278359794616699219e+01
3.157763957977294922e+00 -8.939076662063598633e-01 -2.284056091308593750e+01
3.155037164688110352e+00 -8.477241992950439453e-01 -2.278158950805664062e+01
3.157763957977294922e+00 -8.939076662063598633e-01 -2.284056091308593750e+01
3.092273950576782227e+00 -8.406007885932922363e-01 -2.279499435424804688e+01
3.194765806198120117e+00 -8.491761684417724609e-01 -2.277598762512207031e+01
3.115392208099365234e+00 -8.378990888595581055e-01 -2.273931503295898438e+01
3.157763957977294922e+00 -8.939076662063598633e-01 -2.284056091308593750e+01
3.028242826461791992e+00 -8.364989757537841797e-01 -2.280641937255859375e+01
3.174495220184326172e+00 -8.565737009048461914e-01 -2.274320602416992188e+01
3.157763957977294922e+00 -8.939076662063598633e-01 -2.284056091308593750e+01
3.039254188537597656e+00 -8.404417037963867188e-01 -2.271245574951171875e+01
3.157763957977294922e+00 -8.939076662063598633e-01 -2.284056091308593750e+01
3.157763957977294922e+00 -8.939076662063598633e-01 -2.284056091308593750e+01
3.135772705078125000e+00 -8.698803782463073730e-01 -2.271967697143554688e+01
3.157763957977294922e+00 -8.939076662063598633e-01 -2.284056091308593750e+01
2.575906515121459961e+00 -8.072783946990966797e-01 -2.254196166992187500e+01
3.157763957977294922e+00 -8.939076662063598633e-01 -2.284056091308593750e+01
3.064446210861206055e+00 -8.883123397827148438e-01 -2.268133163452148438e+01
2.666102886199951172e+00 -9.089286327362060547e-01 -2.277928543090820312e+01
3.161049604415893555e+00 -9.002985954284667969e-01 -2.275046157836914062e+01
2.651030302047729492e+00 -9.809772968292236328e-01 -2.242187309265136719e+01
3.125606775283813477e+00 -9.187993407249450684e-01 -2.274143600463867188e+01
3.157763957977294922e+00 -8.939076662063598633e-01 -2.284056091308593750e+01
2.526458024978637695e+00 -1.099092721939086914e+00 -2.261696434020996094e+01
3.157763957977294922e+00 -8.939076662063598633e-01 -2.284056091308593750e+01
3.073755502700805664e+00 -9.523440599441528320e-01 -2.273317337036132812e+01
2.994843959808349609e+00 -1.849238634109497070e+00 -2.117133522033691406e+01
3.157763957977294922e+00 -8.939076662063598633e-01 -2.284056091308593750e+01
3.157763957977294922e+00 -8.939076662063598633e-01 -2.284056091308593750e+01
3.157763957977294922e+00 -8.939076662063598633e-01 -2.284056091308593750e+01
3.157763957977294922e+00 -8.939076662063598633e-01 -2.284056091308593750e+01
3.157763957977294922e+00 -8.939076662063598633e-01 -2.284056091308593750e+01
3.157763957977294922e+00 -8.939076662063598633e-01 -2.284056091308593750e+01
3.157763957977294922e+00 -8.939076662063598633e-01 -2.284056091308593750e+01
3.157763957977294922e+00 -8.939076662063598633e-01 -2.284056091308593750e+01
