2.963135719299316406e+00 -6.948702335357666016e-01 -2.291127777099609375e+01
2.963135719299316406e+00 -6.948702335357666016e-01 -2.291127777099609375e+01
2.963135719299316406e+00 -6.948702335357666016e-01 -2.291127777099609375e+01
2.963135719299316406e+00 -6.948702335357666016e-01 -2.291127777099609375e+01
2.963135719299316406e+00 -6.948702335357666016e-01 -2.291127777099609375e+01
2.997146844863891602e+00 -5.542460083961486816e-01 -2.280284500122070312e+01
2.963135719299316406e+00 -6.948702335357666016e-01 -2.291127777099609375e+01
2.543797969818115234e+00 5.546157434582710266e-02 -2.231481361389160156e+01
3.058598995208740234e+00 -5.801025032997131348e-01 -2.283082199096679688e+01
2.963135719299316406e+00 -6.948702335357666016e-01 -2.291127777099609375e+01
2.954869031906127930e+00 -5.548647046089172363e-01 -2.273250389099121094e+01
2.963135719299316406e+00 -6.948702335357666016e-01 -2.291127777099609375e+01
2.432645320892333984e+00 -2.630676329135894775e-01 -2.254217720031738281e+01
3.023755073547363281e+00 -6.215876340866088867e-01 -2.280548858642578125e+01
2.859497070312500000e+00 -5.578766465187072754e-01 -2.266363906860351562e+01
2.963135719299316406e+00 -6.948702335357666016e-01 -2.291127777099609375e+01
2.441765546798706055e+00 -4.637794494628906250e-01 -2.277384567260742188e+01
2.989756584167480469e+00 -6.354691386222839355e-01 -2.275637817382812500e+01
2.665607452392578125e+00 -5.606396198272705078e-01 -2.258965873718261719e+01
3.058068990707397461e+00 -6.579948663711547852e-01 -2.280662727355957031e+01
2.963135719299316406e+00 -6.948702335357666016e-01 -2.291127777099609375e+01
2.918918848037719727e+00 -6.465597152709960938e-01 -2.266822242736816406e+01
2.963135719299316406e+00 -6.948702335357666016e-01 -2.291127777099609375e+01
2.477280139923095703e+00 -6.225340962409973145e-01 -2.266194534301757812e+01
3.015155553817749023e+00 -6.822755336761474609e-01 -2.278349304199218750e+01
2.789335012435913086e+00 -6.844491958618164062e-01 -2.261471748352050781e+01
2.963135719299316406e+00 -6.948702335357666016e-01 -2.291127777099609375e+01
-2.616209030151367188e+00 -8.653275370597839355e-01 -2.221593475341796875e+01
2.970440626144409180e+00 -7.090788483619689941e-01 -2.271096229553222656e+01
2.561614036560058594e+00 -7.638617753982543945e-01 -2.257952117919921875e+01
2.963135719299316406e+00 -6.948702335357666016e-01 -2.291127777099609375e+01
2.869585275650024414e+00 -7.672840356826782227e-01 -2.262290763854980469e+01
2.963135719299316406e+00 -6.948702335357666016e-01 -2.291127777099609375e+01
2.601913452148437500e+00 -8.122735023498535156e-01 -2.278334045410156250e+01
3.007195711135864258e+00 -7.571381330490112305e-01 -2.274075698852539062e+01
2.602261781692504883e+00 -9.458949565887451172e-01 -2.244997406005859375e+01
2.963135719299316406e+00 -6.948702335357666016e-01 -2.291127777099609375e+01
2.937451124191284180e+00 -8.454795479774475098e-01 -2.264812278747558594e+01
2.963135719299316406e+00 -6.948702335357666016e-01 -2.291127777099609375e+01
2.963135719299316406e+00 -6.948702335357666016e-01 -2.291127777099609375e+01
2.963135719299316406e+00 -6.948702335357666016e-01 -2.291127777099609375e+01
2.963135719299316406e+00 -6.948702335357666016e-01 -2.291127777099609375e+01
2.963135719299316406e+00 -6.948702335357666016e-01 -2.291127777099609375e+01
2.963135719299316406e+00 -6.948702335357666016e-01 -2.291127777099609375e+01
2.963135719299316406e+00 -6.948702335357666016e-01 -2.291127777099609375e+01
2.963135719299316406e+00 -6.948702335357666016e-01 -2.291127777099609375e+01
