3.708288669586181641e+00 -8.782578110694885254e-01 -2.285426712036132812e+01
3.708288669586181641e+00 -8.782578110694885254e-01 -2.285426712036132812e+01
4.161420822143554688e+00 1.162374138832092285e+00 -2.226323699951171875e+01
3.690661668777465820e+00 -7.532204389572143555e-01 -2.278869628906250000e+01
3.708288669586181641e+00 -8.782578110694885254e-01 -2.285426712036132812e+01
3.708288669586181641e+00 -8.782578110694885254e-01 -2.285426712036132812e+01
3.733168601989746094e+00 -7.753873467445373535e-01 -2.277494621276855469e+01
3.708288669586181641e+00 -8.782578110694885254e-01 -2.285426712036132812e+01
3.577178001403808594e+00 -6.436582803726196289e-01 -2.266777610778808594e+01
3.708288669586181641e+00 -8.782578110694885254e-01 -2.285426712036132812e+01
3.708288669586181641e+00 -8.782578110694885254e-01 -2.285426712036132812e+01
3.690428018569946289e+00 -5.757665038108825684e-01 -2.246801567077636719e+01
3.525774478912353516e+00 -7.296969294548034668e-01 -2.272727775573730469e+01
4.403265476226806641e+00 -3.810180723667144775e-02 -2.164143943786621094e+01
3.603372573852539062e+00 -7.395755648612976074e-01 -2.260357475280761719e+01
3.708288669586181641e+00 -8.782578110694885254e-01 -2.285426712036132812e+01
3.392108917236328125e+00 -7.381151318550109863e-01 -2.277092361450195312e+01
3.747286081314086914e+00 -7.912395596504211426e-01 -2.262735176086425781e+01
3.543298721313476562e+00 -8.038221597671508789e-01 -2.267591857910156250e+01
3.708288669586181641e+00 -8.782578110694885254e-01 -2.285426712036132812e+01
3.708288669586181641e+00 -8.782578110694885254e-01 -2.285426712036132812e+01
3.663564205169677734e+00 -8.293927311897277832e-01 -2.260842323303222656e+01
3.442891359329223633e+00 -8.387444019317626953e-01 -2.271806907653808594e+01
3.708288669586181641e+00 -8.782578110694885254e-01 -2.285426712036132812e+01
3.599064350128173828e+00 -8.717087507247924805e-01 -2.266789436340332031e+01
3.708288669586181641e+00 -8.782578110694885254e-01 -2.285426712036132812e+01
3.290681362152099609e+00 -8.910163640975952148e-01 -2.280222129821777344e+01
3.715380191802978516e+00 -8.920513987541198730e-01 -2.265980339050292969e+01
3.547544956207275391e+00 -9.058776497840881348e-01 -2.272145271301269531e+01
3.653811693191528320e+00 -9.204262495040893555e-01 -2.268634033203125000e+01
3.708288669586181641e+00 -8.782578110694885254e-01 -2.285426712036132812e+01
3.490588903427124023e+00 -9.490138888359069824e-01 -2.277716255187988281e+01
3.708288669586181641e+00 -8.782578110694885254e-01 -2.285426712036132812e+01
3.611831188201904297e+00 -9.453538656234741211e-01 -2.273096656799316406e+01
3.708288669586181641e+00 -8.782578110694885254e-01 -2.285426712036132812e+01
3.694709777832031250e+00 -9.578822255134582520e-01 -2.271514129638671875e+01
3.708288669586181641e+00 -8.782578110694885254e-01 -2.285426712036132812e+01
3.708288669586181641e+00 -8.782578110694885254e-01 -2.285426712036132812e+01
3.708288669586181641e+00 -8.782578110694885254e-01 -2.285426712036132812e+01
3.708288669586181641e+00 -8.782578110694885254e-01 -2.285426712036132812e+01
3.708288669586181641e+00 -8.782578110694885254e-01 -2.285426712036132812e+01
3.708288669586181641e+00 -8.782578110694885254e-01 -2.285426712036132812e+01
