-8.356536030769348145e-01 -2.415468454360961914e+00 -2.171568679809570312e+01
-8.356536030769348145e-01 -2.415468454360961914e+00 -2.171568679809570312e+01
-8.356536030769348145e-01 -2.415468454360961914e+00 -2.171568679809570312e+01
-4.694831967353820801e-01 -7.664595246315002441e-01 -2.123808288574218750e+01
-8.356536030769348145e-01 -2.415468454360961914e+00 -2.171568679809570312e+01
-8.356536030769348145e-01 -2.415468454360961914e+00 -2.171568679809570312e+01
-9.939469695091247559e-01 -1.292615175247192383e+00 -2.112684249877929688e+01
-8.356536030769348145e-01 -2.415468454360961914e+00 -2.171568679809570312e+01
-1.331540644168853760e-01 -1.265160083770751953e+00 -2.145913505554199219e+01
-1.027219176292419434e+00 -2.120554208755493164e+00 -2.163661193847656250e+01
-5.266965627670288086e-01 -1.138036251068115234e+00 -2.073068237304687500e+01
-8.356536030769348145e-01 -2.415468454360961914e+00 -2.171568679809570312e+01
-8.356536030769348145e-01 -2.415468454360961914e+00 -2.171568679809570312e+01
-9.070239663124084473e-01 -2.287763595581054688e+00 -2.161417007446289062e+01
1.518727745860815048e-02 -1.392571210861206055e+00 -2.099859809875488281e+01
-1.290489077568054199e+00 -2.019211053848266602e+00 -2.169687843322753906e+01
-8.961892127990722656e-01 -1.390224218368530273e+00 -2.040654945373535156e+01
9.008952379226684570e-01 -1.181594371795654297e+00 -2.148203659057617188e+01
-9.855988621711730957e-01 -2.293417692184448242e+00 -2.161135864257812500e+01
-1.491522789001464844e-01 -1.585558652877807617e+00 -2.051765060424804688e+01
-8.356536030769348145e-01 -2.415468454360961914e+00 -2.171568679809570312e+01
-8.875430822372436523e-01 -2.346879005432128906e+00 -2.159169960021972656e+01
6.318076252937316895e-01 -1.661182045936584473e+00 -2.094442939758300781e+01
-1.048269510269165039e+00 -2.321229219436645508e+00 -2.165964126586914062e+01
-8.152202367782592773e-01 -2.369874000549316406e+00 -2.159679031372070312e+01
-8.356536030769348145e-01 -2.415468454360961914e+00 -2.171568679809570312e+01
-9.866069555282592773e-01 -2.347365379333496094e+00 -2.155251121520996094e+01
2.907595038414001465e-01 -1.977930307388305664e+00 -2.047397994995117188e+01
-9.856459498405456543e-01 -2.379487991333007812e+00 -2.172958755493164062e+01
-8.725975751876831055e-01 -2.375104188919067383e+00 -2.151260948181152344e+01
3.513677045702934265e-02 -2.277067661285400391e+00 -2.147703933715820312e+01
-9.585189819335937500e-01 -2.397175788879394531e+00 -2.165263366699218750e+01
-7.781327366828918457e-01 -2.401541948318481445e+00 -2.157438850402832031e+01
-9.693670272827148438e-01 -2.407451152801513672e+00 -2.148752784729003906e+01
7.093861103057861328e-01 -2.434612751007080078e+00 -2.061816215515136719e+01
-9.396273493766784668e-01 -2.418644905090332031e+00 -2.170272827148437500e+01
-8.218196034431457520e-01 -2.442376375198364258e+00 -2.133633613586425781e+01
-8.356536030769348145e-01 -2.415468454360961914e+00 -2.171568679809570312e+01
-9.305595755577087402e-01 -2.431775808334350586e+00 -2.163726997375488281e+01
-7.131419181823730469e-01 -2.453122854232788086e+00 -2.153776168823242188e+01
-9.247239232063293457e-01 -2.484414339065551758e+00 -2.144112586975097656e+01
-8.356536030769348145e-01 -2.415468454360961914e+00 -2.171568679809570312e+01
-9.199942946434020996e-01 -2.442880630493164062e+00 -2.168581581115722656e+01
-2.352911382913589478e-01 -3.263932228088378906e+00 -1.939217758178710938e+01
-9.080495834350585938e-01 -2.465827226638793945e+00 -2.162314224243164062e+01
-8.356536030769348145e-01 -2.415468454360961914e+00 -2.171568679809570312e+01
-8.356536030769348145e-01 -2.415468454360961914e+00 -2.171568679809570312e+01
-8.356536030769348145e-01 -2.415468454360961914e+00 -2.171568679809570312e+01
-8.356536030769348145e-01 -2.415468454360961914e+00 -2.171568679809570312e+01
