4.496038436889648438e+00 -1.814320325851440430e+00 -2.210371780395507812e+01
4.429281234741210938e+00 -1.370771765708923340e+00 -2.204256248474121094e+01
4.496038436889648438e+00 -1.814320325851440430e+00 -2.210371780395507812e+01
4.496038436889648438e+00 -1.814320325851440430e+00 -2.210371780395507812e+01
4.496038436889648438e+00 -1.814320325851440430e+00 -2.210371780395507812e+01
4.496038436889648438e+00 -1.814320325851440430e+00 -2.210371780395507812e+01
4.457807064056396484e+00 -1.543125987052917480e+00 -2.196149826049804688e+01
4.496038436889648438e+00 -1.814320325851440430e+00 -2.210371780395507812e+01
4.496038436889648438e+00 -1.814320325851440430e+00 -2.210371780395507812e+01
4.345385074615478516e+00 -1.582390546798706055e+00 -2.204153060913085938e+01
4.565533638000488281e+00 -1.526980638504028320e+00 -2.188215637207031250e+01
4.496038436889648438e+00 -1.814320325851440430e+00 -2.210371780395507812e+01
4.403289318084716797e+00 -1.648362159729003906e+00 -2.197179222106933594e+01
4.496038436889648438e+00 -1.814320325851440430e+00 -2.210371780395507812e+01
4.254300117492675781e+00 -1.603715419769287109e+00 -2.209372138977050781e+01
4.486620426177978516e+00 -1.654817223548889160e+00 -2.190004730224609375e+01
4.496038436889648438e+00 -1.814320325851440430e+00 -2.210371780395507812e+01
4.338459968566894531e+00 -1.686056256294250488e+00 -2.199407958984375000e+01
4.496038436889648438e+00 -1.814320325851440430e+00 -2.210371780395507812e+01
4.496038436889648438e+00 -1.814320325851440430e+00 -2.210371780395507812e+01
4.421744346618652344e+00 -1.716115474700927734e+00 -2.192619514465332031e+01
4.251555442810058594e+00 -1.705956339836120605e+00 -2.203927230834960938e+01
4.496038436889648438e+00 -1.814320325851440430e+00 -2.210371780395507812e+01
4.496038436889648438e+00 -1.814320325851440430e+00 -2.210371780395507812e+01
4.354999065399169922e+00 -1.750689983367919922e+00 -2.195125770568847656e+01
4.108767509460449219e+00 -1.721420764923095703e+00 -2.213961029052734375e+01
4.455039978027343750e+00 -1.769526243209838867e+00 -2.187835502624511719e+01
4.272033214569091797e+00 -1.780969500541687012e+00 -2.198876190185546875e+01
4.496038436889648438e+00 -1.814320325851440430e+00 -2.210371780395507812e+01
4.380561351776123047e+00 -1.807396411895751953e+00 -2.190667724609375000e+01
4.147926807403564453e+00 -1.824955701828002930e+00 -2.206033325195312500e+01
4.505377292633056641e+00 -1.832484960556030273e+00 -2.184763145446777344e+01
4.296907424926757812e+00 -1.848536014556884766e+00 -2.193918609619140625e+01
4.496038436889648438e+00 -1.814320325851440430e+00 -2.210371780395507812e+01
4.411106109619140625e+00 -1.880063295364379883e+00 -2.184191131591796875e+01
4.169564247131347656e+00 -1.920429944992065430e+00 -2.198808670043945312e+01
4.325231552124023438e+00 -1.933133959770202637e+00 -2.188537597656250000e+01
4.496038436889648438e+00 -1.814320325851440430e+00 -2.210371780395507812e+01
4.496038436889648438e+00 -1.814320325851440430e+00 -2.210371780395507812e+01
4.496038436889648438e+00 -1.814320325851440430e+00 -2.210371780395507812e+01
4.496038436889648438e+00 -1.814320325851440430e+00 -2.210371780395507812e+01
4.496038436889648438e+00 -1.814320325851440430e+00 -2.210371780395507812e+01
