3.684575557708740234e+00 -1.002092599868774414e+00 -2.275382995605468750e+01
3.684575557708740234e+00 -1.002092599868774414e+00 -2.275382995605468750e+01
3.684575557708740234e+00 -1.002092599868774414e+00 -2.275382995605468750e+01
3.738813877105712891e+00 -7.578360438346862793e-01 -2.268308639526367188e+01
3.684575557708740234e+00 -1.002092599868774414e+00 -2.275382995605468750e+01
3.684575557708740234e+00 -1.002092599868774414e+00 -2.275382995605468750e+01
3.632328033447265625e+00 -6.314746737480163574e-01 -2.255947113037109375e+01
3.684575557708740234e+00 -1.002092599868774414e+00 -2.275382995605468750e+01
3.684575557708740234e+00 -1.002092599868774414e+00 -2.275382995605468750e+01
3.523800373077392578e+00 -7.545802593231201172e-01 -2.268746376037597656e+01
3.753325462341308594e+00 -7.178354263305664062e-01 -2.253464508056640625e+01
3.684575557708740234e+00 -1.002092599868774414e+00 -2.275382995605468750e+01
3.684575557708740234e+00 -1.002092599868774414e+00 -2.275382995605468750e+01
3.614169836044311523e+00 -8.761139512062072754e-01 -2.265368461608886719e+01
3.684575557708740234e+00 -1.002092599868774414e+00 -2.275382995605468750e+01
3.684575557708740234e+00 -1.002092599868774414e+00 -2.275382995605468750e+01
3.653617620468139648e+00 -4.777829647064208984e-01 -2.208433723449707031e+01
2.638522863388061523e+00 -1.506384015083312988e-01 -2.202601432800292969e+01
4.369740962982177734e+00 -1.737979203462600708e-01 -2.155812454223632812e+01
3.684575557708740234e+00 -1.002092599868774414e+00 -2.275382995605468750e+01
2.830672740936279297e+00 1.266287863254547119e-01 -2.071347236633300781e+01
-1.719282418489456177e-01 7.072542905807495117e-01 -2.173726844787597656e+01
3.911787748336791992e+00 -4.950961768627166748e-01 -2.143174743652343750e+01
2.624549150466918945e+00 -5.238589644432067871e-01 -2.160797309875488281e+01
3.684575557708740234e+00 -1.002092599868774414e+00 -2.275382995605468750e+01
3.494416475296020508e+00 -7.943279743194580078e-01 -2.170854759216308594e+01
1.514342069625854492e+00 -6.789793968200683594e-01 -2.164010238647460938e+01
3.684575557708740234e+00 -1.002092599868774414e+00 -2.275382995605468750e+01
2.612702846527099609e+00 -9.378234744071960449e-01 -2.092486953735351562e+01
3.684575557708740234e+00 -1.002092599868774414e+00 -2.275382995605468750e+01
2.333920001983642578e+00 -1.043357133865356445e+00 -2.258550071716308594e+01
3.728336334228515625e+00 -1.087210178375244141e+00 -2.155383491516113281e+01
2.104044675827026367e+00 -1.273667693138122559e+00 -2.144791603088378906e+01
3.062613964080810547e+00 -1.483528494834899902e+00 -2.083662414550781250e+01
3.684575557708740234e+00 -1.002092599868774414e+00 -2.275382995605468750e+01
1.275888919830322266e+00 -1.784956216812133789e+00 -2.190072250366210938e+01
3.684575557708740234e+00 -1.002092599868774414e+00 -2.275382995605468750e+01
2.598425865173339844e+00 -1.757621049880981445e+00 -2.136540603637695312e+01
3.684575557708740234e+00 -1.002092599868774414e+00 -2.275382995605468750e+01
3.594695091247558594e+00 -1.529133200645446777e+00 -2.183294486999511719e+01
3.684575557708740234e+00 -1.002092599868774414e+00 -2.275382995605468750e+01
3.684575557708740234e+00 -1.002092599868774414e+00 -2.275382995605468750e+01
3.684575557708740234e+00 -1.002092599868774414e+00 -2.275382995605468750e+01
3.684575557708740234e+00 -1.002092599868774414e+00 -2.275382995605468750e+01
3.684575557708740234e+00 -1.002092599868774414e+00 -2.275382995605468750e+01
3.684575557708740234e+00 -1.002092599868774414e+00 -2.275382995605468750e+01
3.684575557708740234e+00 -1.002092599868774414e+00 -2.275382995605468750e+01
