1.124716281890869141e+01 4.002914726734161377e-01 7.089999389648437500e+01
1.111772060394287109e+01 4.003052413463592529e-01 7.101857757568359375e+01
1.142166519165039062e+01 6.347236633300781250e+00 6.891162872314453125e+01
1.143813991546630859e+01 4.003054797649383545e-01 7.114908599853515625e+01
1.122198486328125000e+01 -4.000586867332458496e-01 7.089553833007812500e+01
1.281927871704101562e+01 3.364800214767456055e+00 6.989994049072265625e+01
1.112591934204101562e+01 4.003007709980010986e-01 7.135101318359375000e+01
1.072777366638183594e+01 1.427495121955871582e+00 6.989994049072265625e+01
1.177241230010986328e+01 4.003316760063171387e-01 7.109181213378906250e+01
1.068850803375244141e+01 4.003070592880249023e-01 7.113059997558593750e+01
1.210233116149902344e+01 2.211703777313232422e+00 6.907254791259765625e+01
1.145517921447753906e+01 4.003374874591827393e-01 7.156317901611328125e+01
9.521494865417480469e+00 1.855074882507324219e+00 6.989993286132812500e+01
1.579559803009033203e+01 4.624004364013671875e+00 6.990003204345703125e+01
1.076651382446289062e+01 4.002983868122100830e-01 7.158366394042968750e+01
1.111757373809814453e+01 5.203460454940795898e-01 6.989996337890625000e+01
1.196254825592041016e+01 4.003114104270935059e-01 7.150292205810546875e+01
1.025995445251464844e+01 4.003272652626037598e-01 7.094081878662109375e+01
1.225207614898681641e+01 7.098106741905212402e-01 6.989997100830078125e+01
1.121502780914306641e+01 8.450219780206680298e-02 7.159494018554687500e+01
1.041264438629150391e+01 5.069090723991394043e-01 6.989996337890625000e+01
1.245759582519531250e+01 4.003126919269561768e-01 7.106285858154296875e+01
1.025463962554931641e+01 3.481439650058746338e-01 7.159056854248046875e+01
1.147213554382324219e+01 1.899528652429580688e-01 6.989997100830078125e+01
1.164536190032958984e+01 2.164302393794059753e-02 7.159490203857421875e+01
8.112489700317382812e+00 1.414477229118347168e+00 6.989994812011718750e+01
1.341160964965820312e+01 8.263790011405944824e-01 6.989996337890625000e+01
1.095634460449218750e+01 -7.532393187284469604e-02 7.159488677978515625e+01
1.088747501373291016e+01 5.271951109170913696e-02 6.989997100830078125e+01
1.256936073303222656e+01 2.198810279369354248e-01 7.159490203857421875e+01
9.306767463684082031e+00 4.003168344497680664e-01 7.141147613525390625e+01
1.189017009735107422e+01 1.931580156087875366e-02 6.989997100830078125e+01
1.136658668518066406e+01 -1.932583302259445190e-01 7.159488677978515625e+01
9.955902099609375000e+00 1.176912933588027954e-01 6.989997100830078125e+01
2.324054908752441406e+01 3.508179903030395508e+00 6.990636444091796875e+01
1.060429000854492188e+01 -1.697048991918563843e-01 7.159491729736328125e+01
1.125204086303710938e+01 -1.762569695711135864e-01 6.989997863769531250e+01
1.187756729125976562e+01 -2.148676514625549316e-01 7.159492492675781250e+01
4.568144977092742920e-01 2.128675699234008789e+00 6.989994812011718750e+01
1.256341075897216797e+01 -1.010641232132911682e-01 6.990100860595703125e+01
1.112091922760009766e+01 -3.218069076538085938e-01 7.159394073486328125e+01
1.061786746978759766e+01 -2.537888586521148682e-01 6.989997863769531250e+01
1.378252506256103516e+01 -5.677577108144760132e-02 7.159483337402343750e+01
9.892978668212890625e+00 -2.581224143505096436e-01 7.159494018554687500e+01
1.161740589141845703e+01 -3.406583666801452637e-01 6.990132904052734375e+01
1.153003215789794922e+01 -3.912523090839385986e-01 7.159485626220703125e+01
9.137070655822753906e+00 -2.942192256450653076e-01 6.989997863769531250e+01
1.447798156738281250e+01 -2.887687981128692627e-01 6.990390014648437500e+01
1.124716281890869141e+01 -4.597388505935668945e-01 7.089999389648437500e+01
1.103242111206054688e+01 -4.494069218635559082e-01 6.989997863769531250e+01
1.222537612915039062e+01 -4.718596637248992920e-01 7.159487152099609375e+01
5.671308994293212891e+00 -6.300894618034362793e-01 7.159490203857421875e+01
1.209835433959960938e+01 -5.261480212211608887e-01 6.989997863769531250e+01
1.127250576019287109e+01 -5.090328454971313477e-01 7.159494781494140625e+01
1.026168727874755859e+01 -5.879045128822326660e-01 6.989998626708984375e+01
1.475125980377197266e+01 -8.520205616950988770e-01 7.107916259765625000e+01
1.040620899200439453e+01 -6.042360663414001465e-01 7.159483337402343750e+01
1.138668441772460938e+01 -6.145119071006774902e-01 6.989997100830078125e+01
1.172567844390869141e+01 -6.068120598793029785e-01 7.159494781494140625e+01
6.922656536102294922e+00 -1.327513456344604492e+00 6.990493774414062500e+01
1.301222419738769531e+01 -9.000818133354187012e-01 6.989997863769531250e+01
1.102177619934082031e+01 -6.342017650604248047e-01 7.159474945068359375e+01
1.079103946685791016e+01 -7.465915083885192871e-01 6.989998626708984375e+01
1.254608345031738281e+01 -8.597147464752197266e-01 7.145106506347656250e+01
1.002971267700195312e+01 -8.554306626319885254e-01 7.133119201660156250e+01
1.177758026123046875e+01 -8.321971297264099121e-01 6.990261840820312500e+01
1.142670345306396484e+01 -7.134752869606018066e-01 7.159484863281250000e+01
9.708493232727050781e+00 -1.153290748596191406e+00 6.990000152587890625e+01
1.724085807800292969e+01 -2.908198356628417969e+00 6.990000152587890625e+01
1.070353031158447266e+01 -8.378912210464477539e-01 7.159491729736328125e+01
1.116929340362548828e+01 -9.157077074050903320e-01 6.990087890625000000e+01
1.185333061218261719e+01 -8.597371578216552734e-01 7.146627044677734375e+01
-1.653923606872558594e+01 -1.464010143280029297e+01 7.062888336181640625e+01
1.236038970947265625e+01 -1.266926765441894531e+00 6.989998626708984375e+01
1.117934226989746094e+01 -8.574259877204895020e-01 7.159486389160156250e+01
1.049585437774658203e+01 -1.211514830589294434e+00 6.989998626708984375e+01
1.186748504638671875e+01 -8.597325682640075684e-01 7.101597595214843750e+01
1.073896598815917969e+01 -8.597064018249511719e-01 7.121634674072265625e+01
1.152648162841796875e+01 -1.190899252891540527e+00 6.989996337890625000e+01
1.149089431762695312e+01 -8.597280979156494141e-01 7.138069152832031250e+01
8.589770317077636719e+00 -2.680953502655029297e+00 6.990002441406250000e+01
1.473488521575927734e+01 -3.560115098953247070e+00 6.949997711181640625e+01
1.104835605621337891e+01 -8.597143888473510742e-01 7.131425476074218750e+01
1.094418144226074219e+01 -1.420297026634216309e+00 6.989997863769531250e+01
1.160122203826904297e+01 -8.597491383552551270e-01 7.110981750488281250e+01
1.086676120758056641e+01 -8.597179651260375977e-01 7.097974395751953125e+01
1.196489906311035156e+01 -1.803450345993041992e+00 6.989997100830078125e+01
1.128811550140380859e+01 -8.597241640090942383e-01 7.124218750000000000e+01
1.008386325836181641e+01 -2.358013868331909180e+00 6.989999389648437500e+01
1.727635574340820312e+01 -8.446630477905273438e+00 7.070957183837890625e+01
1.104839038848876953e+01 -8.549702167510986328e-01 7.109397888183593750e+01
1.135367679595947266e+01 -3.388627529144287109e+00 6.899874114990234375e+01
1.139839649200439453e+01 -8.597404956817626953e-01 7.108486175537109375e+01
3.683778047561645508e+00 -1.453237533569335938e+01 6.980712127685546875e+01
1.271478462219238281e+01 -4.105090141296386719e+00 6.989997100830078125e+01
1.120792102813720703e+01 -8.597300052642822266e-01 7.106681060791015625e+01
1.068701267242431641e+01 -3.600434541702270508e+00 6.989996337890625000e+01
1.135855484008789062e+01 -8.597471117973327637e-01 7.093672943115234375e+01
1.117271614074707031e+01 -8.597359657287597656e-01 7.093350982666015625e+01
1.124716281890869141e+01 -4.597389996051788330e-01 7.089999389648437500e+01
