1.767482948303222656e+01 5.361105918884277344e+00 7.090002441406250000e+01
1.767482948303222656e+01 3.750370502471923828e+00 7.090002441406250000e+01
1.776258087158203125e+01 7.173376083374023438e+00 6.990013885498046875e+01
1.807485771179199219e+01 5.551857948303222656e+00 7.142179107666015625e+01
1.308810901641845703e+01 1.462243366241455078e+01 7.008869934082031250e+01
1.924675178527832031e+01 7.574438571929931641e+00 6.990009307861328125e+01
1.767482948303222656e+01 3.750370502471923828e+00 7.090002441406250000e+01
1.715806770324707031e+01 5.628055572509765625e+00 6.990502929687500000e+01
1.807486534118652344e+01 4.405410289764404297e+00 7.104611968994140625e+01
1.767482948303222656e+01 3.750370502471923828e+00 7.090002441406250000e+01
1.814281082153320312e+01 5.212289333343505859e+00 6.989997100830078125e+01
1.789277648925781250e+01 4.651505947113037109e+00 7.159487152099609375e+01
1.594930648803710938e+01 6.064990043640136719e+00 6.990004730224609375e+01
2.222323036193847656e+01 8.834075927734375000e+00 6.990007019042968750e+01
1.767482948303222656e+01 3.750370502471923828e+00 7.090002441406250000e+01
1.754524803161621094e+01 4.730392456054687500e+00 6.990005493164062500e+01
1.807485580444335938e+01 4.231289386749267578e+00 7.123716735839843750e+01
1.767482948303222656e+01 3.750370502471923828e+00 7.090002441406250000e+01
1.867975616455078125e+01 4.919936180114746094e+00 6.989998626708984375e+01
1.767482948303222656e+01 3.750370502471923828e+00 7.090002441406250000e+01
1.684040451049804688e+01 4.716910839080810547e+00 6.990010070800781250e+01
1.807484817504882812e+01 4.034597396850585938e+00 7.095384979248046875e+01
1.767482948303222656e+01 3.750370502471923828e+00 7.090002441406250000e+01
1.789979171752929688e+01 4.400032997131347656e+00 6.990003967285156250e+01
1.807297515869140625e+01 4.231686592102050781e+00 7.159484100341796875e+01
1.454000473022460938e+01 5.624676704406738281e+00 6.989993286132812500e+01
1.983902931213378906e+01 5.036341667175292969e+00 6.990010833740234375e+01
1.767482948303222656e+01 3.750370502471923828e+00 7.090002441406250000e+01
1.731517219543457031e+01 4.262785434722900391e+00 6.990008544921875000e+01
1.807485771179199219e+01 3.955988168716430664e+00 7.111026763916015625e+01
1.767482948303222656e+01 3.750370502471923828e+00 7.090002441406250000e+01
1.831782913208007812e+01 4.229419708251953125e+00 6.990000915527343750e+01
1.779425621032714844e+01 4.016854763031005859e+00 7.159493255615234375e+01
1.638373184204101562e+01 4.327727794647216797e+00 6.990012359619140625e+01
2.887640190124511719e+01 7.456323623657226562e+00 6.997200012207031250e+01
1.767482948303222656e+01 3.750370502471923828e+00 7.090002441406250000e+01
1.767970848083496094e+01 4.033834934234619141e+00 6.990007019042968750e+01
1.807483482360839844e+01 3.905746936798095703e+00 7.134097290039062500e+01
6.923468589782714844e+00 6.329432487487792969e+00 6.990358734130859375e+01
1.899237442016601562e+01 4.109398841857910156e+00 6.990005493164062500e+01
1.767482948303222656e+01 3.750370502471923828e+00 7.090002441406250000e+01
1.704630470275878906e+01 3.956068277359008789e+00 6.990123748779296875e+01
1.807486724853515625e+01 3.813951492309570312e+00 7.100965881347656250e+01
1.767482948303222656e+01 3.750370502471923828e+00 7.090002441406250000e+01
1.804555702209472656e+01 3.869607210159301758e+00 6.990004730224609375e+01
1.795771980285644531e+01 3.818862199783325195e+00 7.159494018554687500e+01
1.556492519378662109e+01 3.915875434875488281e+00 6.990010070800781250e+01
2.091802215576171875e+01 3.921995401382446289e+00 6.990011596679687500e+01
1.767482948303222656e+01 3.750370502471923828e+00 7.090002441406250000e+01
1.746010589599609375e+01 3.760701656341552734e+00 6.990009307861328125e+01
1.807487487792968750e+01 3.745413541793823242e+00 7.118419647216796875e+01
1.767480850219726562e+01 3.750369787216186523e+00 7.090002441406250000e+01
1.852600669860839844e+01 3.683962345123291016e+00 6.990002441406250000e+01
1.770017433166503906e+01 3.701074361801147461e+00 7.159500885009765625e+01
1.668946647644042969e+01 3.622219562530517578e+00 6.990013122558593750e+01
1.807487487792968750e+01 3.705585479736328125e+00 7.092047882080078125e+01
1.767471313476562500e+01 3.750350475311279297e+00 7.090012359619140625e+01
1.781434249877929688e+01 3.595606088638305664e+00 6.990005493164062500e+01
1.807486724853515625e+01 3.627417802810668945e+00 7.148100280761718750e+01
1.332859325408935547e+01 2.878235340118408203e+00 6.989996337890625000e+01
1.943980789184570312e+01 3.310048103332519531e+00 6.990005493164062500e+01
1.767448997497558594e+01 3.750108480453491211e+00 7.090106964111328125e+01
1.721874046325683594e+01 3.463539361953735352e+00 6.990009307861328125e+01
1.807488250732421875e+01 3.627182722091674805e+00 7.106974792480468750e+01
1.767462348937988281e+01 3.750303745269775391e+00 7.090010070800781250e+01
1.820664596557617188e+01 3.376929759979248047e+00 6.990001678466796875e+01
1.785439109802246094e+01 3.496603250503540039e+00 7.159496307373046875e+01
1.613632392883300781e+01 3.056891918182373047e+00 6.990013885498046875e+01
2.883967781066894531e+01 -8.105357885360717773e-01 6.903726959228515625e+01
1.767450141906738281e+01 3.750142335891723633e+00 7.090044403076171875e+01
1.759689331054687500e+01 3.294010162353515625e+00 6.990005493164062500e+01
1.807487297058105469e+01 3.486388921737670898e+00 7.127374267578125000e+01
1.878804969787597656e+01 2.943187236785888672e+00 6.990002441406250000e+01
1.767471313476562500e+01 3.749690532684326172e+00 7.090121459960937500e+01
1.692356872558593750e+01 2.998641729354858398e+00 6.990007781982421875e+01
1.807488441467285156e+01 3.492408037185668945e+00 7.097482299804687500e+01
1.767448997497558594e+01 3.750102758407592773e+00 7.090023803710937500e+01
1.795414161682128906e+01 3.019224166870117188e+00 6.990001678466796875e+01
1.802715492248535156e+01 3.172166824340820312e+00 7.159489440917968750e+01
1.501718616485595703e+01 1.528946042060852051e+00 6.989996337890625000e+01
2.016598510742187500e+01 1.535881757736206055e+00 6.990004730224609375e+01
1.767455101013183594e+01 3.749809503555297852e+00 7.090060424804687500e+01
1.737185668945312500e+01 2.789843082427978516e+00 6.990003967285156250e+01
1.807486152648925781e+01 3.298422098159790039e+00 7.113709259033203125e+01
1.767448043823242188e+01 3.750003099441528320e+00 7.090010070800781250e+01
1.839255714416503906e+01 2.406675577163696289e+00 6.990000915527343750e+01
1.775798225402832031e+01 2.938228845596313477e+00 7.159482574462890625e+01
1.651155281066894531e+01 1.852132439613342285e+00 6.990003967285156250e+01
2.854524230957031250e+01 -1.064970111846923828e+01 7.055670166015625000e+01
1.767454910278320312e+01 3.749812126159667969e+00 7.090029907226562500e+01
1.773085403442382812e+01 2.209829568862915039e+00 6.990000152587890625e+01
1.806695365905761719e+01 2.713229179382324219e+00 7.137934875488281250e+01
1.078511714935302734e+01 -9.068813323974609375e+00 6.990449523925781250e+01
1.914243888854980469e+01 1.050487235188484192e-01 6.990000915527343750e+01
1.767476081848144531e+01 3.749677419662475586e+00 7.090031433105468750e+01
1.711466979980468750e+01 6.096226572990417480e-01 6.989997863769531250e+01
1.807488441467285156e+01 2.313773632049560547e+00 7.103196716308593750e+01
1.767470359802246094e+01 3.749694108963012695e+00 7.090007781982421875e+01
1.767482948303222656e+01 3.745385885238647461e+00 7.090002441406250000e+01
