1.397398185729980469e+01 -4.597296714782714844e-01 7.089999389648437500e+01
1.391377544403076172e+01 -4.597045779228210449e-01 7.095514678955078125e+01
1.406175899505615234e+01 2.564267158508300781e+00 6.989982604980468750e+01
1.406280899047851562e+01 -4.597034156322479248e-01 7.101585388183593750e+01
1.393438339233398438e+01 -7.658671736717224121e-01 7.089299011230468750e+01
1.564817237854003906e+01 3.213131904602050781e+00 6.983501434326171875e+01
1.391771125793457031e+01 -4.605758190155029297e-01 7.110931396484375000e+01
1.345456981658935547e+01 1.027588367462158203e+00 6.989989471435546875e+01
1.421828079223632812e+01 -4.597012102603912354e-01 7.098921203613281250e+01
1.371414279937744141e+01 -4.597067832946777344e-01 7.100725555419921875e+01
1.452430343627929688e+01 8.594094514846801758e-01 6.972399139404296875e+01
1.407073020935058594e+01 -4.597054719924926758e-01 7.120844268798828125e+01
1.225501918792724609e+01 1.446091055870056152e+00 6.990382385253906250e+01
1.852331352233886719e+01 4.225017070770263672e+00 6.989983367919921875e+01
1.375042152404785156e+01 -4.597059190273284912e-01 7.121798706054687500e+01
1.380737972259521484e+01 4.002883434295654297e-01 6.961433410644531250e+01
1.430672168731689453e+01 -4.597022533416748047e-01 7.118042755126953125e+01
1.351483631134033203e+01 -4.597156047821044922e-01 7.091898345947265625e+01
1.505665969848632812e+01 4.003267586231231689e-01 6.982258605957031250e+01
1.395036220550537109e+01 -4.597059786319732666e-01 7.141078186035156250e+01
1.288617897033691406e+01 4.003078043460845947e-01 6.959644317626953125e+01
1.453697013854980469e+01 -4.597064852714538574e-01 7.097574615478515625e+01
1.348254871368408203e+01 -4.597167074680328369e-01 7.124192047119140625e+01
1.435642623901367188e+01 2.447203248739242554e-01 6.919998931884765625e+01
1.430488014221191406e+01 -4.597055613994598389e-01 7.147745513916015625e+01
1.083931827545166016e+01 1.014482140541076660e+00 6.989994812011718750e+01
1.613838577270507812e+01 4.263640344142913818e-01 6.989998626708984375e+01
1.368313121795654297e+01 -4.752705395221710205e-01 7.159496307373046875e+01
1.336242961883544922e+01 1.156910322606563568e-02 6.919972229003906250e+01
1.475220489501953125e+01 -4.597150981426239014e-01 7.130900573730468750e+01
1.307154178619384766e+01 -4.597327113151550293e-01 7.113787078857421875e+01
1.506709384918212891e+01 -4.533480852842330933e-02 6.919995117187500000e+01
1.409341907501220703e+01 -5.932180285453796387e-01 7.159496307373046875e+01
1.177882862091064453e+01 1.219077482819557190e-01 6.919994354248046875e+01
2.604726028442382812e+01 3.134622097015380859e+00 6.989974975585937500e+01
1.333125686645507812e+01 -5.697608590126037598e-01 7.159475708007812500e+01
1.398086547851562500e+01 -4.597082436084747314e-01 6.948887634277343750e+01
1.460425567626953125e+01 -6.149075627326965332e-01 7.159477996826171875e+01
3.184453964233398438e+00 1.728489756584167480e+00 6.990002441406250000e+01
1.544197463989257812e+01 -4.597030282020568848e-01 6.978584289550781250e+01
1.384756374359130859e+01 -7.216054797172546387e-01 7.159490203857421875e+01
1.290400505065917969e+01 -5.095556974411010742e-01 6.919969177246093750e+01
1.649091339111328125e+01 -4.596941173076629639e-01 7.158978271484375000e+01
1.261988258361816406e+01 -6.581241488456726074e-01 7.159489440917968750e+01
1.460427665710449219e+01 -6.570073962211608887e-01 6.919988250732421875e+01
1.425690364837646484e+01 -7.912287116050720215e-01 7.159498596191406250e+01
1.038649654388427734e+01 -5.783187747001647949e-01 6.919982147216796875e+01
1.800096511840820312e+01 -6.466260552406311035e-01 6.965843200683593750e+01
1.356674671173095703e+01 -8.353102207183837891e-01 7.159487152099609375e+01
1.360891056060791016e+01 -8.421630859375000000e-01 6.919992065429687500e+01
1.600816535949707031e+01 -8.849329948425292969e-01 7.234498596191406250e+01
2.380676984786987305e+00 -1.213920712471008301e+00 7.234484863281250000e+01
1.482517814636230469e+01 -9.261375069618225098e-01 6.989997100830078125e+01
1.402667713165283203e+01 -9.622228741645812988e-01 7.234497833251953125e+01
1.298849868774414062e+01 -9.878945350646972656e-01 6.989997863769531250e+01
1.767486000061035156e+01 -1.274039149284362793e+00 7.108922576904296875e+01
1.222515964508056641e+01 -1.160219669342041016e+00 7.234495544433593750e+01
1.411350250244140625e+01 -1.014499783515930176e+00 6.989997863769531250e+01
1.496894645690917969e+01 -1.165533185005187988e+00 7.234499359130859375e+01
9.628061294555664062e+00 -1.731799602508544922e+00 6.990000915527343750e+01
1.573907375335693359e+01 -1.300078392028808594e+00 6.989996337890625000e+01
1.350521564483642578e+01 -1.222581624984741211e+00 7.234497070312500000e+01
1.351785755157470703e+01 -1.146581411361694336e+00 6.989997863769531250e+01
1.737996673583984375e+01 -1.908531188964843750e+00 7.234498596191406250e+01
9.894279479980468750e+00 -2.185699701309204102e+00 7.234494018554687500e+01
1.450374794006347656e+01 -1.231728553771972656e+00 6.990384674072265625e+01
1.434734725952148438e+01 -1.387387871742248535e+00 7.234498596191406250e+01
1.243529415130615234e+01 -1.553288221359252930e+00 6.989998626708984375e+01
1.996726989746093750e+01 -3.308021306991577148e+00 6.990007019042968750e+01
1.284359169006347656e+01 -1.646030306816101074e+00 7.234497070312500000e+01
1.389604282379150391e+01 -1.316107153892517090e+00 6.989997863769531250e+01
1.552077960968017578e+01 -1.880429863929748535e+00 7.234499359130859375e+01
-1.288940525054931641e+01 -1.456904506683349609e+01 7.063789367675781250e+01
1.508721160888671875e+01 -1.666917800903320312e+00 6.989998626708984375e+01
1.383294773101806641e+01 -1.686723589897155762e+00 7.234497833251953125e+01
1.322267532348632812e+01 -1.611501574516296387e+00 6.989999389648437500e+01
1.767484283447265625e+01 -3.246104478836059570e+00 7.159192657470703125e+01
1.165273189544677734e+01 -2.686628341674804688e+00 7.234496307373046875e+01
1.425329399108886719e+01 -1.590871095657348633e+00 6.989998626708984375e+01
1.470664978027343750e+01 -2.062114953994750977e+00 7.234499359130859375e+01
1.131638813018798828e+01 -3.081110954284667969e+00 6.989994812011718750e+01
1.646529388427734375e+01 -3.074355602264404297e+00 6.989994812011718750e+01
1.328052330017089844e+01 -2.254885673522949219e+00 7.234497833251953125e+01
1.367100524902343750e+01 -1.820270299911499023e+00 6.989999389648437500e+01
1.641228866577148438e+01 -3.614485740661621094e+00 7.234500122070312500e+01
7.081407070159912109e+00 -8.107024192810058594e+00 7.234495544433593750e+01
1.468873596191406250e+01 -2.197856187820434570e+00 6.990412139892578125e+01
1.414691543579101562e+01 -2.548756599426269531e+00 7.234499359130859375e+01
1.281067752838134766e+01 -2.758010625839233398e+00 6.989998626708984375e+01
2.434073638916015625e+01 -1.459260177612304688e+01 7.057257843017578125e+01
1.249330329895019531e+01 -3.803850412368774414e+00 7.234499359130859375e+01
1.403000450134277344e+01 -2.400223970413208008e+00 6.990000152587890625e+01
1.515611648559570312e+01 -3.986384630203247070e+00 7.234501647949218750e+01
7.053520679473876953e+00 -1.373612403869628906e+01 6.990001678466796875e+01
1.544158172607421875e+01 -4.505025386810302734e+00 6.989998626708984375e+01
1.363405609130859375e+01 -4.324605464935302734e+00 7.234500885009765625e+01
1.341384696960449219e+01 -4.000337123870849609e+00 6.989999389648437500e+01
1.775489616394042969e+01 -1.443696022033691406e+01 7.214698028564453125e+01
1.143924140930175781e+01 -1.447867774963378906e+01 7.204122924804687500e+01
1.397398185729980469e+01 -1.453468227386474609e+01 7.089999389648437500e+01
