1.782252883911132812e+01 1.464912319183349609e+01 7.089472198486328125e+01
1.696875381469726562e+01 1.462845897674560547e+01 7.167684936523437500e+01
1.790981674194335938e+01 1.236075878143310547e+01 6.990010833740234375e+01
1.893432998657226562e+01 1.396267127990722656e+01 7.234487152099609375e+01
1.541993808746337891e+01 1.465074253082275391e+01 7.046973419189453125e+01
1.938611221313476562e+01 1.275957775115966797e+01 6.990010070800781250e+01
1.743267059326171875e+01 1.172126102447509766e+01 7.234497833251953125e+01
1.730652046203613281e+01 1.083074283599853516e+01 6.990118408203125000e+01
2.122343826293945312e+01 1.452461910247802734e+01 7.213672637939453125e+01
1.430929660797119141e+01 1.436439990997314453e+01 7.234493255615234375e+01
1.828799438476562500e+01 1.040985393524169922e+01 6.990004730224609375e+01
1.827742576599121094e+01 1.083663845062255859e+01 7.234500122070312500e+01
1.611091041564941406e+01 1.125176429748535156e+01 6.990280151367187500e+01
2.234693527221679688e+01 1.401268196105957031e+01 6.990004730224609375e+01
1.680290985107421875e+01 1.078022861480712891e+01 7.234502410888671875e+01
1.769361877441406250e+01 9.930746078491210938e+00 6.989993286132812500e+01
1.954327201843261719e+01 1.102450752258300781e+01 7.234496307373046875e+01
1.130832767486572266e+01 1.463103580474853516e+01 7.116410827636718750e+01
1.882208251953125000e+01 1.011910915374755859e+01 6.990003204345703125e+01
1.775546646118164062e+01 1.009157466888427734e+01 7.234500122070312500e+01
1.699245834350585938e+01 9.917293548583984375e+00 6.990001678466796875e+01
2.574132347106933594e+01 1.458235740661621094e+01 7.196018218994140625e+01
1.573805904388427734e+01 1.065249061584472656e+01 7.234503936767578125e+01
1.804537391662597656e+01 9.599343299865722656e+00 6.990415191650390625e+01
1.865356063842773438e+01 9.960428237915039062e+00 7.234497833251953125e+01
1.470489978790283203e+01 1.081982231140136719e+01 6.990011596679687500e+01
1.997538566589355469e+01 1.023502826690673828e+01 6.990004730224609375e+01
1.721557617187500000e+01 9.758090972900390625e+00 7.234500122070312500e+01
1.746633911132812500e+01 9.463273048400878906e+00 6.990441894531250000e+01
2.058186149597167969e+01 1.037411499023437500e+01 7.234494781494140625e+01
1.232130813598632812e+01 1.139414405822753906e+01 7.234482574462890625e+01
1.846210670471191406e+01 9.432296752929687500e+00 6.990003204345703125e+01
1.807176971435546875e+01 9.511948585510253906e+00 7.234498596191406250e+01
1.653814697265625000e+01 9.530151367187500000e+00 6.990002441406250000e+01
2.860362815856933594e+01 1.252264022827148438e+01 7.000153350830078125e+01
1.648087120056152344e+01 9.561089515686035156e+00 7.234501647949218750e+01
1.782738113403320312e+01 9.237765312194824219e+00 6.990003967285156250e+01
1.913811683654785156e+01 9.466816902160644531e+00 7.234496307373046875e+01
7.090032577514648438e+00 1.153033351898193359e+01 6.990003967285156250e+01
1.913318252563476562e+01 9.312947273254394531e+00 6.989998626708984375e+01
1.755869483947753906e+01 9.244058609008789062e+00 7.234499359130859375e+01
1.719664001464843750e+01 9.160632133483886719e+00 6.990012359619140625e+01
2.311392021179199219e+01 9.796795845031738281e+00 7.234487152099609375e+01
1.499994850158691406e+01 9.376034736633300781e+00 7.234322357177734375e+01
1.819127655029296875e+01 9.074397087097167969e+00 6.990008544921875000e+01
1.841290664672851562e+01 9.098735809326171875e+00 7.234497070312500000e+01
1.386391162872314453e+01 9.266318321228027344e+00 6.901866149902343750e+01
1.787633705139160156e+01 8.958644866943359375e+00 7.087813568115234375e+01
1.697258758544921875e+01 9.006759643554687500e+00 7.234499359130859375e+01
1.738946533203125000e+01 8.976633071899414062e+00 6.887802124023437500e+01
1.788261413574218750e+01 8.955052375793457031e+00 7.093740081787109375e+01
6.186538219451904297e+00 8.600300788879394531e+00 7.234489440917968750e+01
1.788305091857910156e+01 8.951075553894042969e+00 7.082361602783203125e+01
1.782272148132324219e+01 8.955423355102539062e+00 7.089999389648437500e+01
1.775535583496093750e+01 8.947060585021972656e+00 7.082656097412109375e+01
1.804831886291503906e+01 8.930520057678222656e+00 7.090626525878906250e+01
1.781616783142089844e+01 8.954704284667968750e+00 7.089997863769531250e+01
1.782252883911132812e+01 8.955797195434570312e+00 7.089472198486328125e+01
1.825318145751953125e+01 8.823434829711914062e+00 7.152016448974609375e+01
1.768375968933105469e+01 8.927950859069824219e+00 7.086279296875000000e+01
1.819493103027343750e+01 8.862891197204589844e+00 7.068373107910156250e+01
1.759541320800781250e+01 8.779994964599609375e+00 7.159481048583984375e+01
1.736842155456542969e+01 8.670212745666503906e+00 6.989913177490234375e+01
1.825745582580566406e+01 8.821870803833007812e+00 7.107923889160156250e+01
1.758806419372558594e+01 8.879591941833496094e+00 7.097776794433593750e+01
1.844555473327636719e+01 8.518309593200683594e+00 6.972321319580078125e+01
1.800341796875000000e+01 8.700155258178710938e+00 7.159479522705078125e+01
1.746273803710937500e+01 8.793622016906738281e+00 7.066088867187500000e+01
1.833284187316894531e+01 8.747331619262695312e+00 7.080957794189453125e+01
1.733490180969238281e+01 8.616601943969726562e+00 7.151805877685546875e+01
1.782252883911132812e+01 8.955797195434570312e+00 7.089472198486328125e+01
1.844417190551757812e+01 8.545587539672851562e+00 7.147545623779296875e+01
1.782252883911132812e+01 8.955797195434570312e+00 7.089472198486328125e+01
1.845254707336425781e+01 8.498978614807128906e+00 7.032878112792968750e+01
1.775419235229492188e+01 8.555084228515625000e+00 7.159487915039062500e+01
1.727956962585449219e+01 8.412500381469726562e+00 7.017203521728515625e+01
1.843848037719726562e+01 8.558622360229492188e+00 7.100988006591796875e+01
1.731612205505371094e+01 8.557238578796386719e+00 7.120996093750000000e+01
1.823240852355957031e+01 7.882874011993408203e+00 6.942725372314453125e+01
1.817752265930175781e+01 8.373213768005371094e+00 7.159485626220703125e+01
1.729830932617187500e+01 8.517621040344238281e+00 7.069745635986328125e+01
1.847279167175292969e+01 8.377753257751464844e+00 7.063369750976562500e+01
1.748695373535156250e+01 8.280660629272460938e+00 7.159397125244140625e+01
1.748978424072265625e+01 7.900880336761474609e+00 6.979647064208984375e+01
1.846036911010742188e+01 8.235177040100097656e+00 7.127272033691406250e+01
1.727698707580566406e+01 8.382179260253906250e+00 7.100908660888671875e+01
1.833966636657714844e+01 7.987635135650634766e+00 7.017419433593750000e+01
1.790631294250488281e+01 8.137480735778808594e+00 7.159481048583984375e+01
1.732004928588867188e+01 8.135849952697753906e+00 7.046277618408203125e+01
1.843358802795410156e+01 8.146324157714843750e+00 7.087541961669921875e+01
1.736503982543945312e+01 8.046145439147949219e+00 7.134118652343750000e+01
1.786588668823242188e+01 7.763561725616455078e+00 7.012079620361328125e+01
1.822986221313476562e+01 7.878432750701904297e+00 7.139263916015625000e+01
1.734907722473144531e+01 8.074881553649902344e+00 7.082630920410156250e+01
1.825017547607421875e+01 7.893588066101074219e+00 7.060332489013671875e+01
1.767485046386718750e+01 7.450499057769775391e+00 7.152249908447265625e+01
1.761993217468261719e+01 7.819859027862548828e+00 7.053302764892578125e+01
1.813771629333496094e+01 7.823959350585937500e+00 7.099867248535156250e+01
1.761180114746093750e+01 7.823572635650634766e+00 7.098960113525390625e+01
1.782252883911132812e+01 7.763565063476562500e+00 7.089472198486328125e+01
