7.740315437316894531e+00 4.603141844272613525e-01 7.089995574951171875e+01
7.671084880828857422e+00 8.603007793426513672e-01 7.096337890625000000e+01
7.828078746795654297e+00 3.823789834976196289e+00 6.989994049072265625e+01
7.842455387115478516e+00 8.602939248085021973e-01 7.103318023681640625e+01
7.715144634246826172e+00 4.599812626838684082e-01 7.089550018310546875e+01
9.312317848205566406e+00 4.224582195281982422e+00 6.989997863769531250e+01
7.675469875335693359e+00 8.602986335754394531e-01 7.114117431640625000e+01
7.220949172973632812e+00 2.287468910217285156e+00 6.989994812011718750e+01
8.021231651306152344e+00 8.603056669235229492e-01 7.100254821777343750e+01
7.441516876220703125e+00 8.603174090385437012e-01 7.102329254150390625e+01
8.208279609680175781e+00 1.862182617187500000e+00 6.989994049072265625e+01
7.851563453674316406e+00 8.602921962738037109e-01 7.125463104248046875e+01
6.014771938323974609e+00 2.714966058731079102e+00 6.989997100830078125e+01
1.228852653503417969e+01 5.483811378479003906e+00 6.990004730224609375e+01
7.487007617950439453e+00 8.535686731338500977e-01 7.126026153564453125e+01
7.610729694366455078e+00 1.380375862121582031e+00 6.989995574951171875e+01
8.122829437255859375e+00 8.601837158203125000e-01 7.122233581542968750e+01
7.212294578552246094e+00 8.603357076644897461e-01 7.092179107666015625e+01
8.745221138000488281e+00 1.569859147071838379e+00 6.989994049072265625e+01
7.713156223297119141e+00 8.602921962738037109e-01 7.148729705810546875e+01
6.905826568603515625e+00 1.366932749748229980e+00 6.989995574951171875e+01
8.387731552124023438e+00 8.603287935256958008e-01 7.098706817626953125e+01
7.175909996032714844e+00 8.597272038459777832e-01 7.129265594482421875e+01
7.965282917022705078e+00 1.049995541572570801e+00 6.989995574951171875e+01
8.120815277099609375e+00 8.603038787841796875e-01 7.156398010253906250e+01
4.605926513671875000e+00 2.274364709854125977e+00 6.990000152587890625e+01
9.904736518859863281e+00 1.686421155929565430e+00 6.989994049072265625e+01
7.449458122253417969e+00 7.847851514816284180e-01 7.159494781494140625e+01
7.380637168884277344e+00 9.127632975578308105e-01 6.989995574951171875e+01
8.620961189270019531e+00 8.529773354530334473e-01 7.136280059814453125e+01
7.736638069152832031e+00 4.019485414028167725e-01 7.090092468261718750e+01
8.383308410644531250e+00 8.793629407882690430e-01 6.989995574951171875e+01
7.859762191772460938e+00 6.668493747711181641e-01 7.159497833251953125e+01
6.449112415313720703e+00 9.777228832244873047e-01 6.989997863769531250e+01
1.980891227722167969e+01 4.393119812011718750e+00 6.990010070800781250e+01
7.097364425659179688e+00 6.903876066207885742e-01 7.159496307373046875e+01
7.745193958282470703e+00 6.837948560714721680e-01 6.989995574951171875e+01
8.370821952819824219e+00 6.452292203903198242e-01 7.159499359130859375e+01
-3.001804590225219727e+00 2.977164030075073242e+00 6.990438079833984375e+01
9.057898521423339844e+00 7.593572139739990234e-01 6.989995574951171875e+01
7.613885879516601562e+00 5.384535789489746094e-01 7.159492492675781250e+01
7.111033439636230469e+00 6.062642335891723633e-01 6.989996337890625000e+01
1.027534198760986328e+01 8.032282590866088867e-01 7.159470367431640625e+01
7.732986450195312500e+00 4.014097452163696289e-01 7.090371704101562500e+01
8.111050605773925781e+00 5.195575356483459473e-01 6.989996337890625000e+01
8.023257255554199219e+00 4.688225686550140381e-01 7.159499359130859375e+01
5.630344867706298828e+00 5.658286809921264648e-01 6.990000152587890625e+01
1.098373985290527344e+01 5.719557404518127441e-01 6.989997100830078125e+01
7.740315437316894531e+00 4.003185927867889404e-01 7.089995574951171875e+01
7.525578498840332031e+00 4.106503129005432129e-01 6.989996337890625000e+01
8.718605995178222656e+00 3.881968259811401367e-01 7.159488677978515625e+01
2.177401781082153320e+00 2.303632944822311401e-01 7.159325408935546875e+01
8.591486930847167969e+00 3.339110016822814941e-01 6.989996337890625000e+01
7.765656471252441406e+00 3.510290384292602539e-01 7.159484100341796875e+01
7.740314960479736328e+00 4.003185629844665527e-01 7.089995574951171875e+01
1.488652706146240234e+01 -3.996958732604980469e-01 7.126534271240234375e+01
6.899294376373291016e+00 2.558099329471588135e-01 7.159484863281250000e+01
7.740315437316894531e+00 4.003185331821441650e-01 7.089995574951171875e+01
8.218815803527832031e+00 2.532501518726348877e-01 7.159488677978515625e+01
7.740310192108154297e+00 4.003175795078277588e-01 7.089995574951171875e+01
7.740316867828369141e+00 4.003182053565979004e-01 7.089995574951171875e+01
7.514867305755615234e+00 2.258081883192062378e-01 7.159490203857421875e+01
7.740314960479736328e+00 4.003184139728546143e-01 7.089995574951171875e+01
9.378392219543457031e+00 -1.040934920310974121e-01 7.159490966796875000e+01
5.778435707092285156e+00 -2.373252362012863159e-01 7.159481048583984375e+01
7.740315914154052734e+00 4.003182947635650635e-01 7.089995574951171875e+01
7.919885158538818359e+00 1.465409398078918457e-01 7.159492492675781250e+01
7.740313529968261719e+00 4.003178179264068604e-01 7.089995574951171875e+01
7.740320205688476562e+00 4.003165662288665771e-01 7.089995574951171875e+01
7.196637630462646484e+00 2.213481068611145020e-02 7.159494018554687500e+01
7.740315437316894531e+00 4.003181755542755127e-01 7.089995574951171875e+01
8.484253883361816406e+00 -9.059184789657592773e-02 7.159493255615234375e+01
7.740310668945312500e+00 4.003162384033203125e-01 7.089995574951171875e+01
7.740316867828369141e+00 4.003176689147949219e-01 7.089995574951171875e+01
7.672486305236816406e+00 2.582620130851864815e-03 7.159490966796875000e+01
7.740314483642578125e+00 4.003177285194396973e-01 7.089995574951171875e+01
8.981002807617187500e+00 -3.996971845626831055e-01 7.113191986083984375e+01
6.725870609283447266e+00 -3.980830609798431396e-01 7.153144836425781250e+01
7.740315914154052734e+00 4.003177583217620850e-01 7.089995574951171875e+01
8.092694282531738281e+00 -1.779735535383224487e-01 7.159493255615234375e+01
7.740313053131103516e+00 4.003166258335113525e-01 7.089995574951171875e+01
7.740317821502685547e+00 4.003166258335113525e-01 7.089995574951171875e+01
7.406761646270751953e+00 -2.707524597644805908e-01 7.159499359130859375e+01
7.740314960479736328e+00 4.003174602985382080e-01 7.089995574951171875e+01
8.448434829711914062e+00 -3.997020125389099121e-01 7.131961059570312500e+01
6.979446887969970703e+00 -3.997075557708740234e-01 7.105946350097656250e+01
7.740316390991210938e+00 4.003170728683471680e-01 7.089995574951171875e+01
7.822228908538818359e+00 -3.997229337692260742e-01 7.158441162109375000e+01
7.740314483642578125e+00 4.003167450428009033e-01 7.089995574951171875e+01
7.740317344665527344e+00 4.003162384033203125e-01 7.089995574951171875e+01
7.337963581085205078e+00 -3.997015655040740967e-01 7.129261016845703125e+01
7.740315437316894531e+00 4.003169238567352295e-01 7.089995574951171875e+01
8.041693687438964844e+00 -3.968033194541931152e-01 7.126835632324218750e+01
7.740314006805419922e+00 4.003162384033203125e-01 7.089995574951171875e+01
7.740316390991210938e+00 4.003163874149322510e-01 7.089995574951171875e+01
7.661828517913818359e+00 -3.997029960155487061e-01 7.123360443115234375e+01
7.740314960479736328e+00 4.003164470195770264e-01 7.089995574951171875e+01
7.963107109069824219e+00 -3.997242748737335205e-01 7.097343444824218750e+01
7.591417789459228516e+00 -3.996951878070831299e-01 7.096699523925781250e+01
7.740315437316894531e+00 3.688672184944152832e-01 7.089995574951171875e+01
