-1.153811931610107422e+01 2.757677866611629725e-04 7.090010833740234375e+01
-1.165852642059326172e+01 4.003027975559234619e-01 7.101041412353515625e+01
-1.145034217834472656e+01 3.024320363998413086e+00 6.989992523193359375e+01
-1.136047458648681641e+01 4.002965986728668213e-01 7.113181304931640625e+01
-1.719189834594726562e+01 1.300164318084716797e+01 6.990003204345703125e+01
-9.965919494628906250e+00 3.425037622451782227e+00 6.990000152587890625e+01
-1.165089988708496094e+01 4.003014266490936279e-01 7.131964874267578125e+01
-1.205750274658203125e+01 1.487506747245788574e+00 6.990007019042968750e+01
-1.104955482482910156e+01 4.002937972545623779e-01 7.107852935791015625e+01
-1.205778598785400391e+01 4.003183841705322266e-01 7.111461639404296875e+01
-1.107015228271484375e+01 1.062165617942810059e+00 6.990009307861328125e+01
-1.134463214874267578e+01 4.002987146377563477e-01 7.151697540283203125e+01
-1.326375579833984375e+01 1.915065646171569824e+00 6.990007019042968750e+01
-6.989825248718261719e+00 4.683878898620605469e+00 6.990017700195312500e+01
-1.198523139953613281e+01 4.003225862979888916e-01 7.153607940673828125e+01
-1.166770648956298828e+01 5.803603529930114746e-01 6.990009307861328125e+01
-1.087821388244628906e+01 3.936443328857421875e-01 7.145627593994140625e+01
-1.245640182495117188e+01 4.003112316131591797e-01 7.093807983398437500e+01
-1.053325748443603516e+01 7.697840929031372070e-01 6.990013885498046875e+01
-1.157025337219238281e+01 1.445258259773254395e-01 7.159503936767578125e+01
-1.237262344360351562e+01 5.669251680374145508e-01 6.990009307861328125e+01
-1.041220760345458984e+01 4.002905786037445068e-01 7.105159759521484375e+01
-1.252099704742431641e+01 4.003257155418395996e-01 7.158396911621093750e+01
-1.131315612792968750e+01 2.499591261148452759e-01 6.990012359619140625e+01
-1.114000606536865234e+01 8.157240599393844604e-02 7.159487152099609375e+01
-1.467296218872070312e+01 1.474611043930053711e+00 6.990000915527343750e+01
-9.373744010925292969e+00 8.863690495491027832e-01 6.990010833740234375e+01
-1.182890605926513672e+01 -1.533247623592615128e-02 7.159493255615234375e+01
-1.189779758453369141e+01 1.127391755580902100e-01 6.990010833740234375e+01
-1.023150539398193359e+01 2.719034850597381592e-01 7.158683013916015625e+01
-1.334307193756103516e+01 4.003166258335113525e-01 7.137588500976562500e+01
-1.089512920379638672e+01 7.933605462312698364e-02 6.990010833740234375e+01
-1.141868877410888672e+01 -1.332112103700637817e-01 7.159503936767578125e+01
-1.282939147949218750e+01 1.777291148900985718e-01 6.990007781982421875e+01
5.343376398086547852e-01 3.594372272491455078e+00 6.989993286132812500e+01
-1.218097972869873047e+01 -1.096778661012649536e-01 7.159502410888671875e+01
-1.153324127197265625e+01 -1.162399351596832275e-01 6.990014648437500000e+01
-1.090791988372802734e+01 -1.549145579338073730e-01 7.159481048583984375e+01
-2.232838821411132812e+01 2.188689470291137695e+00 6.990007019042968750e+01
-1.022050476074218750e+01 -4.065892100334167480e-02 6.990008544921875000e+01
-1.166453742980957031e+01 -2.615835666656494141e-01 7.159501647949218750e+01
-1.216740989685058594e+01 -1.937575936317443848e-01 6.990010070800781250e+01
-9.002792358398437500e+00 3.251358168199658394e-03 7.159493255615234375e+01
-1.289190101623535156e+01 -1.981496363878250122e-01 7.159484863281250000e+01
-1.116738224029541016e+01 -2.804665863513946533e-01 6.990010833740234375e+01
-1.125523757934570312e+01 -3.312166631221771240e-01 7.159500122070312500e+01
-1.364832115173339844e+01 -2.341778576374053955e-01 6.990004730224609375e+01
-8.294379234313964844e+00 -2.280523031949996948e-01 6.990003204345703125e+01
-1.194541263580322266e+01 -3.752849698066711426e-01 7.159508514404296875e+01
-1.175285530090332031e+01 -3.893744349479675293e-01 6.990012359619140625e+01
-9.504154205322265625e+00 -4.249084889888763428e-01 7.234494018554687500e+01
-1.350232219696044922e+01 -4.597154557704925537e-01 7.114490509033203125e+01
-1.068698024749755859e+01 -4.661112129688262939e-01 6.990015411376953125e+01
-1.148542881011962891e+01 -5.021924972534179688e-01 7.234497070312500000e+01
-1.252360439300537109e+01 -5.278729796409606934e-01 6.990009307861328125e+01
-1.153811931610107422e+01 -3.997061252593994141e-01 7.090010833740234375e+01
-1.188723945617675781e+01 -4.596938490867614746e-01 7.118856811523437500e+01
-1.139860153198242188e+01 -5.544753074645996094e-01 6.990010833740234375e+01
-1.134764862060546875e+01 -4.582478106021881104e-01 7.117672729492187500e+01
-1.588464450836181641e+01 -1.271899342536926270e+00 6.989998626708984375e+01
-9.772996902465820312e+00 -8.400643467903137207e-01 6.990006256103515625e+01
-1.161562442779541016e+01 -4.596995413303375244e-01 7.113901519775390625e+01
-1.199423408508300781e+01 -6.865532994270324707e-01 6.990011596679687500e+01
-1.134327793121337891e+01 -4.597035050392150879e-01 7.098277282714843750e+01
-1.171919727325439453e+01 -4.585594236850738525e-01 7.096424102783203125e+01
-1.100629901885986328e+01 -7.731494903564453125e-01 6.990009307861328125e+01
-1.149566745758056641e+01 -4.597008228302001953e-01 7.106439971923828125e+01
-1.307683658599853516e+01 -1.093279600143432617e+00 6.990008544921875000e+01
-5.543602943420410156e+00 -2.848501443862915039e+00 6.989997863769531250e+01
-1.162434959411621094e+01 -4.596882462501525879e-01 7.101033782958984375e+01
-1.161605739593505859e+01 -8.560789227485656738e-01 6.990010833740234375e+01
-1.144720745086669922e+01 -4.596972167491912842e-01 7.098503875732421875e+01
-1.165558910369873047e+01 -4.596549868583679199e-01 7.089896392822265625e+01
-1.042486095428466797e+01 -1.206917285919189453e+00 6.990007019042968750e+01
-1.154834938049316406e+01 -4.596925675868988037e-01 7.100492095947265625e+01
-1.228941917419433594e+01 -1.151472806930541992e+00 6.990011596679687500e+01
-1.144509220123291016e+01 -4.596917331218719482e-01 7.091750335693359375e+01
-1.161432647705078125e+01 -4.596836566925048828e-01 7.094754791259765625e+01
-1.125880622863769531e+01 -1.130853533744812012e+00 6.990010070800781250e+01
-1.150156688690185547e+01 -4.596927464008331299e-01 7.097219848632812500e+01
-1.419571304321289062e+01 -2.621088743209838867e+00 6.990006256103515625e+01
-9.046710968017578125e+00 -2.614419221878051758e+00 6.990002441406250000e+01
-1.156793308258056641e+01 -4.596877694129943848e-01 7.096223449707031250e+01
-1.184109687805175781e+01 -1.360249757766723633e+00 6.990010833740234375e+01
-1.148502540588378906e+01 -4.596903920173645020e-01 7.093157196044921875e+01
-1.159515953063964844e+01 -4.596818983554840088e-01 7.091206359863281250e+01
-1.082037639617919922e+01 -1.743429660797119141e+00 6.990007781982421875e+01
-1.153197765350341797e+01 -4.596891105175018311e-01 7.095142364501953125e+01
-1.270141792297363281e+01 -2.297980308532714844e+00 6.990010833740234375e+01
-1.149286651611328125e+01 -4.596532583236694336e-01 7.089868164062500000e+01
-1.156828403472900391e+01 -4.596850275993347168e-01 7.092955017089843750e+01
-1.148209571838378906e+01 -1.940237879753112793e+00 6.990009307861328125e+01
-1.151544094085693359e+01 -4.596881866455078125e-01 7.092783355712890625e+01
-1.157016086578369141e+01 -4.593227207660675049e-01 7.089547729492187500e+01
-1.007042598724365234e+01 -4.045235633850097656e+00 6.990003204345703125e+01
-1.154400348663330078e+01 -4.596800506114959717e-01 7.092511749267578125e+01
-1.209827136993408203e+01 -3.540412902832031250e+00 6.990007781982421875e+01
-1.152141666412353516e+01 -4.596859514713287354e-01 7.090561676025390625e+01
-1.154900741577148438e+01 -4.582055807113647461e-01 7.090501403808593750e+01
-1.153811931610107422e+01 -4.596844613552093506e-01 7.090010833740234375e+01
