7.176407337188720703e+00 1.466187381744384766e+01 7.089995574951171875e+01
5.599071502685546875e+00 1.134050369262695312e+01 7.234492492675781250e+01
7.264169692993164062e+00 4.283765792846679688e+00 6.989994812011718750e+01
8.284191131591796875e+00 5.849124431610107422e+00 7.234486389160156250e+01
1.523368120193481445e+00 1.425993537902832031e+01 6.990000915527343750e+01
8.748351097106933594e+00 4.684460163116455078e+00 6.990001678466796875e+01
6.787991046905517578e+00 3.615568876266479492e+00 7.234484863281250000e+01
6.659156322479248047e+00 2.739803314208984375e+00 6.990402221679687500e+01
1.113309574127197266e+01 7.339221477508544922e+00 7.234493255615234375e+01
3.676120042800903320e+00 6.249011516571044922e+00 7.234482574462890625e+01
7.644371509552001953e+00 2.322201728820800781e+00 6.989994049072265625e+01
7.629611968994140625e+00 2.734184503555297852e+00 7.234484100341796875e+01
5.450855255126953125e+00 3.174997329711914062e+00 6.989996337890625000e+01
1.172427654266357422e+01 5.943449020385742188e+00 6.990011596679687500e+01
6.160599231719970703e+00 2.677949428558349609e+00 7.234484100341796875e+01
7.046821594238281250e+00 1.840395212173461914e+00 6.989995574951171875e+01
8.890800476074218750e+00 2.921414613723754883e+00 7.234484863281250000e+01
-8.527641296386718750e+00 1.454186725616455078e+01 7.154936981201171875e+01
8.179749488830566406e+00 2.028059959411621094e+00 6.990149688720703125e+01
7.109594821929931641e+00 1.991889119148254395e+00 7.234483337402343750e+01
6.341928005218505859e+00 1.826941490173339844e+00 6.989997100830078125e+01
1.791613960266113281e+01 8.491266250610351562e+00 7.234497070312500000e+01
5.099758625030517578e+00 2.550666093826293945e+00 7.234483337402343750e+01
7.401374816894531250e+00 1.510015130043029785e+00 6.989995574951171875e+01
8.004360198974609375e+00 1.861248612403869629e+00 7.234484100341796875e+01
4.041979312896728516e+00 2.734408140182495117e+00 6.989998626708984375e+01
9.340846061706542969e+00 2.146451950073242188e+00 6.989993286132812500e+01
6.571716785430908203e+00 1.659641981124877930e+00 7.234483337402343750e+01
6.816730022430419922e+00 1.372781872749328613e+00 6.989996337890625000e+01
9.925600051879882812e+00 2.273444652557373047e+00 7.234485626220703125e+01
1.695101976394653320e+00 3.289858341217041016e+00 7.234481048583984375e+01
7.819402217864990234e+00 1.339384436607360840e+00 6.989994812011718750e+01
7.424725532531738281e+00 1.414431095123291016e+00 7.234484863281250000e+01
5.885217666625976562e+00 1.437736988067626953e+00 6.989998626708984375e+01
1.924522781372070312e+01 4.853214263916015625e+00 6.990007781982421875e+01
5.841087818145751953e+00 1.462771654129028320e+00 7.234339904785156250e+01
7.181285858154296875e+00 1.143814682960510254e+00 6.989995574951171875e+01
8.487154006958007812e+00 1.369478583335876465e+00 7.234486389160156250e+01
-3.613515853881835938e+00 3.448651075363159180e+00 6.989994812011718750e+01
8.494004249572753906e+00 1.219381093978881836e+00 6.989994812011718750e+01
6.913550376892089844e+00 1.147531867027282715e+00 7.234484863281250000e+01
6.547130584716796875e+00 1.066282629966735840e+00 6.989997100830078125e+01
1.244880008697509766e+01 1.698317527770996094e+00 7.234490203857421875e+01
4.360907077789306641e+00 1.279521822929382324e+00 7.234482574462890625e+01
7.547144412994384766e+00 9.795781970024108887e-01 6.989995574951171875e+01
7.764611721038818359e+00 1.002750873565673828e+00 7.234486389160156250e+01
5.066453933715820312e+00 1.025847434997558594e+00 6.990000915527343750e+01
1.041990375518798828e+01 1.031979680061340332e+00 6.989994812011718750e+01
6.329618453979492188e+00 9.111118912696838379e-01 7.234484863281250000e+01
6.961670398712158203e+00 8.706704378128051758e-01 6.989996337890625000e+01
8.154873847961425781e+00 8.482147455215454102e-01 7.159501647949218750e+01
1.599853038787841797e+00 6.899666190147399902e-01 7.159494781494140625e+01
7.176408290863037109e+00 8.603385686874389648e-01 7.089995574951171875e+01
7.201751232147216797e+00 8.110429048538208008e-01 7.159493255615234375e+01
7.176404953002929688e+00 8.603383302688598633e-01 7.089995574951171875e+01
1.074988842010498047e+01 4.602894484996795654e-01 7.108267211914062500e+01
6.335316181182861328e+00 7.158179283142089844e-01 7.159490966796875000e+01
7.176407814025878906e+00 8.603382110595703125e-01 7.089995574951171875e+01
7.654952526092529297e+00 7.132562994956970215e-01 7.159495544433593750e+01
7.176406860351562500e+00 8.603385686874389648e-01 7.089995574951171875e+01
7.176407337188720703e+00 8.603386282920837402e-01 7.089995574951171875e+01
6.950938701629638672e+00 6.858121752738952637e-01 7.159496307373046875e+01
7.176407337188720703e+00 8.603386282920837402e-01 7.089995574951171875e+01
8.475521087646484375e+00 4.603032469749450684e-01 7.145110321044921875e+01
5.945560932159423828e+00 4.602929651737213135e-01 7.133589935302734375e+01
7.176407337188720703e+00 8.603386282920837402e-01 7.089995574951171875e+01
7.355977058410644531e+00 6.065615415573120117e-01 7.159492492675781250e+01
7.176407337188720703e+00 8.603385686874389648e-01 7.089995574951171875e+01
7.176407814025878906e+00 8.603383898735046387e-01 7.089995574951171875e+01
6.632691860198974609e+00 4.821287393569946289e-01 7.159498596191406250e+01
7.176407337188720703e+00 8.603386282920837402e-01 7.089995574951171875e+01
7.782618045806884766e+00 4.603120684623718262e-01 7.146627044677734375e+01
7.176407337188720703e+00 8.603386878967285156e-01 7.089995574951171875e+01
7.176407337188720703e+00 8.603385686874389648e-01 7.089995574951171875e+01
7.108570575714111328e+00 4.625575244426727295e-01 7.159498596191406250e+01
7.176407337188720703e+00 8.603385686874389648e-01 7.089995574951171875e+01
7.796778202056884766e+00 4.603134393692016602e-01 7.101594543457031250e+01
6.668150424957275391e+00 4.603235423564910889e-01 7.121634674072265625e+01
7.176407337188720703e+00 8.603385686874389648e-01 7.089995574951171875e+01
7.420159816741943359e+00 4.603146910667419434e-01 7.138069915771484375e+01
7.176406860351562500e+00 8.603383898735046387e-01 7.089995574951171875e+01
7.176407814025878906e+00 8.603383898735046387e-01 7.089995574951171875e+01
6.977576732635498047e+00 4.603152275085449219e-01 7.131427001953125000e+01
7.176407337188720703e+00 8.603385090827941895e-01 7.089995574951171875e+01
7.527165412902832031e+00 4.640583097934722900e-01 7.110782623291015625e+01
6.795970916748046875e+00 4.603233635425567627e-01 7.097971343994140625e+01
7.176407337188720703e+00 8.603384494781494141e-01 7.089995574951171875e+01
7.217319011688232422e+00 4.607559740543365479e-01 7.124180603027343750e+01
7.176407337188720703e+00 8.603384494781494141e-01 7.089995574951171875e+01
7.176407814025878906e+00 8.603383898735046387e-01 7.089995574951171875e+01
6.975226402282714844e+00 4.603187143802642822e-01 7.109629058837890625e+01
7.176407337188720703e+00 8.603384494781494141e-01 7.089995574951171875e+01
7.327649593353271484e+00 4.603141546249389648e-01 7.108483123779296875e+01
7.176407337188720703e+00 8.603383898735046387e-01 7.089995574951171875e+01
7.176407337188720703e+00 8.603383898735046387e-01 7.089995574951171875e+01
7.137162685394287109e+00 4.603179693222045898e-01 7.106678009033203125e+01
7.176407337188720703e+00 8.603383898735046387e-01 7.089995574951171875e+01
7.287804126739501953e+00 4.603137373924255371e-01 7.093669891357421875e+01
7.101955890655517578e+00 4.603175818920135498e-01 7.093347930908203125e+01
7.176407337188720703e+00 4.603157341480255127e-01 7.089995574951171875e+01
