-2.257775878906250000e+01 2.587686777114868164e+00 7.090006256103515625e+01
-2.277821350097656250e+01 3.418318271636962891e+00 7.108369445800781250e+01
-2.249000358581542969e+01 5.509586811065673828e+00 6.990013885498046875e+01
-2.237217712402343750e+01 3.012261390686035156e+00 7.116820526123046875e+01
-2.794655799865722656e+01 1.481229782104492188e+01 6.995040130615234375e+01
-2.100572967529296875e+01 5.910776138305664062e+00 6.990006256103515625e+01
-2.276343536376953125e+01 3.403544187545776367e+00 7.159076690673828125e+01
-2.309710693359375000e+01 3.973529577255249023e+00 6.990009307861328125e+01
-2.214927673339843750e+01 2.788066387176513672e+00 7.105654144287109375e+01
-2.426109504699707031e+01 4.677935600280761719e+00 7.159491729736328125e+01
-2.210983085632324219e+01 3.548196554183959961e+00 6.990013122558593750e+01
-2.235981178283691406e+01 2.987584590911865234e+00 7.159490966796875000e+01
-2.430338478088378906e+01 4.401205062866210938e+00 6.990002441406250000e+01
-1.802857017517089844e+01 7.171031951904296875e+00 6.989993286132812500e+01
-2.306625175476074219e+01 2.960521221160888672e+00 7.159489440917968750e+01
-2.270734024047851562e+01 3.066473722457885742e+00 6.990009307861328125e+01
-2.206399536132812500e+01 2.704104423522949219e+00 7.133306121826171875e+01
-2.886545372009277344e+01 7.564352989196777344e+00 7.116007995605468750e+01
-2.157292747497558594e+01 3.255902767181396484e+00 6.990012359619140625e+01
-2.260986709594726562e+01 2.630246400833129883e+00 7.159444427490234375e+01
-2.341226577758789062e+01 3.053082942962646484e+00 6.990004730224609375e+01
-2.191631889343261719e+01 2.556422233581542969e+00 7.098905944824218750e+01
-2.465437698364257812e+01 3.776749610900878906e+00 7.234491729736328125e+01
-2.235279464721679688e+01 2.736112356185913086e+00 6.990007781982421875e+01
-2.217960929870605469e+01 2.567768335342407227e+00 7.159488677978515625e+01
-2.571242713928222656e+01 3.960660219192504883e+00 6.990001678466796875e+01
-2.041357231140136719e+01 3.372410297393798828e+00 6.990015411376953125e+01
-2.286858177185058594e+01 2.470867395401000977e+00 7.159497070312500000e+01
-2.293743896484375000e+01 2.598894834518432617e+00 6.990006256103515625e+01
-2.183045005798339844e+01 2.470570325851440430e+00 7.129282379150390625e+01
-2.805948638916015625e+01 4.516154289245605469e+00 7.234503173828125000e+01
-2.193478584289550781e+01 2.565476655960083008e+00 6.990009307861328125e+01
-2.245833587646484375e+01 2.352925300598144531e+00 7.159494781494140625e+01
-2.386907768249511719e+01 2.663903474807739258e+00 6.989999389648437500e+01
-1.050616836547851562e+01 6.080239295959472656e+00 6.989995574951171875e+01
-2.391430664062500000e+01 2.689434289932250977e+00 7.234483337402343750e+01
-2.257287979125976562e+01 2.369926929473876953e+00 6.990005493164062500e+01
-2.194737625122070312e+01 2.331310033798217773e+00 7.159497070312500000e+01
-2.882510375976562500e+01 3.585075616836547852e+00 7.032106018066406250e+01
-2.126028251647949219e+01 2.445456743240356445e+00 6.990014648437500000e+01
-2.270416450500488281e+01 2.224556207656860352e+00 7.159490203857421875e+01
-2.320706939697265625e+01 2.292402505874633789e+00 6.990002441406250000e+01
-2.160148239135742188e+01 2.241613864898681641e+00 7.116761779785156250e+01
-2.539306831359863281e+01 2.505602359771728516e+00 7.234483337402343750e+01
-2.220702743530273438e+01 2.205685377120971680e+00 6.990007781982421875e+01
-2.229490280151367188e+01 2.154930591583251953e+00 7.159488677978515625e+01
-2.468803977966308594e+01 2.251981973648071289e+00 6.989996337890625000e+01
-2.257159233093261719e+01 2.086773872375488281e+00 7.089816284179687500e+01
-2.342446517944335938e+01 2.137215614318847656e+00 7.234481811523437500e+01
-2.279250335693359375e+01 2.096779584884643555e+00 6.990003204345703125e+01
-2.159970664978027344e+01 2.074328660964965820e+00 7.159482574462890625e+01
-2.257775878906250000e+01 2.086447477340698242e+00 7.090006256103515625e+01
-2.172662544250488281e+01 2.020042896270751953e+00 6.990011596679687500e+01
-2.252507209777832031e+01 1.983968973159790039e+00 7.234481048583984375e+01
-2.356329154968261719e+01 1.958274364471435547e+00 6.990000152587890625e+01
-2.257775878906250000e+01 2.086447477340698242e+00 7.090006256103515625e+01
-2.432631683349609375e+01 1.786001086235046387e+00 7.234481048583984375e+01
-2.243824005126953125e+01 1.931678295135498047e+00 6.990006256103515625e+01
-2.209938430786132812e+01 1.939417481422424316e+00 7.159481048583984375e+01
-2.692414855957031250e+01 1.214281678199768066e+00 6.989997100830078125e+01
-2.257440185546875000e+01 2.085609912872314453e+00 7.089816284179687500e+01
-2.304644966125488281e+01 1.723651766777038574e+00 7.234481048583984375e+01
-2.303336143493652344e+01 1.799922823905944824e+00 6.990119934082031250e+01
-2.095619392395019531e+01 1.587119936943054199e+00 7.158801269531250000e+01
-2.665690994262695312e+01 7.606551647186279297e-01 7.234481048583984375e+01
-2.204581069946289062e+01 1.712914109230041504e+00 6.989981079101562500e+01
-2.220444869995117188e+01 1.558865666389465332e+00 7.234484100341796875e+01
-2.411655235290527344e+01 1.392839193344116211e+00 6.989998626708984375e+01
-2.257279968261718750e+01 2.084421873092651367e+00 7.089923858642578125e+01
-2.370797348022460938e+01 1.300266742706298828e+00 7.234481811523437500e+01
-2.265569877624511719e+01 1.630062699317932129e+00 6.990003967285156250e+01
-2.183406639099121094e+01 1.595699548721313477e+00 7.159481048583984375e+01
-2.882523155212402344e+01 -1.101854801177978516e+00 7.083910369873046875e+01
-2.146459770202636719e+01 1.279307603836059570e+00 6.990011596679687500e+01
-2.271877288818359375e+01 1.259563922882080078e+00 7.234485626220703125e+01
-2.332911300659179688e+01 1.334626197814941406e+00 6.989999389648437500e+01
-1.887746047973632812e+01 -2.995658218860626221e-01 7.159188842773437500e+01
-2.489871978759765625e+01 2.597737908363342285e-01 7.234485626220703125e+01
-2.229844665527343750e+01 1.355302453041076660e+00 6.990005493164062500e+01
-2.184517478942871094e+01 8.841980099678039551e-01 7.234490203857421875e+01
-2.804612922668457031e+01 -2.484358310699462891e+00 6.884233856201171875e+01
-2.257486915588378906e+01 2.083878040313720703e+00 7.089890289306640625e+01
-2.327113723754882812e+01 6.914519071578979492e-01 7.234487915039062500e+01
-2.288075447082519531e+01 1.125846624374389648e+00 6.990000152587890625e+01
-2.013966751098632812e+01 -6.680660843849182129e-01 7.234494781494140625e+01
-2.257783508300781250e+01 2.086367845535278320e+00 7.090007781982421875e+01
-2.186004066467285156e+01 7.427694797515869141e-01 6.990006256103515625e+01
-2.240484046936035156e+01 3.975656032562255859e-01 7.234494018554687500e+01
-2.374118232727050781e+01 1.879703253507614136e-01 6.989995574951171875e+01
-9.978573799133300781e+00 -1.460373401641845703e+01 7.050213623046875000e+01
-2.405830001831054688e+01 -8.574019670486450195e-01 7.234492492675781250e+01
-2.252173233032226562e+01 5.458545088768005371e-01 6.990000152587890625e+01
-2.139576339721679688e+01 -1.039842367172241211e+00 7.234491729736328125e+01
-2.876752662658691406e+01 -9.430400848388671875e+00 7.000566864013671875e+01
-2.111023902893066406e+01 -1.558651328086853027e+00 6.990010833740234375e+01
-2.291763877868652344e+01 -1.377974867820739746e+00 7.234488677978515625e+01
-2.313795471191406250e+01 -1.054501771926879883e+00 6.989995574951171875e+01
-2.257678031921386719e+01 2.082932710647583008e+00 7.090038299560546875e+01
-2.257819366455078125e+01 2.084115028381347656e+00 7.090026092529296875e+01
-2.257775878906250000e+01 -1.461364650726318359e+01 7.090006256103515625e+01
