2.325926589965820312e+01 -2.643289804458618164e+00 7.090002441406250000e+01
2.305880546569824219e+01 -2.417865514755249023e+00 7.108366394042968750e+01
2.334703063964843750e+01 -3.262603580951690674e-01 6.989999389648437500e+01
2.346484947204589844e+01 -2.823952674865722656e+00 7.116817474365234375e+01
1.789788055419921875e+01 8.958502769470214844e+00 6.995166778564453125e+01
2.483148765563964844e+01 7.502198964357376099e-02 6.989990234375000000e+01
2.307359313964843750e+01 -2.432711601257324219e+00 7.159071350097656250e+01
2.274251174926757812e+01 -1.872118234634399414e+00 6.990504455566406250e+01
2.368824958801269531e+01 -3.047334909439086914e+00 7.105668640136718750e+01
2.157581520080566406e+01 -1.158112764358520508e+00 7.159492492675781250e+01
2.372720146179199219e+01 -2.287999868392944336e+00 6.990007019042968750e+01
2.347717285156250000e+01 -2.848800897598266602e+00 7.159474945068359375e+01
2.153383064270019531e+01 -1.435272693634033203e+00 6.990010070800781250e+01
2.780817222595214844e+01 1.334494352340698242e+00 6.989996337890625000e+01
2.277083969116210938e+01 -2.875821590423583984e+00 7.159475708007812500e+01
2.312969589233398438e+01 -2.769830226898193359e+00 6.990013885498046875e+01
2.377303123474121094e+01 -3.132116317749023438e+00 7.133302307128906250e+01
1.849565887451171875e+01 4.003280997276306152e-01 7.109701538085937500e+01
2.426413536071777344e+01 -2.580275297164916992e+00 6.990004730224609375e+01
2.322713470458984375e+01 -3.205606698989868164e+00 7.159487152099609375e+01
2.242483329772949219e+01 -2.783225059509277344e+00 6.990009307861328125e+01
2.391958236694335938e+01 -3.280598878860473633e+00 7.098886871337890625e+01
2.325926589965820312e+01 -3.749774694442749023e+00 7.090002441406250000e+01
2.348420524597167969e+01 -3.100176811218261719e+00 6.990013885498046875e+01
2.365742492675781250e+01 -3.268441438674926758e+00 7.159486389160156250e+01
2.012502670288085938e+01 -1.875818133354187012e+00 6.990011596679687500e+01
2.325926589965820312e+01 -3.749774694442749023e+00 7.090002441406250000e+01
2.296843910217285156e+01 -3.365349531173706055e+00 7.159494018554687500e+01
2.289962959289550781e+01 -3.237390041351318359e+00 6.990014648437500000e+01
2.400657844543457031e+01 -3.365650653839111328e+00 7.129279327392578125e+01
2.325926589965820312e+01 -3.749774694442749023e+00 7.090002441406250000e+01
2.390218353271484375e+01 -3.270787239074707031e+00 6.990013885498046875e+01
2.337869453430175781e+01 -3.483285427093505859e+00 7.159494018554687500e+01
2.196810913085937500e+01 -3.172391176223754883e+00 6.990007781982421875e+01
2.325926589965820312e+01 -3.749774694442749023e+00 7.090002441406250000e+01
2.325926589965820312e+01 -3.749774694442749023e+00 7.090002441406250000e+01
2.326414299011230469e+01 -3.466336965560913086e+00 6.990016174316406250e+01
2.388958358764648438e+01 -3.504936933517456055e+00 7.159485626220703125e+01
1.246901416778564453e+01 -1.161383509635925293e+00 6.989998626708984375e+01
2.457677459716796875e+01 -3.390756607055664062e+00 6.990008544921875000e+01
2.313284111022949219e+01 -3.611645460128784180e+00 7.159496307373046875e+01
2.263005065917968750e+01 -3.543851137161254883e+00 6.990013885498046875e+01
2.422855186462402344e+01 -3.595719337463378906e+00 7.116566467285156250e+01
2.325926589965820312e+01 -3.749774694442749023e+00 7.090002441406250000e+01
2.362995147705078125e+01 -3.630551338195800781e+00 6.990016174316406250e+01
2.354213333129882812e+01 -3.681288719177246094e+00 7.159487915039062500e+01
2.114923858642578125e+01 -3.584259986877441406e+00 6.990003967285156250e+01
2.325926589965820312e+01 -3.749774694442749023e+00 7.090002441406250000e+01
2.325926589965820312e+01 -3.749774694442749023e+00 7.090002441406250000e+01
2.304455947875976562e+01 -3.739444494247436523e+00 6.990017700195312500e+01
2.423727798461914062e+01 -3.761893033981323242e+00 7.159475708007812500e+01
1.768407249450683594e+01 -3.920105218887329102e+00 7.159484863281250000e+01
2.411063766479492188e+01 -3.816197872161865234e+00 6.989979553222656250e+01
2.327102279663085938e+01 -3.772642612457275391e+00 7.122241973876953125e+01
2.227387809753417969e+01 -3.877928972244262695e+00 6.990010833740234375e+01
2.453329658508300781e+01 -3.892401695251464844e+00 7.096516418457031250e+01
2.325926589965820312e+01 -3.749774694442749023e+00 7.090002441406250000e+01
2.339876747131347656e+01 -3.904524564743041992e+00 6.990015411376953125e+01
2.373762702941894531e+01 -3.896800279617309570e+00 7.159474945068359375e+01
1.891316032409667969e+01 -4.621883392333984375e+00 6.989999389648437500e+01
2.502426719665527344e+01 -4.190102577209472656e+00 6.990004730224609375e+01
2.325926589965820312e+01 -3.749774694442749023e+00 7.090002441406250000e+01
2.280319213867187500e+01 -4.036596298217773438e+00 6.990012359619140625e+01
2.489409446716308594e+01 -4.253186225891113281e+00 7.159360504150390625e+01
2.325926589965820312e+01 -3.749774694442749023e+00 7.090002441406250000e+01
2.379102897644042969e+01 -4.123178482055664062e+00 6.990011596679687500e+01
2.325926589965820312e+01 -3.749774694442749023e+00 7.090002441406250000e+01
2.172060775756835938e+01 -4.443321228027343750e+00 6.990003967285156250e+01
2.867438125610351562e+01 -5.961880683898925781e+00 6.999655914306640625e+01
2.325926589965820312e+01 -3.749774694442749023e+00 7.090002441406250000e+01
2.318133544921875000e+01 -4.206105232238769531e+00 6.990011596679687500e+01
2.400291252136230469e+01 -4.240492343902587891e+00 7.159472656250000000e+01
2.113949060440063477e+00 -1.454096221923828125e+01 7.069371032714843750e+01
2.437238883972167969e+01 -4.556888103485107422e+00 6.990010833740234375e+01
2.325926589965820312e+01 -3.749774694442749023e+00 7.090002441406250000e+01
2.250798225402832031e+01 -4.501524925231933594e+00 6.990005493164062500e+01
2.666949462890625000e+01 -5.948746204376220703e+00 7.153762054443359375e+01
2.325926589965820312e+01 -3.749774694442749023e+00 7.090002441406250000e+01
2.353855705261230469e+01 -4.480864524841308594e+00 6.990009307861328125e+01
2.325926589965820312e+01 -3.749774694442749023e+00 7.090002441406250000e+01
2.060178756713867188e+01 -5.971060276031494141e+00 6.990002441406250000e+01
2.637005233764648438e+01 -6.515077590942382812e+00 6.965132141113281250e+01
2.325926589965820312e+01 -3.749774694442749023e+00 7.090002441406250000e+01
2.295630073547363281e+01 -4.710282325744628906e+00 6.990006256103515625e+01
2.325926589965820312e+01 -3.749774694442749023e+00 7.090002441406250000e+01
2.325926589965820312e+01 -3.749774694442749023e+00 7.090002441406250000e+01
2.397691154479980469e+01 -5.093316555023193359e+00 6.990012359619140625e+01
2.325926589965820312e+01 -3.749774694442749023e+00 7.090002441406250000e+01
2.209605407714843750e+01 -5.647905349731445312e+00 6.990010070800781250e+01
2.856968116760253906e+01 -1.078449821472167969e+01 7.073229980468750000e+01
2.325926589965820312e+01 -3.749774694442749023e+00 7.090002441406250000e+01
2.331528282165527344e+01 -5.290113449096679688e+00 6.990013122558593750e+01
2.325926589965820312e+01 -3.749774694442749023e+00 7.090002441406250000e+01
1.748421859741210938e+01 -1.449498367309570312e+01 7.006555938720703125e+01
2.472668266296386719e+01 -7.394616603851318359e+00 6.990013885498046875e+01
2.325926589965820312e+01 -3.749774694442749023e+00 7.090002441406250000e+01
2.269919776916503906e+01 -6.890009880065917969e+00 6.990013885498046875e+01
2.325926589965820312e+01 -3.749774694442749023e+00 7.090002441406250000e+01
2.325926589965820312e+01 -3.749774694442749023e+00 7.090002441406250000e+01
2.325926589965820312e+01 -1.458715820312500000e+01 7.090002441406250000e+01
