2.604159164428710938e+01 1.459603595733642578e+01 7.090003204345703125e+01
2.446445846557617188e+01 5.078132629394531250e+00 7.234481811523437500e+01
2.612936019897460938e+01 -1.977036595344543457e+00 6.989996337890625000e+01
2.714924240112304688e+01 -4.125025272369384766e-01 7.234476470947265625e+01
2.038853073120117188e+01 7.998962402343750000e+00 6.990008544921875000e+01
2.761341857910156250e+01 -1.576846957206726074e+00 6.990016174316406250e+01
2.565319252014160156e+01 -2.645581722259521484e+00 7.234485626220703125e+01
2.508642005920410156e+01 -1.930009841918945312e+00 6.906090545654296875e+01
2.882343101501464844e+01 -8.455619215965270996e-01 7.191595458984375000e+01
2.254166412353515625e+01 -1.256719511002302170e-02 7.234474945068359375e+01
2.697485542297363281e+01 -2.485285282135009766e+00 6.890570068359375000e+01
2.649479484558105469e+01 -3.526844978332519531e+00 7.234491729736328125e+01
2.431611824035644531e+01 -3.086132764816284180e+00 6.990008544921875000e+01
2.886878776550292969e+01 -2.240756034851074219e+00 7.027848052978515625e+01
2.502577972412109375e+01 -3.583068609237670898e+00 7.234491729736328125e+01
2.591199493408203125e+01 -4.420537471771240234e+00 6.989993286132812500e+01
2.775598716735839844e+01 -3.339607000350952148e+00 7.234492492675781250e+01
2.603833198547363281e+01 -5.397846221923828125e+00 7.090016937255859375e+01
2.704648971557617188e+01 -4.231153011322021484e+00 6.990002441406250000e+01
2.597477912902832031e+01 -4.269144058227539062e+00 7.234490203857421875e+01
2.520713996887207031e+01 -4.434114933013916016e+00 6.990007781982421875e+01
2.883034515380859375e+01 -3.419185400009155273e+00 7.127525329589843750e+01
2.603588676452636719e+01 -5.396041393280029297e+00 7.090399932861328125e+01
2.626656723022460938e+01 -4.750984668731689453e+00 6.989999389648437500e+01
2.686952018737792969e+01 -4.399804115295410156e+00 7.234487915039062500e+01
2.290745353698730469e+01 -3.526789665222167969e+00 6.990015411376953125e+01
2.820586395263671875e+01 -4.114671707153320312e+00 6.990008544921875000e+01
2.543690490722656250e+01 -4.601387500762939453e+00 7.234490203857421875e+01
2.568191337585449219e+01 -4.888240814208984375e+00 6.990003204345703125e+01
2.865353393554687500e+01 -4.058126449584960938e+00 7.227279663085937500e+01
2.603784179687500000e+01 -5.399023532867431641e+00 7.090102386474609375e+01
2.668462371826171875e+01 -4.921611309051513672e+00 6.989997100830078125e+01
2.628989791870117188e+01 -4.846620559692382812e+00 7.234485626220703125e+01
2.475044822692871094e+01 -4.823307514190673828e+00 6.990010070800781250e+01
2.873736953735351562e+01 -4.508808612823486328e+00 7.067668914794921875e+01
2.603969764709472656e+01 -5.399830341339111328e+00 7.090207672119140625e+01
2.604647064208984375e+01 -5.117196559906005859e+00 6.989998626708984375e+01
2.735225105285644531e+01 -4.891579151153564453e+00 7.234484100341796875e+01
1.525104713439941406e+01 -2.812223911285400391e+00 6.989996337890625000e+01
2.735930442810058594e+01 -5.041611194610595703e+00 6.989993286132812500e+01
2.577874755859375000e+01 -5.113506793975830078e+00 7.234485626220703125e+01
2.541229438781738281e+01 -5.194734573364257812e+00 6.990001678466796875e+01
2.871680831909179688e+01 -4.975493907928466797e+00 7.163320159912109375e+01
2.322601890563964844e+01 -4.981491565704345703e+00 7.234494018554687500e+01
2.641182518005371094e+01 -5.281607627868652344e+00 6.990139007568359375e+01
2.662974739074707031e+01 -5.258284568786621094e+00 7.234482574462890625e+01
2.393175315856933594e+01 -5.235185623168945312e+00 6.990013885498046875e+01
2.870414161682128906e+01 -5.259787082672119141e+00 7.007913970947265625e+01
2.519484329223632812e+01 -5.349914550781250000e+00 7.234485626220703125e+01
2.582685089111328125e+01 -5.390353202819824219e+00 6.990002441406250000e+01
2.807548141479492188e+01 -5.425886631011962891e+00 7.234481048583984375e+01
1.444723606109619141e+01 -5.754909992218017578e+00 7.234501647949218750e+01
2.615687561035156250e+01 -5.409679412841796875e+00 7.076459503173828125e+01
2.606693077087402344e+01 -5.449971675872802734e+00 7.159487915039062500e+01
2.592988014221191406e+01 -5.415214061737060547e+00 7.078667449951171875e+01
2.614299201965332031e+01 -5.412036895751953125e+00 7.090522003173828125e+01
2.429291725158691406e+01 -5.701151847839355469e+00 7.234487152099609375e+01
2.604159164428710938e+01 -5.400685310363769531e+00 7.090003204345703125e+01
2.642766380310058594e+01 -5.519345760345458984e+00 7.146073150634765625e+01
2.590753173828125000e+01 -5.427586078643798828e+00 7.086918640136718750e+01
2.635457801818847656e+01 -5.478768348693847656e+00 7.072270965576171875e+01
2.581616973876953125e+01 -5.575174808502197266e+00 7.159489440917968750e+01
2.555804824829101562e+01 -5.704782009124755859e+00 6.983990478515625000e+01
2.642761993408203125e+01 -5.519554615020751953e+00 7.106380462646484375e+01
2.518772506713867188e+01 -5.678206443786621094e+00 7.120245361328125000e+01
2.664385414123535156e+01 -5.823593139648437500e+00 6.976756286621093750e+01
2.622114753723144531e+01 -5.654442310333251953e+00 7.159494018554687500e+01
2.565068054199218750e+01 -5.576887607574462891e+00 7.064597320556640625e+01
2.650434875488281250e+01 -5.589724540710449219e+00 7.082282257080078125e+01
2.549799537658691406e+01 -5.778812408447265625e+00 7.159490966796875000e+01
2.604159164428710938e+01 -5.400685310363769531e+00 7.090003204345703125e+01
2.663587760925292969e+01 -5.792843341827392578e+00 7.145520782470703125e+01
8.215477943420410156e+00 -1.449796867370605469e+01 7.072610473632812500e+01
2.664590835571289062e+01 -5.838869094848632812e+00 7.035717773437500000e+01
2.597377395629882812e+01 -5.798357486724853516e+00 7.159487152099609375e+01
2.547606849670410156e+01 -5.966560840606689453e+00 7.014730834960937500e+01
2.662350082397460938e+01 -5.775910377502441406e+00 7.100882720947265625e+01
2.540849113464355469e+01 -5.898956298828125000e+00 7.129413604736328125e+01
2.644667434692382812e+01 -6.461054325103759766e+00 6.944973754882812500e+01
2.639388847351074219e+01 -5.978841781616210938e+00 7.159484863281250000e+01
2.549469566345214844e+01 -5.857815265655517578e+00 7.069423675537109375e+01
2.666900825500488281e+01 -5.958421707153320312e+00 7.064817810058593750e+01
2.570862388610839844e+01 -6.070579051971435547e+00 7.159384918212890625e+01
2.570592880249023438e+01 -6.464853286743164062e+00 6.979215240478515625e+01
2.666372871398925781e+01 -6.103565216064453125e+00 7.126873016357421875e+01
2.547686386108398438e+01 -5.994476318359375000e+00 7.101842498779296875e+01
2.655366134643554688e+01 -6.359356403350830078e+00 7.018656158447265625e+01
2.612474632263183594e+01 -6.212851047515869141e+00 7.159485626220703125e+01
2.552827835083007812e+01 -6.238311767578125000e+00 7.045877075195312500e+01
2.862437057495117188e+01 -8.822099685668945312e+00 7.081845855712890625e+01
2.557513809204101562e+01 -6.328163623809814453e+00 7.135524749755859375e+01
2.608511543273925781e+01 -6.597514629364013672e+00 7.012312316894531250e+01
2.644560432434082031e+01 -6.469267368316650391e+00 7.139389038085937500e+01
2.555987930297851562e+01 -6.296972751617431641e+00 7.083042907714843750e+01
2.646516418457031250e+01 -6.452776908874511719e+00 7.061141204833984375e+01
2.592581939697265625e+01 -6.580755710601806641e+00 7.139217376708984375e+01
2.583682060241699219e+01 -6.548811912536621094e+00 7.053445434570312500e+01
2.635558319091796875e+01 -6.528226852416992188e+00 7.100359344482421875e+01
2.582833480834960938e+01 -6.546500205993652344e+00 7.099604797363281250e+01
2.604159164428710938e+01 -5.400731086730957031e+00 7.090003204345703125e+01
