-1.296481609344482422e+01 -3.996921777725219727e-01 7.090006256103515625e+01
-1.297384643554687500e+01 -3.996917605400085449e-01 7.090833282470703125e+01
-1.287705135345458984e+01 2.963817119598388672e+00 6.990003204345703125e+01
-1.295149230957031250e+01 -3.996927142143249512e-01 7.091744232177734375e+01
-1.298998928070068359e+01 -4.000231623649597168e-01 7.089560699462890625e+01
-1.139253902435302734e+01 3.365238904953002930e+00 6.989990997314453125e+01
-1.297327423095703125e+01 -3.996917009353637695e-01 7.093152618408203125e+01
-1.348418235778808594e+01 1.427456021308898926e+00 6.990005493164062500e+01
-1.292817401885986328e+01 -3.996937274932861328e-01 7.091344451904296875e+01
-1.300379180908203125e+01 -3.996904194355010986e-01 7.091615295410156250e+01
-1.249687099456787109e+01 1.002109527587890625e+00 6.990009307861328125e+01
-1.295030498504638672e+01 -3.996926546096801758e-01 7.094632720947265625e+01
-1.469047164916992188e+01 1.855105042457580566e+00 6.990000915527343750e+01
-8.416337013244628906e+00 4.624098777770996094e+00 6.990009307861328125e+01
-1.299834918975830078e+01 -3.996905386447906494e-01 7.094776153564453125e+01
-1.309440135955810547e+01 5.203587412834167480e-01 6.990006256103515625e+01
-1.291490936279296875e+01 -3.996942043304443359e-01 7.094212341308593750e+01
-1.303368949890136719e+01 -3.996891677379608154e-01 7.090290832519531250e+01
-1.196583557128906250e+01 7.029519081115722656e-01 6.990594482421875000e+01
-1.296835899353027344e+01 -3.996917605400085449e-01 7.097667694091796875e+01
-1.379932975769042969e+01 5.069494247436523438e-01 6.990003967285156250e+01
-1.288037681579589844e+01 -3.996958434581756592e-01 7.091142272949218750e+01
-1.303853416442871094e+01 -3.996887803077697754e-01 7.095135498046875000e+01
-1.273985290527343750e+01 1.899719685316085815e-01 6.990007781982421875e+01
-1.291518497467041016e+01 -3.996940255165100098e-01 7.098667144775390625e+01
-1.609944534301757812e+01 1.414496421813964844e+00 6.990003204345703125e+01
-1.080055809020996094e+01 8.263125419616699219e-01 6.990012359619140625e+01
-1.301021003723144531e+01 -3.996897935867309570e-01 7.100852966308593750e+01
-1.332449913024902344e+01 5.275814235210418701e-02 6.990005493164062500e+01
-1.284809494018554688e+01 -3.996970653533935547e-01 7.096141052246093750e+01
-1.310019874572753906e+01 -3.996861577033996582e-01 7.093574523925781250e+01
-1.232184410095214844e+01 1.933618634939193726e-02 6.990009307861328125e+01
-1.293792724609375000e+01 -3.996927738189697266e-01 7.105652618408203125e+01
-1.425610351562500000e+01 1.177493184804916382e-01 6.990001678466796875e+01
-8.925781846046447754e-01 3.534313201904296875e+00 6.989990234375000000e+01
-1.309112262725830078e+01 -4.027092754840850830e-01 7.103659820556640625e+01
-1.295993804931640625e+01 -1.762183010578155518e-01 6.990007019042968750e+01
-1.281036376953125000e+01 -3.996982872486114502e-01 7.107032012939453125e+01
-2.375539779663085938e+01 2.128777742385864258e+00 6.989999389648437500e+01
-1.164730834960937500e+01 -1.006746813654899597e-01 6.990012359619140625e+01
-1.296481609344482422e+01 -4.596925675868988037e-01 7.090006256103515625e+01
-1.359411334991455078e+01 -2.537422776222229004e-01 6.990004730224609375e+01
-1.259132957458496094e+01 -4.003319442272186279e-01 7.100241851806640625e+01
-1.296481609344482422e+01 -4.596927464008331299e-01 7.090006256103515625e+01
-1.259408855438232422e+01 -3.404562473297119141e-01 6.990008544921875000e+01
-1.296481513977050781e+01 -4.596925675868988037e-01 7.090006256103515625e+01
-1.507503890991210938e+01 -2.941629290580749512e-01 6.989998626708984375e+01
-9.721351623535156250e+00 -2.880535721778869629e-01 6.990007019042968750e+01
-1.296481800079345703e+01 -4.596926867961883545e-01 7.090006256103515625e+01
-1.317955398559570312e+01 -4.493610560894012451e-01 6.990007019042968750e+01
-1.198676300048828125e+01 -4.718116223812103271e-01 7.159482574462890625e+01
-1.792585372924804688e+01 -6.112599372863769531e-01 7.151834869384765625e+01
-1.151766967773437500e+01 -5.725978016853332520e-01 6.919989776611328125e+01
-1.293948078155517578e+01 -5.089720487594604492e-01 7.159480285644531250e+01
-1.464010429382324219e+01 -6.775717735290527344e-01 6.920007324218750000e+01
-1.296481609344482422e+01 -4.596928060054779053e-01 7.090006256103515625e+01
-1.380564022064208984e+01 -6.041676402091979980e-01 7.159479522705078125e+01
-1.272759342193603516e+01 -7.228465080261230469e-01 6.919976806640625000e+01
-1.248640823364257812e+01 -6.067328453063964844e-01 7.159485626220703125e+01
-1.749143791198730469e+01 -1.368024826049804688e+00 6.985849761962890625e+01
-1.121444129943847656e+01 -8.963718414306640625e-01 6.990837097167968750e+01
-1.319021701812744141e+01 -6.341671347618103027e-01 7.159486389160156250e+01
-1.360085487365722656e+01 -8.596932888031005859e-01 6.950559997558593750e+01
-1.166576957702636719e+01 -8.597075343132019043e-01 7.145118713378906250e+01
-1.419556427001953125e+01 -8.597067594528198242e-01 7.133596801757812500e+01
-1.239515590667724609e+01 -8.597072362899780273e-01 6.982889556884765625e+01
-1.278528690338134766e+01 -7.134122252464294434e-01 7.159487152099609375e+01
-1.450354862213134766e+01 -1.153273105621337891e+00 6.990002441406250000e+01
-6.970715999603271484e+00 -2.908318042755126953e+00 6.990000152587890625e+01
-1.350842761993408203e+01 -8.378306627273559570e-01 7.159496307373046875e+01
-1.304275321960449219e+01 -9.160585403442382812e-01 6.990007781982421875e+01
-1.235863685607910156e+01 -8.596987724304199219e-01 7.146634674072265625e+01
-1.329700469970703125e+01 -6.292201876640319824e-01 7.089682006835937500e+01
-1.185138893127441406e+01 -1.267025947570800781e+00 6.989987945556640625e+01
-1.303264045715332031e+01 -8.574039340019226074e-01 7.159497070312500000e+01
-1.371612262725830078e+01 -1.211466789245605469e+00 6.990006256103515625e+01
-1.234444618225097656e+01 -8.597173094749450684e-01 7.101605224609375000e+01
-1.347311019897460938e+01 -8.597372174263000488e-01 7.121647644042968750e+01
-1.268551635742187500e+01 -1.190804839134216309e+00 6.990010070800781250e+01
-1.272107124328613281e+01 -8.597039580345153809e-01 7.138079071044921875e+01
-1.561755371093750000e+01 -2.677016258239746094e+00 6.990184783935546875e+01
-1.047357845306396484e+01 -2.674253940582275391e+00 6.990004730224609375e+01
-1.316365051269531250e+01 -8.597235679626464844e-01 7.131438446044921875e+01
-1.326778697967529297e+01 -1.420216917991638184e+00 6.990007781982421875e+01
-1.261074924468994141e+01 -8.597116470336914062e-01 7.110989379882812500e+01
-1.334527587890625000e+01 -8.597331643104553223e-01 7.097982025146484375e+01
-1.224700355529785156e+01 -1.803547143936157227e+00 6.989993286132812500e+01
-1.292385959625244141e+01 -8.597125411033630371e-01 7.124228668212890625e+01
-1.412810993194580078e+01 -2.357958793640136719e+00 6.990006256103515625e+01
-1.276113319396972656e+01 -7.295123934745788574e-01 7.089363098144531250e+01
-1.316600322723388672e+01 -8.597248792648315430e-01 7.109639739990234375e+01
-1.290879535675048828e+01 -2.000130176544189453e+00 6.990010833740234375e+01
-1.281357479095458984e+01 -8.597154617309570312e-01 7.108493804931640625e+01
-1.714073181152343750e+01 -8.229511260986328125e+00 7.029666137695312500e+01
-1.149721527099609375e+01 -4.104992866516113281e+00 6.990005493164062500e+01
-1.300406074523925781e+01 -8.597188591957092285e-01 7.106689453125000000e+01
-1.352493000030517578e+01 -3.600184679031372070e+00 6.990010070800781250e+01
-1.285341835021972656e+01 -8.597211241722106934e-01 7.093680572509765625e+01
-1.303926944732666016e+01 -8.597239851951599121e-01 7.093358612060546875e+01
-1.296481609344482422e+01 -4.597044587135314941e-01 7.090006256103515625e+01
