-2.605244255065917969e+01 6.582778453826904297e+00 7.089987182617187500e+01
-2.621936607360839844e+01 6.523220539093017578e+00 7.105278778076171875e+01
-2.602239799499511719e+01 6.586107254028320312e+00 7.055753326416015625e+01
-2.579325485229492188e+01 6.581365108489990234e+00 7.123793792724609375e+01
-2.643247032165527344e+01 6.314933776855468750e+00 7.083264923095703125e+01
-2.560591316223144531e+01 6.500429153442382812e+00 7.061582946777343750e+01
-2.620924377441406250e+01 6.526409149169921875e+00 7.148316192626953125e+01
-2.633358001708984375e+01 6.435672283172607422e+00 7.035855865478515625e+01
-2.546406936645507812e+01 6.377571105957031250e+00 7.111474609375000000e+01
-2.650540733337402344e+01 6.111477375030517578e+00 7.108685302734375000e+01
-2.568992805480957031e+01 6.546589851379394531e+00 7.012519836425781250e+01
-2.583509445190429688e+01 6.312800884246826172e+00 7.159281158447265625e+01
-2.651420974731445312e+01 6.033555507659912109e+00 7.063227081298828125e+01
-2.535982513427734375e+01 6.188271522521972656e+00 7.074760437011718750e+01
-2.648914718627929688e+01 6.195547103881835938e+00 7.152104187011718750e+01
-2.620012092590332031e+01 6.531032562255859375e+00 6.976024627685546875e+01
-2.537572669982910156e+01 6.227701663970947266e+00 7.147020721435546875e+01
-2.648200988769531250e+01 5.788383007049560547e+00 7.091763305664062500e+01
-2.537075424194335938e+01 6.207509040832519531e+00 7.022150421142578125e+01
-2.608458137512207031e+01 5.958442687988281250e+00 7.159489440917968750e+01
-2.652218437194824219e+01 5.958254814147949219e+00 7.033696746826171875e+01
-2.530502700805664062e+01 5.945203304290771484e+00 7.100043487548828125e+01
-2.646567726135253906e+01 5.750499725341796875e+00 7.118739318847656250e+01
-2.566532897949218750e+01 6.532075405120849609e+00 6.917910766601562500e+01
-2.565479469299316406e+01 5.894855976104736328e+00 7.159381866455078125e+01
-2.636946868896484375e+01 5.603689193725585938e+00 7.079872894287109375e+01
-2.535823822021484375e+01 5.826636314392089844e+00 7.057913208007812500e+01
-2.634334373474121094e+01 5.798663139343261719e+00 7.159496307373046875e+01
-2.651338195800781250e+01 6.070855617523193359e+00 6.961833953857421875e+01
-2.520804977416992188e+01 5.848164081573486328e+00 7.134365844726562500e+01
-2.625193023681640625e+01 5.502560138702392578e+00 7.095245361328125000e+01
-2.532988929748535156e+01 5.952457904815673828e+00 6.977613830566406250e+01
-2.593298721313476562e+01 5.680688381195068359e+00 7.159494781494140625e+01
-2.621283531188964844e+01 5.485864639282226562e+00 7.077565765380859375e+01
-2.548037528991699219e+01 5.603404045104980469e+00 7.085247802734375000e+01
-2.624042892456054688e+01 5.498950481414794922e+00 7.110308074951171875e+01
-2.605244255065917969e+01 5.414139747619628906e+00 7.089987182617187500e+01
-2.542200469970703125e+01 5.659023761749267578e+00 7.159484100341796875e+01
-2.605497169494628906e+01 5.414746284484863281e+00 7.089963531494140625e+01
-2.552511024475097656e+01 5.557837009429931641e+00 7.049964141845703125e+01
-2.617884063720703125e+01 5.552239894866943359e+00 7.159466552734375000e+01
-2.605562782287597656e+01 5.415182113647460938e+00 7.089481353759765625e+01
-2.494936943054199219e+01 5.589458942413330078e+00 7.120217895507812500e+01
-2.605483818054199219e+01 5.414496421813964844e+00 7.090110015869140625e+01
-2.549272537231445312e+01 5.594160556793212891e+00 6.939012908935546875e+01
-2.576951789855957031e+01 5.482639789581298828e+00 7.159487152099609375e+01
-2.816223907470703125e+01 5.579636096954345703e+00 6.990000152587890625e+01
-2.577426719665527344e+01 5.428860187530517578e+00 7.081410980224609375e+01
-2.689935302734375000e+01 5.464920043945312500e+00 7.234497833251953125e+01
-2.626713943481445312e+01 5.424469470977783203e+00 6.990006256103515625e+01
-2.507402229309082031e+01 5.402016162872314453e+00 7.159489440917968750e+01
-2.887921333312988281e+01 5.327777862548828125e+00 7.125216674804687500e+01
-2.604813003540039062e+01 5.413803100585937500e+00 7.089480590820312500e+01
-2.599974441528320312e+01 5.311637401580810547e+00 7.234495544433593750e+01
-2.703254318237304688e+01 5.286673069000244141e+00 6.990531921386718750e+01
-2.605244255065917969e+01 5.414139747619628906e+00 7.089987182617187500e+01
-2.780148124694824219e+01 5.113610744476318359e+00 7.234501647949218750e+01
-2.605175018310546875e+01 5.413371562957763672e+00 7.089490509033203125e+01
-2.584023094177246094e+01 5.348916053771972656e+00 7.120806884765625000e+01
-2.883423995971679688e+01 4.855932235717773438e+00 7.025978851318359375e+01
-2.604423522949218750e+01 5.412092208862304688e+00 7.089522552490234375e+01
-2.652124404907226562e+01 5.051258563995361328e+00 7.234496307373046875e+01
-2.650844573974609375e+01 5.127362251281738281e+00 6.990012359619140625e+01
-2.584008026123046875e+01 5.348747253417968750e+00 7.098996734619140625e+01
-2.883854103088378906e+01 4.508611202239990234e+00 7.188665008544921875e+01
-2.605001258850097656e+01 5.412433624267578125e+00 7.089530181884765625e+01
-2.567905044555664062e+01 4.886441707611083984e+00 7.234497070312500000e+01
-2.854913139343261719e+01 4.288762569427490234e+00 6.927725219726562500e+01
-2.604616165161132812e+01 5.411573886871337891e+00 7.089882659912109375e+01
-2.718294525146484375e+01 4.627759456634521484e+00 7.234499359130859375e+01
-2.605276870727539062e+01 5.412234783172607422e+00 7.089569854736328125e+01
-2.562017440795898438e+01 5.128894805908203125e+00 7.130368804931640625e+01
-2.885672569274902344e+01 3.983016490936279297e+00 7.087251281738281250e+01
-2.604871368408203125e+01 5.411435604095458984e+00 7.089652252197265625e+01
-2.619348526000976562e+01 4.587090492248535156e+00 7.234495544433593750e+01
-2.680359458923339844e+01 4.662520885467529297e+00 6.990007781982421875e+01
-2.563858604431152344e+01 5.147278308868408203e+00 7.097724914550781250e+01
-2.837379455566406250e+01 3.587159395217895508e+00 7.234490966796875000e+01
-2.605149841308593750e+01 5.411668777465820312e+00 7.089649200439453125e+01
-2.532058143615722656e+01 4.213075637817382812e+00 7.234328460693359375e+01
-2.870321273803710938e+01 3.198460578918457031e+00 6.990239715576171875e+01
-2.604993247985839844e+01 5.411907672882080078e+00 7.089886474609375000e+01
-2.674595642089843750e+01 4.018869876861572266e+00 7.234497833251953125e+01
-2.605320549011230469e+01 5.411722660064697266e+00 7.089735412597656250e+01
-2.361422157287597656e+01 2.659479379653930664e+00 7.234483337402343750e+01
-2.885911941528320312e+01 2.463020086288452148e+00 7.148826599121093750e+01
-2.605106735229492188e+01 5.411563873291015625e+00 7.089795684814453125e+01
-2.587950134277343750e+01 3.725026845932006836e+00 7.234494781494140625e+01
-2.721570014953613281e+01 3.515933275222778320e+00 6.989990234375000000e+01
-2.605233573913574219e+01 5.413998603820800781e+00 7.089987182617187500e+01
-2.753308486938476562e+01 2.470088481903076172e+00 7.234483337402343750e+01
-2.605235671997070312e+01 5.411805629730224609e+00 7.089835357666015625e+01
-2.487037086486816406e+01 2.287646055221557617e+00 7.234481811523437500e+01
-2.883409500122070312e+01 2.385215163230895996e-01 7.049794006347656250e+01
-2.605188560485839844e+01 5.412755966186523438e+00 7.089949035644531250e+01
-2.639234924316406250e+01 1.949455976486206055e+00 7.234480285644531250e+01
-2.605269622802734375e+01 5.412713050842285156e+00 7.089941406250000000e+01
-2.167090225219726562e+01 -1.031993770599365234e+01 7.234494781494140625e+01
-2.878332519531250000e+01 -9.258661270141601562e+00 7.212941741943359375e+01
-2.605244255065917969e+01 -1.462286567687988281e+01 7.089987182617187500e+01
