2.649200820922851562e+01 1.458306694030761719e+01 7.090014648437500000e+01
2.491502380371093750e+01 4.907389640808105469e+00 7.234479522705078125e+01
2.657978248596191406e+01 -2.146577596664428711e+00 6.990001678466796875e+01
2.759957504272460938e+01 -5.826289653778076172e-01 7.234477233886718750e+01
2.083811950683593750e+01 7.831169605255126953e+00 6.990005493164062500e+01
2.804973411560058594e+01 -1.780907511711120605e+00 6.990924835205078125e+01
2.610363769531250000e+01 -2.815537929534912109e+00 7.234486389160156250e+01
2.554294395446777344e+01 -2.121954917907714844e+00 6.907277679443359375e+01
2.889097595214843750e+01 -1.642250061035156250e+00 7.177624511718750000e+01
2.299231147766113281e+01 -1.826771795749664307e-01 7.234477233886718750e+01
2.696003723144531250e+01 -4.108376502990722656e+00 6.989999389648437500e+01
2.694518089294433594e+01 -3.696723699569702148e+00 7.234493255615234375e+01
2.476627349853515625e+01 -3.255537986755371094e+00 6.990004730224609375e+01
2.881739997863769531e+01 -2.971372842788696289e+00 7.038891601562500000e+01
2.547627067565917969e+01 -3.752956628799438477e+00 7.234492492675781250e+01
2.622509002685546875e+01 -3.551742792129516602e+00 6.884036254882812500e+01
2.820628929138183594e+01 -3.509498119354248047e+00 7.234494781494140625e+01
2.642974662780761719e+01 -5.516197681427001953e+00 7.090271759033203125e+01
2.749700736999511719e+01 -4.400791168212890625e+00 6.990003967285156250e+01
2.642520332336425781e+01 -4.439006805419921875e+00 7.234487915039062500e+01
2.565741539001464844e+01 -4.603706836700439453e+00 6.990002441406250000e+01
2.883306312561035156e+01 -3.907045602798461914e+00 7.121513366699218750e+01
2.641093254089355469e+01 -5.504447460174560547e+00 7.095655822753906250e+01
2.671701431274414062e+01 -4.920652866363525391e+00 6.989997100830078125e+01
2.731986427307128906e+01 -4.569648742675781250e+00 7.234486389160156250e+01
2.625290870666503906e+01 -5.427484035491943359e+00 7.082386779785156250e+01
2.865665435791015625e+01 -4.284204483032226562e+00 6.990002441406250000e+01
2.588738059997558594e+01 -4.771221637725830078e+00 7.234487152099609375e+01
2.613227844238281250e+01 -5.057922840118408203e+00 6.990000915527343750e+01
2.866049003601074219e+01 -4.455824375152587891e+00 7.203984069824218750e+01
2.611437034606933594e+01 -5.403057575225830078e+00 7.099968719482421875e+01
2.713515853881835938e+01 -5.091279506683349609e+00 6.989990234375000000e+01
2.674029159545898438e+01 -5.016425609588623047e+00 7.234484100341796875e+01
2.613988304138183594e+01 -5.412976264953613281e+00 7.062744140625000000e+01
2.878618812561035156e+01 -4.811429500579833984e+00 7.071007537841796875e+01
2.614036941528320312e+01 -5.411797523498535156e+00 7.128025817871093750e+01
2.649688339233398438e+01 -5.287200450897216797e+00 6.990097808837890625e+01
2.780255126953125000e+01 -5.061379909515380859e+00 7.234482574462890625e+01
2.591122245788574219e+01 -5.431120395660400391e+00 7.084632110595703125e+01
2.780973625183105469e+01 -5.211362838745117188e+00 6.990003967285156250e+01
2.622919082641601562e+01 -5.283290386199951172e+00 7.234482574462890625e+01
2.599698829650878906e+01 -5.408434867858886719e+00 7.011351013183593750e+01
2.877535247802734375e+01 -5.207532405853271484e+00 7.152591705322265625e+01
2.513822746276855469e+01 -5.368884563446044922e+00 7.159488677978515625e+01
2.686277008056640625e+01 -5.451192855834960938e+00 6.990007781982421875e+01
2.708011245727539062e+01 -5.428052902221679688e+00 7.234481048583984375e+01
2.573094367980957031e+01 -5.510741710662841797e+00 7.053946685791015625e+01
2.874975967407226562e+01 -5.450963973999023438e+00 7.020405578613281250e+01
2.608487319946289062e+01 -5.546029090881347656e+00 7.159484863281250000e+01
2.649200820922851562e+01 -5.570440769195556641e+00 7.090014648437500000e+01
2.850783348083496094e+01 -5.595418453216552734e+00 7.233209228515625000e+01
2.512180900573730469e+01 -5.612302303314208984e+00 7.107091522216796875e+01
2.734322547912597656e+01 -5.636852264404296875e+00 6.990010070800781250e+01
2.651734542846679688e+01 -5.619722366333007812e+00 7.159491729736328125e+01
2.556008911132812500e+01 -5.691641330718994141e+00 6.995449066162109375e+01
2.867783164978027344e+01 -5.815142631530761719e+00 7.101190948486328125e+01
2.565114021301269531e+01 -5.714922904968261719e+00 7.159490966796875000e+01
2.650515937805175781e+01 -5.585029602050781250e+00 7.080588531494140625e+01
2.748675155639648438e+01 -5.876178264617919922e+00 7.234482574462890625e+01
2.552666282653808594e+01 -5.764151096343994141e+00 7.067802429199218750e+01
2.825727081298828125e+01 -6.010833740234375000e+00 6.990001678466796875e+01
2.626663017272949219e+01 -5.744896411895751953e+00 7.159487152099609375e+01
2.556130599975585938e+01 -6.155753135681152344e+00 6.885966491699218750e+01
2.860134506225585938e+01 -6.219967842102050781e+00 7.179503631591796875e+01
2.542633819580078125e+01 -5.916801452636718750e+00 7.127758789062500000e+01
2.702214431762695312e+01 -5.942700862884521484e+00 6.990330505371093750e+01
2.659811401367187500e+01 -5.720395088195800781e+00 7.131079864501953125e+01
2.547794151306152344e+01 -6.027529239654541016e+00 7.024109649658203125e+01
2.865377426147460938e+01 -6.453534603118896484e+00 7.053947448730468750e+01
2.594861984252929688e+01 -5.948423862457275391e+00 7.159475708007812500e+01
2.633317565917968750e+01 -6.500498294830322266e+00 6.886222076416015625e+01
2.803859138488769531e+01 -6.591000556945800781e+00 7.234494781494140625e+01
2.548268127441406250e+01 -6.085535526275634766e+00 7.089029693603515625e+01
2.760502624511718750e+01 -6.377477169036865234e+00 6.990032958984375000e+01
2.642420196533203125e+01 -5.968041896820068359e+00 7.159486389160156250e+01
2.565092468261718750e+01 -6.412047386169433594e+00 6.978064727783203125e+01
2.858708953857421875e+01 -6.921383857727050781e+00 7.129185485839843750e+01
2.556024169921875000e+01 -6.303771018981933594e+00 7.148017120361328125e+01
2.666405677795410156e+01 -6.020804405212402344e+00 7.028417205810546875e+01
2.662947082519531250e+01 -5.796032428741455078e+00 7.117125701904296875e+01
2.557863616943359375e+01 -6.333893775939941406e+00 7.055644989013671875e+01
2.650679206848144531e+01 -5.583583354949951172e+00 7.089421081542968750e+01
2.615856742858886719e+01 -6.241284370422363281e+00 7.159494781494140625e+01
2.617156219482421875e+01 -6.586367607116699219e+00 6.984248352050781250e+01
2.650501060485839844e+01 -5.585131168365478516e+00 7.090785217285156250e+01
2.566661643981933594e+01 -6.438309669494628906e+00 7.107318115234375000e+01
2.665561485290527344e+01 -5.876739025115966797e+00 7.067218780517578125e+01
2.657048988342285156e+01 -6.336970806121826172e+00 7.155593109130859375e+01
2.588216018676757812e+01 -6.565590858459472656e+00 7.037590789794921875e+01
2.656596374511718750e+01 -5.668408870697021484e+00 7.089781188964843750e+01
2.597931480407714844e+01 -6.589860916137695312e+00 7.140048217773437500e+01
2.652170562744140625e+01 -6.387069702148437500e+00 7.037004089355468750e+01
2.667083740234375000e+01 -6.043433189392089844e+00 7.111874389648437500e+01
2.594696426391601562e+01 -6.584563732147216797e+00 7.082138824462890625e+01
2.667264175415039062e+01 -6.019108295440673828e+00 7.077706146240234375e+01
2.640062332153320312e+01 -6.501932144165039062e+00 7.128861999511718750e+01
2.631777763366699219e+01 -6.547335147857666016e+00 7.058909606933593750e+01
2.665448379516601562e+01 -6.153886318206787109e+00 7.095373535156250000e+01
2.631058883666992188e+01 -6.545189380645751953e+00 7.098182678222656250e+01
2.649200820922851562e+01 -6.423616886138916016e+00 7.090014648437500000e+01
