-2.532694435119628906e+01 1.470258235931396484e+01 7.090007019042968750e+01
-2.532710075378417969e+01 5.968243122100830078e+00 7.090021514892578125e+01
-2.532658386230468750e+01 5.981232166290283203e+00 7.089597320556640625e+01
-2.421926879882812500e+01 1.095549392700195312e+01 7.234483337402343750e+01
-2.532731628417968750e+01 5.968079566955566406e+00 7.090000152587890625e+01
-2.532476806640625000e+01 5.972492694854736328e+00 7.089868927001953125e+01
-2.534913063049316406e+01 6.124578475952148438e+00 7.098260498046875000e+01
-2.532718467712402344e+01 5.968072414398193359e+00 7.089960479736328125e+01
-2.137080383300781250e+01 1.244518280029296875e+01 7.234484863281250000e+01
-2.570871734619140625e+01 6.554934501647949219e+00 7.105766296386718750e+01
-2.532511138916015625e+01 5.972925186157226562e+00 7.089614868164062500e+01
-2.487376976013183594e+01 7.840918540954589844e+00 7.234486389160156250e+01
-2.532743644714355469e+01 5.967857360839843750e+00 7.089978790283203125e+01
-2.532605171203613281e+01 5.968195915222167969e+00 7.089987182617187500e+01
-2.563719367980957031e+01 6.522333621978759766e+00 7.134136962890625000e+01
-2.532705307006835938e+01 5.968024730682373047e+00 7.089922332763671875e+01
-2.361256790161132812e+01 8.028253555297851562e+00 7.234494781494140625e+01
-2.603791618347167969e+01 6.586604595184326172e+00 7.092947387695312500e+01
-2.532460784912109375e+01 5.969917297363281250e+00 7.089774322509765625e+01
-2.532703018188476562e+01 5.968641757965087891e+00 7.090191650390625000e+01
-2.532743835449218750e+01 5.967769622802734375e+00 7.089947509765625000e+01
-1.460922241210937500e+01 1.358248519897460938e+01 7.234212493896484375e+01
-2.607438087463378906e+01 6.575588226318359375e+00 7.142012023925781250e+01
-2.532595634460449219e+01 5.970053672790527344e+00 7.089567565917968750e+01
-2.449899101257324219e+01 6.968107700347900391e+00 7.234495544433593750e+01
-2.532745361328125000e+01 5.967501640319824219e+00 7.089990997314453125e+01
-2.532521247863769531e+01 5.968227386474609375e+00 7.089926910400390625e+01
-2.561776733398437500e+01 6.351618289947509766e+00 7.159497833251953125e+01
-2.532735252380371094e+01 5.967778682708740234e+00 7.089893341064453125e+01
-2.257757949829101562e+01 7.380393028259277344e+00 7.234506225585937500e+01
-2.635158348083496094e+01 6.421356201171875000e+00 7.117015838623046875e+01
-2.532485389709472656e+01 5.968755722045898438e+00 7.089682006835937500e+01
-2.507862663269042969e+01 6.521286964416503906e+00 7.234495544433593750e+01
-2.532743453979492188e+01 5.967417240142822266e+00 7.089968872070312500e+01
-1.831686592102050781e+01 8.286428451538085938e+00 7.031929779052734375e+01
-2.596640586853027344e+01 6.255692958831787109e+00 7.159130859375000000e+01
-2.532692146301269531e+01 5.968486309051513672e+00 7.089552307128906250e+01
-2.401616287231445312e+01 6.476350784301757812e+00 7.234501647949218750e+01
-2.647071075439453125e+01 6.241567611694335938e+00 7.079406738281250000e+01
-2.532475280761718750e+01 5.967794895172119141e+00 7.089840698242187500e+01
-2.545335197448730469e+01 6.105308532714843750e+00 7.159491729736328125e+01
-2.532744216918945312e+01 5.967360973358154297e+00 7.089927673339843750e+01
-2.005442428588867188e+01 6.805196762084960938e+00 7.234504699707031250e+01
-2.650691032409667969e+01 6.142876148223876953e+00 7.150560760498046875e+01
-2.532546615600585938e+01 5.967673778533935547e+00 7.089608001708984375e+01
-2.473873519897460938e+01 6.109611511230468750e+00 7.234499359130859375e+01
-2.532719039916992188e+01 5.967216968536376953e+00 7.089995574951171875e+01
-2.532567596435546875e+01 5.967265129089355469e+00 7.089968109130859375e+01
-2.573413658142089844e+01 5.991612911224365234e+00 7.159487152099609375e+01
-2.532744216918945312e+01 5.967221736907958984e+00 7.089775085449218750e+01
-2.329279708862304688e+01 5.941993236541748047e+00 7.234503173828125000e+01
-2.651596260070800781e+01 5.930871486663818359e+00 7.104825592041015625e+01
-2.447575950622558594e+01 5.900789260864257812e+00 6.990006256103515625e+01
-2.530160331726074219e+01 5.917908191680908203e+00 7.159496307373046875e+01
-2.532711219787597656e+01 5.967175960540771484e+00 7.089990234375000000e+01
-2.532694435119628906e+01 5.967197895050048828e+00 7.090007019042968750e+01
-2.616788291931152344e+01 5.822703361511230469e+00 7.159489440917968750e+01
-2.518742370605468750e+01 5.812426090240478516e+00 6.990005493164062500e+01
-2.433202362060546875e+01 5.661406040191650391e+00 7.234500122070312500e+01
-2.646070861816406250e+01 5.739691734313964844e+00 7.063919067382812500e+01
-2.356208992004394531e+01 5.526906490325927734e+00 6.990017700195312500e+01
-2.555233764648437500e+01 5.792730331420898438e+00 7.159484863281250000e+01
-2.629393386840820312e+01 5.359065055847167969e+00 6.878002929687500000e+01
-2.192111587524414062e+01 4.918443202972412109e+00 7.234499359130859375e+01
-2.638508033752441406e+01 5.623285770416259766e+00 7.127484130859375000e+01
-2.479508399963378906e+01 5.593726634979248047e+00 6.989998626708984375e+01
-2.514741706848144531e+01 5.713479518890380859e+00 7.159487915039062500e+01
-2.686588668823242188e+01 5.273522853851318359e+00 6.989989471435546875e+01
-1.933344650268554688e+01 3.518818616867065430e+00 6.990010833740234375e+01
-2.587051773071289062e+01 5.589086055755615234e+00 7.159491729736328125e+01
-2.540488433837890625e+01 5.510810375213623047e+00 6.990003967285156250e+01
-2.378020477294921875e+01 4.946534633636474609e+00 7.234501647949218750e+01
-2.624526023864746094e+01 5.498548984527587891e+00 7.089111328125000000e+01
-2.421553802490234375e+01 5.161330223083496094e+00 6.990169525146484375e+01
-2.539475250244140625e+01 5.569586753845214844e+00 7.159480285644531250e+01
-2.607833480834960938e+01 5.215339183807373047e+00 6.989995574951171875e+01
-1.759890365600585938e+01 9.840300679206848145e-01 7.234494781494140625e+01
-2.603177833557128906e+01 5.412470817565917969e+00 7.133882904052734375e+01
-2.504761695861816406e+01 5.236013412475585938e+00 6.990000915527343750e+01
-2.497464179992675781e+01 5.389032363891601562e+00 7.159489440917968750e+01
-2.599454498291015625e+01 5.409174919128417969e+00 7.064885711669921875e+01
-2.283588027954101562e+01 3.752790689468383789e+00 6.990012359619140625e+01
-2.566040992736816406e+01 5.296302795410156250e+00 7.159492492675781250e+01
-2.592889213562011719e+01 4.058812141418457031e+00 6.891329193115234375e+01
-2.526846885681152344e+01 5.901133537292480469e+00 7.093472290039062500e+01
-2.587854385375976562e+01 5.387209892272949219e+00 7.101570892333984375e+01
-2.460921478271484375e+01 4.623499870300292969e+00 6.990005493164062500e+01
-2.524378585815429688e+01 5.154988765716552734e+00 7.159493255615234375e+01
-2.562015914916992188e+01 5.488729476928710938e+00 7.064801788330078125e+01
-9.791242599487304688e+00 -1.461299610137939453e+01 7.040940093994140625e+01
-2.570559692382812500e+01 5.214300155639648438e+00 7.126959991455078125e+01
-2.527091789245605469e+01 4.426610469818115234e+00 6.990001678466796875e+01
-2.475847625732421875e+01 4.463644027709960938e+00 7.159495544433593750e+01
-2.556280517578125000e+01 5.528347492218017578e+00 7.086598968505859375e+01
-2.385924339294433594e+01 2.321649074554443359e+00 6.989999389648437500e+01
-2.542803573608398438e+01 4.936765193939208984e+00 7.132981109619140625e+01
-2.588714981079101562e+01 2.826193094253540039e+00 6.989994049072265625e+01
-2.489022064208984375e+01 4.398923397064208984e+00 7.104410552978515625e+01
-2.550450134277343750e+01 5.013202667236328125e+00 7.098001098632812500e+01
-2.532694435119628906e+01 5.817861080169677734e+00 7.090007019042968750e+01
