4.093059062957763672e+00 -4.597012400627136230e-01 7.089998626708984375e+01
4.032857418060302734e+00 -4.597011506557464600e-01 7.095513916015625000e+01
4.180820465087890625e+00 2.563693284988403320e+00 6.989999389648437500e+01
4.181877613067626953e+00 -4.597099125385284424e-01 7.101583099365234375e+01
4.046960830688476562e+00 -7.504259943962097168e-01 7.089183044433593750e+01
5.665121078491210938e+00 2.964714527130126953e+00 6.989997100830078125e+01
4.036671161651611328e+00 -4.597080349922180176e-01 7.110974884033203125e+01
3.573726415634155273e+00 1.027333855628967285e+00 6.990003967285156250e+01
4.337327957153320312e+00 -4.597151577472686768e-01 7.098918914794921875e+01
3.833233833312988281e+00 -4.596942365169525146e-01 7.100724029541015625e+01
4.643664836883544922e+00 8.603310585021972656e-01 6.972337341308593750e+01
4.189796447753906250e+00 -4.597185850143432617e-01 7.120839691162109375e+01
2.367583036422729492e+00 1.454862833023071289e+00 6.990003967285156250e+01
8.641692161560058594e+00 4.224270343780517578e+00 6.989997863769531250e+01
3.869516134262084961e+00 -4.597026705741882324e-01 7.121795654296875000e+01
3.926459074020385742e+00 4.003037512302398682e-01 6.961434173583984375e+01
4.423163414001464844e+00 -4.628361761569976807e-01 7.117819976806640625e+01
3.633925914764404297e+00 -4.596922397613525391e-01 7.091897583007812500e+01
5.175697326660156250e+00 4.003144204616546631e-01 6.982261657714843750e+01
4.069442749023437500e+00 -4.597196877002716064e-01 7.141071319580078125e+01
3.005290985107421875e+00 4.003012776374816895e-01 6.959647369384765625e+01
4.655991554260253906e+00 -4.597120881080627441e-01 7.097573089599609375e+01
3.601647377014160156e+00 -4.597000479698181152e-01 7.124189758300781250e+01
4.475522994995117188e+00 2.448115646839141846e-01 6.919989776611328125e+01
4.422078609466552734e+00 -4.619429409503936768e-01 7.147416687011718750e+01
4.093059062957763672e+00 -8.596937656402587891e-01 7.089998626708984375e+01
6.244530677795410156e+00 4.187140762805938721e-01 6.990595245361328125e+01
3.802236557006835938e+00 -4.752732813358306885e-01 7.159489440917968750e+01
3.481510639190673828e+00 1.159809902310371399e-02 6.919972229003906250e+01
4.871222496032714844e+00 -4.597117006778717041e-01 7.130896759033203125e+01
3.190630912780761719e+00 -4.597037732601165771e-01 7.113786315917968750e+01
5.186213016510009766e+00 -4.526951909065246582e-02 6.919988250732421875e+01
4.212496757507324219e+00 -5.931829810142517090e-01 7.159496307373046875e+01
1.897817850112915039e+00 1.219811961054801941e-01 6.919986724853515625e+01
1.616149330139160156e+01 3.133054018020629883e+00 6.990013885498046875e+01
3.450384616851806641e+00 -5.697494745254516602e-01 7.159469604492187500e+01
4.099942207336425781e+00 -4.597215652465820312e-01 6.948903656005859375e+01
4.723403930664062500e+00 -6.148457527160644531e-01 7.159484863281250000e+01
-6.697924137115478516e+00 1.728873014450073242e+00 6.989987945556640625e+01
5.560858249664306641e+00 -4.597215056419372559e-01 6.978598022460937500e+01
3.966642618179321289e+00 -7.215732336044311523e-01 7.159488677978515625e+01
3.023836851119995117e+00 -5.097684860229492188e-01 6.920088195800781250e+01
6.609577655792236328e+00 -4.597256481647491455e-01 7.158966064453125000e+01
2.738762140274047852e+00 -6.580605506896972656e-01 7.159498596191406250e+01
4.723346710205078125e+00 -6.569753885269165039e-01 6.919989013671875000e+01
4.375967979431152344e+00 -7.911977171897888184e-01 7.159494781494140625e+01
5.056182742118835449e-01 -5.782880783081054688e-01 6.919982910156250000e+01
9.607183456420898438e+00 -5.678945779800415039e-01 6.919992065429687500e+01
3.685885906219482422e+00 -8.352798223495483398e-01 7.159475708007812500e+01
3.728315591812133789e+00 -8.421447277069091797e-01 6.920143890380859375e+01
6.127113819122314453e+00 -8.848972320556640625e-01 7.234488677978515625e+01
-7.500904083251953125e+00 -1.213906645774841309e+00 7.234491729736328125e+01
4.944211006164550781e+00 -9.260998368263244629e-01 6.990001678466796875e+01
4.145750045776367188e+00 -9.621810317039489746e-01 7.234486389160156250e+01
3.107664108276367188e+00 -9.878488779067993164e-01 6.990006256103515625e+01
1.767484474182128906e+01 -2.380167245864868164e+00 7.159442901611328125e+01
2.344365358352661133e+00 -1.160163521766662598e+00 7.234484100341796875e+01
4.232388973236083984e+00 -1.014253973960876465e+00 6.990133666992187500e+01
5.087948799133300781e+00 -1.165476202964782715e+00 7.234487152099609375e+01
-2.528355419635772705e-01 -1.731760263442993164e+00 6.990000915527343750e+01
5.858056545257568359e+00 -1.300020813941955566e+00 6.990000915527343750e+01
3.624327182769775391e+00 -1.222520589828491211e+00 7.234485626220703125e+01
3.636969327926635742e+00 -1.146525382995605469e+00 6.990004730224609375e+01
7.498881816864013672e+00 -1.908446907997131348e+00 7.234490966796875000e+01
1.368616241961717606e-02 -2.185558319091796875e+00 7.234481811523437500e+01
4.624852180480957031e+00 -1.233117938041687012e+00 6.990002441406250000e+01
4.466397285461425781e+00 -1.387314677238464355e+00 7.234487152099609375e+01
2.559626817703247070e+00 -1.550885081291198730e+00 6.990339660644531250e+01
1.008680915832519531e+01 -3.308176040649414062e+00 6.989998626708984375e+01
2.962750673294067383e+00 -1.645938992500305176e+00 7.234485626220703125e+01
4.015125274658203125e+00 -1.316043019294738770e+00 6.990003967285156250e+01
5.639752388000488281e+00 -1.880326628684997559e+00 7.234488677978515625e+01
-2.287420082092285156e+01 -1.462202167510986328e+01 7.063687133789062500e+01
5.206240653991699219e+00 -1.666849255561828613e+00 6.990001678466796875e+01
3.952035427093505859e+00 -1.686629056930541992e+00 7.234487152099609375e+01
3.341807603836059570e+00 -1.611412525177001953e+00 6.990005493164062500e+01
1.182184982299804688e+01 -5.843345642089843750e+00 7.234500122070312500e+01
1.771981477737426758e+00 -2.686458826065063477e+00 7.234484863281250000e+01
4.372356891632080078e+00 -1.590800404548645020e+00 6.990003204345703125e+01
4.825673580169677734e+00 -2.061993360519409180e+00 7.234488677978515625e+01
1.435755252838134766e+00 -3.080834150314331055e+00 6.990005493164062500e+01
6.584114074707031250e+00 -3.074092388153076172e+00 6.990004730224609375e+01
3.399649858474731445e+00 -2.254751920700073242e+00 7.234487152099609375e+01
3.790100097656250000e+00 -1.820179224014282227e+00 6.990004730224609375e+01
6.531242847442626953e+00 -3.614311695098876953e+00 7.234492492675781250e+01
-2.799102544784545898e+00 -8.106555938720703125e+00 7.234486389160156250e+01
4.810743331909179688e+00 -2.203308343887329102e+00 6.990003204345703125e+01
4.265980243682861328e+00 -2.548602104187011719e+00 7.234488677978515625e+01
2.929854393005371094e+00 -2.757814168930053711e+00 6.990006256103515625e+01
1.441124343872070312e+01 -1.452822589874267578e+01 7.057410430908203125e+01
2.612491607666015625e+00 -3.803595066070556641e+00 7.234487152099609375e+01
4.149078845977783203e+00 -2.400115013122558594e+00 6.990003967285156250e+01
5.275116920471191406e+00 -3.986149072647094727e+00 7.234491729736328125e+01
-2.828043460845947266e+00 -1.373728275299072266e+01 6.989991760253906250e+01
5.560557365417480469e+00 -4.504738807678222656e+00 6.990004730224609375e+01
3.753157854080200195e+00 -4.324322223663330078e+00 7.234489440917968750e+01
3.532970428466796875e+00 -4.000043869018554688e+00 6.990007019042968750e+01
7.882381439208984375e+00 -1.446712207794189453e+01 7.214974212646484375e+01
1.552332639694213867e+00 -1.451080417633056641e+01 7.204392242431640625e+01
4.093059062957763672e+00 -1.456075000762939453e+01 7.089998626708984375e+01
