2.664241790771484375e+01 1.457972431182861328e+01 7.089492797851562500e+01
2.664041519165039062e+01 -5.798267364501953125e+00 7.089675903320312500e+01
2.672973251342773438e+01 -2.405579090118408203e+00 6.990001678466796875e+01
2.664331436157226562e+01 -5.807534694671630859e+00 7.089609527587890625e+01
2.660495376586914062e+01 -5.722764015197753906e+00 7.088829803466796875e+01
2.820402145385742188e+01 -2.012600660324096680e+00 6.990156555175781250e+01
2.664118576049804688e+01 -5.802832603454589844e+00 7.089950561523437500e+01
2.568325805664062500e+01 -2.326403856277465820e+00 6.904812622070312500e+01
2.884915733337402344e+01 -2.198140859603881836e+00 7.170082855224609375e+01
2.648888206481933594e+01 -5.575200557708740234e+00 7.095830535888671875e+01
2.710798072814941406e+01 -4.357210159301757812e+00 6.990004730224609375e+01
2.664349365234375000e+01 -5.807124137878417969e+00 7.089835357666015625e+01
2.643194198608398438e+01 -5.529234409332275391e+00 7.077294921875000000e+01
2.874932289123535156e+01 -3.456699848175048828e+00 7.043173217773437500e+01
2.653265953063964844e+01 -5.615174293518066406e+00 7.105104827880859375e+01
2.637201499938964844e+01 -3.766513109207153320e+00 6.880825042724609375e+01
2.664417266845703125e+01 -5.809459209442138672e+00 7.089640808105468750e+01
2.618380546569824219e+01 -5.412021160125732422e+00 7.091389465332031250e+01
2.763850975036621094e+01 -4.652285575866699219e+00 6.990368652343750000e+01
2.664218711853027344e+01 -5.807659626007080078e+00 7.089991760253906250e+01
2.634371757507324219e+01 -5.465574264526367188e+00 7.053698730468750000e+01
2.885575866699218750e+01 -4.238917827606201172e+00 7.119272613525390625e+01
2.614301490783691406e+01 -5.405069828033447266e+00 7.124240112304687500e+01
2.686627006530761719e+01 -5.165112972259521484e+00 6.989988708496093750e+01
2.664429664611816406e+01 -5.809297084808349609e+00 7.089820861816406250e+01
2.597459411621093750e+01 -5.412277698516845703e+00 7.068187713623046875e+01
2.872287559509277344e+01 -4.575356960296630859e+00 6.993370056152343750e+01
2.642228698730468750e+01 -5.520591735839843750e+00 7.142092132568359375e+01
2.646207427978515625e+01 -5.554627418518066406e+00 7.039352416992187500e+01
2.664422607421875000e+01 -5.810638904571533203e+00 7.089588165283203125e+01
2.428634071350097656e+01 -4.767266750335693359e+00 7.151598358154296875e+01
2.728214454650878906e+01 -5.334958076477050781e+00 6.990000915527343750e+01
2.664324569702148438e+01 -5.809720516204833984e+00 7.089974212646484375e+01
2.583821678161621094e+01 -5.451942920684814453e+00 7.027210998535156250e+01
2.870429992675781250e+01 -5.129410743713378906e+00 7.072410583496093750e+01
2.599490165710449219e+01 -5.519439697265625000e+00 7.159487152099609375e+01
2.664727020263671875e+01 -5.529564380645751953e+00 6.990012359619140625e+01
2.795767974853515625e+01 -5.300674438476562500e+00 7.234481048583984375e+01
2.565036392211914062e+01 -5.573592185974121094e+00 7.080298614501953125e+01
2.795323371887207031e+01 -5.454373359680175781e+00 6.990006256103515625e+01
2.651507949829101562e+01 -5.672440052032470703e+00 7.159489440917968750e+01
2.572598075866699219e+01 -5.511645317077636719e+00 6.943862152099609375e+01
2.872271728515625000e+01 -5.480931758880615234e+00 7.146504974365234375e+01
2.527845191955566406e+01 -5.608495712280273438e+00 7.159489440917968750e+01
2.701123046875000000e+01 -5.692947864532470703e+00 6.990012359619140625e+01
2.723264694213867188e+01 -5.668665885925292969e+00 7.234481048583984375e+01
2.554381752014160156e+01 -5.725391864776611328e+00 7.037428283691406250e+01
2.870302009582519531e+01 -5.702524185180664062e+00 7.025962066650390625e+01
2.623245811462402344e+01 -5.786987304687500000e+00 7.159445190429687500e+01
2.664241790771484375e+01 -5.811568260192871094e+00 7.089492797851562500e+01
2.851739501953125000e+01 -5.834800720214843750e+00 7.222682189941406250e+01
2.536026191711425781e+01 -5.850739955902099609e+00 7.105471801757812500e+01
2.748924827575683594e+01 -5.877637386322021484e+00 6.990003967285156250e+01
2.669529342651367188e+01 -5.914412975311279297e+00 7.234484100341796875e+01
2.547659301757812500e+01 -5.963189125061035156e+00 6.971191406250000000e+01
2.871343612670898438e+01 -6.043417453765869141e+00 7.100082397460937500e+01
2.579677963256835938e+01 -5.956870555877685547e+00 7.159363555908203125e+01
2.678121757507324219e+01 -5.965541362762451172e+00 6.990007019042968750e+01
2.764078712463378906e+01 -6.118420124053955078e+00 7.234487152099609375e+01
2.547852134704589844e+01 -6.045121192932128906e+00 7.062712097167968750e+01
2.839847946166992188e+01 -6.249665737152099609e+00 6.990001678466796875e+01
2.641535186767578125e+01 -5.987330436706542969e+00 7.159485626220703125e+01
2.570914459228515625e+01 -6.398497581481933594e+00 6.884880828857421875e+01
2.863152313232421875e+01 -6.424072742462158203e+00 7.173880767822265625e+01
2.550410652160644531e+01 -6.181538105010986328e+00 7.129809570312500000e+01
2.717145156860351562e+01 -6.183054924011230469e+00 6.990015411376953125e+01
2.701706314086914062e+01 -6.341036319732666016e+00 7.234487152099609375e+01
2.555813598632812500e+01 -6.300305843353271484e+00 7.019024658203125000e+01
2.865722274780273438e+01 -6.634627819061279297e+00 7.055877685546875000e+01
2.609658241271972656e+01 -6.191252708435058594e+00 7.159266662597656250e+01
2.655015182495117188e+01 -6.351842403411865234e+00 6.971109008789062500e+01
2.819460296630859375e+01 -6.835825443267822266e+00 7.234496307373046875e+01
2.558864593505859375e+01 -6.349344730377197266e+00 7.088464355468750000e+01
2.848144912719726562e+01 -7.145029067993164062e+00 6.924293518066406250e+01
2.657410430908203125e+01 -6.212147712707519531e+00 7.159484863281250000e+01
2.589241218566894531e+01 -6.562040328979492188e+00 6.989665985107421875e+01
2.862723541259765625e+01 -7.091411590576171875e+00 7.126602172851562500e+01
2.575844764709472656e+01 -6.507281780242919922e+00 7.144519805908203125e+01
2.692028045654296875e+01 -6.538916587829589844e+00 6.990011596679687500e+01
2.737761116027832031e+01 -7.018098354339599609e+00 7.234490966796875000e+01
2.578914070129394531e+01 -6.524790763854980469e+00 7.057384490966796875e+01
2.861705780029296875e+01 -7.566904544830322266e+00 7.010228729248046875e+01
2.630686950683593750e+01 -6.486652851104736328e+00 7.159412384033203125e+01
2.643112945556640625e+01 -6.481427192687988281e+00 7.019754791259765625e+01
2.848898506164550781e+01 -7.897788047790527344e+00 7.198925781250000000e+01
2.591460800170898438e+01 -6.576834678649902344e+00 7.104750823974609375e+01
2.735651969909667969e+01 -7.148474216461181641e+00 6.989997100830078125e+01
2.666608619689941406e+01 -6.042733192443847656e+00 7.109269714355468750e+01
2.616508102416992188e+01 -6.590486526489257812e+00 7.048459625244140625e+01
2.865962982177734375e+01 -8.483777046203613281e+00 7.083121490478515625e+01
2.626197433471679688e+01 -6.568028926849365234e+00 7.126620483398437500e+01
2.665480232238769531e+01 -6.152129650115966797e+00 7.067385864257812500e+01
2.782858848571777344e+01 -8.948900222778320312e+00 7.234487915039062500e+01
2.623138618469238281e+01 -6.576345443725585938e+00 7.083553314208984375e+01
2.810252380371093750e+01 -9.438253402709960938e+00 6.990002441406250000e+01
2.659649658203125000e+01 -6.279645919799804688e+00 7.109014129638671875e+01
2.654516983032226562e+01 -6.356825828552246094e+00 7.072131347656250000e+01
2.665370559692382812e+01 -5.852099418640136719e+00 7.089865112304687500e+01
2.653669357299804688e+01 -6.379614353179931641e+00 7.094252777099609375e+01
2.664241790771484375e+01 -6.188844203948974609e+00 7.089492797851562500e+01
