-1.420164299011230469e+01 5.811799764633178711e-01 7.090000152587890625e+01
-1.426184844970703125e+01 8.603078126907348633e-01 7.095515441894531250e+01
-1.411393356323242188e+01 3.881665468215942383e+00 6.990059661865234375e+01
-1.411281490325927734e+01 8.603194355964660645e-01 7.101586151123046875e+01
-1.425714969635009766e+01 5.918617248535156250e-01 7.089018249511718750e+01
-1.262954998016357422e+01 4.284775733947753906e+00 6.989996337890625000e+01
-1.425803565979003906e+01 8.603101372718811035e-01 7.110977935791015625e+01
-1.472099971771240234e+01 2.347407102584838867e+00 6.990000915527343750e+01
-1.395733737945556641e+01 8.603304028511047363e-01 7.098921966552734375e+01
-1.446147155761718750e+01 8.602963089942932129e-01 7.100725555419921875e+01
-1.373370647430419922e+01 1.922067999839782715e+00 6.990004730224609375e+01
-1.410489273071289062e+01 8.603225350379943848e-01 7.120845794677734375e+01
-1.599464225769042969e+01 2.865423440933227539e+00 6.986092376708984375e+01
-9.653056144714355469e+00 5.544203758239746094e+00 6.990000915527343750e+01
-1.442519569396972656e+01 8.602994084358215332e-01 7.121797943115234375e+01
-1.433123493194580078e+01 1.440398812294006348e+00 6.989994812011718750e+01
-1.386888694763183594e+01 8.603371381759643555e-01 7.118045043945312500e+01
-1.466079235076904297e+01 8.603072166442871094e-01 7.091899108886718750e+01
-1.319681930541992188e+01 1.629736781120300293e+00 6.990007019042968750e+01
-1.422526264190673828e+01 8.603159189224243164e-01 7.141079711914062500e+01
-1.503619480133056641e+01 1.426978230476379395e+00 6.989993286132812500e+01
-1.363861560821533203e+01 8.603403568267822266e-01 7.097575378417968750e+01
-1.469307994842529297e+01 8.603056073188781738e-01 7.124192810058593750e+01
-1.397663974761962891e+01 1.110070586204528809e+00 6.989984130859375000e+01
-1.387072467803955078e+01 8.603381514549255371e-01 7.147750091552734375e+01
-1.733656120300292969e+01 2.334654092788696289e+00 6.989987945556640625e+01
-1.203704071044921875e+01 1.746501445770263672e+00 6.989990234375000000e+01
-1.449250030517578125e+01 8.447574377059936523e-01 7.159498596191406250e+01
-1.456136035919189453e+01 9.727916121482849121e-01 6.989989471435546875e+01
-1.342335319519042969e+01 8.603382110595703125e-01 7.130905151367187500e+01
-1.510417270660400391e+01 8.603262901306152344e-01 7.113790893554687500e+01
-1.355868148803710938e+01 9.393119812011718750e-01 6.990004730224609375e+01
-1.408220958709716797e+01 7.267917394638061523e-01 7.159494781494140625e+01
-1.548261737823486328e+01 1.033121585845947266e+00 6.990794372558593750e+01
-2.129946231842041016e+00 4.454118251800537109e+00 6.989988708496093750e+01
-1.484438610076904297e+01 7.502667307853698730e-01 7.159478759765625000e+01
-1.419475936889648438e+01 8.603013753890991211e-01 6.948891448974609375e+01
-1.357125663757324219e+01 7.051553130149841309e-01 7.159490966796875000e+01
-2.499162864685058594e+01 3.048618793487548828e+00 6.989998626708984375e+01
-1.273366165161132812e+01 8.603132367134094238e-01 6.978585815429687500e+01
-1.432805061340332031e+01 5.984025001525878906e-01 7.159484863281250000e+01
-1.527143192291259766e+01 8.104019761085510254e-01 6.919999694824218750e+01
-1.168469810485839844e+01 8.603271842002868652e-01 7.158979034423828125e+01
-1.555559825897216797e+01 6.618736982345581055e-01 7.159482574462890625e+01
-1.357131767272949219e+01 6.630216836929321289e-01 6.919980621337890625e+01
-1.391877651214599609e+01 5.287771224975585938e-01 7.159485626220703125e+01
-1.778875350952148438e+01 7.416710257530212402e-01 6.920000457763671875e+01
-8.687293052673339844e+00 7.521023750305175781e-01 6.919986724853515625e+01
-1.460888195037841797e+01 4.847092628479003906e-01 7.159488677978515625e+01
-1.456671428680419922e+01 4.778561592102050781e-01 6.919992828369140625e+01
-1.382372283935546875e+01 4.556086063385009766e-01 7.116845703125000000e+01
-1.977714729309082031e+01 2.899513542652130127e-01 7.159486389160156250e+01
-1.335072422027587891e+01 3.939034342765808105e-01 6.990030670166015625e+01
-1.420164299011230469e+01 4.602913260459899902e-01 7.090000152587890625e+01
-1.518713378906250000e+01 3.321237564086914062e-01 6.989997863769531250e+01
-1.420164299011230469e+01 4.602913260459899902e-01 7.090000152587890625e+01
-1.504266452789306641e+01 3.157825767993927002e-01 7.159489440917968750e+01
-1.406212806701660156e+01 3.055258989334106445e-01 6.990002441406250000e+01
-1.372320652008056641e+01 3.132425546646118164e-01 7.159484100341796875e+01
-1.854744338989257812e+01 -4.117564558982849121e-01 6.990003967285156250e+01
-1.243675804138183594e+01 1.999238505959510803e-02 6.990008544921875000e+01
-1.442707157135009766e+01 2.857962548732757568e-01 7.159488677978515625e+01
-1.465776157379150391e+01 1.734413355588912964e-01 6.990000152587890625e+01
-1.256351375579833984e+01 -4.413679242134094238e-02 7.159497833251953125e+01
-1.616361999511718750e+01 -1.773839890956878662e-01 7.159489440917968750e+01
-1.366984939575195312e+01 8.686683326959609985e-02 6.990003967285156250e+01
-1.402211189270019531e+01 2.065691947937011719e-01 7.159481811523437500e+01
-1.574038314819335938e+01 -2.332923114299774170e-01 6.989996337890625000e+01
-8.207995414733886719e+00 -1.988149046897888184e+00 6.990001678466796875e+01
-1.474526977539062500e+01 8.214304596185684204e-02 7.159491729736328125e+01
-1.427958011627197266e+01 3.923429641872644424e-03 6.990001678466796875e+01
-1.345781898498535156e+01 -3.054346702992916107e-02 7.159487152099609375e+01
-1.431914234161376953e+01 4.003274440765380859e-01 7.089885711669921875e+01
-1.308849906921386719e+01 -3.468370139598846436e-01 6.990007019042968750e+01
-1.426946163177490234e+01 6.261723488569259644e-02 7.159484863281250000e+01
-1.495295333862304688e+01 -2.914863228797912598e-01 6.989999389648437500e+01
-1.286795043945312500e+01 -3.996954858303070068e-01 7.114935302734375000e+01
-1.529434871673583984e+01 -3.997042179107666016e-01 7.158020782470703125e+01
-1.392234134674072266e+01 -2.708243131637573242e-01 6.990003204345703125e+01
-1.384935665130615234e+01 -1.178484633564949036e-01 7.159479522705078125e+01
-1.685912132263183594e+01 -1.760994195938110352e+00 6.990000152587890625e+01
-1.171067619323730469e+01 -1.754028916358947754e+00 6.990010070800781250e+01
-1.453513717651367188e+01 -2.106597125530242920e-01 7.159491729736328125e+01
-1.450461578369140625e+01 -5.002375245094299316e-01 6.990001678466796875e+01
-1.344041252136230469e+01 -3.997333943843841553e-01 7.135112762451171875e+01
-1.501957130432128906e+01 -3.997306823730468750e-01 7.107147216796875000e+01
-1.348396778106689453e+01 -8.833054900169372559e-01 6.990006256103515625e+01
-1.411849021911621094e+01 -3.518570959568023682e-01 7.159481048583984375e+01
-1.536494064331054688e+01 -1.437980771064758301e+00 6.990000152587890625e+01
-1.415638828277587891e+01 4.003427326679229736e-01 7.089857482910156250e+01
-1.463416671752929688e+01 -3.997223079204559326e-01 7.132210540771484375e+01
-1.414562225341796875e+01 -1.080153703689575195e+00 6.990003967285156250e+01
-1.387649345397949219e+01 -3.997054696083068848e-01 7.129746246337890625e+01
-1.423368835449218750e+01 4.006667137145996094e-01 7.089537048339843750e+01
-1.273418998718261719e+01 -3.184641599655151367e+00 6.990009307861328125e+01
-1.428601360321044922e+01 -3.997054696083068848e-01 7.125865936279296875e+01
-1.476175022125244141e+01 -2.680162191390991211e+00 6.990004730224609375e+01
-1.418507862091064453e+01 4.008089601993560791e-01 7.090546417236328125e+01
-1.421272945404052734e+01 4.007253646850585938e-01 7.090499114990234375e+01
-1.420164299011230469e+01 4.003076553344726562e-01 7.090000152587890625e+01
