-1.178428459167480469e+01 4.602750539779663086e-01 7.090012359619140625e+01
-1.185351943969726562e+01 8.603132367134094238e-01 7.096354675292968750e+01
-1.169650173187255859e+01 3.824532032012939453e+00 6.989988708496093750e+01
-1.168213653564453125e+01 8.603156208992004395e-01 7.103335571289062500e+01
-1.180944538116455078e+01 4.599436521530151367e-01 7.089567565917968750e+01
-1.021201038360595703e+01 4.225230216979980469e+00 6.989997100830078125e+01
-1.184913444519042969e+01 8.603156208992004395e-01 7.114135742187500000e+01
-1.230369281768798828e+01 2.287608861923217773e+00 6.990003204345703125e+01
-1.150335311889648438e+01 8.603167533874511719e-01 7.100271606445312500e+01
-1.208281040191650391e+01 8.598842024803161621e-01 7.102335357666015625e+01
-1.131627655029296875e+01 1.862304687500000000e+00 6.990001678466796875e+01
-1.167302703857421875e+01 8.603186011314392090e-01 7.125482940673828125e+01
-1.350995540618896484e+01 2.715123176574707031e+00 6.990006256103515625e+01
-7.235816001892089844e+00 5.484085083007812500e+00 6.990015411376953125e+01
-1.204137134552001953e+01 8.603163957595825195e-01 7.126580047607421875e+01
-1.191387748718261719e+01 1.380418777465820312e+00 6.990006256103515625e+01
-1.140164279937744141e+01 8.603241443634033203e-01 7.122261810302734375e+01
-1.231229877471923828e+01 8.603163361549377441e-01 7.092195892333984375e+01
-1.077934551239013672e+01 1.569884300231933594e+00 6.990007781982421875e+01
-1.181144618988037109e+01 8.603214621543884277e-01 7.148751831054687500e+01
-1.261776351928710938e+01 1.365748763084411621e+00 6.990133666992187500e+01
-1.113686656951904297e+01 8.603162765502929688e-01 7.098723602294921875e+01
-1.234943294525146484e+01 8.603177666664123535e-01 7.129334259033203125e+01
-1.155930233001708984e+01 1.050024151802062988e+00 6.990005493164062500e+01
-1.140374946594238281e+01 8.603332638740539551e-01 7.156420898437500000e+01
-1.491914463043212891e+01 2.274632215499877930e+00 6.990001678466796875e+01
-9.619946479797363281e+00 1.686358332633972168e+00 6.990014648437500000e+01
-1.207505702972412109e+01 7.846595644950866699e-01 7.159490966796875000e+01
-1.214397048950195312e+01 9.127604961395263672e-01 6.990010833740234375e+01
-1.088932609558105469e+01 8.603202104568481445e-01 7.137049102783203125e+01
-1.282214260101318359e+01 8.603224754333496094e-01 7.117369842529296875e+01
-1.114318943023681641e+01 8.779352903366088867e-01 6.990307617187500000e+01
-1.166489315032958984e+01 6.667128801345825195e-01 7.159482574462890625e+01
-1.307558441162109375e+01 9.777523875236511230e-01 6.990007019042968750e+01
2.879782617092132568e-01 4.394319057464599609e+00 6.989996337890625000e+01
-1.242713642120361328e+01 6.903293132781982422e-01 7.159503173828125000e+01
-1.177940654754638672e+01 6.837888956069946289e-01 6.990010070800781250e+01
-1.115403938293457031e+01 6.451141238212585449e-01 7.159487915039062500e+01
-2.257450294494628906e+01 2.988688230514526367e+00 6.990008544921875000e+01
-1.046671295166015625e+01 7.593402862548828125e-01 6.990013122558593750e+01
-1.191070175170898438e+01 5.384258031845092773e-01 7.159502410888671875e+01
-1.241359138488769531e+01 6.062585115432739258e-01 6.990009307861328125e+01
-9.248888969421386719e+00 8.032732009887695312e-01 7.159497070312500000e+01
-1.313827228546142578e+01 6.018919944763183594e-01 7.159497070312500000e+01
-1.141353893280029297e+01 5.195472240447998047e-01 6.990010070800781250e+01
-1.150144481658935547e+01 4.687842726707458496e-01 7.159491729736328125e+01
-1.389454174041748047e+01 5.658374428749084473e-01 6.990003204345703125e+01
-8.540645599365234375e+00 5.719533562660217285e-01 6.990007781982421875e+01
-1.178428459167480469e+01 4.003048539161682129e-01 7.090012359619140625e+01
-1.199902629852294922e+01 4.106368124485015869e-01 6.990010833740234375e+01
-1.080647468566894531e+01 3.881890475749969482e-01 7.159471130371093750e+01
-1.735889434814453125e+01 2.299922108650207520e-01 7.159487915039062500e+01
-1.093310642242431641e+01 3.338967263698577881e-01 6.990012359619140625e+01
-1.175894451141357422e+01 3.510164916515350342e-01 7.159499359130859375e+01
-1.276980209350585938e+01 2.721337378025054932e-01 6.990007781982421875e+01
-1.178428459167480469e+01 4.003048539161682129e-01 7.090012359619140625e+01
-1.262527561187744141e+01 2.558014094829559326e-01 7.159499359130859375e+01
-1.164476490020751953e+01 2.455341219902038574e-01 6.990011596679687500e+01
-1.130588340759277344e+01 2.532667815685272217e-01 7.159490966796875000e+01
-1.610515213012695312e+01 -4.667398333549499512e-01 6.990589904785156250e+01
-1.001916980743408203e+01 -4.005130380392074585e-02 6.990007781982421875e+01
-1.200966835021972656e+01 2.258445173501968384e-01 7.159487152099609375e+01
-1.224041557312011719e+01 1.134472265839576721e-01 6.990009307861328125e+01
-1.014681816101074219e+01 -1.039193719625473022e-01 7.159481811523437500e+01
-1.374565505981445312e+01 -2.371733039617538452e-01 7.159480285644531250e+01
-1.125436687469482422e+01 2.819739468395709991e-02 6.990368652343750000e+01
-1.160473155975341797e+01 1.465508192777633667e-01 7.159502410888671875e+01
-1.332306289672851562e+01 -2.932961881160736084e-01 6.990005493164062500e+01
-5.789689064025878906e+00 -2.048522949218750000e+00 6.989997863769531250e+01
-1.232788467407226562e+01 2.217533253133296967e-02 7.159500885009765625e+01
-1.186222362518310547e+01 -5.607452988624572754e-02 6.990010833740234375e+01
-1.104059696197509766e+01 -9.044007211923599243e-02 7.159487152099609375e+01
-2.878659629821777344e+01 -8.276563644409179688e+00 7.073423004150390625e+01
-1.067480468750000000e+01 -4.041662514209747314e-01 6.990348052978515625e+01
-1.185209846496582031e+01 2.656634198501706123e-03 7.159492492675781250e+01
-1.253561401367187500e+01 -3.514916300773620605e-01 6.990009307861328125e+01
-1.054360485076904297e+01 -3.997059166431427002e-01 7.113208770751953125e+01
-1.280078315734863281e+01 -3.997129201889038086e-01 7.153289031982421875e+01
-1.150497245788574219e+01 -3.308391273021697998e-01 6.990011596679687500e+01
-1.143193435668945312e+01 -1.779399514198303223e-01 7.159504699707031250e+01
-1.444198322296142578e+01 -1.821165919303894043e+00 6.990003967285156250e+01
-9.292846679687500000e+00 -1.814433932304382324e+00 6.990003204345703125e+01
-1.211728572845458984e+01 -2.696552574634552002e-01 7.159400939941406250e+01
-1.208726501464843750e+01 -5.602480769157409668e-01 6.990010833740234375e+01
-1.107616519927978516e+01 -3.997162282466888428e-01 7.131977844238281250e+01
-1.254513931274414062e+01 -3.997069895267486572e-01 7.105963134765625000e+01
-1.106654548645019531e+01 -9.434124231338500977e-01 6.990009307861328125e+01
-1.170237541198730469e+01 -3.997000157833099365e-01 7.158454132080078125e+01
-1.294761371612548828e+01 -1.498017907142639160e+00 6.990009307861328125e+01
-4.745919108390808105e-01 -1.458168125152587891e+01 7.054292297363281250e+01
-1.218662738800048828e+01 -3.996984362602233887e-01 7.129277038574218750e+01
-1.172826099395751953e+01 -1.140223026275634766e+00 6.990010833740234375e+01
-1.148181438446044922e+01 -3.997051119804382324e-01 7.126985931396484375e+01
-1.870576858520507812e+01 -1.247799301147460938e+01 6.990000152587890625e+01
-1.031658458709716797e+01 -3.245241165161132812e+00 6.990004730224609375e+01
-1.186276912689208984e+01 -3.996922373771667480e-01 7.123375701904296875e+01
-1.234443569183349609e+01 -2.740396022796630859e+00 6.990009307861328125e+01
-1.156150245666503906e+01 -3.997043073177337646e-01 7.097360229492187500e+01
-1.193317794799804688e+01 -3.996875584125518799e-01 7.096716308593750000e+01
-1.178428459167480469e+01 2.282007224857807159e-02 7.090012359619140625e+01
