1.807489395141601562e+01 6.716783046722412109e+00 7.090005493164062500e+01
1.771758651733398438e+01 8.936993598937988281e+00 7.122737884521484375e+01
1.810671234130859375e+01 7.804111003875732422e+00 7.053750610351562500e+01
1.807688140869140625e+01 6.571912765502929688e+00 7.090264892578125000e+01
1.802681350708007812e+01 6.676925182342529297e+00 7.089154815673828125e+01
1.964682579040527344e+01 1.038705348968505859e+01 6.990012359619140625e+01
1.789011955261230469e+01 7.873650074005126953e+00 7.158740234375000000e+01
1.746246910095214844e+01 8.788246154785156250e+00 6.972086334228515625e+01
1.807907295227050781e+01 6.569802284240722656e+00 7.090158081054687500e+01
1.767486763000488281e+01 7.178796768188476562e+00 7.106517791748046875e+01
1.854288482666015625e+01 8.024905204772949219e+00 6.989998626708984375e+01
1.807703971862792969e+01 6.571834564208984375e+00 7.090689849853515625e+01
1.634926033020019531e+01 8.877726554870605469e+00 6.990001678466796875e+01
2.262371253967285156e+01 1.164713191986083984e+01 6.990000915527343750e+01
1.767850685119628906e+01 7.272223949432373047e+00 7.146387481689453125e+01
1.794531250000000000e+01 7.542982578277587891e+00 6.990008544921875000e+01
1.807951164245605469e+01 6.568512439727783203e+00 7.090394592285156250e+01
1.767484474182128906e+01 6.911486625671386719e+00 7.091659545898437500e+01
1.907970428466796875e+01 7.732389926910400391e+00 6.990013122558593750e+01
1.804276847839355469e+01 7.107053279876708984e+00 7.159481048583984375e+01
1.807489395141601562e+01 6.562959671020507812e+00 7.090005493164062500e+01
1.807933044433593750e+01 6.566111564636230469e+00 7.090065002441406250e+01
1.768100547790527344e+01 6.883572578430175781e+00 7.117411041259765625e+01
1.829984092712402344e+01 7.212578773498535156e+00 6.990013885498046875e+01
1.807950782775878906e+01 6.568537235260009766e+00 7.090810394287109375e+01
1.494063186645507812e+01 8.436929702758789062e+00 6.990013885498046875e+01
2.023922157287597656e+01 7.849006175994873047e+00 6.990007781982421875e+01
1.778411483764648438e+01 6.947323799133300781e+00 7.159485626220703125e+01
1.771523284912109375e+01 7.075380802154541016e+00 6.990010070800781250e+01
1.807871437072753906e+01 6.564922809600830078e+00 7.090206146240234375e+01
1.767483139038085938e+01 6.740282535552978516e+00 7.100550842285156250e+01
1.871781158447265625e+01 7.041947364807128906e+00 6.990016937255859375e+01
1.807839965820312500e+01 6.570782184600830078e+00 7.092045593261718750e+01
1.678357505798339844e+01 7.140415191650390625e+00 6.989998626708984375e+01
2.886512565612792969e+01 1.013282394409179688e+01 7.000610351562500000e+01
1.767484283447265625e+01 6.743443965911865234e+00 7.133249664306640625e+01
1.807977104187011719e+01 6.846404552459716797e+00 6.990016937255859375e+01
1.807806396484375000e+01 6.564191341400146484e+00 7.090354919433593750e+01
7.284369945526123047e+00 9.151415824890136719e+00 6.989999389648437500e+01
1.939239120483398438e+01 6.921974658966064453e+00 6.990012359619140625e+01
1.794851112365722656e+01 6.701043128967285156e+00 7.159476470947265625e+01
1.744558525085449219e+01 6.768914222717285156e+00 6.990001678466796875e+01
1.807635116577148438e+01 6.563190937042236328e+00 7.090045166015625000e+01
1.767482376098632812e+01 6.622523784637451172e+00 7.110536193847656250e+01
1.844561386108398438e+01 6.682193279266357422e+00 6.990010070800781250e+01
1.807704353332519531e+01 6.563479900360107422e+00 7.090533447265625000e+01
1.596510410308837891e+01 6.728455543518066406e+00 6.990018463134765625e+01
2.131829071044921875e+01 6.734595298767089844e+00 6.990007781982421875e+01
1.767483901977539062e+01 6.586946964263916016e+00 7.158267974853515625e+01
1.786012840270996094e+01 6.573292732238769531e+00 6.989992523193359375e+01
1.807489395141601562e+01 6.562959671020507812e+00 7.090005493164062500e+01
1.767481994628906250e+01 6.550736904144287109e+00 7.094991302490234375e+01
1.892605400085449219e+01 6.496552944183349609e+00 6.990007781982421875e+01
1.807489395141601562e+01 6.562959671020507812e+00 7.090005493164062500e+01
1.708936500549316406e+01 6.434787273406982422e+00 6.989999389648437500e+01
1.807489395141601562e+01 6.562959671020507812e+00 7.090005493164062500e+01
1.767482376098632812e+01 6.494217395782470703e+00 7.123061370849609375e+01
1.821440887451171875e+01 6.408193111419677734e+00 6.990007781982421875e+01
1.807489395141601562e+01 6.562959671020507812e+00 7.090005493164062500e+01
1.372838020324707031e+01 5.690768718719482422e+00 6.989993286132812500e+01
1.983984184265136719e+01 6.122645378112792969e+00 6.990010833740234375e+01
1.784951400756835938e+01 6.388501167297363281e+00 7.159479522705078125e+01
1.761879158020019531e+01 6.276120662689208984e+00 6.990009307861328125e+01
1.807489395141601562e+01 6.562959671020507812e+00 7.090005493164062500e+01
1.767481994628906250e+01 6.432929039001464844e+00 7.104175567626953125e+01
1.860673332214355469e+01 6.189503669738769531e+00 6.990000915527343750e+01
1.807489395141601562e+01 6.562959671020507812e+00 7.090005493164062500e+01
1.807489395141601562e+01 6.562959671020507812e+00 7.090005493164062500e+01
2.406901168823242188e+01 4.114327430725097656e+00 6.989998626708984375e+01
1.767481994628906250e+01 6.284667968750000000e+00 7.141146850585937500e+01
1.799695587158203125e+01 6.106584072113037109e+00 6.990005493164062500e+01
1.807489395141601562e+01 6.562959671020507812e+00 7.090005493164062500e+01
1.807489395141601562e+01 6.562959671020507812e+00 7.090005493164062500e+01
1.918813705444335938e+01 5.755760192871093750e+00 6.990003204345703125e+01
1.800707626342773438e+01 6.165293693542480469e+00 7.159488677978515625e+01
1.732357978820800781e+01 5.811177253723144531e+00 6.990003967285156250e+01
1.807489395141601562e+01 6.562959671020507812e+00 7.090005493164062500e+01
1.767482376098632812e+01 6.248091697692871094e+00 7.114909362792968750e+01
1.861041259765625000e+01 5.161152839660644531e+00 6.898276519775390625e+01
1.807489395141601562e+01 6.562959671020507812e+00 7.090005493164062500e+01
1.541735649108886719e+01 4.341623783111572266e+00 6.990003204345703125e+01
2.056598091125488281e+01 4.348533153533935547e+00 6.990010070800781250e+01
1.774143409729003906e+01 5.892076969146728516e+00 7.159490203857421875e+01
1.777189826965332031e+01 5.602357387542724609e+00 6.989999389648437500e+01
1.807489395141601562e+01 6.562959671020507812e+00 7.090005493164062500e+01
1.767483329772949219e+01 6.142310619354248047e+00 7.098392486572265625e+01
1.879241561889648438e+01 5.219647884368896484e+00 6.990032958984375000e+01
1.807489395141601562e+01 6.562959671020507812e+00 7.090005493164062500e+01
1.691165161132812500e+01 4.664778232574462891e+00 6.990010070800781250e+01
2.863606071472167969e+01 -7.427451610565185547e+00 7.056649780273437500e+01
1.767486190795898438e+01 5.767551898956298828e+00 7.129044342041015625e+01
1.813092041015625000e+01 5.022351741790771484e+00 6.989998626708984375e+01
1.807489395141601562e+01 6.562959671020507812e+00 7.090005493164062500e+01
1.120011806488037109e+01 -6.228432655334472656e+00 6.990668487548828125e+01
1.954248237609863281e+01 2.917689323425292969e+00 6.990005493164062500e+01
1.791145133972167969e+01 4.896981716156005859e+00 7.159484863281250000e+01
1.751476669311523438e+01 3.422396659851074219e+00 6.990007019042968750e+01
2.005418777465820312e+01 -5.446669459342956543e-01 7.155284881591796875e+01
1.767487907409667969e+01 4.413708686828613281e+00 7.108015441894531250e+01
1.807489395141601562e+01 5.965538501739501953e+00 7.090005493164062500e+01
