-1.590741539001464844e+01 4.602832198143005371e-01 7.089991760253906250e+01
-1.597664928436279297e+01 8.603081703186035156e-01 7.096334075927734375e+01
-1.581967544555664062e+01 3.822870492935180664e+00 6.990016174316406250e+01
-1.580526542663574219e+01 8.603218197822570801e-01 7.103315734863281250e+01
-1.593257999420166016e+01 4.599483907222747803e-01 7.089546966552734375e+01
-1.433560752868652344e+01 4.224090099334716797e+00 6.990006256103515625e+01
-1.597226619720458984e+01 8.603172302246093750e-01 7.114115905761718750e+01
-1.642669486999511719e+01 2.287135601043701172e+00 6.990007781982421875e+01
-1.562647819519042969e+01 8.603210449218750000e-01 7.100251770019531250e+01
-1.620621299743652344e+01 8.602975010871887207e-01 7.102325439453125000e+01
-1.543950462341308594e+01 1.861995816230773926e+00 6.990001678466796875e+01
-1.579615688323974609e+01 8.603177070617675781e-01 7.125463104248046875e+01
-1.763276100158691406e+01 2.714682340621948242e+00 6.990004730224609375e+01
-1.138615798950195312e+01 5.453666687011718750e+00 6.990592956542968750e+01
-1.616450119018554688e+01 8.603119850158691406e-01 7.126559448242187500e+01
-1.603698730468750000e+01 1.380249381065368652e+00 6.990002441406250000e+01
-1.552477550506591797e+01 8.603177666664123535e-01 7.122240447998046875e+01
-1.643540000915527344e+01 8.602862358093261719e-01 7.092175292968750000e+01
-1.490260791778564453e+01 1.569727420806884766e+00 6.990000152587890625e+01
-1.593457698822021484e+01 8.603156208992004395e-01 7.148731231689453125e+01
-1.674183654785156250e+01 1.366837024688720703e+00 6.990000152587890625e+01
-1.525997734069824219e+01 8.603263497352600098e-01 7.098703002929687500e+01
-1.647255516052246094e+01 8.603065013885498047e-01 7.129312896728515625e+01
-1.568252754211425781e+01 1.049747109413146973e+00 6.990026855468750000e+01
-1.552689456939697266e+01 8.603111505508422852e-01 7.156398010253906250e+01
-1.904136657714843750e+01 2.274084568023681641e+00 6.990010070800781250e+01
-1.374331092834472656e+01 1.686215043067932129e+00 6.990004730224609375e+01
-1.619831275939941406e+01 7.848197221755981445e-01 7.159500122070312500e+01
-1.626706695556640625e+01 9.127070307731628418e-01 6.989999389648437500e+01
-1.501244735717773438e+01 8.603209257125854492e-01 7.137028503417968750e+01
-1.694522285461425781e+01 8.602952361106872559e-01 7.117347717285156250e+01
-1.526446437835693359e+01 8.793135881423950195e-01 6.989997863769531250e+01
-1.578797149658203125e+01 6.668249964714050293e-01 7.159492492675781250e+01
-1.719853210449218750e+01 9.776661992073059082e-01 6.990000152587890625e+01
-3.837882280349731445e+00 4.393411636352539062e+00 6.989997863769531250e+01
-1.655028343200683594e+01 6.903318166732788086e-01 7.159484100341796875e+01
-1.590253734588623047e+01 6.837617754936218262e-01 6.989997100830078125e+01
-1.527700519561767578e+01 6.451738476753234863e-01 7.159485626220703125e+01
-2.880113601684570312e+01 3.493276834487915039e+00 6.970493316650390625e+01
-1.458994865417480469e+01 7.593075633049011230e-01 6.990000915527343750e+01
-1.603385925292968750e+01 5.384504795074462891e-01 7.159496307373046875e+01
-1.653469085693359375e+01 6.055891513824462891e-01 6.990311431884765625e+01
-1.337136554718017578e+01 8.033728599548339844e-01 7.159494018554687500e+01
-1.726151466369628906e+01 6.019042730331420898e-01 7.159481811523437500e+01
-1.553669834136962891e+01 5.195335745811462402e-01 6.989997100830078125e+01
-1.562448501586914062e+01 4.688017666339874268e-01 7.159493255615234375e+01
-1.801723670959472656e+01 5.657988190650939941e-01 6.990003204345703125e+01
-1.266446781158447266e+01 5.719123482704162598e-01 6.990008544921875000e+01
-1.590741539001464844e+01 4.003004729747772217e-01 7.089991760253906250e+01
-1.612214279174804688e+01 4.106317758560180664e-01 6.989996337890625000e+01
-1.492901420593261719e+01 3.881773352622985840e-01 7.159492492675781250e+01
-2.074383354187011719e+01 2.525406777858734131e-01 7.150267028808593750e+01
-1.590741539001464844e+01 4.003004431724548340e-01 7.089991760253906250e+01
-1.588207244873046875e+01 3.510065674781799316e-01 7.159486389160156250e+01
-1.590741539001464844e+01 4.003004431724548340e-01 7.089991760253906250e+01
-1.590741539001464844e+01 4.003004729747772217e-01 7.089991760253906250e+01
-1.674856948852539062e+01 2.557688057422637939e-01 7.159492492675781250e+01
-1.590741539001464844e+01 4.003004431724548340e-01 7.089991760253906250e+01
-1.542891407012939453e+01 2.532315552234649658e-01 7.159484863281250000e+01
-1.590741539001464844e+01 4.003004431724548340e-01 7.089991760253906250e+01
-1.590741539001464844e+01 4.003004431724548340e-01 7.089991760253906250e+01
-1.613287925720214844e+01 2.257775664329528809e-01 7.159491729736328125e+01
-1.590741539001464844e+01 4.003004431724548340e-01 7.089991760253906250e+01
-1.426940250396728516e+01 -1.040919125080108643e-01 7.159484863281250000e+01
-1.786952209472656250e+01 -2.374174147844314575e-01 7.159485626220703125e+01
-1.590741539001464844e+01 4.003004431724548340e-01 7.089991760253906250e+01
-1.572801113128662109e+01 1.467566043138504028e-01 7.159424591064453125e+01
-1.590741539001464844e+01 4.003004431724548340e-01 7.089991760253906250e+01
-1.590741539001464844e+01 4.003004431724548340e-01 7.089991760253906250e+01
-1.645109367370605469e+01 2.211624756455421448e-02 7.159490203857421875e+01
-1.590741539001464844e+01 4.003004431724548340e-01 7.089991760253906250e+01
-1.516351890563964844e+01 -9.058258682489395142e-02 7.159485626220703125e+01
-1.590741539001464844e+01 4.003004431724548340e-01 7.089991760253906250e+01
-1.590741539001464844e+01 4.003004431724548340e-01 7.089991760253906250e+01
-1.597524833679199219e+01 2.541863126680254936e-03 7.159490966796875000e+01
-1.590741539001464844e+01 4.003004431724548340e-01 7.089991760253906250e+01
-1.466672134399414062e+01 -3.997197151184082031e-01 7.113188171386718750e+01
-1.692388534545898438e+01 -3.996953666210174561e-01 7.153266906738281250e+01
-1.590741539001464844e+01 4.003004431724548340e-01 7.089991760253906250e+01
-1.555504417419433594e+01 -1.779792606830596924e-01 7.159487915039062500e+01
-1.590741539001464844e+01 4.003004431724548340e-01 7.089991760253906250e+01
-1.590741539001464844e+01 4.003004431724548340e-01 7.089991760253906250e+01
-1.624091720581054688e+01 -2.706661522388458252e-01 7.159484863281250000e+01
-1.590741539001464844e+01 4.003004431724548340e-01 7.089991760253906250e+01
-1.519930362701416016e+01 -3.997119069099426270e-01 7.131956481933593750e+01
-1.666827774047851562e+01 -3.997195959091186523e-01 7.105942535400390625e+01
-1.590741539001464844e+01 4.003004431724548340e-01 7.089991760253906250e+01
-1.582550525665283203e+01 -3.997122049331665039e-01 7.158434295654296875e+01
-1.590741539001464844e+01 4.003004431724548340e-01 7.089991760253906250e+01
-1.590741539001464844e+01 4.003004431724548340e-01 7.089991760253906250e+01
-1.630976104736328125e+01 -3.997062444686889648e-01 7.129256439208984375e+01
-1.590741539001464844e+01 4.003004431724548340e-01 7.089991760253906250e+01
-1.560494327545166016e+01 -3.997154235839843750e-01 7.126965332031250000e+01
-1.590741539001464844e+01 4.003004431724548340e-01 7.089991760253906250e+01
-1.590741539001464844e+01 4.003004431724548340e-01 7.089991760253906250e+01
-1.598590183258056641e+01 -3.997124731540679932e-01 7.123355865478515625e+01
-1.590741539001464844e+01 4.003004431724548340e-01 7.089991760253906250e+01
-1.568462944030761719e+01 -3.997209966182708740e-01 7.097339630126953125e+01
-1.605631256103515625e+01 -3.997142314910888672e-01 7.096695709228515625e+01
-1.590741539001464844e+01 -2.220370993018150330e-02 7.089991760253906250e+01
