4.419434547424316406e+00 -3.997180163860321045e-01 7.089997100830078125e+01
4.289995193481445312e+00 4.003088176250457764e-01 7.101854705810546875e+01
4.507195949554443359e+00 2.963675498962402344e+00 6.989997863769531250e+01
4.610410690307617188e+00 4.003266692161560059e-01 7.114906311035156250e+01
4.394263744354248047e+00 -4.000509381294250488e-01 7.089551544189453125e+01
5.991497993469238281e+00 3.364697217941284180e+00 6.989995574951171875e+01
4.298191547393798828e+00 4.003235995769500732e-01 7.135099029541015625e+01
3.900101900100708008e+00 1.427313327789306641e+00 6.990002441406250000e+01
4.944651603698730469e+00 4.003022015094757080e-01 7.109178161621093750e+01
3.860805273056030273e+00 4.002921283245086670e-01 7.113056182861328125e+01
4.887372970581054688e+00 1.002066969871520996e+00 6.990001678466796875e+01
4.627445697784423828e+00 4.003398716449737549e-01 7.156314086914062500e+01
2.693958282470703125e+00 1.854842185974121094e+00 6.990002441406250000e+01
8.967810630798339844e+00 4.623961925506591797e+00 6.990002441406250000e+01
3.938787937164306641e+00 4.003184139728546143e-01 7.158364105224609375e+01
4.289857864379882812e+00 5.202746391296386719e-01 6.990003967285156250e+01
5.134784698486328125e+00 4.002929329872131348e-01 7.150286865234375000e+01
3.432269573211669922e+00 4.003137052059173584e-01 7.094079589843750000e+01
5.424289703369140625e+00 7.097674608230590820e-01 6.990000915527343750e+01
4.387299537658691406e+00 8.453457057476043701e-02 7.159492492675781250e+01
3.585012912750244141e+00 5.068214535713195801e-01 6.990005493164062500e+01
5.629802703857421875e+00 4.002912044525146484e-01 7.106282806396484375e+01
3.420800447463989258e+00 3.531424701213836670e-01 7.159479522705078125e+01
4.644388675689697266e+00 1.899235546588897705e-01 6.990002441406250000e+01
4.817639350891113281e+00 2.167416922748088837e-02 7.159489440917968750e+01
-1.965023517608642578e+00 3.357542276382446289e+00 6.886315155029296875e+01
6.583813190460205078e+00 8.263627290725708008e-01 6.989997100830078125e+01
4.128599643707275391e+00 -7.527797669172286987e-02 7.159490966796875000e+01
4.059780597686767578e+00 5.269516631960868835e-02 6.990003967285156250e+01
5.741694927215576172e+00 2.199372500181198120e-01 7.159491729736328125e+01
2.479069232940673828e+00 4.003279209136962891e-01 7.141144561767578125e+01
5.062396526336669922e+00 1.930667832493782043e-02 6.990001678466796875e+01
4.538867473602294922e+00 -1.932141631841659546e-01 7.159491729736328125e+01
3.128327131271362305e+00 1.176468655467033386e-01 6.990006256103515625e+01
1.648767280578613281e+01 3.532968282699584961e+00 6.990013885498046875e+01
3.776610136032104492e+00 -1.697027236223220825e-01 7.159484863281250000e+01
4.424312591552734375e+00 -1.762553900480270386e-01 6.990003204345703125e+01
5.049798488616943359e+00 -2.148593217134475708e-01 7.159485626220703125e+01
-6.369332790374755859e+00 2.128320693969726562e+00 6.990007019042968750e+01
5.736980915069580078e+00 -1.006859913468360901e-01 6.990000152587890625e+01
4.293011188507080078e+00 -3.215865790843963623e-01 7.159490966796875000e+01
3.790196180343627930e+00 -2.537832856178283691e-01 6.990004730224609375e+01
6.955085277557373047e+00 -5.670573562383651733e-02 7.159488677978515625e+01
3.065596342086791992e+00 -2.581497132778167725e-01 7.159474182128906250e+01
4.790152549743652344e+00 -3.404813110828399658e-01 6.990002441406250000e+01
4.702336311340332031e+00 -3.912202715873718262e-01 7.159490966796875000e+01
2.309607982635498047e+00 -2.942158281803131104e-01 6.990008544921875000e+01
7.662882804870605469e+00 -2.880762517452239990e-01 6.989997863769531250e+01
4.419434547424316406e+00 -4.597146511077880859e-01 7.089997100830078125e+01
4.204710483551025391e+00 -4.493835270404815674e-01 6.990003967285156250e+01
5.397752285003662109e+00 -4.718367457389831543e-01 7.159492492675781250e+01
-1.156683325767517090e+00 -6.300733685493469238e-01 7.159490966796875000e+01
5.270579338073730469e+00 -5.261201858520507812e-01 6.990000915527343750e+01
4.444771766662597656e+00 -5.089973211288452148e-01 7.159476470947265625e+01
3.434047460556030273e+00 -5.878687500953674316e-01 6.990005493164062500e+01
7.958924293518066406e+00 -8.559585809707641602e-01 7.108094787597656250e+01
3.578469991683959961e+00 -6.042135953903198242e-01 7.159481811523437500e+01
4.558945178985595703e+00 -6.144753098487854004e-01 6.990003204345703125e+01
4.897891044616699219e+00 -6.067698001861572266e-01 7.159484100341796875e+01
7.363820821046829224e-02 -1.331761479377746582e+00 6.990001678466796875e+01
6.184424400329589844e+00 -9.000397324562072754e-01 6.990000152587890625e+01
4.193993091583251953e+00 -6.342198848724365234e-01 7.159489440917968750e+01
3.963348388671875000e+00 -7.465440034866333008e-01 6.990003967285156250e+01
5.718477725982666016e+00 -8.597282767295837402e-01 7.145108795166015625e+01
3.188758373260498047e+00 -8.597050905227661133e-01 7.133585357666015625e+01
4.951223373413085938e+00 -8.331357836723327637e-01 6.990001678466796875e+01
4.599001407623291016e+00 -7.134882807731628418e-01 7.159492492675781250e+01
2.880907535552978516e+00 -1.153202414512634277e+00 6.990007019042968750e+01
1.041312503814697266e+01 -2.908172607421875000e+00 6.989997863769531250e+01
3.875877857208251953e+00 -8.378140926361083984e-01 7.159479522705078125e+01
4.341501235961914062e+00 -9.160602688789367676e-01 6.990003204345703125e+01
5.025641441345214844e+00 -8.597389459609985352e-01 7.146628570556640625e+01
-2.333095359802246094e+01 -1.462169933319091797e+01 7.062921142578125000e+01
5.529241561889648438e+00 -1.264422893524169922e+00 6.990303802490234375e+01
4.351607322692871094e+00 -8.574387431144714355e-01 7.159490203857421875e+01
3.668189048767089844e+00 -1.211427450180053711e+00 6.990004730224609375e+01
5.039776802062988281e+00 -8.597216606140136719e-01 7.101595306396484375e+01
3.911204338073730469e+00 -8.597086071968078613e-01 7.121634674072265625e+01
4.698729991912841797e+00 -1.190815448760986328e+00 6.990002441406250000e+01
4.663182258605957031e+00 -8.597308397293090820e-01 7.138069915771484375e+01
1.762199282646179199e+00 -2.680797576904296875e+00 6.990006256103515625e+01
6.910481452941894531e+00 -2.674106121063232422e+00 6.990003204345703125e+01
4.220619678497314453e+00 -8.597072958946228027e-01 7.131424713134765625e+01
4.116477966308593750e+00 -1.420192360877990723e+00 6.990003967285156250e+01
4.773495197296142578e+00 -8.597265481948852539e-01 7.110979461669921875e+01
4.039028644561767578e+00 -8.596976399421691895e-01 7.097972106933593750e+01
5.137115478515625000e+00 -1.803323268890380859e+00 6.990002441406250000e+01
4.460389614105224609e+00 -8.597185015678405762e-01 7.124217987060546875e+01
3.256239175796508789e+00 -2.357819795608520508e+00 6.990005493164062500e+01
1.503542327880859375e+01 -1.452274990081787109e+01 7.056468200683593750e+01
4.218269348144531250e+00 -8.597037196159362793e-01 7.109629058837890625e+01
4.475217342376708984e+00 -1.993614315986633301e+00 6.990425872802734375e+01
4.570669174194335938e+00 -8.597192168235778809e-01 7.108483886718750000e+01
-2.501713991165161133e+00 -1.333738899230957031e+01 6.989989471435546875e+01
5.886895179748535156e+00 -4.104666233062744141e+00 6.990005493164062500e+01
4.380192756652832031e+00 -8.597105145454406738e-01 7.106678771972656250e+01
3.859356164932250977e+00 -3.600008726119995117e+00 6.990007019042968750e+01
4.530824184417724609e+00 -8.597136735916137695e-01 7.093670654296875000e+01
4.344988822937011719e+00 -8.597055077552795410e-01 7.093348693847656250e+01
4.419434547424316406e+00 -6.848757863044738770e-01 7.089997100830078125e+01
