1.836851119995117188e+01 1.464218997955322266e+01 7.090016174316406250e+01
1.747678184509277344e+01 1.462225437164306641e+01 7.171705627441406250e+01
1.845628166198730469e+01 1.212115478515625000e+01 6.990006256103515625e+01
1.947612762451171875e+01 1.368543529510498047e+01 7.234484863281250000e+01
1.585528659820556641e+01 1.465459156036376953e+01 7.045560455322265625e+01
1.994071769714355469e+01 1.252216720581054688e+01 6.990005493164062500e+01
1.798011016845703125e+01 1.145252895355224609e+01 7.234499359130859375e+01
1.784905815124511719e+01 1.058487510681152344e+01 6.989998626708984375e+01
2.192077636718750000e+01 1.451406478881835938e+01 7.219744110107421875e+01
1.486850547790527344e+01 1.408564662933349609e+01 7.234490966796875000e+01
1.883652305603027344e+01 1.015941715240478516e+01 6.990004730224609375e+01
1.882169723510742188e+01 1.057117462158203125e+01 7.234498596191406250e+01
1.832657814025878906e+01 8.753656387329101562e+00 7.087586212158203125e+01
2.291773414611816406e+01 1.378203010559082031e+01 6.990002441406250000e+01
1.735272407531738281e+01 1.051497936248779297e+01 7.234501647949218750e+01
1.823890495300292969e+01 9.677625656127929688e+00 6.989999389648437500e+01
2.008278274536132812e+01 1.075833702087402344e+01 7.234495544433593750e+01
1.814382362365722656e+01 8.893157958984375000e+00 7.090945434570312500e+01
1.937350654602050781e+01 9.867051124572753906e+00 6.990005493164062500e+01
1.830170059204101562e+01 9.828912734985351562e+00 7.234498596191406250e+01
1.830207824707031250e+01 8.774357795715332031e+00 7.082054901123046875e+01
2.660879325866699219e+01 1.455239391326904297e+01 7.200888061523437500e+01
1.810673141479492188e+01 8.910487174987792969e+00 7.108229827880859375e+01
1.859350395202636719e+01 9.347156524658203125e+00 6.990004730224609375e+01
1.919641685485839844e+01 9.698260307312011719e+00 7.234497070312500000e+01
1.794395256042480469e+01 8.951249122619628906e+00 7.076471710205078125e+01
2.053330039978027344e+01 9.983728408813476562e+00 6.989997100830078125e+01
1.832397651672363281e+01 8.756274223327636719e+00 7.100657653808593750e+01
1.833499526977539062e+01 8.745157241821289062e+00 7.080697631835937500e+01
2.111746597290039062e+01 1.011039066314697266e+01 7.234493255615234375e+01
1.779435920715332031e+01 8.951892852783203125e+00 7.105150604248046875e+01
1.901163673400878906e+01 9.176549911499023438e+00 6.989995574951171875e+01
1.861681556701660156e+01 9.251466751098632812e+00 7.234497070312500000e+01
1.779584312438964844e+01 8.953494071960449219e+00 7.045665740966796875e+01
2.870196723937988281e+01 1.211614990234375000e+01 7.004405975341796875e+01
1.780003929138183594e+01 8.953874588012695312e+00 7.151466369628906250e+01
1.837828636169433594e+01 9.265474319458007812e+00 6.889623260498046875e+01
1.967915153503417969e+01 9.206504821777343750e+00 7.234494781494140625e+01
1.758597946166992188e+01 8.885122299194335938e+00 7.082763671875000000e+01
1.968620300292968750e+01 9.056474685668945312e+00 6.990007781982421875e+01
1.831248283386230469e+01 8.758622169494628906e+00 7.120814514160156250e+01
1.767341232299804688e+01 8.924892425537109375e+00 6.979557800292968750e+01
2.364019393920898438e+01 9.535272598266601562e+00 7.234490966796875000e+01
1.749894142150878906e+01 8.826871871948242188e+00 7.134641265869140625e+01
1.873912239074707031e+01 8.816605567932128906e+00 6.990049743652343750e+01
1.895666885375976562e+01 8.839807510375976562e+00 7.234495544433593750e+01
1.744651031494140625e+01 8.769730567932128906e+00 7.046321105957031250e+01
2.161222267150878906e+01 8.869059562683105469e+00 6.990009307861328125e+01
1.796143150329589844e+01 8.721815109252929688e+00 7.159477233886718750e+01
1.836851119995117188e+01 8.697406768798828125e+00 7.090016174316406250e+01
2.040240478515625000e+01 8.672204971313476562e+00 7.234494781494140625e+01
1.736618041992187500e+01 8.666784286499023438e+00 7.102507781982421875e+01
1.921977424621582031e+01 8.630991935729980469e+00 6.990006256103515625e+01
1.839066123962402344e+01 8.654324531555175781e+00 7.150753784179687500e+01
1.731917190551757812e+01 8.560935020446777344e+00 6.983535003662109375e+01
2.887536430358886719e+01 7.521170139312744141e+00 7.143738555908203125e+01
1.752775001525878906e+01 8.552942276000976562e+00 7.159484100341796875e+01
1.850804138183593750e+01 8.542623519897460938e+00 6.990007019042968750e+01
1.936334037780761719e+01 8.391642570495605469e+00 7.234496307373046875e+01
1.729183387756347656e+01 8.481355667114257812e+00 7.065242004394531250e+01
2.013367271423339844e+01 8.257039070129394531e+00 6.990009307861328125e+01
1.814340400695800781e+01 8.523159980773925781e+00 7.159405517578125000e+01
1.745948028564453125e+01 8.125723838806152344e+00 6.890719604492187500e+01
2.177419281005859375e+01 7.648697376251220703e+00 7.234502410888671875e+01
1.727631568908691406e+01 8.342425346374511719e+00 7.128699493408203125e+01
1.890019798278808594e+01 8.324056625366210938e+00 6.990039825439453125e+01
1.874183082580566406e+01 8.169811248779296875e+00 7.234497833251953125e+01
1.729705810546875000e+01 8.214451789855957031e+00 7.020381164550781250e+01
2.432171249389648438e+01 6.265488624572753906e+00 6.990692138671875000e+01
1.782508468627929688e+01 8.319397926330566406e+00 7.159482574462890625e+01
1.822909164428710938e+01 7.881017208099365234e+00 6.911129760742187500e+01
1.991515159606933594e+01 7.676808834075927734e+00 7.234501647949218750e+01
1.836851119995117188e+01 8.697406768798828125e+00 7.090016174316406250e+01
1.948176956176757812e+01 7.890195369720458984e+00 6.990012359619140625e+01
1.830070877075195312e+01 8.299821853637695312e+00 7.159484863281250000e+01
1.754153251647949219e+01 7.869912624359130859e+00 6.979943847656250000e+01
2.604482650756835938e+01 3.747592449188232422e+00 7.233536529541015625e+01
1.743031692504882812e+01 7.959017276763916016e+00 7.148418426513671875e+01
1.846044540405273438e+01 8.456755638122558594e+00 7.057101440429687500e+01
1.839389038085937500e+01 8.655755996704101562e+00 7.095021820068359375e+01
1.745546150207519531e+01 7.934223175048828125e+00 7.055658721923828125e+01
2.085993957519531250e+01 6.482676982879638672e+00 6.990007019042968750e+01
1.803515434265136719e+01 8.026730537414550781e+00 7.159479522705078125e+01
1.808527183532714844e+01 7.799438953399658203e+00 6.996530914306640625e+01
2.080643844604492188e+01 5.943078994750976562e+00 7.234494781494140625e+01
1.756250000000000000e+01 7.849915027618408203e+00 7.106913757324218750e+01
1.839138031005859375e+01 8.654591560363769531e+00 7.086829376220703125e+01
1.842667961120605469e+01 8.129272460937500000e+00 7.138621520996093750e+01
1.779915618896484375e+01 7.768331527709960938e+00 7.041072845458984375e+01
2.872198295593261719e+01 -5.017869472503662109e+00 7.057316589355468750e+01
1.767485427856445312e+01 7.318166255950927734e+00 7.157710266113281250e+01
1.839180755615234375e+01 8.056819915771484375e+00 7.048432922363281250e+01
1.845960426330566406e+01 8.456473350524902344e+00 7.101151275634765625e+01
1.786661529541015625e+01 7.763566493988037109e+00 7.082763671875000000e+01
1.846474647521972656e+01 8.458372116088867188e+00 7.083458709716796875e+01
1.829373168945312500e+01 7.935170173645019531e+00 7.121804809570312500e+01
1.822308540344238281e+01 7.882023334503173828e+00 7.064053344726562500e+01
1.846637153625488281e+01 8.345991134643554688e+00 7.093243408203125000e+01
1.821409797668457031e+01 7.867755413055419922e+00 7.096968841552734375e+01
1.836851119995117188e+01 8.023277282714843750e+00 7.090016174316406250e+01
