-2.620298767089843750e+01 6.528232574462890625e+00 7.090019989013671875e+01
-2.634720802307128906e+01 6.426933288574218750e+00 7.103231811523437500e+01
-2.617562294006347656e+01 6.536157131195068359e+00 7.058838653564453125e+01
-2.595274734497070312e+01 6.595630645751953125e+00 7.122659301757812500e+01
-2.649822616577148438e+01 6.168513774871826172e+00 7.084797668457031250e+01
-2.575006866455078125e+01 6.570531368255615234e+00 7.061209106445312500e+01
-2.633866500854492188e+01 6.431129932403564453e+00 7.140491485595703125e+01
-2.643494033813476562e+01 6.311517238616943359e+00 7.045359039306640625e+01
-2.558106803894042969e+01 6.487062454223632812e+00 7.112732696533203125e+01
-2.652006912231445312e+01 5.956847667694091797e+00 7.103108978271484375e+01
-2.584414672851562500e+01 6.589678764343261719e+00 7.013337707519531250e+01
-2.598583221435546875e+01 6.366562366485595703e+00 7.159252166748046875e+01
-2.650854492187500000e+01 5.878576278686523438e+00 7.072312164306640625e+01
-2.543047523498535156e+01 6.332130432128906250e+00 7.073036193847656250e+01
-2.651554870605468750e+01 6.027973175048828125e+00 7.134478759765625000e+01
-2.633110809326171875e+01 6.437675476074218750e+00 6.991150665283203125e+01
-2.545627212524414062e+01 6.366416454315185547e+00 7.152953338623046875e+01
-2.639170837402343750e+01 5.633117675781250000e+00 7.090800476074218750e+01
-2.544503402709960938e+01 6.350831985473632812e+00 7.014593505859375000e+01
-2.623498344421386719e+01 6.010591030120849609e+00 7.159214019775390625e+01
-2.648829269409179688e+01 5.799177646636962891e+00 7.055831146240234375e+01
-2.534033203125000000e+01 6.081645965576171875e+00 7.101626586914062500e+01
-2.637178993225097656e+01 5.606100559234619141e+00 7.101764678955078125e+01
-2.581535530090332031e+01 6.588133335113525391e+00 6.917713165283203125e+01
-2.580485916137695312e+01 5.949998378753662109e+00 7.159498596191406250e+01
-2.621848106384277344e+01 5.477964401245117188e+00 7.089525604248046875e+01
-2.532629585266113281e+01 5.989633560180664062e+00 7.049514770507812500e+01
-2.649376869201660156e+01 5.853066444396972656e+00 7.159500885009765625e+01
-2.651430511474609375e+01 5.912244796752929688e+00 7.003466033935546875e+01
-2.529520034790039062e+01 5.935311317443847656e+00 7.137730407714843750e+01
-2.620750999450683594e+01 5.470705986022949219e+00 7.090139007568359375e+01
-2.534428405761718750e+01 6.108455181121826172e+00 6.956472015380859375e+01
-2.608359146118164062e+01 5.735120296478271484e+00 7.159493255615234375e+01
-2.620931816101074219e+01 5.471531867980957031e+00 7.089529418945312500e+01
-2.539127159118652344e+01 5.737251281738281250e+00 7.083295440673828125e+01
-2.620764541625976562e+01 5.470802307128906250e+00 7.090523529052734375e+01
-2.620298767089843750e+01 5.468701362609863281e+00 7.090019989013671875e+01
-2.557426834106445312e+01 5.712917804718017578e+00 7.159326934814453125e+01
-2.886230659484863281e+01 6.106625080108642578e+00 7.065373229980468750e+01
-2.541857528686523438e+01 5.682452201843261719e+00 7.030485534667968750e+01
-2.632936096191406250e+01 5.606774330139160156e+00 7.159485626220703125e+01
-2.683238983154296875e+01 5.674686431884765625e+00 6.990001678466796875e+01
-2.501708793640136719e+01 5.657185077667236328e+00 7.122520446777343750e+01
-2.883177185058593750e+01 5.860085487365722656e+00 7.224924468994140625e+01
-2.620121574401855469e+01 5.469271183013916016e+00 7.089542388916015625e+01
-2.592016410827636719e+01 5.537177085876464844e+00 7.159494781494140625e+01
-2.831046867370605469e+01 5.634016036987304688e+00 6.990142822265625000e+01
-2.559816551208496094e+01 5.500707626342773438e+00 7.071372985839843750e+01
-2.704970550537109375e+01 5.519470214843750000e+00 7.234497833251953125e+01
-2.641766929626464844e+01 5.479030609130859375e+00 6.990046691894531250e+01
-2.522504806518554688e+01 5.456583976745605469e+00 7.159487915039062500e+01
-2.887667083740234375e+01 5.387016296386718750e+00 7.123341369628906250e+01
-2.619922447204589844e+01 5.468407630920410156e+00 7.089578247070312500e+01
-2.615030097961425781e+01 5.366222858428955078e+00 7.234495544433593750e+01
-2.718869400024414062e+01 5.340505599975585938e+00 6.989996337890625000e+01
-2.620298767089843750e+01 5.468701362609863281e+00 7.090019989013671875e+01
-2.795163726806640625e+01 5.168239116668701172e+00 7.234502410888671875e+01
-2.620226478576660156e+01 5.467898845672607422e+00 7.089501190185546875e+01
-2.605181503295898438e+01 5.422238349914550781e+00 7.111975097656250000e+01
-2.884060668945312500e+01 4.939424991607666016e+00 7.029328918457031250e+01
-2.595093917846679688e+01 5.405820846557617188e+00 7.075740051269531250e+01
-2.667168617248535156e+01 5.105900764465332031e+00 7.234497070312500000e+01
-2.665917015075683594e+01 5.181811809539794922e+00 6.990006256103515625e+01
-2.605183792114257812e+01 5.422157764434814453e+00 7.096432495117187500e+01
-2.884639358520507812e+01 4.609549999237060547e+00 7.183644104003906250e+01
-2.620027923583984375e+01 5.466799259185791016e+00 7.089510345458984375e+01
-2.582968139648437500e+01 4.941124916076660156e+00 7.234496307373046875e+01
-2.860468101501464844e+01 4.386143207550048828e+00 6.933931732177734375e+01
-2.617315483093261719e+01 5.456514358520507812e+00 7.089522552490234375e+01
-2.733323860168457031e+01 4.682496070861816406e+00 7.234499359130859375e+01
-2.620332527160644531e+01 5.466722965240478516e+00 7.089586639404296875e+01
-2.550171470642089844e+01 5.005944728851318359e+00 7.155532073974609375e+01
-2.885595703125000000e+01 4.114799022674560547e+00 7.087431335449218750e+01
-2.619787597656250000e+01 5.464995384216308594e+00 7.089560699462890625e+01
-2.634399986267089844e+01 4.641838550567626953e+00 7.234495544433593750e+01
-2.695443153381347656e+01 4.716789722442626953e+00 6.990001678466796875e+01
-2.551885986328125000e+01 5.027564048767089844e+00 7.102810668945312500e+01
-2.852381515502929688e+01 3.642133235931396484e+00 7.234490966796875000e+01
-2.620190429687500000e+01 5.465863704681396484e+00 7.089631652832031250e+01
-2.547043418884277344e+01 4.266502857208251953e+00 7.234497833251953125e+01
-2.881426239013671875e+01 3.286034345626831055e+00 6.991758728027343750e+01
-2.619777107238769531e+01 5.464063644409179688e+00 7.089810943603515625e+01
-2.689634704589843750e+01 4.073742389678955078e+00 7.234497833251953125e+01
-2.620377540588378906e+01 5.466203212738037109e+00 7.089759826660156250e+01
-2.376531791687011719e+01 2.714663982391357422e+00 7.234483337402343750e+01
-2.886311912536621094e+01 2.671667337417602539e+00 7.145787048339843750e+01
-2.620113754272460938e+01 5.465238571166992188e+00 7.089762115478515625e+01
-2.603008460998535156e+01 3.779961585998535156e+00 7.234495544433593750e+01
-2.620401191711425781e+01 5.467029094696044922e+00 7.089932250976562500e+01
-2.620279312133789062e+01 5.468443870544433594e+00 7.090019226074218750e+01
-2.768329811096191406e+01 2.525311946868896484e+00 7.234483337402343750e+01
-2.620289039611816406e+01 5.466047763824462891e+00 7.089847564697265625e+01
-2.502118301391601562e+01 2.342914819717407227e+00 7.234481811523437500e+01
-2.620315742492675781e+01 5.468384265899658203e+00 7.090017700195312500e+01
-2.620218276977539062e+01 5.466701984405517578e+00 7.089965057373046875e+01
-2.654149246215820312e+01 2.018298387527465820e+00 7.233917999267578125e+01
-2.620325660705566406e+01 5.467190265655517578e+00 7.089971923828125000e+01
-2.182241821289062500e+01 -1.026189327239990234e+01 7.234495544433593750e+01
-2.879946899414062500e+01 -8.481971740722656250e+00 7.206923675537109375e+01
-2.620298767089843750e+01 -1.461849880218505859e+01 7.090019989013671875e+01
