-2.133463859558105469e+01 1.248781681060791016e+00 7.090007019042968750e+01
-2.153509140014648438e+01 2.175226449966430664e+00 7.108370208740234375e+01
-2.124687957763671875e+01 4.266641616821289062e+00 6.990010833740234375e+01
-2.112906074523925781e+01 1.769173979759216309e+00 7.116821289062500000e+01
-2.698757553100585938e+01 1.424272441864013672e+01 6.990014648437500000e+01
-1.976268386840820312e+01 4.667518138885498047e+00 6.990012359619140625e+01
-2.152030563354492188e+01 2.160404920578002930e+00 7.159074401855468750e+01
-2.185398674011230469e+01 2.730458974838256836e+00 6.990009307861328125e+01
-2.090566253662109375e+01 1.545798659324645996e+00 7.105673217773437500e+01
-2.301813125610351562e+01 3.435101747512817383e+00 7.159499359130859375e+01
-2.086672973632812500e+01 2.305060386657714844e+00 6.990017700195312500e+01
-2.111671066284179688e+01 1.744433283805847168e+00 7.159486389160156250e+01
-2.306016921997070312e+01 3.158002138137817383e+00 6.990009307861328125e+01
-1.678557586669921875e+01 5.927816390991210938e+00 6.989997100830078125e+01
-2.182305717468261719e+01 1.717312574386596680e+00 7.159479522705078125e+01
-2.146421432495117188e+01 1.823360919952392578e+00 6.990013885498046875e+01
-2.082088279724121094e+01 1.461019873619079590e+00 7.133306121826171875e+01
-2.133463859558105469e+01 8.433728218078613281e-01 7.090007019042968750e+01
-2.032984733581542969e+01 2.012779712677001953e+00 6.990016937255859375e+01
-2.136676597595214844e+01 1.387495636940002441e+00 7.159486389160156250e+01
-2.216911888122558594e+01 1.809977650642395020e+00 6.990008544921875000e+01
-2.067321586608886719e+01 1.313335180282592773e+00 7.098906707763671875e+01
-2.133463859558105469e+01 8.433728218078613281e-01 7.090007019042968750e+01
-2.110960960388183594e+01 1.493225216865539551e+00 6.989979553222656250e+01
-2.093649101257324219e+01 1.324692964553833008e+00 7.159489440917968750e+01
-2.446947669982910156e+01 2.717686891555786133e+00 6.989997100830078125e+01
-1.917033767700195312e+01 2.129403591156005859e+00 6.990010833740234375e+01
-2.162540435791015625e+01 1.227717518806457520e+00 7.159484100341796875e+01
-2.169441986083984375e+01 1.355963110923767090e+00 6.989978790283203125e+01
-2.058737754821777344e+01 1.227470993995666504e+00 7.129280853271484375e+01
-2.133463859558105469e+01 8.433728218078613281e-01 7.090007019042968750e+01
-2.069170951843261719e+01 1.322369933128356934e+00 6.990016937255859375e+01
-2.121522331237792969e+01 1.109834909439086914e+00 7.159491729736328125e+01
-2.262591552734375000e+01 1.420810222625732422e+00 6.990003204345703125e+01
-9.263950347900390625e+00 4.836866378784179688e+00 6.990003967285156250e+01
-2.133463859558105469e+01 8.433728218078613281e-01 7.090007019042968750e+01
-2.132975959777832031e+01 1.126932740211486816e+00 6.989978027343750000e+01
-2.070429801940917969e+01 1.088219404220581055e+00 7.159493255615234375e+01
-2.882676887512207031e+01 2.640603065490722656e+00 7.020570373535156250e+01
-2.001714134216308594e+01 1.202388286590576172e+00 6.990013885498046875e+01
-2.146105575561523438e+01 9.814931750297546387e-01 7.159496307373046875e+01
-2.196392631530761719e+01 1.049320578575134277e+00 6.990007019042968750e+01
-2.035843849182128906e+01 9.985273480415344238e-01 7.116760253906250000e+01
-2.133463859558105469e+01 8.433728218078613281e-01 7.090007019042968750e+01
-2.096392822265625000e+01 9.626040458679199219e-01 6.990013885498046875e+01
-2.105174827575683594e+01 9.118645191192626953e-01 7.159498596191406250e+01
-2.344488716125488281e+01 1.008904695510864258e+00 6.989998626708984375e+01
-1.809109497070312500e+01 1.015016317367553711e+00 6.990004730224609375e+01
-2.133463859558105469e+01 8.433728218078613281e-01 7.090007019042968750e+01
-2.154937171936035156e+01 8.537043929100036621e-01 6.990009307861328125e+01
-2.035660362243652344e+01 8.312542438507080078e-01 7.159481811523437500e+01
-2.133463859558105469e+01 8.433728218078613281e-01 7.090007019042968750e+01
-2.048322868347167969e+01 7.769466638565063477e-01 6.989980316162109375e+01
-2.133463859558105469e+01 8.433728218078613281e-01 7.090007019042968750e+01
-2.232015228271484375e+01 7.152022719383239746e-01 6.990002441406250000e+01
-2.133463859558105469e+01 8.433728218078613281e-01 7.090007019042968750e+01
-2.133463859558105469e+01 8.433728218078613281e-01 7.090007019042968750e+01
-2.119512557983398438e+01 6.886097192764282227e-01 6.990010833740234375e+01
-2.085617256164550781e+01 6.963147521018981934e-01 7.159494781494140625e+01
-2.857204437255859375e+01 -6.089173555374145508e-01 6.923475646972656250e+01
-1.956962966918945312e+01 4.030430316925048828e-01 6.990008544921875000e+01
-2.133463859558105469e+01 8.433728218078613281e-01 7.090007019042968750e+01
-2.179076194763183594e+01 5.565202236175537109e-01 6.990006256103515625e+01
-1.969686508178710938e+01 3.390544354915618896e-01 7.159489440917968750e+01
-2.133463859558105469e+01 8.433728218078613281e-01 7.090007019042968750e+01
-2.080285835266113281e+01 4.699572920799255371e-01 6.990013122558593750e+01
-2.133463859558105469e+01 8.433728218078613281e-01 7.090007019042968750e+01
-2.287348175048828125e+01 1.497421562671661377e-01 6.989996337890625000e+01
-1.533955764770507812e+01 -1.605653047561645508e+00 6.989984130859375000e+01
-2.133463859558105469e+01 8.433728218078613281e-01 7.090007019042968750e+01
-2.141257667541503906e+01 3.870045840740203857e-01 6.990008544921875000e+01
-2.059080696105957031e+01 3.525328338146209717e-01 7.159494781494140625e+01
-2.882770156860351562e+01 -2.980597019195556641e+00 7.082695770263671875e+01
-1.962025833129882812e+01 -3.997044861316680908e-01 6.936004638671875000e+01
-2.133463859558105469e+01 8.433728218078613281e-01 7.090007019042968750e+01
-2.208598136901855469e+01 9.156315773725509644e-02 6.990001678466796875e+01
-1.940684318542480469e+01 -3.997010588645935059e-01 7.126049804687500000e+01
-2.133463859558105469e+01 8.433728218078613281e-01 7.090007019042968750e+01
-2.105533599853515625e+01 1.122543513774871826e-01 6.990010070800781250e+01
-2.133463859558105469e+01 8.433728218078613281e-01 7.090007019042968750e+01
-2.399224281311035156e+01 -1.378019213676452637e+00 6.990002441406250000e+01
-1.884342575073242188e+01 -1.371166706085205078e+00 6.990007019042968750e+01
-2.133463859558105469e+01 8.433728218078613281e-01 7.090007019042968750e+01
-2.163762092590332031e+01 -1.171878501772880554e-01 6.990004730224609375e+01
-2.133463859558105469e+01 8.433728218078613281e-01 7.090007019042968750e+01
-2.133463859558105469e+01 8.433728218078613281e-01 7.090007019042968750e+01
-2.061695480346679688e+01 -5.002410411834716797e-01 6.990011596679687500e+01
-2.133463859558105469e+01 8.433728218078613281e-01 7.090007019042968750e+01
-2.249802589416503906e+01 -1.055045962333679199e+00 6.989999389648437500e+01
-9.666336059570312500e+00 -1.461366558074951172e+01 7.053154754638671875e+01
-2.133463859558105469e+01 8.433728218078613281e-01 7.090007019042968750e+01
-2.127861595153808594e+01 -6.971117258071899414e-01 6.990008544921875000e+01
-2.133463859558105469e+01 8.433728218078613281e-01 7.090007019042968750e+01
-2.825506401062011719e+01 -1.203295516967773438e+01 6.990010070800781250e+01
-1.986713981628417969e+01 -2.801673650741577148e+00 6.990013122558593750e+01
-2.133463859558105469e+01 8.433728218078613281e-01 7.090007019042968750e+01
-2.189478492736816406e+01 -2.297305822372436523e+00 6.990004730224609375e+01
-2.133463859558105469e+01 8.433728218078613281e-01 7.090007019042968750e+01
-2.133463859558105469e+01 8.433728218078613281e-01 7.090007019042968750e+01
-2.133463859558105469e+01 -1.459022521972656250e+01 7.090007019042968750e+01
