-1.443805885314941406e+01 -7.392382025718688965e-01 7.090000915527343750e+01
-1.449825859069824219e+01 -4.597184360027313232e-01 7.095515441894531250e+01
-1.435029888153076172e+01 2.563650608062744141e+00 6.990002441406250000e+01
-1.434924221038818359e+01 -4.597200155258178711e-01 7.101585388183593750e+01
-1.815140342712402344e+01 7.942174434661865234e+00 7.024317169189453125e+01
-1.286606025695800781e+01 2.964558362960815430e+00 6.990003204345703125e+01
-1.449444580078125000e+01 -4.597170352935791016e-01 7.110976409912109375e+01
-1.495742893218994141e+01 1.027467489242553711e+00 6.989999389648437500e+01
-1.419592380523681641e+01 -4.632120728492736816e-01 7.098843383789062500e+01
-1.469787216186523438e+01 -4.597150981426239014e-01 7.100725555419921875e+01
-1.397011089324951172e+01 6.021178364753723145e-01 6.990003204345703125e+01
-1.434132099151611328e+01 -4.597177505493164062e-01 7.120842742919921875e+01
-1.615608024597167969e+01 1.444860339164733887e+00 6.990438079833984375e+01
-9.889379501342773438e+00 4.224319934844970703e+00 6.989999389648437500e+01
-1.466159725189208984e+01 -4.597136378288269043e-01 7.121797180175781250e+01
-1.456764507293701172e+01 1.203627735376358032e-01 6.990000152587890625e+01
-1.410536003112792969e+01 -4.597188532352447510e-01 7.118040466308593750e+01
-1.489716625213623047e+01 -4.597167670726776123e-01 7.091899108886718750e+01
-1.343321132659912109e+01 3.097777664661407471e-01 6.990005493164062500e+01
-1.446167564392089844e+01 -4.597138762474060059e-01 7.141074371337890625e+01
-1.527257823944091797e+01 1.069533452391624451e-01 6.989997863769531250e+01
-1.387513446807861328e+01 -4.597197771072387695e-01 7.097574615478515625e+01
-1.492945194244384766e+01 -4.597167968750000000e-01 7.124190521240234375e+01
-1.421309471130371094e+01 -2.100289016962051392e-01 6.990002441406250000e+01
-1.410719490051269531e+01 -4.597150087356567383e-01 7.147740936279296875e+01
-1.757254028320312500e+01 1.014406085014343262e+00 6.990002441406250000e+01
-1.227386569976806641e+01 4.262714385986328125e-01 6.990010070800781250e+01
-1.472880935668945312e+01 -4.753706753253936768e-01 7.159474182128906250e+01
-1.479774093627929688e+01 -3.472451567649841309e-01 6.990000152587890625e+01
-1.365990447998046875e+01 -4.597182273864746094e-01 7.130898284912109375e+01
-1.534042835235595703e+01 -4.597319066524505615e-01 7.113787078857421875e+01
-1.379508781433105469e+01 -3.806675374507904053e-01 6.990003967285156250e+01
-1.431865787506103516e+01 -5.932674407958984375e-01 7.159476470947265625e+01
-1.572934722900390625e+01 -2.822530269622802734e-01 6.989996337890625000e+01
-2.484760999679565430e+00 3.094959974288940430e+00 6.990970611572265625e+01
-1.508085250854492188e+01 -5.696975588798522949e-01 7.159484863281250000e+01
-1.443318080902099609e+01 -5.762218236923217773e-01 6.990001678466796875e+01
-1.380778026580810547e+01 -6.148732900619506836e-01 7.159480285644531250e+01
-2.512911415100097656e+01 1.704900026321411133e+00 6.990916442871093750e+01
-1.312055397033691406e+01 -5.006783604621887207e-01 6.990007019042968750e+01
-1.456445980072021484e+01 -7.215926051139831543e-01 7.159481811523437500e+01
-1.506735420227050781e+01 -6.537455916404724121e-01 6.989999389648437500e+01
-1.192153453826904297e+01 -4.597266614437103271e-01 7.158968353271484375e+01
-1.579199218750000000e+01 -6.581165194511413574e-01 7.159482574462890625e+01
-1.406733226776123047e+01 -7.404593825340270996e-01 6.990003967285156250e+01
-1.415518379211425781e+01 -7.912077903747558594e-01 7.159488677978515625e+01
-1.654821205139160156e+01 -6.941712498664855957e-01 6.989997100830078125e+01
-1.119488048553466797e+01 -6.880716085433959961e-01 6.990010070800781250e+01
-1.484532165527343750e+01 -8.352763652801513672e-01 7.159493255615234375e+01
-1.465279579162597656e+01 -8.493639230728149414e-01 6.990001678466796875e+01
-1.382060718536376953e+01 -8.673463463783264160e-01 7.133861541748046875e+01
-1.792585372924804688e+01 -9.662530422210693359e-01 7.133468627929687500e+01
-1.358692264556884766e+01 -9.261005520820617676e-01 6.990006256103515625e+01
-1.443805885314941406e+01 -8.596956729888916016e-01 7.090000915527343750e+01
-1.542355155944824219e+01 -9.878634810447692871e-01 6.989998626708984375e+01
-1.443805885314941406e+01 -8.596956729888916016e-01 7.090000915527343750e+01
-1.429854393005371094e+01 -1.014461517333984375e+00 6.990003204345703125e+01
-1.443805885314941406e+01 -8.596956729888916016e-01 7.090000915527343750e+01
-1.878376388549804688e+01 -1.731724262237548828e+00 6.990007019042968750e+01
-1.267318534851074219e+01 -1.299991726875305176e+00 6.990010070800781250e+01
-1.443805885314941406e+01 -8.596956729888916016e-01 7.090000915527343750e+01
-1.489417648315429688e+01 -1.146544933319091797e+00 6.990000915527343750e+01
-1.443805885314941406e+01 -8.596956729888916016e-01 7.090000915527343750e+01
-1.443805885314941406e+01 -8.596956729888916016e-01 7.090000915527343750e+01
-1.390626811981201172e+01 -1.233118414878845215e+00 6.990005493164062500e+01
-1.443805885314941406e+01 -8.596956729888916016e-01 7.090000915527343750e+01
-1.597676753997802734e+01 -1.553265452384948730e+00 6.989998626708984375e+01
-8.444400787353515625e+00 -3.308140516281127930e+00 6.990002441406250000e+01
-1.443805885314941406e+01 -8.596956729888916016e-01 7.090000915527343750e+01
-1.451599502563476562e+01 -1.316060304641723633e+00 6.990003204345703125e+01
-1.443805885314941406e+01 -8.596956729888916016e-01 7.090000915527343750e+01
-2.879678726196289062e+01 -8.187452316284179688e+00 7.075991058349609375e+01
-1.332492256164550781e+01 -1.666818261146545410e+00 6.990008544921875000e+01
-1.443805885314941406e+01 -8.596956729888916016e-01 7.090000915527343750e+01
-1.518936347961425781e+01 -1.611467599868774414e+00 6.990000915527343750e+01
-1.443805885314941406e+01 -8.596956729888916016e-01 7.090000915527343750e+01
-1.443805885314941406e+01 -8.596956729888916016e-01 7.090000915527343750e+01
-1.415876007080078125e+01 -1.590806126594543457e+00 6.990004730224609375e+01
-1.443805885314941406e+01 -8.596956729888916016e-01 7.090000915527343750e+01
-1.709542655944824219e+01 -3.080889701843261719e+00 6.990005493164062500e+01
-1.194702911376953125e+01 -3.074071645736694336e+00 6.990007781982421875e+01
-1.443805885314941406e+01 -8.596956729888916016e-01 7.090000915527343750e+01
-1.474102878570556641e+01 -1.820217609405517578e+00 6.990003204345703125e+01
-1.443805885314941406e+01 -8.596956729888916016e-01 7.090000915527343750e+01
-1.775274276733398438e+01 -4.344967365264892578e+00 7.159490203857421875e+01
-1.372038936614990234e+01 -2.203282833099365234e+00 6.990007781982421875e+01
-1.443805885314941406e+01 -8.596956729888916016e-01 7.090000915527343750e+01
-1.560132789611816406e+01 -2.757921218872070312e+00 6.990003204345703125e+01
-4.093373775482177734e+00 -1.456333351135253906e+01 7.057328796386718750e+01
-1.443805885314941406e+01 -8.596956729888916016e-01 7.090000915527343750e+01
-1.438203811645507812e+01 -2.400129556655883789e+00 6.990005493164062500e+01
-1.443805885314941406e+01 -8.596956729888916016e-01 7.090000915527343750e+01
-2.135837936401367188e+01 -1.373582839965820312e+01 6.990005493164062500e+01
-1.297045135498046875e+01 -4.505011558532714844e+00 6.989999389648437500e+01
-1.443805885314941406e+01 -8.596956729888916016e-01 7.090000915527343750e+01
-1.499816513061523438e+01 -4.000147342681884766e+00 6.990005493164062500e+01
-1.443805885314941406e+01 -8.596956729888916016e-01 7.090000915527343750e+01
-1.443805885314941406e+01 -8.596956729888916016e-01 7.090000915527343750e+01
-1.443805885314941406e+01 -1.460970211029052734e+01 7.090000915527343750e+01
