-2.608038330078125000e+01 1.474541282653808594e+01 7.090018463134765625e+01
-2.729790306091308594e+01 1.466801071166992188e+01 7.201553344726562500e+01
-2.599261093139648438e+01 1.000234413146972656e+01 6.990007019042968750e+01
-2.497278022766113281e+01 1.156651496887207031e+01 7.234485626220703125e+01
-2.608052062988281250e+01 6.578865528106689453e+00 7.090016174316406250e+01
-2.295566177368164062e+01 1.418015480041503906e+01 6.891249084472656250e+01
-2.646874427795410156e+01 9.333383560180664062e+00 7.234487152099609375e+01
-2.608094406127929688e+01 6.580576896667480469e+00 7.089910888671875000e+01
-2.212432670593261719e+01 1.305638790130615234e+01 7.234493255615234375e+01
-2.882055091857910156e+01 1.079701328277587891e+01 7.203128814697265625e+01
-2.561231422424316406e+01 8.040732383728027344e+00 6.989994812011718750e+01
-2.562725257873535156e+01 8.452079772949218750e+00 7.234483337402343750e+01
-2.608139991760253906e+01 6.579904079437255859e+00 7.089959716796875000e+01
-2.153079795837402344e+01 1.166356945037841797e+01 6.989997100830078125e+01
-2.709604072570800781e+01 8.395883560180664062e+00 7.234485626220703125e+01
-2.621000289916992188e+01 7.558854579925537109e+00 6.989991760253906250e+01
-2.436622619628906250e+01 8.639332771301269531e+00 7.234487915039062500e+01
-2.888064765930175781e+01 9.018159866333007812e+00 7.101598358154296875e+01
-2.507520484924316406e+01 7.748398303985595703e+00 6.989989471435546875e+01
-2.614718246459960938e+01 7.709871292114257812e+00 7.234478759765625000e+01
-2.608213996887207031e+01 6.580575466156005859e+00 7.089807891845703125e+01
-1.534317684173583984e+01 1.420767211914062500e+01 7.234486389160156250e+01
-2.815679168701171875e+01 8.268671989440917969e+00 7.234489440917968750e+01
-2.585536956787109375e+01 7.228352069854736328e+00 6.989997100830078125e+01
-2.525256156921386719e+01 7.579292774200439453e+00 7.234484863281250000e+01
-2.608211517333984375e+01 6.579575538635253906e+00 7.089963531494140625e+01
-2.391569900512695312e+01 7.864799499511718750e+00 6.990004730224609375e+01
-2.668496513366699219e+01 7.377699375152587891e+00 7.234480285644531250e+01
-2.608173751831054688e+01 6.580469608306884766e+00 7.089641571044921875e+01
-2.333140182495117188e+01 7.991537570953369141e+00 7.234497070312500000e+01
-2.885893249511718750e+01 7.810097694396972656e+00 7.163259887695312500e+01
-2.543735885620117188e+01 7.057608604431152344e+00 6.990013122558593750e+01
-2.583210563659667969e+01 7.132541179656982422e+00 7.234484100341796875e+01
-2.608368873596191406e+01 6.580018520355224609e+00 7.089762115478515625e+01
-1.400875759124755859e+01 1.057234382629394531e+01 6.990007781982421875e+01
-2.741683578491210938e+01 7.181483745574951172e+00 7.234484863281250000e+01
-2.607550430297851562e+01 6.862055301666259766e+00 6.990004730224609375e+01
-2.606784248352050781e+01 6.583411693572998047e+00 7.091400909423828125e+01
-2.608172798156738281e+01 6.578862667083740234e+00 7.090006256103515625e+01
-2.600232124328613281e+01 6.599812030792236328e+00 7.084093475341796875e+01
-2.634319686889648438e+01 6.865684986114501953e+00 7.234483337402343750e+01
-2.608314132690429688e+01 6.579442977905273438e+00 7.089579772949218750e+01
-2.606740188598632812e+01 6.580603599548339844e+00 7.090373992919921875e+01
-2.872905731201171875e+01 6.972885608673095703e+00 7.225943756103515625e+01
-2.570960617065429688e+01 6.697793006896972656e+00 6.990007781982421875e+01
-2.605419921875000000e+01 6.584879875183105469e+00 7.096450805664062500e+01
-2.608626937866210938e+01 6.579001903533935547e+00 7.089739227294921875e+01
-2.585217666625976562e+01 6.590616703033447266e+00 7.082982635498046875e+01
-2.692705535888671875e+01 6.629306316375732422e+00 7.234487915039062500e+01
-2.608148193359375000e+01 6.578593254089355469e+00 7.089506530761718750e+01
-2.580720901489257812e+01 6.575155735015869141e+00 7.109423065185546875e+01
-2.887041282653808594e+01 6.493300914764404297e+00 7.124790191650390625e+01
-2.571737098693847656e+01 6.550218582153320312e+00 7.047370147705078125e+01
-2.605504989624023438e+01 6.529264926910400391e+00 7.159487152099609375e+01
-2.608519363403320312e+01 6.577914714813232422e+00 7.089530181884765625e+01
-2.608038330078125000e+01 6.578540325164794922e+00 7.090018463134765625e+01
-2.608161354064941406e+01 6.578329086303710938e+00 7.090119934082031250e+01
-2.608038330078125000e+01 6.578540325164794922e+00 7.090018463134765625e+01
-2.560206794738769531e+01 6.431528568267822266e+00 7.159484863281250000e+01
-2.608137512207031250e+01 6.578341007232666016e+00 7.089995574951171875e+01
-2.551879882812500000e+01 6.438437938690185547e+00 7.058201599121093750e+01
-2.630576515197753906e+01 6.404081344604492188e+00 7.159492492675781250e+01
-2.635656547546386719e+01 6.404851436614990234e+00 7.029467773437500000e+01
-2.547404098510742188e+01 6.391829967498779297e+00 7.115742492675781250e+01
-2.608148002624511719e+01 6.578183650970458984e+00 7.090057373046875000e+01
-2.533951950073242188e+01 6.058307170867919922e+00 6.950709533691406250e+01
-2.590104484558105469e+01 6.325089931488037109e+00 7.159425354003906250e+01
-2.625366592407226562e+01 6.500433444976806641e+00 7.078756713867187500e+01
-2.540866088867187500e+01 6.304138183593750000e+00 7.078811645507812500e+01
-2.640229034423828125e+01 6.354621410369873047e+00 7.131167602539062500e+01
-2.624717140197753906e+01 5.601900577545166016e+00 6.876018524169921875e+01
-2.533664703369140625e+01 6.087763786315917969e+00 7.159497070312500000e+01
-2.628405570983886719e+01 6.474598884582519531e+00 7.089820098876953125e+01
-2.533059692382812500e+01 6.034878730773925781e+00 7.022665405273437500e+01
-2.614819526672363281e+01 6.180906772613525391e+00 7.159495544433593750e+01
-2.650314712524414062e+01 6.155514240264892578e+00 7.033747863769531250e+01
-2.533718299865722656e+01 6.099313259124755859e+00 7.103913879394531250e+01
-2.643701553344726562e+01 6.297858238220214844e+00 7.112218475341796875e+01
-2.565724945068359375e+01 5.470918655395507812e+00 6.938526153564453125e+01
-2.573081779479980469e+01 6.004864215850830078e+00 7.158961486816406250e+01
-2.646482276916503906e+01 6.257201194763183594e+00 7.075552368164062500e+01
-2.533593940734863281e+01 5.916773796081542969e+00 7.060135650634765625e+01
-2.641378593444824219e+01 5.907773494720458984e+00 7.159490966796875000e+01
-2.638285827636718750e+01 5.619591712951660156e+00 6.990184020996093750e+01
-2.490805244445800781e+01 5.254061698913574219e+00 7.159494018554687500e+01
-2.650391960144042969e+01 6.133207798004150391e+00 7.098897552490234375e+01
-2.553272819519042969e+01 5.553247928619384766e+00 7.013713836669921875e+01
-2.599776649475097656e+01 5.771629810333251953e+00 7.159051513671875000e+01
-2.650871658325195312e+01 5.879585266113281250e+00 7.053197479248046875e+01
-2.541136741638183594e+01 5.692293643951416016e+00 7.087905120849609375e+01
-2.648004531860351562e+01 5.783867835998535156e+00 7.129021453857421875e+01
-2.603797912597656250e+01 5.412539482116699219e+00 7.014328765869140625e+01
-2.551203727722167969e+01 5.075308799743652344e+00 7.159491729736328125e+01
-2.649337005615234375e+01 5.810127735137939453e+00 7.084050750732421875e+01
-2.563699531555175781e+01 5.477229595184326172e+00 7.059806060791015625e+01
-2.618974113464355469e+01 5.463857173919677734e+00 7.136505889892578125e+01
-2.627003097534179688e+01 5.515213012695312500e+00 7.056160736083984375e+01
-2.569849586486816406e+01 5.207188606262207031e+00 7.102613830566406250e+01
-2.627726173400878906e+01 5.520725250244140625e+00 7.098883056640625000e+01
-2.608038330078125000e+01 5.424166202545166016e+00 7.090018463134765625e+01
