-1.792585945129394531e+01 5.533802986145019531e+00 7.090010833740234375e+01
-1.937094879150390625e+01 1.457528305053710938e+01 7.222393035888671875e+01
-1.785396575927734375e+01 7.778219223022460938e+00 7.008091735839843750e+01
-1.752585792541503906e+01 6.775159358978271484e+00 7.142183685302734375e+01
-2.203781318664550781e+01 1.472050094604492188e+01 7.017276000976562500e+01
-1.635375976562500000e+01 8.798292160034179688e+00 6.990007019042968750e+01
-1.831428527832031250e+01 7.729090690612792969e+00 7.234503173828125000e+01
-1.844449996948242188e+01 6.858308315277099609e+00 6.990149688720703125e+01
-1.752585411071777344e+01 5.628784179687500000e+00 7.104618835449218750e+01
-2.142597770690917969e+01 1.036220645904541016e+01 7.234490966796875000e+01
-1.745787429809570312e+01 6.435724735260009766e+00 6.990004730224609375e+01
-1.770796012878417969e+01 5.874736785888671875e+00 7.159481048583984375e+01
-1.965147781372070312e+01 7.288542747497558594e+00 6.990007781982421875e+01
-1.337715148925781250e+01 1.005784225463867188e+01 6.990008544921875000e+01
-1.894170570373535156e+01 6.791472911834716797e+00 7.234504699707031250e+01
-1.805545616149902344e+01 5.953938484191894531e+00 6.990001678466796875e+01
-1.752585411071777344e+01 5.454688072204589844e+00 7.123723602294921875e+01
-2.874712562561035156e+01 1.440139198303222656e+01 7.134760284423828125e+01
-1.692084503173828125e+01 6.143460750579833984e+00 6.989998626708984375e+01
-1.799267387390136719e+01 6.105385780334472656e+00 7.234503936767578125e+01
-1.876036643981933594e+01 5.940428733825683594e+00 6.990009307861328125e+01
-1.752585792541503906e+01 5.258008480072021484e+00 7.095392608642578125e+01
-2.000259780883789062e+01 6.664194107055664062e+00 7.234504699707031250e+01
-1.770082855224609375e+01 5.623655796051025391e+00 6.989981842041015625e+01
-1.752778434753417969e+01 5.455026149749755859e+00 7.159480285644531250e+01
-2.106047058105468750e+01 6.847972393035888672e+00 6.990008544921875000e+01
-1.576121520996093750e+01 6.260028839111328125e+00 6.989998626708984375e+01
-1.853057479858398438e+01 5.773129463195800781e+00 7.234504699707031250e+01
-1.828555870056152344e+01 5.486269474029541016e+00 6.990005493164062500e+01
-1.752585411071777344e+01 5.179399490356445312e+00 7.111033630371093750e+01
-2.340731048583984375e+01 7.403378009796142578e+00 7.234500122070312500e+01
-1.728286552429199219e+01 5.452839374542236328e+00 6.990010070800781250e+01
-1.780645751953125000e+01 5.240226268768310547e+00 7.159487915039062500e+01
-1.921710968017578125e+01 5.551219940185546875e+00 6.990009307861328125e+01
-5.855006694793701172e+00 8.967341423034667969e+00 6.990006256103515625e+01
-1.926256370544433594e+01 5.576851367950439453e+00 7.234504699707031250e+01
-1.792098045349121094e+01 5.257350921630859375e+00 6.989982604980468750e+01
-1.752634620666503906e+01 5.128978729248046875e+00 7.134051513671875000e+01
-2.871541786193847656e+01 7.562018871307373047e+00 6.990013122558593750e+01
-1.660814285278320312e+01 5.332869052886962891e+00 6.990000915527343750e+01
-1.818872451782226562e+01 5.260995388031005859e+00 7.234504699707031250e+01
-1.855518150329589844e+01 5.179752826690673828e+00 6.990005493164062500e+01
-1.752584838867187500e+01 5.037370204925537109e+00 7.100973510742187500e+01
-2.074150466918945312e+01 5.392998695373535156e+00 7.234504699707031250e+01
-1.755511856079101562e+01 5.093035221099853516e+00 6.990009307861328125e+01
-1.764300537109375000e+01 5.042276859283447266e+00 7.159493255615234375e+01
-2.003589439392089844e+01 5.139309406280517578e+00 6.990012359619140625e+01
-1.470129394531250000e+01 5.144433021545410156e+00 6.990593719482421875e+01
-1.877267265319824219e+01 5.024568557739257812e+00 7.234504699707031250e+01
-1.814060592651367188e+01 4.984126091003417969e+00 6.990007019042968750e+01
-1.752584075927734375e+01 4.968837261199951172e+00 7.118426513671875000e+01
-2.879916572570800781e+01 4.641598224639892578e+00 7.225522613525390625e+01
-1.707469177246093750e+01 4.907386779785156250e+00 6.990012359619140625e+01
-1.790052032470703125e+01 4.924509525299072266e+00 7.159492492675781250e+01
-1.891135597229003906e+01 4.845625400543212891e+00 6.990008544921875000e+01
-1.792585945129394531e+01 4.973793983459472656e+00 7.090010833740234375e+01
-1.967462348937988281e+01 4.673312187194824219e+00 7.234502410888671875e+01
-1.778633880615234375e+01 4.819021224975585938e+00 6.990008544921875000e+01
-1.752583503723144531e+01 4.850845336914062500e+00 7.148106384277343750e+01
-2.227192687988281250e+01 4.101692676544189453e+00 6.990008544921875000e+01
-1.616072082519531250e+01 4.533432006835937500e+00 6.990005493164062500e+01
-1.792586517333984375e+01 4.973789215087890625e+00 7.090012359619140625e+01
-1.838199996948242188e+01 4.686929702758789062e+00 6.990006256103515625e+01
-1.752583503723144531e+01 4.850614547729492188e+00 7.106981658935546875e+01
-2.200504684448242188e+01 3.647989988327026367e+00 7.234487152099609375e+01
-1.739404678344726562e+01 4.600356101989746094e+00 6.990010833740234375e+01
-1.774633979797363281e+01 4.720087051391601562e+00 7.159487915039062500e+01
-1.946453475952148438e+01 4.280239582061767578e+00 6.990010833740234375e+01
-1.193140411376953125e+01 2.525023460388183594e+00 6.989998626708984375e+01
-1.905617523193359375e+01 4.187543392181396484e+00 7.234498596191406250e+01
-1.800379943847656250e+01 4.517407894134521484e+00 6.990008544921875000e+01
-1.752582931518554688e+01 4.709821701049804688e+00 7.127381134033203125e+01
-2.883542251586914062e+01 -5.937337279319763184e-01 7.079366302490234375e+01
-1.681268310546875000e+01 4.166642189025878906e+00 6.990014648437500000e+01
-1.792597007751464844e+01 4.973145961761474609e+00 7.090123748779296875e+01
-1.867718696594238281e+01 4.221998691558837891e+00 6.990007781982421875e+01
-1.752582740783691406e+01 4.715846538543701172e+00 7.097489929199218750e+01
-1.792609786987304688e+01 4.973607063293457031e+00 7.090025329589843750e+01
-1.764654731750488281e+01 4.242650985717773438e+00 6.990010070800781250e+01
-1.757360267639160156e+01 4.395701885223388672e+00 7.159484863281250000e+01
-2.058317565917968750e+01 2.752643346786499023e+00 6.990016937255859375e+01
-1.543457889556884766e+01 2.759194850921630859e+00 6.990007781982421875e+01
-1.792647743225097656e+01 4.972549438476562500e+00 7.090139770507812500e+01
-1.822884559631347656e+01 4.013223171234130859e+00 6.990007781982421875e+01
-1.752582359313964844e+01 4.521841526031494141e+00 7.113718414306640625e+01
-2.104938507080078125e+01 1.689517974853515625e+00 7.155492401123046875e+01
-1.720815277099609375e+01 3.630136966705322266e+00 6.990012359619140625e+01
-1.784271621704101562e+01 4.161745071411132812e+00 7.159483337402343750e+01
-1.908916091918945312e+01 3.075516223907470703e+00 6.990010070800781250e+01
-3.161252737045288086e+00 -1.458492851257324219e+01 7.043379211425781250e+01
-1.940633010864257812e+01 2.030085802078247070e+00 7.234490203857421875e+01
-1.786983489990234375e+01 3.433244705200195312e+00 6.990007781982421875e+01
-1.752583312988281250e+01 3.915756464004516602e+00 7.138909149169921875e+01
-2.484710884094238281e+01 -7.904066085815429688e+00 6.990002441406250000e+01
-1.645813369750976562e+01 1.328183770179748535e+00 6.990000915527343750e+01
-1.792619132995605469e+01 4.970419883728027344e+00 7.090151214599609375e+01
-1.848601341247558594e+01 1.833080410957336426e+00 6.990007019042968750e+01
-1.752586364746093750e+01 3.537414073944091797e+00 7.103202819824218750e+01
-1.877707481384277344e+01 4.002823531627655029e-01 7.128335571289062500e+01
-1.792585945129394531e+01 4.969676971435546875e+00 7.090010833740234375e+01
