2.070448493957519531e+01 1.457624721527099609e+01 7.090003967285156250e+01
2.050404167175292969e+01 1.368518769741058350e-01 7.108366394042968750e+01
2.079224205017089844e+01 2.228309869766235352e+00 6.990008544921875000e+01
2.091006278991699219e+01 -2.691303789615631104e-01 7.116818237304687500e+01
1.505146980285644531e+01 1.220460605621337891e+01 6.990010070800781250e+01
2.227667427062988281e+01 2.629788160324096680e+00 6.989994049072265625e+01
2.051881790161132812e+01 1.221017241477966309e-01 7.159071350097656250e+01
2.018511772155761719e+01 6.922246813774108887e-01 6.990002441406250000e+01
2.113344383239746094e+01 -4.925328791141510010e-01 7.105669403076171875e+01
1.966827201843261719e+01 4.003120064735412598e-01 7.132777404785156250e+01
2.117245483398437500e+01 2.669475078582763672e-01 6.990001678466796875e+01
2.092242431640625000e+01 -2.938306033611297607e-01 7.159486389160156250e+01
1.897887229919433594e+01 1.119808435440063477e+00 6.990000915527343750e+01
2.525255393981933594e+01 3.888400793075561523e+00 6.990016174316406250e+01
2.021602439880371094e+01 -3.209185600280761719e-01 7.159482574462890625e+01
2.057489967346191406e+01 -2.148789912462234497e-01 6.990003967285156250e+01
2.121820259094238281e+01 -5.773308277130126953e-01 7.133300018310546875e+01
1.887342453002929688e+01 4.003067314624786377e-01 7.097576141357421875e+01
2.170940017700195312e+01 -2.538008429110050201e-02 6.990001678466796875e+01
2.067235183715820312e+01 -6.507066488265991211e-01 7.159496307373046875e+01
1.986998367309570312e+01 -2.283036559820175171e-01 6.990003204345703125e+01
2.136588478088378906e+01 -7.249856591224670410e-01 7.098902893066406250e+01
1.970594596862792969e+01 -3.821524679660797119e-01 7.159479522705078125e+01
2.092944717407226562e+01 -5.452703833580017090e-01 6.990006256103515625e+01
2.110264396667480469e+01 -7.135977745056152344e-01 7.159487915039062500e+01
1.756978988647460938e+01 6.792974472045898438e-01 6.989998626708984375e+01
2.286898040771484375e+01 9.121503680944442749e-02 6.989998626708984375e+01
2.041364097595214844e+01 -8.104835152626037598e-01 7.159499359130859375e+01
2.034481430053710938e+01 -6.824977397918701172e-01 6.990006256103515625e+01
2.145174598693847656e+01 -8.108342885971069336e-01 7.129277801513671875e+01
1.806834411621093750e+01 -2.649519219994544983e-02 7.159491729736328125e+01
2.134746360778808594e+01 -7.158988714218139648e-01 6.990006256103515625e+01
2.082390403747558594e+01 -9.284623265266418457e-01 7.159490966796875000e+01
1.941325950622558594e+01 -6.175175905227661133e-01 6.990003967285156250e+01
2.892593193054199219e+01 1.525070071220397949e+00 7.021891021728515625e+01
2.070448493957519531e+01 -1.194931864738464355e+00 7.090003967285156250e+01
2.070936393737792969e+01 -9.114673733711242676e-01 6.990008544921875000e+01
2.133476829528808594e+01 -9.501081705093383789e-01 7.159483337402343750e+01
9.913617134094238281e+00 1.393607258796691895e+00 6.989994812011718750e+01
2.202204895019531250e+01 -8.358981609344482422e-01 6.990005493164062500e+01
2.057806968688964844e+01 -1.056812763214111328e+00 7.159493255615234375e+01
2.007522010803222656e+01 -9.889919757843017578e-01 6.990007781982421875e+01
2.168068504333496094e+01 -1.039777517318725586e+00 7.116757202148437500e+01
2.070448493957519531e+01 -1.194931864738464355e+00 7.090003967285156250e+01
2.107520484924316406e+01 -1.075698018074035645e+00 6.990008544921875000e+01
2.098734474182128906e+01 -1.126447558403015137e+00 7.159487915039062500e+01
1.859445762634277344e+01 -1.029417276382446289e+00 6.990005493164062500e+01
2.394806671142578125e+01 -1.023286342620849609e+00 6.990000915527343750e+01
2.070448493957519531e+01 -1.194931864738464355e+00 7.090003967285156250e+01
2.048975753784179688e+01 -1.184600591659545898e+00 6.990009307861328125e+01
2.168275070190429688e+01 -1.207053303718566895e+00 7.159495544433593750e+01
1.767485809326171875e+01 -1.287491440773010254e+00 7.127761840820312500e+01
2.155562210083007812e+01 -1.261336803436279297e+00 6.990008544921875000e+01
2.070618629455566406e+01 -1.198242187500000000e+00 7.094670867919921875e+01
1.971906280517578125e+01 -1.323090553283691406e+00 6.990009307861328125e+01
2.197844314575195312e+01 -1.337550640106201172e+00 7.096517944335937500e+01
2.070448493957519531e+01 -1.194931864738464355e+00 7.090003967285156250e+01
2.084399414062500000e+01 -1.349690914154052734e+00 6.990010833740234375e+01
2.118292045593261719e+01 -1.341980576515197754e+00 7.159487915039062500e+01
1.635812568664550781e+01 -2.067091464996337891e+00 6.989995574951171875e+01
2.246942329406738281e+01 -1.635244011878967285e+00 6.990009307861328125e+01
2.070448493957519531e+01 -1.194931864738464355e+00 7.090003967285156250e+01
2.024839591979980469e+01 -1.481762528419494629e+00 6.990010833740234375e+01
2.233916473388671875e+01 -1.698297977447509766e+00 7.159355163574218750e+01
2.070448493957519531e+01 -1.194931864738464355e+00 7.090003967285156250e+01
2.123625946044921875e+01 -1.568343520164489746e+00 6.990011596679687500e+01
2.070469284057617188e+01 -1.195226073265075684e+00 7.090084838867187500e+01
1.916587448120117188e+01 -1.888457179069519043e+00 6.990008544921875000e+01
2.879265975952148438e+01 -4.498998641967773438e+00 6.955059814453125000e+01
2.070448493957519531e+01 -1.194931864738464355e+00 7.090003967285156250e+01
2.062655258178710938e+01 -1.651267647743225098e+00 6.990012359619140625e+01
2.144824981689453125e+01 -1.685728073120117188e+00 7.159485626220703125e+01
-5.540862083435058594e+00 -1.458884143829345703e+01 7.064396667480468750e+01
2.181762123107910156e+01 -2.002054452896118164e+00 6.990011596679687500e+01
2.070407867431640625e+01 -1.197318077087402344e+00 7.090420532226562500e+01
1.995323371887207031e+01 -1.946649789810180664e+00 6.990010833740234375e+01
2.388978385925292969e+01 -3.248864650726318359e+00 7.149558258056640625e+01
2.070448493957519531e+01 -1.194931864738464355e+00 7.090003967285156250e+01
2.098376846313476562e+01 -1.926003575325012207e+00 6.990013122558593750e+01
2.070515441894531250e+01 -1.196029424667358398e+00 7.090135955810546875e+01
1.804702186584472656e+01 -3.416205406188964844e+00 6.990004730224609375e+01
2.319539070129394531e+01 -3.409197330474853516e+00 6.990016174316406250e+01
2.070388603210449219e+01 -1.196135878562927246e+00 7.090128326416015625e+01
2.040153503417968750e+01 -2.155389070510864258e+00 6.990013122558593750e+01
2.070671463012695312e+01 -1.197450399398803711e+00 7.090135955810546875e+01
2.070441055297851562e+01 -1.195010781288146973e+00 7.090005493164062500e+01
2.142216873168945312e+01 -2.538546323776245117e+00 6.990008544921875000e+01
2.070455169677734375e+01 -1.195591926574707031e+00 7.090060424804687500e+01
1.954124641418457031e+01 -3.093107223510742188e+00 6.990008544921875000e+01
2.851576042175292969e+01 -1.154255485534667969e+01 7.065333557128906250e+01
2.070389366149902344e+01 -1.196107745170593262e+00 7.090061950683593750e+01
2.076050567626953125e+01 -2.735363960266113281e+00 6.990008544921875000e+01
2.070582389831542969e+01 -1.198472738265991211e+00 7.090167236328125000e+01
1.378397274017333984e+01 -1.407142162322998047e+01 6.990006256103515625e+01
2.217206573486328125e+01 -4.840179443359375000e+00 6.990003967285156250e+01
2.070422744750976562e+01 -1.197562694549560547e+00 7.090113830566406250e+01
2.014432525634765625e+01 -4.335678100585937500e+00 6.989999389648437500e+01
2.070545768737792969e+01 -1.198421597480773926e+00 7.090036010742187500e+01
2.070405387878417969e+01 -1.197247505187988281e+00 7.090023040771484375e+01
2.070448493957519531e+01 -1.197874426841735840e+00 7.090003967285156250e+01
