2.230943298339843750e+01 1.457960414886474609e+01 7.090002441406250000e+01
2.230943298339843750e+01 -1.668522596359252930e+00 7.090002441406250000e+01
2.239720153808593750e+01 1.755146503448486328e+00 6.989994812011718750e+01
2.230943298339843750e+01 -1.668522596359252930e+00 7.090002441406250000e+01
1.826887321472167969e+01 7.908957004547119141e+00 7.018530273437500000e+01
2.388163757324218750e+01 2.156230211257934570e+00 6.989991760253906250e+01
2.230943298339843750e+01 -1.668522596359252930e+00 7.090002441406250000e+01
2.179006004333496094e+01 2.186497449874877930e-01 6.990000152587890625e+01
2.230943298339843750e+01 -1.668522596359252930e+00 7.090002441406250000e+01
2.230943298339843750e+01 -1.668522596359252930e+00 7.090002441406250000e+01
2.277740097045898438e+01 -2.066479027271270752e-01 6.990000152587890625e+01
2.230943298339843750e+01 -1.668522596359252930e+00 7.090002441406250000e+01
2.058389663696289062e+01 6.461157202720642090e-01 6.990003967285156250e+01
2.685787582397460938e+01 3.415229082107543945e+00 6.990006256103515625e+01
2.230943298339843750e+01 -1.668522596359252930e+00 7.090002441406250000e+01
2.217984962463378906e+01 -6.884872317314147949e-01 6.990003967285156250e+01
2.230943298339843750e+01 -1.668522596359252930e+00 7.090002441406250000e+01
1.993476295471191406e+01 4.003151059150695801e-01 7.099822235107421875e+01
2.331434249877929688e+01 -4.989780485630035400e-01 6.990000915527343750e+01
2.230943298339843750e+01 -1.668522596359252930e+00 7.090002441406250000e+01
2.147496986389160156e+01 -7.019377946853637695e-01 6.990005493164062500e+01
2.230943298339843750e+01 -1.668522596359252930e+00 7.090002441406250000e+01
2.131082344055175781e+01 -8.556851148605346680e-01 7.159483337402343750e+01
2.253439140319824219e+01 -1.018869400024414062e+00 6.990005493164062500e+01
2.230943298339843750e+01 -1.668522596359252930e+00 7.090002441406250000e+01
1.917485427856445312e+01 2.056371569633483887e-01 6.990000915527343750e+01
2.447398757934570312e+01 -3.823404312133789062e-01 6.989994812011718750e+01
2.230943298339843750e+01 -1.668522596359252930e+00 7.090002441406250000e+01
2.194977188110351562e+01 -1.156102657318115234e+00 6.990007781982421875e+01
2.230943298339843750e+01 -1.668522596359252930e+00 7.090002441406250000e+01
2.027728843688964844e+01 -7.677996158599853516e-01 7.143569183349609375e+01
2.295240211486816406e+01 -1.189496636390686035e+00 6.990006256103515625e+01
2.230943298339843750e+01 -1.668522596359252930e+00 7.090002441406250000e+01
2.101828765869140625e+01 -1.091144323348999023e+00 6.990009307861328125e+01
2.891166877746582031e+01 5.157757997512817383e-01 7.035304260253906250e+01
2.166659355163574219e+01 -1.378503561019897461e+00 7.159491729736328125e+01
2.231431198120117188e+01 -1.385062575340270996e+00 6.990008544921875000e+01
2.230943298339843750e+01 -1.668522596359252930e+00 7.090002441406250000e+01
1.153912734985351562e+01 9.150840640068054199e-01 6.990183258056640625e+01
2.362699699401855469e+01 -1.309489369392395020e+00 6.990003967285156250e+01
2.218302726745605469e+01 -1.530413031578063965e+00 7.159486389160156250e+01
2.168019294738769531e+01 -1.462590575218200684e+00 6.990010070800781250e+01
2.230943298339843750e+01 -1.668522596359252930e+00 7.090002441406250000e+01
2.098008155822753906e+01 -1.470603346824645996e+00 7.158222198486328125e+01
2.268014717102050781e+01 -1.549290537834167480e+00 6.990008544921875000e+01
2.230943298339843750e+01 -1.668522596359252930e+00 7.090002441406250000e+01
2.019954109191894531e+01 -1.503018617630004883e+00 6.990010833740234375e+01
2.555335807800292969e+01 -1.496858954429626465e+00 6.989988708496093750e+01
2.190220260620117188e+01 -1.644105195999145508e+00 7.159489440917968750e+01
2.209471130371093750e+01 -1.658191561698913574e+00 6.990010070800781250e+01
2.230943298339843750e+01 -1.668522596359252930e+00 7.090002441406250000e+01
2.121153831481933594e+01 -1.702064990997314453e+00 7.103684997558593750e+01
2.316055679321289062e+01 -1.734926581382751465e+00 6.990008544921875000e+01
2.233477592468261719e+01 -1.717814445495605469e+00 7.159494781494140625e+01
2.132406044006347656e+01 -1.796674728393554688e+00 6.990012359619140625e+01
2.230943298339843750e+01 -1.668522596359252930e+00 7.090002441406250000e+01
2.146840095520019531e+01 -1.813032984733581543e+00 7.159492492675781250e+01
2.244894027709960938e+01 -1.823279142379760742e+00 6.990010833740234375e+01
2.230943298339843750e+01 -1.668522596359252930e+00 7.090002441406250000e+01
1.796354293823242188e+01 -2.540588140487670898e+00 6.990004730224609375e+01
2.407447814941406250e+01 -2.108861207962036133e+00 6.990002441406250000e+01
2.208398818969726562e+01 -1.843030810356140137e+00 7.159496307373046875e+01
2.185335540771484375e+01 -1.955346226692199707e+00 6.990011596679687500e+01
2.230943298339843750e+01 -1.668522596359252930e+00 7.090002441406250000e+01
2.145555305480957031e+01 -1.946048021316528320e+00 7.120245361328125000e+01
2.284120941162109375e+01 -2.041935205459594727e+00 6.990009307861328125e+01
2.248897743225097656e+01 -1.922263979911804199e+00 7.159489440917968750e+01
2.077088546752929688e+01 -2.362019538879394531e+00 6.990010833740234375e+01
2.830272674560546875e+01 -4.116818428039550781e+00 6.990009307861328125e+01
2.176576805114746094e+01 -2.046696901321411133e+00 7.159498596191406250e+01
2.223150062561035156e+01 -2.124862432479858398e+00 6.990010070800781250e+01
2.230943298339843750e+01 -1.668522596359252930e+00 7.090002441406250000e+01
-2.987493515014648438e+00 -1.457842063903808594e+01 7.065320587158203125e+01
2.342254638671875000e+01 -2.475629091262817383e+00 6.990011596679687500e+01
2.224160957336425781e+01 -2.066220760345458984e+00 7.159490966796875000e+01
2.155817985534667969e+01 -2.420243024826049805e+00 6.990009307861328125e+01
2.230943298339843750e+01 -1.668522596359252930e+00 7.090002441406250000e+01
2.167632102966308594e+01 -2.166802883148193359e+00 7.129413604736328125e+01
2.258872413635253906e+01 -2.399614095687866211e+00 6.990009307861328125e+01
2.266174888610839844e+01 -2.246712684631347656e+00 7.159487915039062500e+01
1.965198326110839844e+01 -3.889785051345825195e+00 6.990003967285156250e+01
2.480050659179687500e+01 -3.882937908172607422e+00 6.990007781982421875e+01
2.197590446472167969e+01 -2.339541196823120117e+00 7.159500885009765625e+01
2.200647163391113281e+01 -2.629018306732177734e+00 6.990007019042968750e+01
2.348173713684082031e+01 -2.992972135543823242e+00 7.159476470947265625e+01
2.175793266296386719e+01 -2.248405933380126953e+00 7.101564025878906250e+01
2.302706527709960938e+01 -3.012041330337524414e+00 6.990014648437500000e+01
2.239259719848632812e+01 -2.480787515640258789e+00 7.159493255615234375e+01
2.114615821838378906e+01 -3.566758155822753906e+00 6.990003967285156250e+01
2.549044799804687500e+01 -5.882422447204589844e+00 7.079956054687500000e+01
2.193083763122558594e+01 -2.421306371688842773e+00 7.126949310302734375e+01
2.230946731567382812e+01 -1.669456601142883301e+00 7.089942169189453125e+01
2.287788391113281250e+01 -3.172033786773681641e+00 7.159488677978515625e+01
2.230915260314941406e+01 -1.669044971466064453e+00 7.089998626708984375e+01
2.377684211730957031e+01 -5.313344001770019531e+00 6.990014648437500000e+01
2.220835304260253906e+01 -2.698837995529174805e+00 7.132971191406250000e+01
2.230925178527832031e+01 -1.669536709785461426e+00 7.089970397949218750e+01
2.274608993530273438e+01 -3.236552953720092773e+00 7.104403686523437500e+01
2.213190269470214844e+01 -2.622378349304199219e+00 7.097995758056640625e+01
2.230943298339843750e+01 -1.898195266723632812e+00 7.090002441406250000e+01
