-3.317765712738037109e+00 1.458667087554931641e+01 7.089994812011718750e+01
-4.895011901855468750e+00 1.133989048004150391e+01 7.234483337402343750e+01
-3.230003118515014648e+00 4.283765316009521484e+00 6.989994049072265625e+01
-2.209978103637695312e+00 5.849124908447265625e+00 7.234486389160156250e+01
-9.130075454711914062e+00 1.463744544982910156e+01 6.987183380126953125e+01
-1.745673656463623047e+00 4.684804916381835938e+00 6.989990997314453125e+01
-3.706206560134887695e+00 3.615726709365844727e+00 7.234493255615234375e+01
-3.837137699127197266e+00 2.747494220733642578e+00 6.989992523193359375e+01
6.385126113891601562e-01 7.338534355163574219e+00 7.234477233886718750e+01
-6.818558216094970703e+00 6.249774456024169922e+00 7.234502410888671875e+01
-2.849783420562744141e+00 2.322242975234985352e+00 6.989989471435546875e+01
-2.864541292190551758e+00 2.734251737594604492e+00 7.234490203857421875e+01
-5.043181896209716797e+00 3.174799680709838867e+00 6.990003204345703125e+01
1.230287432670593262e+00 5.943639278411865234e+00 6.990007019042968750e+01
-4.333630561828613281e+00 2.678035736083984375e+00 7.234490966796875000e+01
-3.447355270385742188e+00 1.840410470962524414e+00 6.989991760253906250e+01
-1.603359341621398926e+00 2.921415567398071289e+00 7.234484863281250000e+01
-1.909330940246582031e+01 1.460413932800292969e+01 7.155231475830078125e+01
-2.312818765640258789e+00 2.029911994934082031e+00 6.989989471435546875e+01
-3.384580850601196289e+00 1.991917610168457031e+00 7.234488677978515625e+01
-4.152274131774902344e+00 1.826960206031799316e+00 6.989992523193359375e+01
7.421348094940185547e+00 8.490811347961425781e+00 7.234487915039062500e+01
-5.394546508789062500e+00 2.550758123397827148e+00 7.234491729736328125e+01
-3.092790365219116211e+00 1.510023117065429688e+00 6.989990997314453125e+01
-2.489791631698608398e+00 1.861259222030639648e+00 7.234487152099609375e+01
-6.451794624328613281e+00 2.734154224395751953e+00 6.990010833740234375e+01
-1.153306841850280762e+00 2.146448373794555664e+00 6.989990997314453125e+01
-3.922479867935180664e+00 1.659657835960388184e+00 7.234487915039062500e+01
-3.677453994750976562e+00 1.372782468795776367e+00 6.989992523193359375e+01
-5.686355829238891602e-01 2.273397445678710938e+00 7.234481048583984375e+01
-8.799701690673828125e+00 3.290122747421264648e+00 7.234497070312500000e+01
-2.674746274948120117e+00 1.339387416839599609e+00 6.989990234375000000e+01
-3.069442987442016602e+00 1.414425730705261230e+00 7.234486389160156250e+01
-4.605308532714843750e+00 1.436090946197509766e+00 6.990280151367187500e+01
8.751754760742187500e+00 4.853430271148681641e+00 6.990001678466796875e+01
-4.654467582702636719e+00 1.463379979133605957e+00 7.234488677978515625e+01
-3.312887191772460938e+00 1.143808841705322266e+00 6.989991760253906250e+01
-2.007017850875854492e+00 1.369463682174682617e+00 7.234485626220703125e+01
-1.403098201751708984e+01 3.430235385894775391e+00 6.990705108642578125e+01
-2.005668878555297852e+00 1.217867136001586914e+00 6.990411376953125000e+01
-3.580626964569091797e+00 1.147521018981933594e+00 7.234486389160156250e+01
-3.947062492370605469e+00 1.066273927688598633e+00 6.989993286132812500e+01
1.954359889030456543e+00 1.698259711265563965e+00 7.234481811523437500e+01
-6.133425235748291016e+00 1.279530286788940430e+00 7.234489440917968750e+01
-2.947015047073364258e+00 9.795673489570617676e-01 6.989990997314453125e+01
-2.729562759399414062e+00 1.002735257148742676e+00 7.234485626220703125e+01
-5.427805423736572266e+00 1.025838971138000488e+00 6.989996337890625000e+01
-7.433374971151351929e-02 1.031960964202880859e+00 6.989996337890625000e+01
-4.164568901062011719e+00 9.110974669456481934e-01 7.234487152099609375e+01
-3.532509326934814453e+00 8.706554770469665527e-01 6.989992523193359375e+01
-2.339425563812255859e+00 8.482010364532470703e-01 7.159491729736328125e+01
-8.893401145935058594e+00 6.899794340133666992e-01 7.159482574462890625e+01
-2.466552495956420898e+00 7.939125299453735352e-01 6.989990997314453125e+01
-3.292428255081176758e+00 8.110401630401611328e-01 7.159474945068359375e+01
-4.303242206573486328e+00 7.321577072143554688e-01 6.989994049072265625e+01
2.553566992282867432e-01 4.603143334388732910e-01 7.108264160156250000e+01
-4.158838748931884766e+00 7.158058285713195801e-01 7.159488677978515625e+01
-3.178243160247802734e+00 7.055494189262390137e-01 6.989991760253906250e+01
-2.839250802993774414e+00 7.132504582405090332e-01 7.159490203857421875e+01
-3.317766189575195312e+00 8.603233098983764648e-01 7.089994812011718750e+01
-3.317765474319458008e+00 8.603233695030212402e-01 7.089994812011718750e+01
-3.543190717697143555e+00 6.858308911323547363e-01 7.159482574462890625e+01
-3.317765712738037109e+00 8.603233695030212402e-01 7.089994812011718750e+01
-2.018698930740356445e+00 4.603025019168853760e-01 7.145108032226562500e+01
-4.548518657684326172e+00 4.603080153465270996e-01 7.133585357666015625e+01
-3.317765712738037109e+00 8.603233695030212402e-01 7.089994812011718750e+01
-3.138222217559814453e+00 6.065832376480102539e-01 7.159481048583984375e+01
-3.317765951156616211e+00 8.603233695030212402e-01 7.089994812011718750e+01
-3.317764997482299805e+00 8.603231906890869141e-01 7.089994812011718750e+01
-3.861422300338745117e+00 4.821545183658599854e-01 7.159490203857421875e+01
-3.317765712738037109e+00 8.603233695030212402e-01 7.089994812011718750e+01
-2.711585283279418945e+00 4.603167474269866943e-01 7.146623229980468750e+01
-3.318659782409667969e+00 8.598671555519104004e-01 7.089994049072265625e+01
-3.317765474319458008e+00 8.603233098983764648e-01 7.089994812011718750e+01
-3.385596513748168945e+00 4.625765979290008545e-01 7.159491729736328125e+01
-3.317765712738037109e+00 8.603233695030212402e-01 7.089994812011718750e+01
-2.697409868240356445e+00 4.603078067302703857e-01 7.101593017578125000e+01
-3.826037406921386719e+00 4.602968096733093262e-01 7.121634674072265625e+01
-3.317765712738037109e+00 8.603233695030212402e-01 7.089994812011718750e+01
-3.074002504348754883e+00 4.602816104888916016e-01 7.138070678710937500e+01
-3.317768573760986328e+00 8.603210449218750000e-01 7.089994812011718750e+01
-3.317763090133666992e+00 8.603211045265197754e-01 7.089994812011718750e+01
-3.516597509384155273e+00 4.602970778942108154e-01 7.131426239013671875e+01
-3.317765712738037109e+00 8.603233098983764648e-01 7.089994812011718750e+01
-2.963688850402832031e+00 4.602933824062347412e-01 7.110978698730468750e+01
-3.698216676712036133e+00 4.602927863597869873e-01 7.097970581054687500e+01
-3.317765474319458008e+00 8.603231310844421387e-01 7.089994812011718750e+01
-3.276807308197021484e+00 4.602845311164855957e-01 7.124218750000000000e+01
-3.317766189575195312e+00 8.603225946426391602e-01 7.089994812011718750e+01
-3.317489147186279297e+00 8.599570393562316895e-01 7.089994049072265625e+01
-3.518953084945678711e+00 4.602903127670288086e-01 7.109629058837890625e+01
-3.317765712738037109e+00 8.603230118751525879e-01 7.089994812011718750e+01
-3.166518926620483398e+00 4.602867066860198975e-01 7.108483123779296875e+01
-3.317826032638549805e+00 8.602111339569091797e-01 7.089994049072265625e+01
-3.317752838134765625e+00 8.602916598320007324e-01 7.089994049072265625e+01
-3.357011556625366211e+00 4.602876603603363037e-01 7.106678009033203125e+01
-3.317770481109619141e+00 8.602960705757141113e-01 7.089994049072265625e+01
-3.206366300582885742e+00 4.602892398834228516e-01 7.093669128417968750e+01
-3.392219305038452148e+00 4.602899253368377686e-01 7.093347167968750000e+01
-3.317765712738037109e+00 5.739654898643493652e-01 7.089994812011718750e+01
