-1.787605404853820801e+00 4.637542068958282471e-01 7.089990234375000000e+01
-1.847811341285705566e+00 8.603126406669616699e-01 7.095505523681640625e+01
-1.787528276443481445e+00 4.633001685142517090e-01 7.089902496337890625e+01
-1.698775053024291992e+00 8.603296875953674316e-01 7.101576232910156250e+01
-1.789720296859741211e+00 4.653045833110809326e-01 7.089952850341796875e+01
-1.786585211753845215e+00 4.627734124660491943e-01 7.089925384521484375e+01
-1.843999862670898438e+00 8.603253364562988281e-01 7.110968780517578125e+01
-1.788311600685119629e+00 4.628574252128601074e-01 7.089854431152343750e+01
-1.545159578323364258e+00 8.572846651077270508e-01 7.098844146728515625e+01
-2.047436714172363281e+00 8.603004813194274902e-01 7.100715637207031250e+01
-1.787001729011535645e+00 4.621774256229400635e-01 7.089861297607421875e+01
-1.690851449966430664e+00 8.603360652923583984e-01 7.120836639404296875e+01
-1.789925217628479004e+00 4.634033739566802979e-01 7.089855957031250000e+01
-1.785802721977233887e+00 4.623063206672668457e-01 7.089950561523437500e+01
-2.011169433593750000e+00 8.603202700614929199e-01 7.121789550781250000e+01
-1.787773609161376953e+00 4.615639448165893555e-01 7.089860534667968750e+01
-1.454866170883178711e+00 8.603169918060302734e-01 7.118033599853515625e+01
-2.246740818023681641e+00 8.602949380874633789e-01 7.091889190673828125e+01
-1.786339640617370605e+00 4.617646932601928711e-01 7.089864349365234375e+01
-1.811225771903991699e+00 8.603322505950927734e-01 7.141071319580078125e+01
-1.788174390792846680e+00 4.609505832195281982e-01 7.089922332763671875e+01
-1.224602341651916504e+00 8.603233695030212402e-01 7.097565460205078125e+01
-2.279043436050415039e+00 8.603066802024841309e-01 7.124182891845703125e+01
-1.787320733070373535e+00 4.611134827136993408e-01 7.089863586425781250e+01
-1.461867928504943848e+00 8.540747761726379395e-01 7.146836090087890625e+01
-1.790833830833435059e+00 4.622217714786529541e-01 7.089887237548828125e+01
-1.785447239875793457e+00 4.615738689899444580e-01 7.089890289306640625e+01
-2.078439235687255859e+00 8.447268605232238770e-01 7.159483337402343750e+01
-1.787788748741149902e+00 4.605527222156524658e-01 7.089939117431640625e+01
-1.009383916854858398e+00 8.603033423423767090e-01 7.130891418457031250e+01
-2.690105438232421875e+00 8.603132963180541992e-01 7.113780212402343750e+01
-1.786746621131896973e+00 4.609313309192657471e-01 7.089856719970703125e+01
-1.668157935142517090e+00 7.268239855766296387e-01 7.159493255615234375e+01
-3.078819036483764648e+00 1.037700533866882324e+00 6.989991760253906250e+01
-1.784468293190002441e+00 4.613294005393981934e-01 7.089964294433593750e+01
-2.430523872375488281e+00 7.503458261489868164e-01 7.159487915039062500e+01
-1.787602424621582031e+00 4.604628086090087891e-01 7.089929962158203125e+01
-1.157109141349792480e+00 7.051982283592224121e-01 7.159493255615234375e+01
-1.793869256973266602e+00 4.617940783500671387e-01 7.089932250976562500e+01
-1.785793542861938477e+00 4.607852399349212646e-01 7.089852905273437500e+01
-1.914042472839355469e+00 5.984344482421875000e-01 7.159490966796875000e+01
-2.857514381408691406e+00 8.104414939880371094e-01 6.919970703125000000e+01
7.291494607925415039e-01 8.602972030639648438e-01 7.158963775634765625e+01
-3.141750097274780273e+00 6.619020700454711914e-01 7.159482574462890625e+01
-1.787306904792785645e+00 4.603875279426574707e-01 7.089909362792968750e+01
-1.504644393920898438e+00 5.288001298904418945e-01 7.159498596191406250e+01
-5.374777317047119141e+00 7.416760921478271484e-01 6.919987487792968750e+01
-1.784139871597290039e+00 4.604749083518981934e-01 7.089883422851562500e+01
-2.194933652877807617e+00 4.847147762775421143e-01 7.159493255615234375e+01
-2.152680158615112305e+00 4.778564870357513428e-01 6.919981384277343750e+01
2.464558035135269165e-01 4.350879490375518799e-01 7.234480285644531250e+01
-3.510098457336425781e+00 4.076667726039886475e-01 7.111457061767578125e+01
-9.368300437927246094e-01 3.939147889614105225e-01 6.990037536621093750e+01
-1.734912633895874023e+00 3.578004837036132812e-01 7.234483337402343750e+01
-2.773064374923706055e+00 3.321280479431152344e-01 6.989991760253906250e+01
-1.251827359199523926e+00 4.003114402294158936e-01 7.092729949951171875e+01
-2.136656522750854492e+00 4.003157317638397217e-01 7.118830871582031250e+01
-1.648090243339538574e+00 3.055256307125091553e-01 6.989992523193359375e+01
-1.592403173446655273e+00 4.002954959869384766e-01 7.118339538574218750e+01
-6.133251667022705078e+00 -4.117251634597778320e-01 6.989997863769531250e+01
-2.273308299481868744e-02 1.999577879905700684e-02 6.989999389648437500e+01
-1.865110397338867188e+00 4.002979695796966553e-01 7.113880920410156250e+01
-2.243721008300781250e+00 1.734437495470046997e-01 6.989990997314453125e+01
-1.592770934104919434e+00 4.002962410449981689e-01 7.098255920410156250e+01
-1.972135066986083984e+00 4.003162384033203125e-01 7.096525573730468750e+01
-1.255815505981445312e+00 8.686953037977218628e-02 6.989994812011718750e+01
-1.745153188705444336e+00 4.002957344055175781e-01 7.106420135498046875e+01
-3.326243638992309570e+00 -2.332464158535003662e-01 6.989992523193359375e+01
4.205331325531005859e+00 -1.987858414649963379e+00 6.990003204345703125e+01
-1.873840451240539551e+00 4.003061652183532715e-01 7.101013946533203125e+01
-1.865541577339172363e+00 3.928614314645528793e-03 6.989992523193359375e+01
-1.704832792282104492e+00 4.056714773178100586e-01 7.097722625732421875e+01
-1.905086398124694824e+00 4.003368914127349854e-01 7.089875793457031250e+01
-6.771380305290222168e-01 -3.448957502841949463e-01 6.990237426757812500e+01
-1.797836065292358398e+00 4.003007113933563232e-01 7.100472259521484375e+01
-2.538900852203369141e+00 -2.914711236953735352e-01 6.989991760253906250e+01
-1.694565653800964355e+00 4.002979695796966553e-01 7.091729736328125000e+01
-1.863818764686584473e+00 4.003090560436248779e-01 7.094734191894531250e+01
-1.509473085403442383e+00 -2.677643001079559326e-01 6.990412139892578125e+01
-1.751049399375915527e+00 4.002990722656250000e-01 7.097200012207031250e+01
-7.279997348785400391e+00 -4.130592346191406250e+00 6.883313751220703125e+01
7.032735347747802734e-01 -1.753950595855712891e+00 6.990003204345703125e+01
-1.817421674728393555e+00 4.003046751022338867e-01 7.096202850341796875e+01
-2.090576171875000000e+00 -5.002315044403076172e-01 6.989992523193359375e+01
-1.734505534172058105e+00 4.003001749515533447e-01 7.093137359619140625e+01
-1.844651341438293457e+00 4.003096818923950195e-01 7.091186523437500000e+01
-1.074012041091918945e+00 -8.756642341613769531e-01 6.990564727783203125e+01
-1.781463384628295898e+00 4.003025889396667480e-01 7.095122528076171875e+01
-4.139419078826904297e+00 -3.377404451370239258e+00 6.887821960449218750e+01
-1.742346405982971191e+00 4.003366827964782715e-01 7.089847564697265625e+01
-1.817773461341857910e+00 4.003066122531890869e-01 7.092934417724609375e+01
-1.677622914314270020e+00 -2.563974618911743164e+00 6.893673706054687500e+01
-1.764924645423889160e+00 4.003027081489562988e-01 7.092762756347656250e+01
-1.819650173187255859e+00 4.006680548191070557e-01 7.089527130126953125e+01
-3.201642334461212158e-01 -3.184611320495605469e+00 6.990000152587890625e+01
-1.793490409851074219e+00 4.003050327301025391e-01 7.092491912841796875e+01
-2.347722768783569336e+00 -2.680220842361450195e+00 6.989993286132812500e+01
-1.771040439605712891e+00 4.008070528507232666e-01 7.090536499023437500e+01
-1.798691749572753906e+00 4.007258117198944092e-01 7.090489196777343750e+01
-1.787605404853820801e+00 4.003060758113861084e-01 7.089990234375000000e+01
