-1.752586174011230469e+01 6.731876850128173828e+00 7.090009307861328125e+01
-1.788340950012207031e+01 8.938565254211425781e+00 7.122763824462890625e+01
-1.749386978149414062e+01 7.810878753662109375e+00 7.053556060791015625e+01
-1.712968444824218750e+01 8.347076416015625000e+00 7.141683959960937500e+01
-1.831656837463378906e+01 8.437173843383789062e+00 7.076023101806640625e+01
-1.448899078369140625e+01 1.395083522796630859e+01 6.896828460693359375e+01
-1.771185874938964844e+01 7.882308483123779297e+00 7.159199523925781250e+01
-1.813832664489746094e+01 8.788362503051757812e+00 6.972083282470703125e+01
-1.752586174011230469e+01 6.562935829162597656e+00 7.090009307861328125e+01
-1.792585754394531250e+01 7.178728103637695312e+00 7.106520843505859375e+01
-1.705786514282226562e+01 8.024899482727050781e+00 6.990000915527343750e+01
-1.752586174011230469e+01 6.562935829162597656e+00 7.090009307861328125e+01
-1.925154304504394531e+01 8.877767562866210938e+00 6.990002441406250000e+01
-1.297721385955810547e+01 1.164691638946533203e+01 6.990008544921875000e+01
-1.792587089538574219e+01 7.278683185577392578e+00 7.146906280517578125e+01
-1.765545463562011719e+01 7.543049812316894531e+00 6.990003204345703125e+01
-1.752586174011230469e+01 6.562935829162597656e+00 7.090009307861328125e+01
-1.792587089538574219e+01 6.911427974700927734e+00 7.091663360595703125e+01
-1.652087020874023438e+01 7.732576847076416016e+00 6.989999389648437500e+01
-1.755798912048339844e+01 7.107045650482177734e+00 7.159487152099609375e+01
-1.836032295227050781e+01 7.529518604278564453e+00 6.990013122558593750e+01
-1.752586174011230469e+01 6.562935829162597656e+00 7.090009307861328125e+01
-1.792443084716796875e+01 6.887359142303466797e+00 7.117740631103515625e+01
-1.730120086669921875e+01 7.211729049682617188e+00 6.990145111083984375e+01
-1.752586174011230469e+01 6.562935829162597656e+00 7.090009307861328125e+01
-2.064843177795410156e+01 8.429915428161621094e+00 6.990390777587890625e+01
-1.536157989501953125e+01 7.848955631256103516e+00 6.990013885498046875e+01
-1.781664085388183594e+01 6.947297573089599609e+00 7.159489440917968750e+01
-1.788545799255371094e+01 7.075264930725097656e+00 6.990032196044921875e+01
-1.752586174011230469e+01 6.562935829162597656e+00 7.090009307861328125e+01
-1.792587471008300781e+01 6.740236759185791016e+00 7.100553894042968750e+01
-1.688543128967285156e+01 7.040071010589599609e+00 6.990407562255859375e+01
-1.752586174011230469e+01 6.562935829162597656e+00 7.090009307861328125e+01
-1.881729507446289062e+01 7.140443325042724609e+00 6.989993286132812500e+01
5.082872867584228516e+00 1.404286003112792969e+01 6.902700805664062500e+01
-1.792585945129394531e+01 6.743395805358886719e+00 7.133248138427734375e+01
-1.752098274230957031e+01 6.846424579620361328e+00 6.990004730224609375e+01
-1.752586174011230469e+01 6.562935829162597656e+00 7.090009307861328125e+01
-2.831910324096679688e+01 9.152044296264648438e+00 6.989978027343750000e+01
-1.620809936523437500e+01 6.922023296356201172e+00 6.989995574951171875e+01
-1.765225410461425781e+01 6.701028823852539062e+00 7.159485626220703125e+01
-1.815519142150878906e+01 6.768896579742431641e+00 6.990002441406250000e+01
-1.752586174011230469e+01 6.562935829162597656e+00 7.090009307861328125e+01
-1.792587661743164062e+01 6.622491359710693359e+00 7.110537719726562500e+01
-1.715529823303222656e+01 6.682119369506835938e+00 6.990055847167968750e+01
-1.752586174011230469e+01 6.562935829162597656e+00 7.090009307861328125e+01
-1.963616943359375000e+01 6.728472232818603516e+00 6.989997863769531250e+01
-1.428207778930664062e+01 6.734591960906982422e+00 6.990000152587890625e+01
-1.792585372924804688e+01 6.586919307708740234e+00 7.158261108398437500e+01
-1.774067115783691406e+01 6.573270797729492188e+00 6.989976501464843750e+01
-1.752586174011230469e+01 6.562935829162597656e+00 7.090009307861328125e+01
-1.792588233947753906e+01 6.550714492797851562e+00 7.094994354248046875e+01
-1.667453193664550781e+01 6.496515750885009766e+00 6.989991760253906250e+01
-1.752586174011230469e+01 6.562935829162597656e+00 7.090009307861328125e+01
-1.851166915893554688e+01 6.434727191925048828e+00 6.989974975585937500e+01
-1.792587471008300781e+01 6.494203567504882812e+00 7.123060607910156250e+01
-1.738633918762207031e+01 6.408162593841552734e+00 6.990007019042968750e+01
-1.752586174011230469e+01 6.562935829162597656e+00 7.090009307861328125e+01
-2.187173652648925781e+01 5.690873146057128906e+00 6.990011596679687500e+01
-1.576059246063232422e+01 6.122540950775146484e+00 6.989996337890625000e+01
-1.775094223022460938e+01 6.388709545135498047e+00 7.159391021728515625e+01
-1.798212814331054688e+01 6.275992870330810547e+00 6.989977264404296875e+01
-1.752586174011230469e+01 6.562935829162597656e+00 7.090009307861328125e+01
-1.792588043212890625e+01 6.432922840118408203e+00 7.104177093505859375e+01
-1.699399948120117188e+01 6.189462184906005859e+00 6.990000152587890625e+01
-1.752586174011230469e+01 6.562935829162597656e+00 7.090009307861328125e+01
-1.906452369689941406e+01 5.869387149810791016e+00 6.990010070800781250e+01
-1.153790664672851562e+01 4.116821289062500000e+00 6.990105438232421875e+01
-1.792587661743164062e+01 6.284685134887695312e+00 7.141143035888671875e+01
-1.760379981994628906e+01 6.106562137603759766e+00 6.990009307861328125e+01
-1.752586174011230469e+01 6.562935829162597656e+00 7.090009307861328125e+01
-1.779866409301757812e+01 6.423715591430664062e+00 7.089743041992187500e+01
-1.541388797760009766e+01 5.031567573547363281e+00 6.900291442871093750e+01
-1.759366989135742188e+01 6.165318489074707031e+00 7.159484100341796875e+01
-1.827740287780761719e+01 5.810927867889404297e+00 6.989978027343750000e+01
-1.752586174011230469e+01 6.562935829162597656e+00 7.090009307861328125e+01
-1.792587852478027344e+01 6.248109817504882812e+00 7.114910125732421875e+01
-1.724654769897460938e+01 5.831786632537841797e+00 6.990007781982421875e+01
-1.752586174011230469e+01 6.562935829162597656e+00 7.090009307861328125e+01
-2.018322181701660156e+01 4.341747760772705078e+00 6.990013885498046875e+01
-1.503466224670410156e+01 4.348409175872802734e+00 6.990009307861328125e+01
-1.785926437377929688e+01 5.892169475555419922e+00 7.159481811523437500e+01
-1.782892227172851562e+01 5.602126598358154297e+00 6.989981842041015625e+01
-1.752586174011230469e+01 6.562935829162597656e+00 7.090009307861328125e+01
-1.792587661743164062e+01 6.142333984375000000e+00 7.098395538330078125e+01
-1.680812454223632812e+01 5.219222545623779297e+00 6.990007019042968750e+01
-1.752586174011230469e+01 6.562935829162597656e+00 7.090009307861328125e+01
-1.868918418884277344e+01 4.664624214172363281e+00 6.990007019042968750e+01
-1.550478339195251465e+00 -1.459970569610595703e+01 7.039553833007812500e+01
-1.792587280273437500e+01 5.767570972442626953e+00 7.129046630859375000e+01
-1.746983909606933594e+01 5.022444248199462891e+00 6.990010070800781250e+01
-1.752586174011230469e+01 6.562935829162597656e+00 7.090009307861328125e+01
-2.444681358337402344e+01 -6.314371585845947266e+00 6.990004730224609375e+01
-1.605832290649414062e+01 2.917792558670043945e+00 6.990012359619140625e+01
-1.768930816650390625e+01 4.896916866302490234e+00 7.159490203857421875e+01
-1.808600997924804688e+01 3.422253131866455078e+00 6.990007019042968750e+01
-1.582643413543701172e+01 4.603028297424316406e-01 7.146058654785156250e+01
-1.792586898803710938e+01 4.413729190826416016e+00 7.108019256591796875e+01
-1.752586174011230469e+01 6.198506355285644531e+00 7.090009307861328125e+01
