-1.097196674346923828e+01 8.603105545043945312e-01 7.090012359619140625e+01
-1.103217411041259766e+01 8.603140711784362793e-01 7.095527648925781250e+01
-1.088418674468994141e+01 3.884394884109497070e+00 6.989991760253906250e+01
-1.088313770294189453e+01 8.603137731552124023e-01 7.101598358154296875e+01
-1.662572669982910156e+01 1.386158847808837891e+01 6.990005493164062500e+01
-9.399782180786132812e+00 4.284988880157470703e+00 6.990003204345703125e+01
-1.102836132049560547e+01 8.603181838989257812e-01 7.110990905761718750e+01
-1.149140834808349609e+01 2.347707748413085938e+00 6.989997100830078125e+01
-1.073016452789306641e+01 8.562226295471191406e-01 7.098842620849609375e+01
-1.123181438446044922e+01 8.603180646896362305e-01 7.100738525390625000e+01
-1.050398349761962891e+01 1.922206997871398926e+00 6.990007019042968750e+01
-1.087521553039550781e+01 8.603172302246093750e-01 7.120858001708984375e+01
-1.269340610504150391e+01 2.769425868988037109e+00 6.990251159667968750e+01
-6.423443794250488281e+00 5.544124603271484375e+00 6.990014648437500000e+01
-1.119553661346435547e+01 8.603232502937316895e-01 7.121813201904296875e+01
-1.110155963897705078e+01 1.440398097038269043e+00 6.990006256103515625e+01
-1.063922119140625000e+01 8.603163361549377441e-01 7.118056488037109375e+01
-1.143113517761230469e+01 8.603162169456481934e-01 7.091911315917968750e+01
-9.967078208923339844e+00 1.629804372787475586e+00 6.990012359619140625e+01
-1.099558734893798828e+01 8.603235483169555664e-01 7.141093444824218750e+01
-1.180651950836181641e+01 1.426971912384033203e+00 6.990004730224609375e+01
-1.040895652770996094e+01 8.603206276893615723e-01 7.097587585449218750e+01
-1.146343517303466797e+01 8.603231906890869141e-01 7.124207305908203125e+01
-1.074699592590332031e+01 1.109969258308410645e+00 6.990010833740234375e+01
-1.064105606079101562e+01 8.603211641311645508e-01 7.147760772705078125e+01
-1.410676956176757812e+01 2.334577322006225586e+00 6.990003204345703125e+01
-8.807620048522949219e+00 1.746341824531555176e+00 6.990013885498046875e+01
-1.126278018951416016e+01 8.446925282478332520e-01 7.159500885009765625e+01
-1.133122444152832031e+01 9.721288084983825684e-01 6.990129852294921875e+01
-1.019370746612548828e+01 8.603146672248840332e-01 7.130915832519531250e+01
-1.187448883056640625e+01 8.603153228759765625e-01 7.113802337646484375e+01
-1.032898521423339844e+01 9.393194317817687988e-01 6.990013885498046875e+01
-1.085254859924316406e+01 7.267496585845947266e-01 7.159497833251953125e+01
-1.226322460174560547e+01 1.037712216377258301e+00 6.990010070800781250e+01
1.100059032440185547e+00 4.454219341278076172e+00 6.989997863769531250e+01
-1.161463451385498047e+01 7.502246499061584473e-01 7.159482574462890625e+01
-1.096708869934082031e+01 7.437627911567687988e-01 6.990011596679687500e+01
-1.034160232543945312e+01 7.051392197608947754e-01 7.159500885009765625e+01
-2.166347503662109375e+01 3.024987936019897461e+00 6.990924072265625000e+01
-9.654372215270996094e+00 8.193254470825195312e-01 6.990011596679687500e+01
-1.109835243225097656e+01 5.983704328536987305e-01 7.159484863281250000e+01
-1.160127830505371094e+01 6.662389636039733887e-01 6.990008544921875000e+01
-8.454928398132324219e+00 8.603342771530151367e-01 7.158994293212890625e+01
-1.232607078552246094e+01 6.618880629539489746e-01 7.159502410888671875e+01
-1.060123157501220703e+01 5.795225501060485840e-01 6.990013122558593750e+01
-1.068914127349853516e+01 5.287593603134155273e-01 7.159487915039062500e+01
-1.308215522766113281e+01 6.258107423782348633e-01 6.990006256103515625e+01
-7.728255271911621094e+00 6.319358944892883301e-01 6.990005493164062500e+01
-1.137911319732666016e+01 4.846959412097930908e-01 7.159484863281250000e+01
-1.118670654296875000e+01 4.706154465675354004e-01 6.990011596679687500e+01
-1.067149734497070312e+01 4.565605521202087402e-01 7.111356353759765625e+01
-1.111359786987304688e+01 4.559565186500549316e-01 7.091777801513671875e+01
-1.012154769897460938e+01 3.939346671104431152e-01 6.990101623535156250e+01
-1.097196674346923828e+01 4.602835774421691895e-01 7.090012359619140625e+01
-1.195745277404785156e+01 3.321166634559631348e-01 6.990010833740234375e+01
-1.097196674346923828e+01 4.602835774421691895e-01 7.090012359619140625e+01
-1.181292724609375000e+01 3.157853186130523682e-01 7.159497070312500000e+01
-1.083244800567626953e+01 3.055135905742645264e-01 6.990012359619140625e+01
-1.049367141723632812e+01 3.132781684398651123e-01 7.159475708007812500e+01
-1.531856632232666016e+01 -4.119244515895843506e-01 6.989997863769531250e+01
-9.206815719604492188e+00 1.991824619472026825e-02 6.990006256103515625e+01
-1.119733905792236328e+01 2.858320176601409912e-01 7.159483337402343750e+01
-1.142808723449707031e+01 1.734326183795928955e-01 6.990012359619140625e+01
-9.334221839904785156e+00 -4.402631148695945740e-02 7.159494018554687500e+01
-1.293347167968750000e+01 -1.772384196519851685e-01 7.159484863281250000e+01
-1.044013977050781250e+01 8.683546632528305054e-02 6.990010070800781250e+01
-1.079257774353027344e+01 2.067614197731018066e-01 7.159439086914062500e+01
-1.251069736480712891e+01 -2.332958579063415527e-01 6.990009307861328125e+01
-4.977287292480468750e+00 -1.988578200340270996e+00 6.989996337890625000e+01
-1.151560115814208984e+01 8.213013410568237305e-02 7.159504699707031250e+01
-1.104990577697753906e+01 3.903442062437534332e-03 6.990010833740234375e+01
-1.022834587097167969e+01 -3.041727095842361450e-02 7.159480285644531250e+01
-1.108947563171386719e+01 4.003149569034576416e-01 7.089897918701171875e+01
-9.858689308166503906e+00 -3.469414412975311279e-01 6.990007019042968750e+01
-1.103977012634277344e+01 6.269651651382446289e-02 7.159481811523437500e+01
-1.172244453430175781e+01 -2.906613051891326904e-01 6.990122222900390625e+01
-9.638262748718261719e+00 -3.997107148170471191e-01 7.114948272705078125e+01
-1.206465244293212891e+01 -3.996959030628204346e-01 7.158031463623046875e+01
-1.069264888763427734e+01 -2.708763778209686279e-01 6.990009307861328125e+01
-1.061975765228271484e+01 -1.177298352122306824e-01 7.159476470947265625e+01
-1.362958335876464844e+01 -1.761118054389953613e+00 6.990007019042968750e+01
-8.480497360229492188e+00 -1.754483699798583984e+00 6.990001678466796875e+01
-1.130544471740722656e+01 -2.106340825557708740e-01 7.159500122070312500e+01
-1.127494812011718750e+01 -5.002732276916503906e-01 6.990010833740234375e+01
-1.021076774597167969e+01 -3.997063934803009033e-01 7.135123443603515625e+01
-1.178985118865966797e+01 -3.996925354003906250e-01 7.107158660888671875e+01
-1.025421142578125000e+01 -8.834630846977233887e-01 6.990007019042968750e+01
-1.088882446289062500e+01 -3.517625927925109863e-01 7.159484863281250000e+01
-1.213527774810791016e+01 -1.438010811805725098e+00 6.990010833740234375e+01
-1.092670536041259766e+01 4.003254473209381104e-01 7.089869689941406250e+01
-1.140447998046875000e+01 -3.997082710266113281e-01 7.132221221923828125e+01
-1.091594219207763672e+01 -1.080274581909179688e+00 6.990008544921875000e+01
-1.064681720733642578e+01 -3.997126817703247070e-01 7.129758453369140625e+01
-1.100401592254638672e+01 4.006514847278594971e-01 7.089549255371093750e+01
-9.504250526428222656e+00 -3.185302257537841797e+00 6.990003204345703125e+01
-1.105633831024169922e+01 -3.997172117233276367e-01 7.125878143310546875e+01
-1.153212451934814453e+01 -2.680456638336181641e+00 6.990007781982421875e+01
-1.095540046691894531e+01 4.007936418056488037e-01 7.090558624267578125e+01
-1.098305416107177734e+01 4.007100760936737061e-01 7.090511322021484375e+01
-1.097196674346923828e+01 4.002916514873504639e-01 7.090012359619140625e+01
