-7.378528594970703125e+00 4.603223502635955811e-01 7.090000915527343750e+01
-7.438731670379638672e+00 8.603233098983764648e-01 7.095516204833984375e+01
-7.290780544281005859e+00 3.883187294006347656e+00 6.990016937255859375e+01
-7.289708614349365234e+00 8.603138327598571777e-01 7.101586151123046875e+01
-7.401084423065185547e+00 5.137867331504821777e-01 7.089601898193359375e+01
-5.806662559509277344e+00 4.284253597259521484e+00 6.990011596679687500e+01
-7.434917449951171875e+00 8.603169322013854980e-01 7.110977172851562500e+01
-7.897819042205810547e+00 2.347196102142333984e+00 6.990014648437500000e+01
-7.134255409240722656e+00 8.603075742721557617e-01 7.098921966552734375e+01
-7.638359546661376953e+00 8.603306412696838379e-01 7.100726318359375000e+01
-6.910611152648925781e+00 1.922038435935974121e+00 6.990010070800781250e+01
-7.281788825988769531e+00 8.603081107139587402e-01 7.120842742919921875e+01
-9.103921890258789062e+00 2.774768352508544922e+00 6.990010833740234375e+01
-7.338175773620605469e+00 5.054241418838500977e-01 7.089113616943359375e+01
-7.602075576782226562e+00 8.603205084800720215e-01 7.121797943115234375e+01
-7.508103370666503906e+00 1.440298199653625488e+00 6.990008544921875000e+01
-7.045812129974365234e+00 8.603199124336242676e-01 7.118041992187500000e+01
-7.837677001953125000e+00 8.603367209434509277e-01 7.091899871826171875e+01
-6.373517990112304688e+00 1.629984736442565918e+00 6.989988708496093750e+01
-7.402145862579345703e+00 8.603116869926452637e-01 7.141075897216796875e+01
-8.212936401367187500e+00 1.426842689514160156e+00 6.990010833740234375e+01
-6.815577507019042969e+00 8.603170514106750488e-01 7.097575378417968750e+01
-7.869966983795166016e+00 8.603376746177673340e-01 7.124193572998046875e+01
-7.153573513031005859e+00 1.109963178634643555e+00 6.990006256103515625e+01
-7.047637939453125000e+00 8.603350520133972168e-01 7.147745513916015625e+01
-1.051295757293701172e+01 2.334392070770263672e+00 6.990003967285156250e+01
-5.214062690734863281e+00 1.746451139450073242e+00 6.989997100830078125e+01
-7.669272899627685547e+00 8.446390628814697266e-01 7.159472656250000000e+01
-7.738251686096191406e+00 9.728305339813232422e-01 6.989988708496093750e+01
-6.600306034088134766e+00 8.603344559669494629e-01 7.130902099609375000e+01
-8.265544891357421875e+00 8.534807562828063965e-01 7.113382720947265625e+01
-6.735550880432128906e+00 9.393550753593444824e-01 6.990003204345703125e+01
-7.259114742279052734e+00 7.267794013023376465e-01 7.159484100341796875e+01
-8.669637680053710938e+00 1.037684440612792969e+00 6.990010070800781250e+01
-7.266875267028808594e+00 4.972617030143737793e-01 7.089076232910156250e+01
-8.021353721618652344e+00 7.503343820571899414e-01 7.159488677978515625e+01
-7.371644973754882812e+00 8.603128790855407715e-01 6.948899078369140625e+01
-6.748130321502685547e+00 7.051907181739807129e-01 7.159493255615234375e+01
-1.816786956787109375e+01 3.048494815826416016e+00 6.990005493164062500e+01
-5.910614490509033203e+00 8.603256344795227051e-01 6.978591156005859375e+01
-7.504931449890136719e+00 5.984278321266174316e-01 7.159483337402343750e+01
-8.448408126831054688e+00 8.104624748229980469e-01 6.919985961914062500e+01
-4.861855983734130859e+00 8.603146672248840332e-01 7.158972167968750000e+01
-8.732376098632812500e+00 6.618883609771728516e-01 7.159477996826171875e+01
-6.748260021209716797e+00 6.630342006683349609e-01 6.919996643066406250e+01
-7.095643043518066406e+00 5.288124084472656250e-01 7.159490966796875000e+01
-1.096571540832519531e+01 7.417078614234924316e-01 6.919997406005859375e+01
-1.864221572875976562e+00 7.521308660507202148e-01 6.919989013671875000e+01
-7.785748481750488281e+00 4.847388267517089844e-01 7.159485626220703125e+01
-7.743604660034179688e+00 4.778871238231658936e-01 6.919991302490234375e+01
-7.378397464752197266e+00 4.603204429149627686e-01 7.090010070800781250e+01
-9.135163307189941406e+00 4.066542685031890869e-01 7.111893463134765625e+01
-6.527621746063232422e+00 3.939350843429565430e-01 6.990032958984375000e+01
-7.325836658477783203e+00 3.578329682350158691e-01 7.234490966796875000e+01
-8.363952636718750000e+00 3.321631550788879395e-01 6.990005493164062500e+01
-7.378528594970703125e+00 4.603220522403717041e-01 7.090000915527343750e+01
-7.727797031402587891e+00 4.003089070320129395e-01 7.118859100341796875e+01
-7.239012241363525391e+00 3.055549263954162598e-01 6.990002441406250000e+01
-7.183207035064697266e+00 4.002894163131713867e-01 7.118367767333984375e+01
-1.172402763366699219e+01 -4.116651117801666260e-01 6.990012359619140625e+01
-5.613421916961669922e+00 1.996782608330249786e-02 6.989997100830078125e+01
-7.446856498718261719e+00 4.074322879314422607e-01 7.111063385009765625e+01
-7.834637641906738281e+00 1.734784692525863647e-01 6.990003204345703125e+01
-7.183581829071044922e+00 4.002922773361206055e-01 7.098271179199218750e+01
-7.563200950622558594e+00 4.003004729747772217e-01 7.096541595458984375e+01
-6.846706867218017578e+00 8.687762171030044556e-02 6.989999389648437500e+01
-7.336053848266601562e+00 4.002944827079772949e-01 7.106439208984375000e+01
-8.917149543762207031e+00 -2.332079410552978516e-01 6.990004730224609375e+01
-1.384520053863525391e+00 -1.988265752792358398e+00 6.989996337890625000e+01
-7.464817523956298828e+00 4.002992212772369385e-01 7.101031494140625000e+01
-7.456466674804687500e+00 3.948062192648649216e-03 6.990000915527343750e+01
-7.287558555603027344e+00 4.002926051616668701e-01 7.098499298095703125e+01
-7.496103286743164062e+00 4.003195464611053467e-01 7.089886474609375000e+01
-6.265279293060302734e+00 -3.468823730945587158e-01 6.989997863769531250e+01
-7.388764858245849609e+00 4.002973735332489014e-01 7.100489044189453125e+01
-8.129822731018066406e+00 -2.914390861988067627e-01 6.990002441406250000e+01
-7.285434246063232422e+00 4.002932012081146240e-01 7.091741180419921875e+01
-7.454795360565185547e+00 4.002976715564727783e-01 7.094748687744140625e+01
-7.099215030670166016e+00 -2.708263397216796875e-01 6.989999389648437500e+01
-7.341951847076416016e+00 4.002956449985504150e-01 7.097214508056640625e+01
-1.003589439392089844e+01 -1.760870099067687988e+00 6.990005493164062500e+01
-4.887202262878417969e+00 -1.754317760467529297e+00 6.989996337890625000e+01
-7.408363819122314453e+00 4.002969264984130859e-01 7.096218109130859375e+01
-7.681505680084228516e+00 -5.002217888832092285e-01 6.990000915527343750e+01
-7.325396537780761719e+00 4.002943933010101318e-01 7.093149566650390625e+01
-7.435616016387939453e+00 4.002964794635772705e-01 7.091197967529296875e+01
-6.660797119140625000e+00 -8.833808898925781250e-01 6.989999389648437500e+01
-7.372382640838623047e+00 4.002958834171295166e-01 7.095136260986328125e+01
-8.541813850402832031e+00 -1.437929391860961914e+00 6.990001678466796875e+01
-7.333239555358886719e+00 4.003276824951171875e-01 7.089858245849609375e+01
-7.408717155456542969e+00 4.002962410449981689e-01 7.092947387695312500e+01
-7.322504997253417969e+00 -1.080194115638732910e+00 6.990000152587890625e+01
-7.355833530426025391e+00 4.002950191497802734e-01 7.092774963378906250e+01
-7.410596847534179688e+00 4.006550014019012451e-01 7.089537811279296875e+01
-5.910905838012695312e+00 -3.185031414031982422e+00 6.989998626708984375e+01
-7.384417533874511719e+00 4.002955853939056396e-01 7.092504119873046875e+01
-7.938660144805908203e+00 -2.680269241333007812e+00 6.990000915527343750e+01
-7.361952781677246094e+00 4.007976949214935303e-01 7.090547943115234375e+01
-7.389622688293457031e+00 4.007144570350646973e-01 7.090500640869140625e+01
-7.378528594970703125e+00 4.002949297428131104e-01 7.090000915527343750e+01
