1.807489395141601562e+01 6.716783046722412109e+00 7.090005493164062500e+01
1.771962928771972656e+01 8.937392234802246094e+00 7.122550964355468750e+01
1.810636138916015625e+01 7.804456233978271484e+00 7.054148864746093750e+01
1.841025543212890625e+01 8.087201118469238281e+00 7.133747100830078125e+01
1.807488632202148438e+01 6.576956748962402344e+00 7.090005493164062500e+01
1.964682579040527344e+01 1.040102863311767578e+01 6.990012359619140625e+01
1.788990211486816406e+01 7.889173030853271484e+00 7.158821105957031250e+01
1.807489395141601562e+01 6.576940536499023438e+00 7.090005493164062500e+01
2.203154945373535156e+01 1.305576610565185547e+01 7.234501647949218750e+01
1.767486953735351562e+01 7.192774772644042969e+00 7.106517791748046875e+01
1.854288101196289062e+01 8.038870811462402344e+00 6.989999389648437500e+01
1.852810478210449219e+01 8.450806617736816406e+00 7.234496307373046875e+01
1.807489204406738281e+01 6.576941490173339844e+00 7.090005493164062500e+01
2.262371253967285156e+01 1.166110992431640625e+01 6.990000915527343750e+01
1.768339157104492188e+01 7.277462959289550781e+00 7.145692443847656250e+01
1.807489395141601562e+01 6.576939582824707031e+00 7.090005493164062500e+01
1.978928375244140625e+01 8.638010978698730469e+00 7.234494781494140625e+01
1.767484664916992188e+01 6.925464153289794922e+00 7.091659545898437500e+01
1.907970428466796875e+01 7.746368408203125000e+00 6.990013122558593750e+01
1.804276847839355469e+01 7.121033191680908203e+00 7.159481048583984375e+01
1.807489204406738281e+01 6.576939582824707031e+00 7.090005493164062500e+01
2.826647758483886719e+01 1.381838798522949219e+01 7.227131652832031250e+01
1.767485237121582031e+01 6.902559280395507812e+00 7.117839050292968750e+01
1.829984283447265625e+01 7.226559638977050781e+00 6.990013885498046875e+01
1.890289115905761719e+01 7.577900886535644531e+00 7.234501647949218750e+01
1.807489013671875000e+01 6.576940536499023438e+00 7.090005493164062500e+01
2.023921775817871094e+01 7.862983226776123047e+00 6.990008544921875000e+01
1.778411102294921875e+01 6.961305618286132812e+00 7.159486389160156250e+01
1.807489395141601562e+01 6.576938629150390625e+00 7.090005493164062500e+01
2.082416915893554688e+01 7.990086555480957031e+00 7.234499359130859375e+01
1.767483329772949219e+01 6.754260540008544922e+00 7.100550842285156250e+01
1.871781158447265625e+01 7.055925846099853516e+00 6.990016937255859375e+01
1.832322120666503906e+01 7.131050586700439453e+00 7.234500122070312500e+01
1.807489204406738281e+01 6.576939105987548828e+00 7.090005493164062500e+01
2.886338424682617188e+01 1.014622592926025391e+01 7.000624847412109375e+01
1.767484283447265625e+01 6.757421970367431641e+00 7.133249664306640625e+01
1.807977104187011719e+01 6.860382556915283203e+00 6.990016937255859375e+01
1.938567733764648438e+01 7.086092472076416016e+00 7.234500122070312500e+01
1.807487869262695312e+01 6.576941967010498047e+00 7.090005493164062500e+01
1.938938331604003906e+01 6.935133934020996094e+00 6.990240478515625000e+01
1.794851112365722656e+01 6.715022087097167969e+00 7.159476470947265625e+01
1.807489395141601562e+01 6.576938629150390625e+00 7.090005493164062500e+01
2.334733963012695312e+01 7.414925575256347656e+00 7.234501647949218750e+01
1.767489433288574219e+01 6.636491775512695312e+00 7.110533142089843750e+01
1.844561195373535156e+01 6.696171283721923828e+00 6.990010833740234375e+01
1.866310501098632812e+01 6.719351768493652344e+00 7.234497833251953125e+01
1.807489013671875000e+01 6.576938152313232422e+00 7.090005493164062500e+01
2.131828689575195312e+01 6.748573780059814453e+00 6.990008544921875000e+01
1.767483901977539062e+01 6.600925445556640625e+00 7.158267974853515625e+01
1.786012840270996094e+01 6.587271213531494141e+00 6.989992523193359375e+01
2.010898208618164062e+01 6.551734447479248047e+00 7.234497833251953125e+01
1.767481803894042969e+01 6.564715385437011719e+00 7.094991302490234375e+01
1.892605209350585938e+01 6.510531425476074219e+00 6.990007781982421875e+01
1.812758636474609375e+01 6.474448204040527344e+00 7.234497070312500000e+01
1.807489204406738281e+01 6.576938152313232422e+00 7.090005493164062500e+01
2.886047744750976562e+01 5.369497776031494141e+00 7.145153045654296875e+01
1.767482376098632812e+01 6.508195877075195312e+00 7.123061370849609375e+01
1.821440887451171875e+01 6.422172069549560547e+00 6.990007781982421875e+01
1.906979560852050781e+01 6.271152019500732422e+00 7.234496307373046875e+01
1.807488822937011719e+01 6.576936721801757812e+00 7.090005493164062500e+01
1.983983993530273438e+01 6.136623859405517578e+00 6.990010833740234375e+01
1.784951400756835938e+01 6.402480602264404297e+00 7.159479522705078125e+01
1.807489395141601562e+01 6.576937675476074219e+00 7.090005493164062500e+01
2.148060226440429688e+01 5.528220653533935547e+00 7.234493255615234375e+01
1.767481994628906250e+01 6.446907520294189453e+00 7.104175567626953125e+01
1.860673141479492188e+01 6.203483104705810547e+00 6.990000915527343750e+01
1.844823455810546875e+01 6.049312114715576172e+00 7.234495544433593750e+01
1.807489204406738281e+01 6.576937198638916016e+00 7.090005493164062500e+01
2.406901550292968750e+01 4.128304481506347656e+00 6.989998626708984375e+01
1.767482185363769531e+01 6.298646926879882812e+00 7.141146850585937500e+01
1.807489395141601562e+01 6.576937675476074219e+00 7.090005493164062500e+01
1.962155914306640625e+01 5.556323051452636719e+00 7.234493255615234375e+01
1.807489395141601562e+01 6.576938152313232422e+00 7.090005493164062500e+01
1.918813705444335938e+01 5.769738674163818359e+00 6.990003204345703125e+01
1.800707817077636719e+01 6.179275035858154297e+00 7.159487915039062500e+01
1.807489204406738281e+01 6.576937198638916016e+00 7.090005493164062500e+01
2.575433921813964844e+01 1.625105023384094238e+00 7.233584594726562500e+01
1.767482376098632812e+01 6.262069702148437500e+00 7.114910125732421875e+01
1.835291290283203125e+01 5.849177837371826172e+00 6.990467834472656250e+01
1.880749511718750000e+01 5.374659061431884766e+00 7.234492492675781250e+01
1.807489013671875000e+01 6.576935291290283203e+00 7.090005493164062500e+01
2.056598281860351562e+01 4.362508773803710938e+00 6.990010070800781250e+01
1.774143409729003906e+01 5.906056880950927734e+00 7.159489440917968750e+01
1.807489395141601562e+01 6.576936721801757812e+00 7.090005493164062500e+01
2.051289749145507812e+01 3.822524070739746094e+00 7.234488677978515625e+01
1.767483329772949219e+01 6.156288623809814453e+00 7.098392486572265625e+01
1.879266166687011719e+01 5.233168601989746094e+00 6.989998626708984375e+01
1.824781036376953125e+01 4.888079643249511719e+00 7.234490966796875000e+01
1.807489204406738281e+01 6.576935291290283203e+00 7.090005493164062500e+01
2.863509559631347656e+01 -7.412193775177001953e+00 7.056652832031250000e+01
1.767486000061035156e+01 5.781527042388916016e+00 7.129045104980468750e+01
1.813092041015625000e+01 5.036328792572021484e+00 6.989998626708984375e+01
1.925687408447265625e+01 3.450686454772949219e+00 7.234488677978515625e+01
1.807488441467285156e+01 6.576920509338378906e+00 7.090005493164062500e+01
1.954248237609863281e+01 2.931669235229492188e+00 6.990005493164062500e+01
1.791145133972167969e+01 4.910964965820312500e+00 7.159484100341796875e+01
1.807489395141601562e+01 6.576933860778808594e+00 7.090005493164062500e+01
1.979492950439453125e+01 4.003018736839294434e-01 7.146733856201171875e+01
1.767487716674804688e+01 4.427684307098388672e+00 7.108015441894531250e+01
1.807489395141601562e+01 6.562959671020507812e+00 7.090005493164062500e+01
