-1.792588043212890625e+01 5.538011550903320312e+00 7.090013885498046875e+01
-1.928674697875976562e+01 1.457571411132812500e+01 7.214680480957031250e+01
-1.792578125000000000e+01 5.537685394287109375e+00 7.089900970458984375e+01
-1.752584648132324219e+01 7.335329532623291016e+00 7.142191314697265625e+01
-2.180660057067871094e+01 1.473242187500000000e+01 7.021369171142578125e+01
-1.792413711547851562e+01 5.538058757781982422e+00 7.089903259277343750e+01
-1.831429100036621094e+01 8.288998603820800781e+00 7.234500122070312500e+01
-1.844525527954101562e+01 7.420998096466064453e+00 6.990011596679687500e+01
-1.752581977844238281e+01 6.188895225524902344e+00 7.104624176025390625e+01
-2.142582511901855469e+01 1.092196273803710938e+01 7.234486389160156250e+01
-1.792495918273925781e+01 5.536695480346679688e+00 7.089817047119140625e+01
-1.770796966552734375e+01 6.434804439544677734e+00 7.159487152099609375e+01
-1.965161323547363281e+01 7.848717212677001953e+00 6.990003967285156250e+01
-1.792148971557617188e+01 5.538723468780517578e+00 7.089917755126953125e+01
-1.894170761108398438e+01 7.351460456848144531e+00 7.234504699707031250e+01
-1.805548477172851562e+01 6.514014244079589844e+00 6.989999389648437500e+01
-1.752585411071777344e+01 6.014736175537109375e+00 7.123728179931640625e+01
-2.847372436523437500e+01 1.472320652008056641e+01 7.133632659912109375e+01
-1.792382621765136719e+01 5.536206722259521484e+00 7.089809417724609375e+01
-1.799269294738769531e+01 6.665383815765380859e+00 7.234503936767578125e+01
-1.876040840148925781e+01 6.500476837158203125e+00 6.990009307861328125e+01
-1.752584457397460938e+01 5.818054676055908203e+00 7.095396423339843750e+01
-2.000257873535156250e+01 7.224184036254882812e+00 7.234505462646484375e+01
-1.770083427429199219e+01 6.183722019195556641e+00 6.989978790283203125e+01
-1.752782630920410156e+01 6.015024662017822266e+00 7.159479522705078125e+01
-2.106081581115722656e+01 7.408189296722412109e+00 6.990000915527343750e+01
-1.792156028747558594e+01 5.536383628845214844e+00 7.089813995361328125e+01
-1.853058242797851562e+01 6.333135128021240234e+00 7.234503936767578125e+01
-1.828560066223144531e+01 6.046322345733642578e+00 6.990002441406250000e+01
-1.752585601806640625e+01 5.739432334899902344e+00 7.111038208007812500e+01
-2.340708732604980469e+01 7.963293075561523438e+00 7.234497070312500000e+01
-1.792428207397460938e+01 5.535007476806640625e+00 7.089765167236328125e+01
-1.780649566650390625e+01 5.800209522247314453e+00 7.159480285644531250e+01
-1.921716880798339844e+01 6.111259460449218750e+00 6.990009307861328125e+01
-1.790209770202636719e+01 5.541685581207275391e+00 7.089817047119140625e+01
-1.926255607604980469e+01 6.136861324310302734e+00 7.234504699707031250e+01
-1.792099952697753906e+01 5.817390441894531250e+00 6.989979553222656250e+01
-1.752585220336914062e+01 5.689201354980468750e+00 7.134111022949218750e+01
-2.871668243408203125e+01 8.122340202331542969e+00 6.990004730224609375e+01
-1.660803031921386719e+01 5.892928123474121094e+00 6.989994049072265625e+01
-1.818873977661132812e+01 5.821012020111083984e+00 7.234504699707031250e+01
-1.855521965026855469e+01 5.739780902862548828e+00 6.990005493164062500e+01
-1.752585411071777344e+01 5.597395896911621094e+00 7.100977325439453125e+01
-2.074146270751953125e+01 5.953012466430664062e+00 7.234504699707031250e+01
-1.755502700805664062e+01 5.653093814849853516e+00 6.989982604980468750e+01
-1.764311599731445312e+01 5.602277755737304688e+00 7.159474182128906250e+01
-2.003605842590332031e+01 5.699343204498291016e+00 6.990008544921875000e+01
-1.468204784393310547e+01 5.705475330352783203e+00 6.990003204345703125e+01
-1.877267646789550781e+01 5.584590435028076172e+00 7.234504699707031250e+01
-1.814063644409179688e+01 5.544149398803710938e+00 6.990005493164062500e+01
-1.752585411071777344e+01 5.528860092163085938e+00 7.118429565429687500e+01
-2.881507110595703125e+01 5.201135635375976562e+00 7.225724029541015625e+01
-1.707465171813964844e+01 5.467404842376708984e+00 6.990007781982421875e+01
-1.790054893493652344e+01 5.484543323516845703e+00 7.159479522705078125e+01
-1.891141700744628906e+01 5.405643463134765625e+00 6.990007019042968750e+01
-1.792588043212890625e+01 5.533816814422607422e+00 7.090013885498046875e+01
-1.967463684082031250e+01 5.233336448669433594e+00 7.234504699707031250e+01
-1.778631782531738281e+01 5.378999233245849609e+00 6.989982604980468750e+01
-1.752585029602050781e+01 5.410866260528564453e+00 7.148110961914062500e+01
-2.227230072021484375e+01 4.661644935607910156e+00 6.990003967285156250e+01
-1.792588043212890625e+01 5.533816814422607422e+00 7.090013885498046875e+01
-1.839462280273437500e+01 5.170981407165527344e+00 7.234504699707031250e+01
-1.838204002380371094e+01 5.246941566467285156e+00 6.990004730224609375e+01
-1.752585601806640625e+01 5.410637378692626953e+00 7.106984710693359375e+01
-2.200512123107910156e+01 4.207995414733886719e+00 7.234492492675781250e+01
-1.739404678344726562e+01 5.160364627838134766e+00 6.990010070800781250e+01
-1.774637031555175781e+01 5.280123233795166016e+00 7.159487152099609375e+01
-1.946460151672363281e+01 4.840240955352783203e+00 6.990010833740234375e+01
-1.194394111633300781e+01 3.090159416198730469e+00 6.990210723876953125e+01
-1.905621719360351562e+01 4.747551918029785156e+00 7.234504699707031250e+01
-1.800382423400878906e+01 5.077412605285644531e+00 6.990007019042968750e+01
-1.752585220336914062e+01 5.269845962524414062e+00 7.127384185791015625e+01
-2.883757591247558594e+01 -3.479918092489242554e-02 7.079367828369140625e+01
-1.681266021728515625e+01 4.726634025573730469e+00 6.990013885498046875e+01
-1.806690597534179688e+01 4.706867694854736328e+00 7.234504699707031250e+01
-1.867723846435546875e+01 4.781991481781005859e+00 6.990007019042968750e+01
-1.752585792541503906e+01 5.275875091552734375e+00 7.097492980957031250e+01
-2.024681472778320312e+01 3.707164287567138672e+00 7.234491729736328125e+01
-1.764655876159667969e+01 4.802645683288574219e+00 6.990009307861328125e+01
-1.757360649108886719e+01 4.955698490142822266e+00 7.159490966796875000e+01
-2.058330154418945312e+01 3.312578201293945312e+00 6.990016174316406250e+01
-1.519138050079345703e+01 3.103009939193725586e+00 6.980247497558593750e+01
-1.861927604675292969e+01 4.138786315917968750e+00 7.234499359130859375e+01
-1.822887802124023438e+01 4.573207855224609375e+00 6.990007019042968750e+01
-1.752585029602050781e+01 5.081869602203369141e+00 7.113720703125000000e+01
-2.481737327575683594e+01 -1.712342262268066406e+00 7.234487915039062500e+01
-1.720815277099609375e+01 4.190120697021484375e+00 6.990012359619140625e+01
-1.784273147583007812e+01 4.721713066101074219e+00 7.159490966796875000e+01
-1.908922386169433594e+01 3.635468721389770508e+00 6.990010070800781250e+01
-1.765495300292968750e+01 5.174917697906494141e+00 7.089157867431640625e+01
-1.940632247924804688e+01 2.590163946151733398e+00 7.234490203857421875e+01
-1.786985588073730469e+01 3.993246793746948242e+00 6.990009307861328125e+01
-1.752582931518554688e+01 4.475710868835449219e+00 7.138915252685546875e+01
-2.484733390808105469e+01 -7.344423294067382812e+00 6.990002441406250000e+01
-1.644427490234375000e+01 1.853730797767639160e+00 6.989058685302734375e+01
-1.826575469970703125e+01 2.069466829299926758e+00 7.234493255615234375e+01
-1.848605155944824219e+01 2.393006086349487305e+00 6.990007019042968750e+01
-1.752582550048828125e+01 4.097221374511718750e+00 7.103208160400390625e+01
-1.888132858276367188e+01 4.002766907215118408e-01 7.133032226562500000e+01
-1.792588043212890625e+01 4.405474185943603516e+00 7.090013885498046875e+01
