-1.752588844299316406e+01 6.731877326965332031e+00 7.090002441406250000e+01
-1.785932922363281250e+01 8.943388938903808594e+00 7.120548248291015625e+01
-1.749818229675292969e+01 7.808701038360595703e+00 7.058432769775390625e+01
-1.752505493164062500e+01 6.731686592102050781e+00 7.090110778808593750e+01
-1.798951148986816406e+01 7.826879024505615234e+00 7.081801605224609375e+01
-1.595369625091552734e+01 1.055266094207763672e+01 6.989992523193359375e+01
-1.771232604980468750e+01 8.050436019897460938e+00 7.159356689453125000e+01
-1.781229209899902344e+01 7.768605232238769531e+00 7.034857177734375000e+01
-1.752413749694824219e+01 6.730805397033691406e+00 7.090066528320312500e+01
-1.792586135864257812e+01 7.343692302703857422e+00 7.106512451171875000e+01
-1.706027793884277344e+01 8.182449340820312500e+00 6.990503692626953125e+01
-1.752532958984375000e+01 6.730246543884277344e+00 7.090180206298828125e+01
-1.925149345397949219e+01 9.042667388916015625e+00 6.990000152587890625e+01
-1.297763824462890625e+01 1.181147289276123047e+01 6.990010070800781250e+01
-1.792587089538574219e+01 7.443634033203125000e+00 7.146895599365234375e+01
-1.766381645202636719e+01 7.771080970764160156e+00 6.983564758300781250e+01
-1.752395248413085938e+01 6.730264186859130859e+00 7.090165710449218750e+01
-1.792586326599121094e+01 7.076398849487304688e+00 7.091656494140625000e+01
-1.652105712890625000e+01 7.897390842437744141e+00 6.990008544921875000e+01
-1.755801773071289062e+01 7.272085189819335938e+00 7.159484863281250000e+01
-1.836029815673828125e+01 7.694459438323974609e+00 6.990012359619140625e+01
-1.752402687072753906e+01 6.729259014129638672e+00 7.090027618408203125e+01
-1.792585563659667969e+01 7.053497314453125000e+00 7.117831420898437500e+01
-1.730122756958007812e+01 7.376730442047119141e+00 6.990138244628906250e+01
-1.752520751953125000e+01 6.728760242462158203e+00 7.090121459960937500e+01
-2.066082954406738281e+01 8.602313041687011719e+00 6.989989471435546875e+01
-1.536172676086425781e+01 8.013885498046875000e+00 6.990012359619140625e+01
-1.781671905517578125e+01 7.112368106842041016e+00 7.159494781494140625e+01
-1.788544845581054688e+01 7.240211963653564453e+00 6.990036010742187500e+01
-1.752539253234863281e+01 6.728191375732421875e+00 7.090028381347656250e+01
-1.792586708068847656e+01 6.905221939086914062e+00 7.100545501708984375e+01
-1.688289451599121094e+01 7.206981658935546875e+00 6.990002441406250000e+01
-1.752573204040527344e+01 6.728284835815429688e+00 7.090093231201171875e+01
-2.031657409667968750e+01 7.975884437561035156e+00 6.873876190185546875e+01
4.714464187622070312e+00 1.408598423004150391e+01 6.905745697021484375e+01
-1.792585372924804688e+01 6.908381938934326172e+00 7.133237457275390625e+01
-1.752100944519042969e+01 7.011406421661376953e+00 6.990004730224609375e+01
-1.752454185485839844e+01 6.728459358215332031e+00 7.090150451660156250e+01
-2.821655273437500000e+01 9.292438507080078125e+00 6.990921783447265625e+01
-1.620820808410644531e+01 7.087002277374267578e+00 6.989994812011718750e+01
-1.765230369567871094e+01 6.866055965423583984e+00 7.159491729736328125e+01
-1.815521621704101562e+01 6.933897495269775391e+00 6.989995574951171875e+01
-1.752527236938476562e+01 6.728034973144531250e+00 7.090019226074218750e+01
-1.792586708068847656e+01 6.787487506866455078e+00 7.110528564453125000e+01
-1.715517425537109375e+01 6.847168922424316406e+00 6.990008544921875000e+01
-1.752494049072265625e+01 6.728166103363037109e+00 7.090235137939453125e+01
-1.961897659301757812e+01 6.892122745513916016e+00 6.990807342529296875e+01
-1.428240108489990234e+01 6.899577140808105469e+00 6.990002441406250000e+01
-1.792585372924804688e+01 6.751918315887451172e+00 7.158249664306640625e+01
-1.774063491821289062e+01 6.738268852233886719e+00 6.989998626708984375e+01
-1.752588844299316406e+01 6.727936744689941406e+00 7.090002441406250000e+01
-1.792587852478027344e+01 6.715716361999511719e+00 7.094987487792968750e+01
-1.667463302612304688e+01 6.661522388458251953e+00 6.989993286132812500e+01
-1.752588844299316406e+01 6.727936744689941406e+00 7.090002441406250000e+01
-1.851128196716308594e+01 6.599781990051269531e+00 6.990010070800781250e+01
-1.792467117309570312e+01 6.659415721893310547e+00 7.122952270507812500e+01
-1.738637542724609375e+01 6.573173522949218750e+00 6.990006256103515625e+01
-1.752588844299316406e+01 6.727936744689941406e+00 7.090002441406250000e+01
-2.187162971496582031e+01 5.855901241302490234e+00 6.990007781982421875e+01
-1.576079559326171875e+01 6.287585735321044922e+00 6.989999389648437500e+01
-1.775129318237304688e+01 6.553460121154785156e+00 7.159483337402343750e+01
-1.798203659057617188e+01 6.441068649291992188e+00 6.989996337890625000e+01
-1.752588844299316406e+01 6.727936744689941406e+00 7.090002441406250000e+01
-1.792588043212890625e+01 6.597932815551757812e+00 7.104169464111328125e+01
-1.699406051635742188e+01 6.354487895965576172e+00 6.989999389648437500e+01
-1.752588844299316406e+01 6.727936744689941406e+00 7.090002441406250000e+01
-1.906441879272460938e+01 6.034447193145751953e+00 6.990011596679687500e+01
-1.153791999816894531e+01 4.281816005706787109e+00 6.990098571777343750e+01
-1.792586898803710938e+01 6.449709415435791016e+00 7.141131591796875000e+01
-1.760382652282714844e+01 6.271558761596679688e+00 6.990001678466796875e+01
-1.752588844299316406e+01 6.727936744689941406e+00 7.090002441406250000e+01
-2.884156608581542969e+01 9.531543254852294922e-01 7.078961944580078125e+01
-1.540505981445312500e+01 5.190147876739501953e+00 6.899489593505859375e+01
-1.759370613098144531e+01 6.330269336700439453e+00 7.159485626220703125e+01
-1.827720069885253906e+01 5.976156711578369141e+00 6.990001678466796875e+01
-1.752588844299316406e+01 6.727936744689941406e+00 7.090002441406250000e+01
-1.792588043212890625e+01 6.413129806518554688e+00 7.114901733398437500e+01
-1.724659347534179688e+01 5.996835708618164062e+00 6.990007781982421875e+01
-1.752588844299316406e+01 6.727936744689941406e+00 7.090002441406250000e+01
-2.018306732177734375e+01 4.506901264190673828e+00 6.990013885498046875e+01
-1.503484249114990234e+01 4.513546466827392578e+00 6.990008544921875000e+01
-1.785933303833007812e+01 6.057086944580078125e+00 7.159483337402343750e+01
-1.782885551452636719e+01 5.767422676086425781e+00 6.990005493164062500e+01
-1.752588844299316406e+01 6.727936744689941406e+00 7.090002441406250000e+01
-1.792587852478027344e+01 6.307360649108886719e+00 7.098387908935546875e+01
-1.680818176269531250e+01 5.384278774261474609e+00 6.990003967285156250e+01
-1.752588844299316406e+01 6.727936744689941406e+00 7.090002441406250000e+01
-1.868913269042968750e+01 4.829750061035156250e+00 6.990007019042968750e+01
-1.426202654838562012e+00 -1.459936904907226562e+01 7.039154052734375000e+01
-1.792587661743164062e+01 5.932615756988525391e+00 7.129037475585937500e+01
-1.746986961364746094e+01 5.187547206878662109e+00 6.990010070800781250e+01
-1.752588844299316406e+01 6.727936744689941406e+00 7.090002441406250000e+01
-2.443954849243164062e+01 -6.135803222656250000e+00 6.990103149414062500e+01
-1.605846595764160156e+01 3.083082199096679688e+00 6.990013885498046875e+01
-1.768909645080566406e+01 5.064340591430664062e+00 7.159381866455078125e+01
-1.808599090576171875e+01 3.587503194808959961e+00 6.990007781982421875e+01
-1.578051090240478516e+01 4.602998793125152588e-01 7.147566986083984375e+01
-1.792586517333984375e+01 4.578894615173339844e+00 7.108010864257812500e+01
-1.752588844299316406e+01 6.095997333526611328e+00 7.090002441406250000e+01
