-8.474506735801696777e-01 -7.413644790649414062e-01 7.089992523193359375e+01
-9.076587557792663574e-01 -4.597080945968627930e-01 7.095507812500000000e+01
-7.596880793571472168e-01 2.563697338104248047e+00 6.989991760253906250e+01
-7.586217522621154785e-01 -4.597124159336090088e-01 7.101578521728515625e+01
-9.014496207237243652e-01 -7.317481637001037598e-01 7.089037322998046875e+01
7.245588898658752441e-01 2.964536905288696289e+00 6.989994049072265625e+01
-9.038457870483398438e-01 -4.597054123878479004e-01 7.110971069335937500e+01
-8.474506735801696777e-01 -8.597438335418701172e-01 7.089992523193359375e+01
-6.031537055969238281e-01 -4.597196280956268311e-01 7.098914337158203125e+01
-1.107304811477661133e+00 -4.596998691558837891e-01 7.100718688964843750e+01
-2.976132333278656006e-01 8.578810095787048340e-01 6.972495269775390625e+01
-7.506998777389526367e-01 -4.597122371196746826e-01 7.120838165283203125e+01
-2.573056459426879883e+00 1.454986810684204102e+00 6.989990234375000000e+01
3.701030254364013672e+00 4.224050045013427734e+00 6.989995574951171875e+01
-1.071024656295776367e+00 -4.596973657608032227e-01 7.121793365478515625e+01
-1.014055132865905762e+00 4.002874195575714111e-01 6.961425018310546875e+01
-5.147170424461364746e-01 -4.597250819206237793e-01 7.118035125732421875e+01
-1.306635975837707520e+00 -4.596968889236450195e-01 7.091891479492187500e+01
2.352339029312133789e-01 4.003184437751770020e-01 6.982250976562500000e+01
-8.710708618164062500e-01 -4.597066640853881836e-01 7.141073608398437500e+01
-1.935263872146606445e+00 4.003035128116607666e-01 6.959635925292968750e+01
-2.844534516334533691e-01 -4.597161114215850830e-01 7.097567749023437500e+01
-1.338919281959533691e+00 -4.597036838531494141e-01 7.124187469482421875e+01
-4.649795293807983398e-01 2.447827607393264771e-01 6.919980621337890625e+01
-5.165599584579467773e-01 -4.597308337688446045e-01 7.147737121582031250e+01
-3.981950521469116211e+00 1.014368414878845215e+00 6.989993286132812500e+01
1.308147549629211426e+00 4.211160540580749512e-01 6.990398406982421875e+01
-1.138327717781066895e+00 -4.752514362335205078e-01 7.159496307373046875e+01
-1.458932399749755859e+00 1.145306415855884552e-02 6.919985198974609375e+01
-6.916410475969314575e-02 -4.596985578536987305e-01 7.130896759033203125e+01
-1.750007987022399902e+00 -4.596966505050659180e-01 7.113783264160156250e+01
2.456662207841873169e-01 -4.534705728292465210e-02 6.919987487792968750e+01
-7.280228137969970703e-01 -5.932549834251403809e-01 7.159484100341796875e+01
-3.042501688003540039e+00 1.218461021780967712e-01 6.919995117187500000e+01
1.460775661468505859e+01 4.253490924835205078e+00 6.961949157714843750e+01
-1.490421533584594727e+00 -5.696659088134765625e-01 7.159495544433593750e+01
-8.405665159225463867e-01 -4.597084820270538330e-01 6.948874664306640625e+01
-2.169979661703109741e-01 -6.148539781570434570e-01 7.159490966796875000e+01
-1.159846305847167969e+01 1.719234704971313477e+00 6.990352630615234375e+01
6.205355525016784668e-01 -4.597206413745880127e-01 6.978577423095703125e+01
-9.738761782646179199e-01 -7.216135263442993164e-01 7.159487152099609375e+01
-1.917228937149047852e+00 -5.096366405487060547e-01 6.919994354248046875e+01
1.669285535812377930e+00 -4.597411155700683594e-01 7.158966064453125000e+01
-2.201585531234741211e+00 -6.581346988677978516e-01 7.159484863281250000e+01
-2.171976119279861450e-01 -6.570366024971008301e-01 6.919992828369140625e+01
-5.645526647567749023e-01 -7.912504076957702637e-01 7.159485626220703125e+01
-4.434638500213623047e+00 -5.783579945564270020e-01 6.919989013671875000e+01
4.666715621948242188e+00 -5.679424405097961426e-01 6.919985198974609375e+01
-1.254713058471679688e+00 -8.353245258331298828e-01 7.159484863281250000e+01
-1.212541818618774414e+00 -8.421780467033386230e-01 6.919976043701171875e+01
-9.364467859268188477e-02 -8.690840601921081543e-01 7.143539428710937500e+01
-8.514059782028198242e-01 -8.598646521568298340e-01 7.090042114257812500e+01
2.489202888682484627e-03 -9.260553717613220215e-01 6.990138244628906250e+01
-8.472647070884704590e-01 -8.601055145263671875e-01 7.090502166748046875e+01
-2.598081827163696289e+00 -1.087421417236328125e+00 6.912348175048828125e+01
-8.474506735801696777e-01 -8.597438335418701172e-01 7.089992523193359375e+01
-8.499436378479003906e-01 -8.601722121238708496e-01 7.090198516845703125e+01
-7.079398632049560547e-01 -1.014504909515380859e+00 6.989997863769531250e+01
-8.424087166786193848e-01 -8.612934947013854980e-01 7.090724945068359375e+01
-5.193245887756347656e+00 -1.731790423393249512e+00 6.989997100830078125e+01
9.173814654350280762e-01 -1.300029516220092773e+00 6.990003967285156250e+01
-8.485434055328369141e-01 -8.605896830558776855e-01 7.090328979492187500e+01
-1.715414404869079590e+00 -1.405599951744079590e+00 6.899699401855468750e+01
-8.474506735801696777e-01 -8.597438335418701172e-01 7.089992523193359375e+01
-8.504669070243835449e-01 -8.607241511344909668e-01 7.090099334716796875e+01
-3.156744241714477539e-01 -1.233156204223632812e+00 6.989999389648437500e+01
-8.463240265846252441e-01 -8.613360524177551270e-01 7.090428924560546875e+01
-2.386134386062622070e+00 -1.553302288055419922e+00 6.989991760253906250e+01
5.145478725433349609e+00 -3.307890653610229492e+00 6.990005493164062500e+01
-8.491817116737365723e-01 -8.609479665756225586e-01 7.090213775634765625e+01
-9.253850579261779785e-01 -1.316095948219299316e+00 6.989997100830078125e+01
-8.474506735801696777e-01 -8.597438335418701172e-01 7.089992523193359375e+01
-2.780655670166015625e+01 -1.461790943145751953e+01 7.063688659667968750e+01
2.625433504581451416e-01 -1.664587855339050293e+00 6.990282440185546875e+01
-8.475750088691711426e-01 -8.604730963706970215e-01 7.090119934082031250e+01
-1.598735332489013672e+00 -1.611495733261108398e+00 6.989994812011718750e+01
-8.474506735801696777e-01 -8.597438335418701172e-01 7.089992523193359375e+01
-8.493913412094116211e-01 -8.612712025642395020e-01 7.090113067626953125e+01
-5.681582689285278320e-01 -1.590836405754089355e+00 6.989998626708984375e+01
-8.468360304832458496e-01 -8.607525229454040527e-01 7.090113830566406250e+01
-3.504866600036621094e+00 -3.080977916717529297e+00 6.989994812011718750e+01
1.643422007560729980e+00 -3.073980569839477539e+00 6.990006256103515625e+01
-8.482665419578552246e-01 -8.613852858543395996e-01 7.090162658691406250e+01
-1.454175829887390137e+00 -2.783274650573730469e+00 6.889737701416015625e+01
-8.474506735801696777e-01 -8.597438335418701172e-01 7.089992523193359375e+01
-8.489919900894165039e-01 -8.613644838333129883e-01 7.090024566650390625e+01
-1.297928243875503540e-01 -2.203308820724487305e+00 6.990000915527343750e+01
-8.473173379898071289e-01 -8.610460162162780762e-01 7.090103912353515625e+01
-2.010724306106567383e+00 -2.757976531982421875e+00 6.989994049072265625e+01
9.442536354064941406e+00 -1.449092292785644531e+01 7.057492828369140625e+01
-8.482283949851989746e-01 -8.612902164459228516e-01 7.090068054199218750e+01
-7.333644032478332520e-01 -3.996855974197387695e+00 6.886350250244140625e+01
-8.474203944206237793e-01 -8.598238825798034668e-01 7.089996337890625000e+01
-7.767108440399169922e+00 -1.373464393615722656e+01 6.990007019042968750e+01
6.199664473533630371e-01 -4.504587173461914062e+00 6.990003967285156250e+01
-8.474926352500915527e-01 -8.601713776588439941e-01 7.090010070800781250e+01
-1.407558441162109375e+00 -4.000201702117919922e+00 6.989997100830078125e+01
-8.474506735801696777e-01 -8.597438335418701172e-01 7.089992523193359375e+01
-8.475655317306518555e-01 -8.603609204292297363e-01 7.089997863769531250e+01
-8.474506735801696777e-01 -1.456758689880371094e+01 7.089992523193359375e+01
