9.385042190551757812e+00 -3.997021913528442383e-01 7.089997863769531250e+01
9.376178741455078125e+00 -4.008215367794036865e-01 7.090809631347656250e+01
9.472808837890625000e+00 2.963890552520751953e+00 6.989991760253906250e+01
9.398367881774902344e+00 -3.997030556201934814e-01 7.091735839843750000e+01
9.359864234924316406e+00 -4.000339508056640625e-01 7.089552307128906250e+01
1.261256027221679688e+01 7.391977310180664062e+00 6.884689331054687500e+01
9.376582145690917969e+00 -3.997029662132263184e-01 7.093144989013671875e+01
8.865661621093750000e+00 1.427487611770629883e+00 6.989994049072265625e+01
9.421691894531250000e+00 -3.997035026550292969e-01 7.091336059570312500e+01
9.346059799194335938e+00 -3.997017443180084229e-01 7.091606903076171875e+01
9.853013038635253906e+00 1.002167940139770508e+00 6.989995574951171875e+01
9.399556159973144531e+00 -3.997040092945098877e-01 7.094625091552734375e+01
7.659423828125000000e+00 1.855032563209533691e+00 6.989994812011718750e+01
1.393381309509277344e+01 4.624402999877929688e+00 6.989994049072265625e+01
9.351503372192382812e+00 -3.997029066085815430e-01 7.094768524169921875e+01
9.255455017089843750e+00 5.203551054000854492e-01 6.989996337890625000e+01
9.434958457946777344e+00 -3.997047245502471924e-01 7.094204711914062500e+01
9.316310882568359375e+00 -3.998354375362396240e-01 7.090282440185546875e+01
1.038995265960693359e+01 7.098312973976135254e-01 6.989995574951171875e+01
9.381499290466308594e+00 -3.997045457363128662e-01 7.097660827636718750e+01
8.550537109375000000e+00 5.069181919097900391e-01 6.989996337890625000e+01
9.469500541687011719e+00 -3.997045755386352539e-01 7.091133880615234375e+01
9.321102142333984375e+00 -4.076700806617736816e-01 7.094446563720703125e+01
9.610011100769042969e+00 1.899669170379638672e-01 6.989997100830078125e+01
9.434681892395019531e+00 -3.997061252593994141e-01 7.098660278320312500e+01
6.250509262084960938e+00 1.414417147636413574e+00 6.989997863769531250e+01
1.154109191894531250e+01 8.214134573936462402e-01 6.990383148193359375e+01
9.339644432067871094e+00 -3.997058868408203125e-01 7.100845336914062500e+01
9.025360107421875000e+00 5.273562297224998474e-02 6.989997100830078125e+01
9.501787185668945312e+00 -3.997069299221038818e-01 7.096133422851562500e+01
9.249641418457031250e+00 -3.997001349925994873e-01 7.093566894531250000e+01
1.002803897857666016e+01 1.933231763541698456e-02 6.989997100830078125e+01
9.409352302551269531e+00 -4.054707884788513184e-01 7.104142761230468750e+01
8.093801498413085938e+00 1.177064180374145508e-01 6.989997100830078125e+01
2.145445442199707031e+01 3.533356189727783203e+00 6.990005493164062500e+01
9.252031326293945312e+00 -3.997065424919128418e-01 7.104376220703125000e+01
9.389920234680175781e+00 -1.762379407882690430e-01 6.989997863769531250e+01
9.539517402648925781e+00 -3.997113108634948730e-01 7.107026672363281250e+01
-1.405567765235900879e+00 2.128762245178222656e+00 6.989990997314453125e+01
1.070263195037841797e+01 -1.006744131445884705e-01 6.989997863769531250e+01
9.330128669738769531e+00 -3.997171819210052490e-01 7.120183563232421875e+01
8.755756378173828125e+00 -2.537680268287658691e-01 6.989997863769531250e+01
9.762552261352539062e+00 -3.997145295143127441e-01 7.100344085693359375e+01
8.981915473937988281e+00 -3.996957838535308838e-01 7.110685729980468750e+01
9.755777359008789062e+00 -3.404759466648101807e-01 6.989998626708984375e+01
9.632783889770507812e+00 -3.997333347797393799e-01 7.150855255126953125e+01
7.274981021881103516e+00 -2.941977083683013916e-01 6.989997863769531250e+01
1.262853622436523438e+01 -2.880741059780120850e-01 6.989997863769531250e+01
8.538233757019042969e+00 -4.089405536651611328e-01 7.234490966796875000e+01
9.170305252075195312e+00 -4.493831992149353027e-01 6.989998626708984375e+01
1.036311435699462891e+01 -4.718339741230010986e-01 7.159475708007812500e+01
3.809209346771240234e+00 -6.300649046897888184e-01 7.159488677978515625e+01
9.385046005249023438e+00 -4.597151875495910645e-01 7.089997100830078125e+01
9.410386085510253906e+00 -5.090107321739196777e-01 7.159495544433593750e+01
9.385037422180175781e+00 -4.597155451774597168e-01 7.089997100830078125e+01
1.289540195465087891e+01 -8.526977300643920898e-01 7.107946777343750000e+01
8.544136047363281250e+00 -6.042037606239318848e-01 7.159477996826171875e+01
9.385043144226074219e+00 -4.597156941890716553e-01 7.089997100830078125e+01
9.863513946533203125e+00 -6.067746281623840332e-01 7.159486389160156250e+01
9.385007858276367188e+00 -4.597217738628387451e-01 7.089997100830078125e+01
9.385054588317871094e+00 -4.597181081771850586e-01 7.089997100830078125e+01
9.159643173217773438e+00 -6.341871023178100586e-01 7.159477233886718750e+01
9.385039329528808594e+00 -4.597167074680328369e-01 7.089997100830078125e+01
1.068399429321289062e+01 -8.597006797790527344e-01 7.145105743408203125e+01
8.174037933349609375e+00 -8.533115386962890625e-01 7.132888793945312500e+01
9.385046005249023438e+00 -4.597174823284149170e-01 7.089997100830078125e+01
9.564601898193359375e+00 -7.134782671928405762e-01 7.159490966796875000e+01
9.385029792785644531e+00 -4.597204029560089111e-01 7.089997100830078125e+01
9.385069847106933594e+00 -4.597263634204864502e-01 7.089997100830078125e+01
8.841433525085449219e+00 -8.378502726554870605e-01 7.159487152099609375e+01
9.385041236877441406e+00 -4.597182571887969971e-01 7.089997100830078125e+01
9.991183280944824219e+00 -8.596954941749572754e-01 7.146623229980468750e+01
9.385018348693847656e+00 -4.597269594669342041e-01 7.089997863769531250e+01
9.385050773620605469e+00 -4.597212970256805420e-01 7.089997100830078125e+01
9.317220687866210938e+00 -8.574073910713195801e-01 7.159485626220703125e+01
9.385036468505859375e+00 -4.597208499908447266e-01 7.089997100830078125e+01
1.000535106658935547e+01 -8.597004413604736328e-01 7.101595306396484375e+01
8.876833915710449219e+00 -8.596916794776916504e-01 7.121633911132812500e+01
9.385044097900390625e+00 -4.597207009792327881e-01 7.089997100830078125e+01
9.628769874572753906e+00 -8.596978187561035156e-01 7.138066864013671875e+01
9.385028839111328125e+00 -4.597261548042297363e-01 7.089997100830078125e+01
9.385054588317871094e+00 -4.597261250019073486e-01 7.089997100830078125e+01
9.186234474182128906e+00 -8.596924543380737305e-01 7.131423950195312500e+01
9.385040283203125000e+00 -4.597223401069641113e-01 7.089997100830078125e+01
9.739086151123046875e+00 -8.597081899642944336e-01 7.110979461669921875e+01
9.385031700134277344e+00 -4.597257971763610840e-01 7.089997863769531250e+01
9.385046958923339844e+00 -4.597242474555969238e-01 7.089997100830078125e+01
9.425994873046875000e+00 -8.597000241279602051e-01 7.124217224121093750e+01
9.385035514831542969e+00 -4.597256779670715332e-01 7.089997100830078125e+01
9.385051727294921875e+00 -4.597269892692565918e-01 7.089997863769531250e+01
9.183877944946289062e+00 -8.597017526626586914e-01 7.109629821777343750e+01
9.385042190551757812e+00 -4.597249031066894531e-01 7.089997100830078125e+01
9.536272048950195312e+00 -8.597073554992675781e-01 7.108483886718750000e+01
9.385035514831542969e+00 -4.597271084785461426e-01 7.089997863769531250e+01
9.385046958923339844e+00 -4.597269296646118164e-01 7.089997863769531250e+01
9.345800399780273438e+00 -8.597053289413452148e-01 7.106679534912109375e+01
9.385040283203125000e+00 -4.597267806529998779e-01 7.089997863769531250e+01
9.385045051574707031e+00 -4.597265124320983887e-01 7.089997863769531250e+01
9.385040283203125000e+00 -4.597265422344207764e-01 7.089997863769531250e+01
9.385042190551757812e+00 -4.597268998622894287e-01 7.089997863769531250e+01
