2.650691413879394531e+01 1.458256626129150391e+01 7.089501190185546875e+01
2.492432785034179688e+01 4.931606769561767578e+00 7.234478759765625000e+01
2.659423637390136719e+01 -2.177161216735839844e+00 6.990001678466796875e+01
2.761841773986816406e+01 -5.779073238372802734e-01 7.234477233886718750e+01
2.088202095031738281e+01 7.749432086944580078e+00 6.990004730224609375e+01
2.807080650329589844e+01 -1.778910994529724121e+00 6.990019226074218750e+01
2.611716270446777344e+01 -2.818752765655517578e+00 7.234486389160156250e+01
2.555941200256347656e+01 -2.140641689300537109e+00 6.907065582275390625e+01
2.889750099182128906e+01 -1.668978810310363770e+00 7.176805114746093750e+01
2.299477958679199219e+01 -1.765364408493041992e-01 7.234477233886718750e+01
2.697253799438476562e+01 -4.128895282745361328e+00 6.990000152587890625e+01
2.696169853210449219e+01 -3.703070163726806641e+00 7.234493255615234375e+01
2.479003715515136719e+01 -3.280426263809204102e+00 6.990004730224609375e+01
2.882388877868652344e+01 -2.993786334991455078e+00 7.038562774658203125e+01
2.548756790161132812e+01 -3.759503841400146484e+00 7.234492492675781250e+01
2.624003982543945312e+01 -3.565071821212768555e+00 6.883555603027343750e+01
2.822728919982910156e+01 -3.515179157257080078e+00 7.234494781494140625e+01
2.649242401123046875e+01 -5.570822238922119141e+00 7.089561462402343750e+01
2.750675582885742188e+01 -4.419799804687500000e+00 6.990003967285156250e+01
2.643987083435058594e+01 -4.447992324829101562e+00 7.234487915039062500e+01
2.649470710754394531e+01 -5.569307804107666016e+00 7.088038635253906250e+01
2.883402633666992188e+01 -3.929957866668701172e+00 7.120812225341796875e+01
2.640670204162597656e+01 -5.501878261566162109e+00 7.096473693847656250e+01
2.673076629638671875e+01 -4.936992168426513672e+00 6.989997100830078125e+01
2.733771133422851562e+01 -4.579098224639892578e+00 7.234486389160156250e+01
2.625098800659179688e+01 -5.430429458618164062e+00 7.081336212158203125e+01
2.866046142578125000e+01 -4.303805351257324219e+00 6.990001678466796875e+01
2.590013885498046875e+01 -4.781387805938720703e+00 7.234487152099609375e+01
2.614903259277343750e+01 -5.073563098907470703e+00 6.990000915527343750e+01
2.866472053527832031e+01 -4.474317550659179688e+00 7.202909088134765625e+01
2.611195182800292969e+01 -5.408384799957275391e+00 7.099912261962890625e+01
2.714676856994628906e+01 -5.106740951538085938e+00 6.989989471435546875e+01
2.675608062744140625e+01 -5.027462959289550781e+00 7.234484100341796875e+01
2.610267639160156250e+01 -5.402678966522216797e+00 7.058194732666015625e+01
2.878432655334472656e+01 -4.829982757568359375e+00 7.070632934570312500e+01
2.612608146667480469e+01 -5.411633491516113281e+00 7.130667877197265625e+01
2.651176834106445312e+01 -5.301407814025878906e+00 6.990008544921875000e+01
2.782211494445800781e+01 -5.072577476501464844e+00 7.234482574462890625e+01
2.588807487487792969e+01 -5.434998512268066406e+00 7.083766174316406250e+01
2.781787490844726562e+01 -5.226212978363037109e+00 6.990003967285156250e+01
2.649480056762695312e+01 -5.570211887359619141e+00 7.096160125732421875e+01
2.598073768615722656e+01 -5.411244869232177734e+00 7.005886840820312500e+01
2.877859115600585938e+01 -5.222393035888671875e+00 7.151758575439453125e+01
2.514759254455566406e+01 -5.381065368652343750e+00 7.159259033203125000e+01
2.687577247619628906e+01 -5.464811325073242188e+00 6.990007781982421875e+01
2.709710884094238281e+01 -5.440553188323974609e+00 7.234481048583984375e+01
2.571715164184570312e+01 -5.521496295928955078e+00 7.052072906494140625e+01
2.875304222106933594e+01 -5.464585304260253906e+00 7.020250701904296875e+01
2.609678268432617188e+01 -5.558855533599853516e+00 7.159482574462890625e+01
2.650691413879394531e+01 -5.583446979522705078e+00 7.089501190185546875e+01
2.850943565368652344e+01 -5.608259677886962891e+00 7.231751251220703125e+01
2.513487243652343750e+01 -5.625364780426025391e+00 7.106600952148437500e+01
2.735376739501953125e+01 -5.649517536163330078e+00 6.990009307861328125e+01
2.653243827819824219e+01 -5.633092880249023438e+00 7.159492492675781250e+01
2.555166053771972656e+01 -5.707682132720947266e+00 6.992567443847656250e+01
2.868131065368652344e+01 -5.826869487762451172e+00 7.100618743896484375e+01
2.565983963012695312e+01 -5.728995800018310547e+00 7.159490966796875000e+01
2.657608985900878906e+01 -5.660183906555175781e+00 7.039920043945312500e+01
2.750519561767578125e+01 -5.890271663665771484e+00 7.234482574462890625e+01
2.551889991760253906e+01 -5.781706333160400391e+00 7.066767120361328125e+01
2.826311492919921875e+01 -6.021579265594482422e+00 6.990001678466796875e+01
2.627987480163574219e+01 -5.759188652038574219e+00 7.159486389160156250e+01
2.557835578918457031e+01 -6.167410850524902344e+00 6.885923004150390625e+01
2.860244941711425781e+01 -6.228724002838134766e+00 7.178404235839843750e+01
2.543980979919433594e+01 -5.930273532867431641e+00 7.127295684814453125e+01
2.703606796264648438e+01 -5.955018043518066406e+00 6.990001678466796875e+01
2.656653213500976562e+01 -5.667701244354248047e+00 7.112574005126953125e+01
2.547858428955078125e+01 -6.046964168548583984e+00 7.022669219970703125e+01
2.865378761291503906e+01 -6.460457801818847656e+00 7.053682708740234375e+01
2.595951080322265625e+01 -5.964221477508544922e+00 7.159475708007812500e+01
2.634860038757324219e+01 -6.510467529296875000e+00 6.886373901367187500e+01
2.805899429321289062e+01 -6.607634544372558594e+00 7.234494781494140625e+01
2.548637008666992188e+01 -6.104265689849853516e+00 7.088505554199218750e+01
2.760807800292968750e+01 -6.381888389587402344e+00 6.990583801269531250e+01
2.643860626220703125e+01 -5.983990669250488281e+00 7.159487152099609375e+01
2.566516494750976562e+01 -6.425719261169433594e+00 6.977462768554687500e+01
2.858800888061523438e+01 -6.925370693206787109e+00 7.128410339355468750e+01
2.557044792175292969e+01 -6.320477008819580078e+00 7.147795867919921875e+01
2.667185211181640625e+01 -6.015196800231933594e+00 7.030449676513671875e+01
2.661390686035156250e+01 -5.759033203125000000e+00 7.110602569580078125e+01
2.558893775939941406e+01 -6.350748538970947266e+00 7.054958343505859375e+01
2.862741279602050781e+01 -7.468443870544433594e+00 7.004381561279296875e+01
2.617414093017578125e+01 -6.252948760986328125e+00 7.158842468261718750e+01
2.619238281250000000e+01 -6.580623149871826172e+00 6.985687255859375000e+01
2.657541656494140625e+01 -5.660839557647705078e+00 7.093560791015625000e+01
2.568204307556152344e+01 -6.450769901275634766e+00 7.106793975830078125e+01
2.665142250061035156e+01 -5.853989124298095703e+00 7.069366455078125000e+01
2.658202934265136719e+01 -6.317101478576660156e+00 7.152266693115234375e+01
2.590102958679199219e+01 -6.572131156921386719e+00 7.037417602539062500e+01
2.656931304931640625e+01 -5.666105747222900391e+00 7.089304351806640625e+01
2.599914360046386719e+01 -6.593078136444091797e+00 7.139054870605468750e+01
2.653590202331542969e+01 -6.380538940429687500e+00 7.037758636474609375e+01
2.667261886596679688e+01 -6.021722793579101562e+00 7.109756469726562500e+01
2.596709632873535156e+01 -6.587845802307128906e+00 7.081700897216796875e+01
2.667283821105957031e+01 -5.995576381683349609e+00 7.078195190429687500e+01
2.641798782348632812e+01 -6.489875793457031250e+00 7.127303314208984375e+01
2.633641815185546875e+01 -6.539394378662109375e+00 7.059062957763671875e+01
2.665896606445312500e+01 -6.129467487335205078e+00 7.094515991210937500e+01
2.632857513427734375e+01 -6.541651725769042969e+00 7.097530364990234375e+01
2.650691413879394531e+01 -6.415130615234375000e+00 7.089501190185546875e+01
