-2.575094223022460938e+01 1.472313499450683594e+01 7.089992523193359375e+01
-2.575103378295898438e+01 6.574794769287109375e+00 7.090000915527343750e+01
-2.566319465637207031e+01 9.997027397155761719e+00 6.990009307861328125e+01
-2.575090408325195312e+01 6.574351787567138672e+00 7.089997863769531250e+01
-2.885855293273925781e+01 1.394025993347167969e+01 7.035023498535156250e+01
-2.262981986999511719e+01 1.416704082489013672e+01 6.891452026367187500e+01
-2.575102806091308594e+01 6.574795246124267578e+00 7.090024566650390625e+01
-2.627023506164550781e+01 8.461066246032714844e+00 6.990005493164062500e+01
-2.575094223022460938e+01 6.574180126190185547e+00 7.089992523193359375e+01
-2.575145149230957031e+01 6.574964046478271484e+00 7.090013885498046875e+01
-2.528298568725585938e+01 8.036020278930664062e+00 6.989992523193359375e+01
-2.575090980529785156e+01 6.574311256408691406e+00 7.090002441406250000e+01
-2.747624397277832031e+01 8.888502120971679688e+00 6.990007781982421875e+01
-2.120242500305175781e+01 1.165801429748535156e+01 6.989994812011718750e+01
-2.575135993957519531e+01 6.574927806854248047e+00 7.090052032470703125e+01
-2.588052940368652344e+01 7.554242134094238281e+00 6.989991760253906250e+01
-2.575094223022460938e+01 6.574180126190185547e+00 7.089992523193359375e+01
-2.575176811218261719e+01 6.574898719787597656e+00 7.089995574951171875e+01
-2.474600410461425781e+01 7.743758201599121094e+00 6.989987945556640625e+01
-2.575097465515136719e+01 6.574719429016113281e+00 7.090061187744140625e+01
-2.658543395996093750e+01 7.540797233581542969e+00 6.989992523193359375e+01
-2.575094223022460938e+01 6.574180126190185547e+00 7.089992523193359375e+01
-2.575171852111816406e+01 6.574811935424804688e+00 7.090046691894531250e+01
-2.552597999572753906e+01 7.223839759826660156e+00 6.989994812011718750e+01
-2.575094223022460938e+01 6.574180126190185547e+00 7.089992523193359375e+01
-2.882525825500488281e+01 8.412308692932128906e+00 6.991913604736328125e+01
-2.358692932128906250e+01 7.860040187835693359e+00 6.990009307861328125e+01
-2.575143623352050781e+01 6.574833869934082031e+00 7.090110778808593750e+01
-2.611058998107910156e+01 7.086581707000732422e+00 6.990000915527343750e+01
-2.575094223022460938e+01 6.574180126190185547e+00 7.089992523193359375e+01
-2.575204277038574219e+01 6.574667453765869141e+00 7.090021514892578125e+01
-2.510802841186523438e+01 7.053165912628173828e+00 6.990004730224609375e+01
-2.575093841552734375e+01 6.574187755584716797e+00 7.089994812011718750e+01
-2.704195022583007812e+01 7.151497364044189453e+00 6.990009307861328125e+01
-1.368275451660156250e+01 1.056684589385986328e+01 6.990010070800781250e+01
-2.575201225280761719e+01 6.574662685394287109e+00 7.090108489990234375e+01
-2.574606513977050781e+01 6.857618331909179688e+00 6.990006256103515625e+01
-2.575094223022460938e+01 6.574180126190185547e+00 7.089992523193359375e+01
-2.575265312194824219e+01 6.574590206146240234e+00 7.089976501464843750e+01
-2.443890380859375000e+01 6.931707859039306641e+00 6.990413665771484375e+01
-2.575104522705078125e+01 6.574293613433837891e+00 7.090049743652343750e+01
-2.575102424621582031e+01 6.574206829071044922e+00 7.089979553222656250e+01
-2.575094223022460938e+01 6.574180126190185547e+00 7.089992523193359375e+01
-2.590968322753906250e+01 6.597814083099365234e+00 7.098139190673828125e+01
-2.538079452514648438e+01 6.693230152130126953e+00 6.990151214599609375e+01
-2.575094223022460938e+01 6.574180126190185547e+00 7.089992523193359375e+01
-2.575386619567871094e+01 6.574409484863281250e+00 7.089853668212890625e+01
-2.250786399841308594e+01 6.745799064636230469e+00 6.990004730224609375e+01
-2.600913238525390625e+01 6.589661121368408203e+00 7.134047698974609375e+01
-2.575098800659179688e+01 6.574182510375976562e+00 7.089971160888671875e+01
-2.575094223022460938e+01 6.574180126190185547e+00 7.089992523193359375e+01
-2.612048149108886719e+01 6.562890052795410156e+00 7.094598388671875000e+01
-2.489986801147460938e+01 6.507780075073242188e+00 6.990004730224609375e+01
-2.572559928894042969e+01 6.524888038635253906e+00 7.159484863281250000e+01
-2.575212860107421875e+01 6.574025630950927734e+00 7.089871978759765625e+01
-2.575094223022460938e+01 6.574180126190185547e+00 7.089992523193359375e+01
-2.627118492126464844e+01 6.484789371490478516e+00 7.132977294921875000e+01
-2.575090217590332031e+01 6.574136257171630859e+00 7.089964294433593750e+01
-2.575094223022460938e+01 6.574180126190185547e+00 7.089992523193359375e+01
-2.575565338134765625e+01 6.573234558105468750e+00 7.089884185791015625e+01
-2.398623657226562500e+01 6.133926391601562500e+00 6.990011596679687500e+01
-2.597639465332031250e+01 6.399665832519531250e+00 7.159488677978515625e+01
-2.575145530700683594e+01 6.573857784271240234e+00 7.089880371093750000e+01
-2.568773841857910156e+01 6.554717540740966797e+00 7.092674255371093750e+01
-2.639634895324707031e+01 6.364411830902099609e+00 7.112851715087890625e+01
-2.575070190429687500e+01 6.574011325836181641e+00 7.089947509765625000e+01
-2.557164001464843750e+01 6.320780754089355469e+00 7.159385681152343750e+01
-2.575325965881347656e+01 6.573135375976562500e+00 7.089842224121093750e+01
-2.573750877380371094e+01 6.568692684173583984e+00 7.089768218994140625e+01
-2.629378890991210938e+01 6.196574687957763672e+00 7.159384918212890625e+01
-2.575103187561035156e+01 6.573654174804687500e+00 7.089877319335937500e+01
-2.548821640014648438e+01 6.400811672210693359e+00 7.114536285400390625e+01
-2.575457191467285156e+01 6.572327613830566406e+00 7.089988708496093750e+01
-2.574990844726562500e+01 6.573430538177490234e+00 7.089899444580078125e+01
-2.581877899169921875e+01 6.176396846771240234e+00 7.159496307373046875e+01
-2.575209426879882812e+01 6.573027133941650391e+00 7.089839172363281250e+01
-2.548633956909179688e+01 6.403559684753417969e+00 7.094939422607421875e+01
-2.652039527893066406e+01 5.968595027923583984e+00 7.137890625000000000e+01
-2.575057220458984375e+01 6.573211193084716797e+00 7.089859771728515625e+01
-2.539855766296386719e+01 5.995880126953125000e+00 7.159490966796875000e+01
-2.575335693359375000e+01 6.572162151336669922e+00 7.089901733398437500e+01
-2.574716758728027344e+01 6.570825576782226562e+00 7.089840698242187500e+01
-2.608439064025878906e+01 5.903321743011474609e+00 7.159474182128906250e+01
-2.575140571594238281e+01 6.572707653045654297e+00 7.089839172363281250e+01
-2.533781242370605469e+01 6.107433319091796875e+00 7.114476013183593750e+01
-2.648556709289550781e+01 5.801748752593994141e+00 7.105393218994140625e+01
-2.574984359741210938e+01 6.572123527526855469e+00 7.089839172363281250e+01
-2.566857528686523438e+01 5.769704341888427734e+00 7.158817291259765625e+01
-2.575228881835937500e+01 6.571983814239501953e+00 7.089876556396484375e+01
-2.574748229980468750e+01 6.569595813751220703e+00 7.089981842041015625e+01
-2.627982521057128906e+01 5.522572040557861328e+00 7.141606140136718750e+01
-2.575086212158203125e+01 6.571953296661376953e+00 7.089848327636718750e+01
-2.518237686157226562e+01 5.070365905761718750e+00 7.159493255615234375e+01
-2.575239562988281250e+01 6.571475982666015625e+00 7.089971160888671875e+01
-2.574953651428222656e+01 6.570686817169189453e+00 7.089896392822265625e+01
-2.586838531494140625e+01 5.377082347869873047e+00 7.139916992187500000e+01
-2.575144004821777344e+01 6.571386814117431641e+00 7.089903259277343750e+01
-2.524499893188476562e+01 4.757339954376220703e+00 7.106678771972656250e+01
-2.596810722351074219e+01 5.407371520996093750e+00 7.099770355224609375e+01
-2.575094223022460938e+01 5.426993846893310547e+00 7.089992523193359375e+01
