7.982285022735595703e+00 8.603042364120483398e-01 7.089995574951171875e+01
7.982285022735595703e+00 8.603042364120483398e-01 7.089995574951171875e+01
8.070044517517089844e+00 4.283611297607421875e+00 6.989998626708984375e+01
7.982285022735595703e+00 8.603042364120483398e-01 7.089995574951171875e+01
2.329785108566284180e+00 1.425862216949462891e+01 6.990010833740234375e+01
9.554201126098632812e+00 4.684357643127441406e+00 6.990003204345703125e+01
7.982285022735595703e+00 8.603042364120483398e-01 7.089995574951171875e+01
7.462915420532226562e+00 2.747466325759887695e+00 6.989994049072265625e+01
7.982285022735595703e+00 8.603042364120483398e-01 7.089995574951171875e+01
7.982285022735595703e+00 8.603042364120483398e-01 7.089995574951171875e+01
8.450252532958984375e+00 2.322177648544311523e+00 6.989993286132812500e+01
7.982285022735595703e+00 8.603042364120483398e-01 7.089995574951171875e+01
6.256721496582031250e+00 3.174978256225585938e+00 6.989995574951171875e+01
1.253043746948242188e+01 5.943731307983398438e+00 6.990005493164062500e+01
7.982285022735595703e+00 8.603042364120483398e-01 7.089995574951171875e+01
7.852698326110839844e+00 1.840367674827575684e+00 6.989994812011718750e+01
7.982285022735595703e+00 8.603042364120483398e-01 7.089995574951171875e+01
7.982285022735595703e+00 8.603042364120483398e-01 7.089995574951171875e+01
8.987196922302246094e+00 2.029852151870727539e+00 6.989993286132812500e+01
7.982285022735595703e+00 8.603042364120483398e-01 7.089995574951171875e+01
7.147790431976318359e+00 1.826924920082092285e+00 6.989995574951171875e+01
7.982285022735595703e+00 8.603042364120483398e-01 7.089995574951171875e+01
7.982285022735595703e+00 8.603042364120483398e-01 7.089995574951171875e+01
8.207254409790039062e+00 1.509985327720642090e+00 6.989994812011718750e+01
7.982285022735595703e+00 8.603042364120483398e-01 7.089995574951171875e+01
4.847840309143066406e+00 2.734383344650268555e+00 6.989998626708984375e+01
1.014672660827636719e+01 2.146419048309326172e+00 6.989992523193359375e+01
7.982285022735595703e+00 8.603042364120483398e-01 7.089995574951171875e+01
7.622604370117187500e+00 1.372752070426940918e+00 6.989995574951171875e+01
7.982285022735595703e+00 8.603042364120483398e-01 7.089995574951171875e+01
7.982285022735595703e+00 8.603042364120483398e-01 7.089995574951171875e+01
8.625284194946289062e+00 1.339353084564208984e+00 6.989994049072265625e+01
7.982285022735595703e+00 8.603042364120483398e-01 7.089995574951171875e+01
6.691067695617675781e+00 1.437714815139770508e+00 6.989996337890625000e+01
2.005065536499023438e+01 4.853030681610107422e+00 6.990011596679687500e+01
7.982285022735595703e+00 8.603042364120483398e-01 7.089995574951171875e+01
7.987163543701171875e+00 1.143782258033752441e+00 6.989994812011718750e+01
7.982285022735595703e+00 8.603042364120483398e-01 7.089995574951171875e+01
-2.709219932556152344e+00 3.425007820129394531e+00 6.990907287597656250e+01
9.299880981445312500e+00 1.219346165657043457e+00 6.989994812011718750e+01
7.982285022735595703e+00 8.603042364120483398e-01 7.089995574951171875e+01
7.352999210357666016e+00 1.066251039505004883e+00 6.989995574951171875e+01
7.982285499572753906e+00 8.603042364120483398e-01 7.089995574951171875e+01
7.982284545898437500e+00 8.603042364120483398e-01 7.089995574951171875e+01
8.353023529052734375e+00 9.795442223548889160e-01 6.989994812011718750e+01
7.982285022735595703e+00 8.603042364120483398e-01 7.089995574951171875e+01
5.872292995452880859e+00 1.025815963745117188e+00 6.989999389648437500e+01
1.122578620910644531e+01 1.031945347785949707e+00 6.989994812011718750e+01
7.982284069061279297e+00 8.603042364120483398e-01 7.089995574951171875e+01
7.767546653747558594e+00 8.706359863281250000e-01 6.989995574951171875e+01
8.960396766662597656e+00 8.481846451759338379e-01 7.159475708007812500e+01
2.405420780181884766e+00 6.899226903915405273e-01 7.159498596191406250e+01
8.829212188720703125e+00 7.942276597023010254e-01 6.990495300292968750e+01
8.007631301879882812e+00 8.110033869743347168e-01 7.159500122070312500e+01
6.996821880340576172e+00 7.321401238441467285e-01 6.989996337890625000e+01
1.155552959442138672e+01 4.602814018726348877e-01 7.108265686035156250e+01
7.141135692596435547e+00 7.157735228538513184e-01 7.159495544433593750e+01
8.121803283691406250e+00 7.055348753929138184e-01 6.989995574951171875e+01
8.460855484008789062e+00 7.132140994071960449e-01 7.159498596191406250e+01
3.662567853927612305e+00 -6.509481463581323624e-03 6.990599822998046875e+01
9.737385749816894531e+00 4.224463403224945068e-01 6.990558624267578125e+01
7.756816864013671875e+00 6.857782602310180664e-01 7.159496307373046875e+01
7.526168346405029297e+00 5.734555721282958984e-01 6.989996337890625000e+01
9.254624366760253906e+00 4.685134291648864746e-01 7.143975067138671875e+01
6.751625061035156250e+00 4.603190422058105469e-01 7.133583068847656250e+01
8.514095306396484375e+00 4.868679642677307129e-01 6.989996337890625000e+01
8.161878585815429688e+00 6.064925193786621094e-01 7.159501647949218750e+01
6.443648815155029297e+00 1.667671203613281250e-01 6.989998626708984375e+01
1.397583770751953125e+01 -1.588097453117370605e+00 6.989998626708984375e+01
7.438623428344726562e+00 4.821318089962005615e-01 7.159491729736328125e+01
7.904347419738769531e+00 4.039337038993835449e-01 6.989996337890625000e+01
8.588462829589843750e+00 4.602991938591003418e-01 7.146623992919921875e+01
7.982285022735595703e+00 8.603041768074035645e-01 7.089995574951171875e+01
9.095487594604492188e+00 5.313337594270706177e-02 6.989997100830078125e+01
7.914449691772460938e+00 4.625310003757476807e-01 7.159497070312500000e+01
7.230990886688232422e+00 1.085425764322280884e-01 6.989997100830078125e+01
8.602619171142578125e+00 4.603025019168853760e-01 7.101593780517578125e+01
7.474057197570800781e+00 4.603121876716613770e-01 7.121632385253906250e+01
8.261591911315917969e+00 1.291742920875549316e-01 6.989997100830078125e+01
8.226016998291015625e+00 4.603128731250762939e-01 7.138065338134765625e+01
5.324949264526367188e+00 -1.360862970352172852e+00 6.990000915527343750e+01
1.047341156005859375e+01 -1.354158282279968262e+00 6.989998626708984375e+01
7.783469676971435547e+00 4.603107869625091553e-01 7.131423187255859375e+01
7.679314136505126953e+00 -1.002194285392761230e-01 6.989997100830078125e+01
8.335931777954101562e+00 4.607600569725036621e-01 7.110953521728515625e+01
7.601867675781250000e+00 4.603089392185211182e-01 7.097970581054687500e+01
8.699981689453125000e+00 -4.833326935768127441e-01 6.989998626708984375e+01
8.023238182067871094e+00 4.603150784969329834e-01 7.124215698242187500e+01
6.819036960601806641e+00 -1.037886738777160645e+00 6.989999389648437500e+01
1.960814857482910156e+01 -1.454051399230957031e+01 7.053276824951171875e+01
7.781117916107177734e+00 4.603114724159240723e-01 7.109627532958984375e+01
8.038306236267089844e+00 -6.801464557647705078e-01 6.989999389648437500e+01
8.133511543273925781e+00 4.603210985660552979e-01 7.108481597900390625e+01
1.062151074409484863e+00 -1.201548194885253906e+01 6.990003204345703125e+01
9.449799537658691406e+00 -2.784781932830810547e+00 6.990000152587890625e+01
7.943043708801269531e+00 4.603163599967956543e-01 7.106677246093750000e+01
7.422190666198730469e+00 -2.280078887939453125e+00 6.990002441406250000e+01
8.093669891357421875e+00 4.603229165077209473e-01 7.093669128417968750e+01
7.907840251922607422e+00 4.603180289268493652e-01 7.093347167968750000e+01
7.982285022735595703e+00 4.003154635429382324e-01 7.089995574951171875e+01
