-2.608038330078125000e+01 1.474580287933349609e+01 7.089502716064453125e+01
-2.608048629760742188e+01 6.579223155975341797e+00 7.089511871337890625e+01
-2.599306488037109375e+01 9.984684944152832031e+00 6.990007019042968750e+01
-2.608004951477050781e+01 6.580042362213134766e+00 7.089546203613281250e+01
-2.886612129211425781e+01 1.318167400360107422e+01 7.040226745605468750e+01
-2.295817565917968750e+01 1.417403984069824219e+01 6.890893554687500000e+01
-2.608067703247070312e+01 6.580629348754882812e+00 7.089612579345703125e+01
-2.659321594238281250e+01 8.441953659057617188e+00 6.990760040283203125e+01
-2.607955551147460938e+01 6.579894542694091797e+00 7.089533233642578125e+01
-2.882025146484375000e+01 1.079655265808105469e+01 7.202600860595703125e+01
-2.561472702026367188e+01 8.033193588256835938e+00 6.989994812011718750e+01
-2.607974243164062500e+01 6.581189632415771484e+00 7.089707183837890625e+01
-2.779723167419433594e+01 8.881523132324218750e+00 6.990007781982421875e+01
-2.155425262451171875e+01 1.163735389709472656e+01 6.989997100830078125e+01
-2.709966850280761719e+01 8.402371406555175781e+00 7.234485626220703125e+01
-2.620933532714843750e+01 7.553800582885742188e+00 6.989991760253906250e+01
-2.607795143127441406e+01 6.581464767456054688e+00 7.089707946777343750e+01
-2.888051223754882812e+01 9.018040657043457031e+00 7.101081848144531250e+01
-2.508038711547851562e+01 7.742367267608642578e+00 6.989989471435546875e+01
-2.608053207397460938e+01 6.581048488616943359e+00 7.089823150634765625e+01
-2.691065406799316406e+01 7.540268898010253906e+00 6.990008544921875000e+01
-2.607820510864257812e+01 6.580087661743164062e+00 7.089531707763671875e+01
-2.816420555114746094e+01 8.274705886840820312e+00 7.234489440917968750e+01
-2.585652923583984375e+01 7.225000381469726562e+00 6.989997863769531250e+01
-2.607820892333984375e+01 6.581169128417968750e+00 7.089881896972656250e+01
-2.885748291015625000e+01 8.238964080810546875e+00 7.000905609130859375e+01
-2.392685890197753906e+01 7.858168125152587891e+00 6.990004730224609375e+01
-2.668712234497070312e+01 7.380552768707275391e+00 7.234480285644531250e+01
-2.643827438354492188e+01 7.088438987731933594e+00 6.990000152587890625e+01
-2.607368469238281250e+01 6.581983566284179688e+00 7.089854431152343750e+01
-2.885906410217285156e+01 7.810155868530273438e+00 7.162747955322265625e+01
-2.544067382812500000e+01 7.055138587951660156e+00 6.990013122558593750e+01
-2.607959556579589844e+01 6.580297946929931641e+00 7.089961242675781250e+01
-2.736508941650390625e+01 7.153038978576660156e+00 6.990007781982421875e+01
-1.407084560394287109e+01 1.055180263519287109e+01 6.990006256103515625e+01
-2.742160606384277344e+01 7.183636665344238281e+00 7.234484863281250000e+01
-2.607552909851074219e+01 6.860593318939208984e+00 6.990004730224609375e+01
-2.607615280151367188e+01 6.580183506011962891e+00 7.089968872070312500e+01
-2.885972976684570312e+01 7.245256423950195312e+00 7.063743591308593750e+01
-2.608038330078125000e+01 6.578540325164794922e+00 7.089502716064453125e+01
-2.634413337707519531e+01 6.866710186004638672e+00 7.234483337402343750e+01
-2.670653152465820312e+01 6.783460617065429688e+00 6.990001678466796875e+01
-2.606876945495605469e+01 6.580386161804199219e+00 7.089820861816406250e+01
-2.873174095153808594e+01 6.973285198211669922e+00 7.225566101074218750e+01
-2.571247863769531250e+01 6.696868896484375000e+00 6.990266418457031250e+01
-2.607834243774414062e+01 6.579034328460693359e+00 7.090003967285156250e+01
-2.817971229553222656e+01 6.743215560913085938e+00 6.990011596679687500e+01
-2.585217666625976562e+01 6.590616703033447266e+00 7.082466888427734375e+01
-2.693007850646972656e+01 6.629487991333007812e+00 7.234487915039062500e+01
-2.655300712585449219e+01 6.601279735565185547e+00 6.869409942626953125e+01
-2.607471084594726562e+01 6.578470230102539062e+00 7.089905548095703125e+01
-2.887071037292480469e+01 6.493291854858398438e+00 7.124278259277343750e+01
-2.571644783020019531e+01 6.550146579742431641e+00 7.046746063232421875e+01
-2.608019638061523438e+01 6.578176975250244141e+00 7.090015411376953125e+01
-2.706090736389160156e+01 6.451018810272216797e+00 6.990004730224609375e+01
-2.608038330078125000e+01 6.578540325164794922e+00 7.089502716064453125e+01
-2.783517265319824219e+01 6.277023315429687500e+00 7.234491729736328125e+01
-2.608038330078125000e+01 6.578540325164794922e+00 7.089502716064453125e+01
-2.607742500305175781e+01 6.577631473541259766e+00 7.089932250976562500e+01
-2.609246253967285156e+01 6.576116561889648438e+00 7.089225006103515625e+01
-2.551879882812500000e+01 6.438437938690185547e+00 7.057685852050781250e+01
-2.630743789672851562e+01 6.402786254882812500e+00 7.159492492675781250e+01
-2.635656929016113281e+01 6.404849052429199219e+00 7.028951263427734375e+01
-2.607675170898437500e+01 6.577422142028808594e+00 7.089656829833984375e+01
-2.884830474853515625e+01 5.678919315338134766e+00 7.187536621093750000e+01
-2.533909988403320312e+01 6.058012008666992188e+00 6.950115203857421875e+01
-2.607926177978515625e+01 6.576955795288085938e+00 7.089936828613281250e+01
-2.625366592407226562e+01 6.500433921813964844e+00 7.078240966796875000e+01
-2.540866088867187500e+01 6.304137706756591797e+00 7.078295898437500000e+01
-2.640114593505859375e+01 6.355417251586914062e+00 7.130505371093750000e+01
-2.624683380126953125e+01 5.603877067565917969e+00 6.875936126708984375e+01
-2.607775115966796875e+01 6.576802730560302734e+00 7.089748382568359375e+01
-2.627400398254394531e+01 6.479728698730468750e+00 7.089313507080078125e+01
-2.533059692382812500e+01 6.034878730773925781e+00 7.022149658203125000e+01
-2.614869880676269531e+01 6.177956104278564453e+00 7.159495544433593750e+01
-2.650314712524414062e+01 6.155513763427734375e+00 7.033232116699218750e+01
-2.607938003540039062e+01 6.577893257141113281e+00 7.089521789550781250e+01
-2.643701553344726562e+01 6.297858238220214844e+00 7.111702728271484375e+01
-2.565724945068359375e+01 5.470918655395507812e+00 6.938010406494140625e+01
-2.607902145385742188e+01 6.576305866241455078e+00 7.089771270751953125e+01
-2.646482276916503906e+01 6.257201194763183594e+00 7.075036621093750000e+01
-2.533593940734863281e+01 5.916773796081542969e+00 7.059619903564453125e+01
-2.641626358032226562e+01 5.902787685394287109e+00 7.159491729736328125e+01
-2.638224983215332031e+01 5.621516704559326172e+00 6.989868927001953125e+01
-2.607908630371093750e+01 6.577074050903320312e+00 7.089579772949218750e+01
-2.650326728820800781e+01 6.133892059326171875e+00 7.098368072509765625e+01
-2.553281784057617188e+01 5.553414821624755859e+00 7.013210296630859375e+01
-2.599750518798828125e+01 5.769082069396972656e+00 7.158753967285156250e+01
-2.650845527648925781e+01 5.880011558532714844e+00 7.052704620361328125e+01
-2.541136741638183594e+01 5.692294120788574219e+00 7.087389373779296875e+01
-2.648004531860351562e+01 5.783867835998535156e+00 7.128505706787109375e+01
-2.603797912597656250e+01 5.412539958953857422e+00 7.013813018798828125e+01
-2.550781822204589844e+01 5.064150333404541016e+00 7.159491729736328125e+01
-2.649337005615234375e+01 5.810127735137939453e+00 7.083535003662109375e+01
-2.563699531555175781e+01 5.477229595184326172e+00 7.059290313720703125e+01
-2.618974113464355469e+01 5.463857173919677734e+00 7.135990142822265625e+01
-2.627003097534179688e+01 5.515212535858154297e+00 7.055644989013671875e+01
-2.569849586486816406e+01 5.207188129425048828e+00 7.102098083496093750e+01
-2.627726173400878906e+01 5.520725250244140625e+00 7.098367309570312500e+01
-2.608038330078125000e+01 5.424075126647949219e+00 7.089502716064453125e+01
