1.990918731689453125e+01 6.931345909833908081e-02 7.090007019042968750e+01
1.978877258300781250e+01 4.003220200538635254e-01 7.101037597656250000e+01
1.999694824218750000e+01 3.023651599884033203e+00 6.990007781982421875e+01
2.008683967590332031e+01 4.003035426139831543e-01 7.113179016113281250e+01
1.425520324707031250e+01 1.300209903717041016e+01 6.989996337890625000e+01
2.148125839233398438e+01 3.424695014953613281e+00 6.990004730224609375e+01
1.979640197753906250e+01 4.003057777881622314e-01 7.131962585449218750e+01
1.938979911804199219e+01 1.487489581108093262e+00 6.990002441406250000e+01
2.033817672729492188e+01 3.027122318744659424e-01 7.105673980712890625e+01
1.938949775695800781e+01 4.003221988677978516e-01 7.111459350585937500e+01
2.037715911865234375e+01 1.062149167060852051e+00 6.990003967285156250e+01
2.010268402099609375e+01 4.003025591373443604e-01 7.151696777343750000e+01
1.818351173400878906e+01 1.915087580680847168e+00 6.990000915527343750e+01
2.445806694030761719e+01 4.684502601623535156e+00 6.990000915527343750e+01
1.946206855773925781e+01 4.003027081489562988e-01 7.153604888916015625e+01
1.977959632873535156e+01 5.803655385971069336e-01 6.990001678466796875e+01
2.042296218872070312e+01 2.179338485002517700e-01 7.133308410644531250e+01
1.899088096618652344e+01 4.003001749515533447e-01 7.093804168701171875e+01
2.091411018371582031e+01 7.698245048522949219e-01 6.990003967285156250e+01
1.987705993652343750e+01 1.443828493356704712e-01 7.159485626220703125e+01
1.907464408874511719e+01 5.669395923614501953e-01 6.990000915527343750e+01
2.057064437866210938e+01 7.024996727705001831e-02 7.098906707763671875e+01
1.892630386352539062e+01 4.002994000911712646e-01 7.158393859863281250e+01
2.013416481018066406e+01 2.499678581953048706e-01 6.990002441406250000e+01
2.030483818054199219e+01 7.856368273496627808e-02 7.159053039550781250e+01
1.677444267272949219e+01 1.474521279335021973e+00 6.990000152587890625e+01
2.207376670837402344e+01 8.864593505859375000e-01 6.989997863769531250e+01
1.961842346191406250e+01 -1.539467554539442062e-02 7.159483337402343750e+01
1.954948806762695312e+01 1.127379909157752991e-01 6.990001678466796875e+01
2.065592193603515625e+01 -1.590977981686592102e-02 7.129253387451171875e+01
1.810415458679199219e+01 4.003208875656127930e-01 7.137586975097656250e+01
2.055220603942871094e+01 7.932604104280471802e-02 6.990003204345703125e+01
2.002857971191406250e+01 -1.333290189504623413e-01 7.159477233886718750e+01
1.861786842346191406e+01 1.777192652225494385e-01 6.990000152587890625e+01
2.890605545043945312e+01 2.576806545257568359e+00 7.015470123291015625e+01
1.926646423339843750e+01 -1.097712814807891846e-01 7.159483337402343750e+01
1.991406631469726562e+01 -1.162470579147338867e-01 6.990002441406250000e+01
2.053940773010253906e+01 -1.549370884895324707e-01 7.159479522705078125e+01
9.117851257324218750e+00 2.188914299011230469e+00 6.989993286132812500e+01
2.122683143615722656e+01 -4.068180173635482788e-02 6.990002441406250000e+01
1.978280830383300781e+01 -2.616575658321380615e-01 7.159475708007812500e+01
1.927986717224121094e+01 -1.937787532806396484e-01 6.990001678466796875e+01
2.088549613952636719e+01 -2.445652633905410767e-01 7.116763305664062500e+01
1.855517196655273438e+01 -1.981457769870758057e-01 7.159492492675781250e+01
2.027993583679199219e+01 -2.804937660694122314e-01 6.990003967285156250e+01
2.019201278686523438e+01 -3.312611281871795654e-01 7.159482574462890625e+01
1.779896354675292969e+01 -2.342071384191513062e-01 6.989999389648437500e+01
2.315290641784667969e+01 -2.280842959880828857e-01 6.989999389648437500e+01
1.950205421447753906e+01 -3.753254413604736328e-01 7.159477233886718750e+01
1.969444084167480469e+01 -3.894048929214477539e-01 6.990003204345703125e+01
2.088732528686523438e+01 -4.118569195270538330e-01 7.159489440917968750e+01
1.441283321380615234e+01 -5.676588416099548340e-01 7.158506774902343750e+01
2.076037597656250000e+01 -4.661460518836975098e-01 6.990005493164062500e+01
1.990918731689453125e+01 -3.997370600700378418e-01 7.090007019042968750e+01
1.892367553710937500e+01 -5.279074907302856445e-01 6.990002441406250000e+01
2.118329048156738281e+01 -5.423721075057983398e-01 7.096521759033203125e+01
1.990918731689453125e+01 -3.997370600700378418e-01 7.090007019042968750e+01
2.004870796203613281e+01 -5.545096397399902344e-01 6.990004730224609375e+01
2.038763046264648438e+01 -5.467878580093383789e-01 7.159491729736328125e+01
1.556277275085449219e+01 -1.271908044815063477e+00 6.989997100830078125e+01
2.167424011230468750e+01 -8.400777578353881836e-01 6.990006256103515625e+01
1.990918731689453125e+01 -3.997370600700378418e-01 7.090007019042968750e+01
1.945305824279785156e+01 -6.865937113761901855e-01 6.990004730224609375e+01
2.154409408569335938e+01 -9.031727910041809082e-01 7.159368133544921875e+01
1.794741439819335938e+01 -1.037345886230468750e+00 7.159488677978515625e+01
2.044100189208984375e+01 -7.731758952140808105e-01 6.990007019042968750e+01
1.990918731689453125e+01 -3.997370600700378418e-01 7.090007019042968750e+01
1.837047958374023438e+01 -1.093305945396423340e+00 6.990005493164062500e+01
2.878543853759765625e+01 -4.025737762451171875e+00 6.941914367675781250e+01
1.990918731689453125e+01 -3.997370600700378418e-01 7.090007019042968750e+01
1.983124923706054688e+01 -8.561140894889831543e-01 6.990006256103515625e+01
2.065301132202148438e+01 -8.905717134475708008e-01 7.159494018554687500e+01
-7.978325366973876953e+00 -1.463170146942138672e+01 7.062797546386718750e+01
2.102237701416015625e+01 -1.206898689270019531e+00 6.990009307861328125e+01
1.990918731689453125e+01 -3.997370600700378418e-01 7.090007019042968750e+01
1.915788459777832031e+01 -1.151506781578063965e+00 6.990007019042968750e+01
2.309469604492187500e+01 -2.453805923461914062e+00 7.149565124511718750e+01
1.990918731689453125e+01 -3.997370600700378418e-01 7.090007019042968750e+01
2.018849372863769531e+01 -1.130865097045898438e+00 6.990008544921875000e+01
1.991204833984375000e+01 -4.044310152530670166e-01 7.090570831298828125e+01
1.725152778625488281e+01 -2.621174812316894531e+00 6.990000152587890625e+01
2.240035438537597656e+01 -2.614235639572143555e+00 6.990008544921875000e+01
1.990918731689453125e+01 -3.997370600700378418e-01 7.090007019042968750e+01
1.960703659057617188e+01 -1.357660770416259766e+00 6.990279388427734375e+01
1.991323280334472656e+01 -4.043077826499938965e-01 7.090246582031250000e+01
1.767484855651855469e+01 -2.749064922332763672e+00 7.136847686767578125e+01
2.062686347961425781e+01 -1.743337273597717285e+00 6.990013122558593750e+01
1.990918731689453125e+01 -3.997370600700378418e-01 7.090007019042968750e+01
1.874589347839355469e+01 -2.298003673553466797e+00 6.990007019042968750e+01
2.851320075988769531e+01 -1.179750156402587891e+01 7.062832641601562500e+01
1.990918731689453125e+01 -3.997370600700378418e-01 7.090007019042968750e+01
1.996520805358886719e+01 -1.940177798271179199e+00 6.990010833740234375e+01
1.991059875488281250e+01 -4.034709334373474121e-01 7.090179443359375000e+01
1.298884105682373047e+01 -1.327591896057128906e+01 6.990011596679687500e+01
2.137682533264160156e+01 -4.045129776000976562e+00 6.990003204345703125e+01
1.990918731689453125e+01 -3.997370600700378418e-01 7.090007019042968750e+01
1.934905052185058594e+01 -3.540354967117309570e+00 6.990006256103515625e+01
1.990918731689453125e+01 -3.997370600700378418e-01 7.090007019042968750e+01
1.837357330322265625e+01 -8.650460243225097656e+00 7.159146118164062500e+01
1.990918731689453125e+01 -1.455733585357666016e+01 7.090007019042968750e+01
