1.741376113891601562e+01 -2.676464319229125977e-01 7.089999389648437500e+01
1.729335212707519531e+01 4.002901017665863037e-01 7.101029968261718750e+01
1.750153732299804688e+01 3.024280309677124023e+00 6.989981842041015625e+01
1.759141159057617188e+01 4.002996385097503662e-01 7.113170623779296875e+01
1.176106834411621094e+01 1.299904727935791016e+01 6.990010833740234375e+01
1.898572349548339844e+01 3.424438714981079102e+00 6.990003967285156250e+01
1.730098152160644531e+01 4.002770781517028809e-01 7.131952667236328125e+01
1.671234512329101562e+01 2.148913383483886719e+00 6.954946136474609375e+01
1.790235328674316406e+01 4.003171026706695557e-01 7.107843017578125000e+01
1.689409065246582031e+01 4.003029465675354004e-01 7.111450958251953125e+01
1.788171958923339844e+01 1.062116622924804688e+00 6.989999389648437500e+01
1.760725212097167969e+01 4.002934098243713379e-01 7.151687622070312500e+01
1.570344829559326172e+01 1.894488573074340820e+00 6.990883636474609375e+01
2.196223068237304688e+01 4.684053897857666016e+00 6.990002441406250000e+01
1.696666145324707031e+01 4.002786874771118164e-01 7.153594970703125000e+01
1.724715614318847656e+01 8.603110313415527344e-01 6.961431121826171875e+01
1.807923507690429688e+01 4.003190398216247559e-01 7.146085357666015625e+01
1.649547767639160156e+01 4.002910554409027100e-01 7.093796539306640625e+01
1.841873931884765625e+01 7.698980569839477539e-01 6.989990234375000000e+01
1.738162612915039062e+01 1.445263624191284180e-01 7.159495544433593750e+01
1.632593917846679688e+01 8.603294491767883301e-01 6.959642028808593750e+01
1.853975296020507812e+01 4.003258645534515381e-01 7.105149078369140625e+01
1.643084716796875000e+01 4.003332853317260742e-01 7.158387756347656250e+01
1.769079399108886719e+01 4.003076255321502686e-01 6.966855621337890625e+01
1.781196784973144531e+01 8.166302740573883057e-02 7.159491729736328125e+01
1.427913761138916016e+01 1.474458813667297363e+00 6.989996337890625000e+01
1.957781219482421875e+01 8.861552476882934570e-01 6.990014648437500000e+01
1.712293815612792969e+01 -1.530550047755241394e-02 7.159490203857421875e+01
1.685223388671875000e+01 4.002988636493682861e-01 6.933880615234375000e+01
1.873588180541992188e+01 2.798530459403991699e-01 7.159486389160156250e+01
1.560879421234130859e+01 4.003014564514160156e-01 7.137577819824218750e+01
1.848760604858398438e+01 4.003113508224487305e-01 6.922991943359375000e+01
1.753319931030273438e+01 -1.332172751426696777e-01 7.159496307373046875e+01
1.562472343444824219e+01 4.003000557422637939e-01 6.951446533203125000e+01
2.888197135925292969e+01 3.394440650939941406e+00 6.994987487792968750e+01
1.677083587646484375e+01 -1.096703708171844482e-01 7.159497833251953125e+01
1.742205619812011719e+01 8.224388211965560913e-02 6.919977569580078125e+01
1.804421043395996094e+01 -1.548390686511993408e-01 7.159497070312500000e+01
1.740640449523925781e+01 -3.979627192020416260e-01 7.089931488037109375e+01
1.965387535095214844e+01 2.106985896825790405e-01 6.919982910156250000e+01
1.728734207153320312e+01 -2.616040408611297607e-01 7.159490966796875000e+01
1.634384536743164062e+01 -4.957544803619384766e-02 6.919979095458984375e+01
1.994906997680664062e+01 3.227121895179152489e-03 7.159481811523437500e+01
1.605955886840820312e+01 -1.981084048748016357e-01 7.159494781494140625e+01
1.804408264160156250e+01 -1.969984024763107300e-01 6.919980621337890625e+01
1.769668579101562500e+01 -3.312278985977172852e-01 7.159499359130859375e+01
1.382634925842285156e+01 -1.183242201805114746e-01 6.919985198974609375e+01
2.063207817077636719e+01 -2.294190973043441772e-01 6.990775299072265625e+01
1.700644683837890625e+01 -3.753051459789276123e-01 7.159500122070312500e+01
1.704893684387207031e+01 -3.821747004985809326e-01 6.920107269287109375e+01
1.944781494140625000e+01 -4.249310791492462158e-01 7.234489440917968750e+01
1.577708721160888672e+01 -4.497304260730743408e-01 7.110396575927734375e+01
1.826492309570312500e+01 -4.661344885826110840e-01 6.990001678466796875e+01
1.746645545959472656e+01 -5.022214055061340332e-01 7.234496307373046875e+01
1.642826843261718750e+01 -5.278954505920410156e-01 6.989997100830078125e+01
1.794959259033203125e+01 -4.597135782241821289e-01 7.092739105224609375e+01
1.706467628479003906e+01 -4.597093462944030762e-01 7.118842315673828125e+01
1.755327606201171875e+01 -5.544934272766113281e-01 6.990001678466796875e+01
1.760893440246582031e+01 -4.597150087356567383e-01 7.118344879150390625e+01
1.306775283813476562e+01 -1.271816968917846680e+00 6.989998626708984375e+01
1.917869949340820312e+01 -8.400397300720214844e-01 6.990004730224609375e+01
1.733627891540527344e+01 -4.597028493881225586e-01 7.113883209228515625e+01
1.695764350891113281e+01 -6.865764260292053223e-01 6.990000152587890625e+01
1.760855484008789062e+01 -4.597101807594299316e-01 7.098263549804687500e+01
1.722920227050781250e+01 -4.597124159336090088e-01 7.096536254882812500e+01
1.794555282592773438e+01 -7.731512188911437988e-01 6.990003204345703125e+01
1.745441627502441406e+01 -4.571822583675384521e-01 7.105733489990234375e+01
1.587503242492675781e+01 -1.093306303024291992e+00 6.989996337890625000e+01
2.340665054321289062e+01 -2.847858190536499023e+00 6.990013122558593750e+01
1.732753944396972656e+01 -4.597039222717285156e-01 7.101020812988281250e+01
1.733582496643066406e+01 -8.560926318168640137e-01 6.990001678466796875e+01
1.750465583801269531e+01 -4.597069025039672852e-01 7.098490905761718750e+01
1.729626464843750000e+01 -4.596904218196868896e-01 7.089884948730468750e+01
1.852690887451171875e+01 -1.206858873367309570e+00 6.990005493164062500e+01
1.740353393554687500e+01 -4.597029685974121094e-01 7.100478363037109375e+01
1.666244697570800781e+01 -1.151509165763854980e+00 6.989997863769531250e+01
1.750677680969238281e+01 -4.597050845623016357e-01 7.091738128662109375e+01
1.733755111694335938e+01 -4.597069621086120605e-01 7.094743347167968750e+01
1.769306182861328125e+01 -1.130842089653015137e+00 6.990002441406250000e+01
1.745028305053710938e+01 -4.596655070781707764e-01 7.097202301025390625e+01
1.475626087188720703e+01 -2.621032238006591797e+00 6.989998626708984375e+01
1.988530158996582031e+01 -2.596778631210327148e+00 6.990789031982421875e+01
1.738395118713378906e+01 -4.597033560276031494e-01 7.096211242675781250e+01
1.711078834533691406e+01 -1.360257029533386230e+00 6.990000915527343750e+01
1.746128463745117188e+01 -4.534188508987426758e-01 7.092815399169921875e+01
1.735671615600585938e+01 -4.597078859806060791e-01 7.091194915771484375e+01
1.813144111633300781e+01 -1.743335485458374023e+00 6.990004730224609375e+01
1.741935539245605469e+01 -4.543681442737579346e-01 7.094673919677734375e+01
1.625040817260742188e+01 -2.298091173171997070e+00 6.989994049072265625e+01
1.745754241943359375e+01 -4.577236771583557129e-01 7.089861297607421875e+01
1.738359642028808594e+01 -4.597052633762359619e-01 7.092942810058593750e+01
1.746978187561035156e+01 -1.940186262130737305e+00 6.990002441406250000e+01
1.743504333496093750e+01 -4.560149908065795898e-01 7.092601013183593750e+01
1.738171768188476562e+01 -4.593480825424194336e-01 7.089536285400390625e+01
1.888127899169921875e+01 -4.044819355010986328e+00 6.990003967285156250e+01
1.740787696838378906e+01 -4.597040712833404541e-01 7.092501068115234375e+01
1.685361671447753906e+01 -3.540391445159912109e+00 6.989997100830078125e+01
1.743032264709472656e+01 -4.592017829418182373e-01 7.090545654296875000e+01
1.740267562866210938e+01 -4.592869579792022705e-01 7.090498352050781250e+01
1.741376113891601562e+01 -4.597051441669464111e-01 7.089999389648437500e+01
