-2.620537948608398438e+01 6.527182102203369141e+00 7.090019226074218750e+01
-2.634910583496093750e+01 6.424521446228027344e+00 7.103186035156250000e+01
-2.617803764343261719e+01 6.536091327667236328e+00 7.058865356445312500e+01
-2.595539665222167969e+01 6.595350265502929688e+00 7.122624969482421875e+01
-2.649917984008789062e+01 6.165981292724609375e+00 7.084822082519531250e+01
-2.575243377685546875e+01 6.571472167968750000e+00 7.061206817626953125e+01
-2.634088897705078125e+01 6.430813789367675781e+00 7.140428161621093750e+01
-2.643649864196777344e+01 6.309359550476074219e+00 7.045518493652343750e+01
-2.558300971984863281e+01 6.488676548004150391e+00 7.112747955322265625e+01
-2.651958656311035156e+01 5.953297615051269531e+00 7.102989196777343750e+01
-2.584672355651855469e+01 6.589973449707031250e+00 7.013376617431640625e+01
-2.598835754394531250e+01 6.366892337799072266e+00 7.159209442138671875e+01
-2.650802612304687500e+01 5.875547885894775391e+00 7.072480010986328125e+01
-2.543195343017578125e+01 6.334026813507080078e+00 7.073015594482421875e+01
-2.651707267761230469e+01 6.027297019958496094e+00 7.134354400634765625e+01
-2.633316421508789062e+01 6.436009883880615234e+00 6.991409301757812500e+01
-2.545769691467285156e+01 6.368454456329345703e+00 7.153034210205078125e+01
-2.638863563537597656e+01 5.629231929779052734e+00 7.090776824951171875e+01
-2.544652938842773438e+01 6.352749824523925781e+00 7.014503479003906250e+01
-2.623735427856445312e+01 6.011116504669189453e+00 7.159169006347656250e+01
-2.648639297485351562e+01 5.795083999633789062e+00 7.056344604492187500e+01
-2.533623886108398438e+01 6.087129116058349609e+00 7.101713562011718750e+01
-2.636928939819335938e+01 5.602994441986083984e+00 7.101423645019531250e+01
-2.581802368164062500e+01 6.588207721710205078e+00 6.917835998535156250e+01
-2.580730819702148438e+01 5.950803756713867188e+00 7.159487915039062500e+01
-2.883503341674804688e+01 7.041842460632324219e+00 7.006126403808593750e+01
-2.532622909545898438e+01 5.991969108581542969e+00 7.049400329589843750e+01
-2.649616432189941406e+01 5.853946208953857422e+00 7.159500885009765625e+01
-2.651373100280761719e+01 5.908895492553710938e+00 7.004289245605468750e+01
-2.529659080505371094e+01 5.936701774597167969e+00 7.137782287597656250e+01
-2.620683670043945312e+01 5.470222473144531250e+00 7.090057373046875000e+01
-2.534458160400390625e+01 6.110890388488769531e+00 6.956145477294921875e+01
-2.608598136901855469e+01 5.735998153686523438e+00 7.159493255615234375e+01
-2.749681854248046875e+01 6.047086715698242188e+00 6.990003204345703125e+01
-2.539039802551269531e+01 5.739207267761230469e+00 7.083267211914062500e+01
-2.620687866210937500e+01 5.470253467559814453e+00 7.090181732177734375e+01
-2.620537948608398438e+01 5.469576835632324219e+00 7.090019226074218750e+01
-2.557557678222656250e+01 5.714214324951171875e+00 7.159445953369140625e+01
-2.886231994628906250e+01 6.106930255889892578e+00 7.065394592285156250e+01
-2.541705703735351562e+01 5.684392929077148438e+00 7.030187988281250000e+01
-2.633175468444824219e+01 5.607651233673095703e+00 7.159485626220703125e+01
-2.683477783203125000e+01 5.675560474395751953e+00 6.990001678466796875e+01
-2.501817131042480469e+01 5.658268451690673828e+00 7.122555541992187500e+01
-2.620538330078125000e+01 5.469577312469482422e+00 7.090019226074218750e+01
-2.543516540527343750e+01 5.717299461364746094e+00 6.882266998291015625e+01
-2.592255210876464844e+01 5.538053512573242188e+00 7.159495544433593750e+01
-2.831254768371582031e+01 5.634867191314697266e+00 6.990156555175781250e+01
-2.559679031372070312e+01 5.501782417297363281e+00 7.071255493164062500e+01
-2.620538139343261719e+01 5.469576835632324219e+00 7.090019226074218750e+01
-2.642005538940429688e+01 5.479905605316162109e+00 6.990048980712890625e+01
-2.522742843627929688e+01 5.457459449768066406e+00 7.159487915039062500e+01
-2.620538139343261719e+01 5.469576835632324219e+00 7.090019226074218750e+01
-2.620142745971679688e+01 5.469268321990966797e+00 7.089554595947265625e+01
-2.615269279479980469e+01 5.367097854614257812e+00 7.234495544433593750e+01
-2.719107818603515625e+01 5.341382026672363281e+00 6.989996337890625000e+01
-2.620537948608398438e+01 5.469576835632324219e+00 7.090019226074218750e+01
-2.620538139343261719e+01 5.469576358795166016e+00 7.090019226074218750e+01
-2.606583595275878906e+01 5.314779758453369141e+00 6.990000915527343750e+01
-2.605177688598632812e+01 5.422366619110107422e+00 7.112326812744140625e+01
-2.884065628051757812e+01 4.940770626068115234e+00 7.029382324218750000e+01
-2.594932365417480469e+01 5.405696868896484375e+00 7.075511932373046875e+01
-2.620537948608398438e+01 5.469576358795166016e+00 7.090019226074218750e+01
-2.666155815124511719e+01 5.182689189910888672e+00 6.990006256103515625e+01
-2.605179786682128906e+01 5.422284603118896484e+00 7.096534729003906250e+01
-2.620538139343261719e+01 5.469576358795166016e+00 7.090019226074218750e+01
-2.620267677307128906e+01 5.467678546905517578e+00 7.089511108398437500e+01
-2.620537948608398438e+01 5.469575881958007812e+00 7.090019226074218750e+01
-2.860553550720214844e+01 4.387712001800537109e+00 6.934030914306640625e+01
-2.620357131958007812e+01 5.468838214874267578e+00 7.089988708496093750e+01
-2.620538139343261719e+01 5.469575881958007812e+00 7.090019226074218750e+01
-2.628333091735839844e+01 5.013121128082275391e+00 6.990001678466796875e+01
-2.620535087585449219e+01 5.469558238983154297e+00 7.090021514892578125e+01
-2.885679817199707031e+01 4.116466045379638672e+00 7.087432098388671875e+01
-2.620027732849121094e+01 5.465878009796142578e+00 7.089560699462890625e+01
-2.620537948608398438e+01 5.469575881958007812e+00 7.090019226074218750e+01
-2.695681953430175781e+01 4.717669963836669922e+00 6.990000915527343750e+01
-2.620462989807128906e+01 5.469092845916748047e+00 7.090032958984375000e+01
-2.620537948608398438e+01 5.469576358795166016e+00 7.090019226074218750e+01
-2.620422554016113281e+01 5.466553688049316406e+00 7.089605712890625000e+01
-2.620537948608398438e+01 5.469575405120849609e+00 7.090019226074218750e+01
-2.880811500549316406e+01 3.294048547744750977e+00 6.992079162597656250e+01
-2.620017242431640625e+01 5.464947700500488281e+00 7.089810180664062500e+01
-2.620537948608398438e+01 5.469575881958007812e+00 7.090019226074218750e+01
-2.650837326049804688e+01 4.508981704711914062e+00 6.990013885498046875e+01
-2.620537757873535156e+01 5.469574928283691406e+00 7.090019226074218750e+01
-2.886313438415527344e+01 2.675041675567626953e+00 7.145736694335937500e+01
-2.620353317260742188e+01 5.466120719909667969e+00 7.089762115478515625e+01
-2.620537948608398438e+01 5.469575405120849609e+00 7.090019226074218750e+01
-2.736902046203613281e+01 3.570743322372436523e+00 6.989989471435546875e+01
-1.106914710998535156e+01 -1.458143901824951172e+01 7.042213439941406250e+01
-2.620537948608398438e+01 5.469575881958007812e+00 7.090019226074218750e+01
-2.614934349060058594e+01 3.928730487823486328e+00 6.989997100830078125e+01
-2.620537948608398438e+01 5.469575405120849609e+00 7.090019226074218750e+01
-2.883351516723632812e+01 5.795982480049133301e-01 7.052043914794921875e+01
-2.473744964599609375e+01 1.823460817337036133e+00 6.989995574951171875e+01
-2.620537948608398438e+01 5.469575881958007812e+00 7.090019226074218750e+01
-2.738862609863281250e+01 -1.164744019508361816e+00 6.878775787353515625e+01
-2.182478523254394531e+01 -1.026110172271728516e+01 7.234496307373046875e+01
-2.880193519592285156e+01 -8.481502532958984375e+00 7.206925964355468750e+01
-2.620537948608398438e+01 -1.461843967437744141e+01 7.090019226074218750e+01
