-1.663514328002929688e+01 4.602780044078826904e-01 7.089992523193359375e+01
-1.664400100708007812e+01 4.591590762138366699e-01 7.090804290771484375e+01
-1.654740333557128906e+01 3.822892189025878906e+00 6.990016174316406250e+01
-1.662182426452636719e+01 4.602786004543304443e-01 7.091729736328125000e+01
-1.666030693054199219e+01 4.599463641643524170e-01 7.089547729492187500e+01
-1.506338787078857422e+01 4.223962783813476562e+00 6.990010070800781250e+01
-1.664359855651855469e+01 4.602797627449035645e-01 7.093138122558593750e+01
-1.715444564819335938e+01 2.287217140197753906e+00 6.990003967285156250e+01
-1.659851455688476562e+01 4.602779150009155273e-01 7.091329956054687500e+01
-1.667222595214843750e+01 4.573883414268493652e-01 7.091522979736328125e+01
-1.616856575012207031e+01 1.857831954956054688e+00 6.990287780761718750e+01
-1.662063598632812500e+01 4.602800309658050537e-01 7.094617462158203125e+01
-1.836046600341796875e+01 2.714650630950927734e+00 6.990006256103515625e+01
-7.529162883758544922e+00 1.057796859741210938e+01 6.889800262451171875e+01
-1.666866493225097656e+01 4.602818191051483154e-01 7.094760894775390625e+01
-1.676471900939941406e+01 1.380280017852783203e+00 6.990000152587890625e+01
-1.658525276184082031e+01 4.602790772914886475e-01 7.094197082519531250e+01
-1.670398902893066406e+01 4.602803289890289307e-01 7.090277099609375000e+01
-1.563034057617187500e+01 1.569721698760986328e+00 6.990000915527343750e+01
-1.663868522644042969e+01 4.602825641632080078e-01 7.097651672363281250e+01
-1.746955680847167969e+01 1.366826891899108887e+00 6.990001678466796875e+01
-1.655073356628417969e+01 4.602768123149871826e-01 7.091128540039062500e+01
-1.670883560180664062e+01 4.602839946746826172e-01 7.095120239257812500e+01
-1.641019248962402344e+01 1.049928545951843262e+00 6.989999389648437500e+01
-1.658552742004394531e+01 4.602813124656677246e-01 7.098651123046875000e+01
-1.976899909973144531e+01 2.274027585983276367e+00 6.990013885498046875e+01
-1.447095966339111328e+01 1.686261892318725586e+00 6.990001678466796875e+01
-1.668052482604980469e+01 4.602866470813751221e-01 7.100836181640625000e+01
-1.699479866027832031e+01 9.127115607261657715e-01 6.989999389648437500e+01
-1.651845550537109375e+01 4.602786302566528320e-01 7.096125030517578125e+01
-1.677047920227050781e+01 4.602859616279602051e-01 7.093560028076171875e+01
-1.599219322204589844e+01 8.793128728866577148e-01 6.989998626708984375e+01
-1.660825920104980469e+01 4.602868556976318359e-01 7.105635070800781250e+01
-1.792622184753417969e+01 9.776486158370971680e-01 6.990003967285156250e+01
-4.566128253936767578e+00 4.393239974975585938e+00 6.990003204345703125e+01
-1.676811981201171875e+01 4.602935016155242920e-01 7.104367065429687500e+01
-1.663026428222656250e+01 6.837633252143859863e-01 6.989997100830078125e+01
-1.648072052001953125e+01 4.602833092212677002e-01 7.107015228271484375e+01
-2.742514419555664062e+01 2.988631486892700195e+00 6.989990997314453125e+01
-1.531762886047363281e+01 7.593203186988830566e-01 6.989997863769531250e+01
-1.668636131286621094e+01 4.562597572803497314e-01 7.118146514892578125e+01
-1.726431083679199219e+01 6.062086224555969238e-01 6.990011596679687500e+01
-1.625779342651367188e+01 4.602752625942230225e-01 7.100334167480468750e+01
-1.703821563720703125e+01 4.603115022182464600e-01 7.110677337646484375e+01
-1.626442337036132812e+01 5.195345878601074219e-01 6.989997100830078125e+01
-1.638728904724121094e+01 4.603090882301330566e-01 7.150877380371093750e+01
-1.874492073059082031e+01 5.657954216003417969e-01 6.990006256103515625e+01
-1.339207744598388672e+01 5.719185471534729004e-01 6.990005493164062500e+01
-1.748201560974121094e+01 4.510785639286041260e-01 7.234496307373046875e+01
-1.684987068176269531e+01 4.106316268444061279e-01 6.989997863769531250e+01
-1.565685558319091797e+01 3.881786763668060303e-01 7.159485626220703125e+01
-2.076540756225585938e+01 2.741146683692932129e-01 7.141467285156250000e+01
-1.663514328002929688e+01 4.003003537654876709e-01 7.089992523193359375e+01
-1.660979843139648438e+01 3.510042726993560791e-01 7.159490966796875000e+01
-1.663514328002929688e+01 4.003003537654876709e-01 7.089992523193359375e+01
-1.663514328002929688e+01 4.003003835678100586e-01 7.089992523193359375e+01
-1.747622871398925781e+01 2.557806372642517090e-01 7.159487152099609375e+01
-1.663514328002929688e+01 4.003003239631652832e-01 7.089992523193359375e+01
-1.615660285949707031e+01 2.532192766666412354e-01 7.159491729736328125e+01
-1.663514518737792969e+01 4.003000855445861816e-01 7.089992523193359375e+01
-1.663514328002929688e+01 4.003002643585205078e-01 7.089992523193359375e+01
-1.686059761047363281e+01 2.257846295833587646e-01 7.159489440917968750e+01
-1.663514328002929688e+01 4.003002941608428955e-01 7.089992523193359375e+01
-1.499709796905517578e+01 -1.041021049022674561e-01 7.159487152099609375e+01
-1.859713363647460938e+01 -2.373792678117752075e-01 7.159481811523437500e+01
-1.663514328002929688e+01 4.003002643585205078e-01 7.089992523193359375e+01
-1.645556068420410156e+01 1.465054005384445190e-01 7.159494018554687500e+01
-1.663514328002929688e+01 4.003001451492309570e-01 7.089992523193359375e+01
-1.663514328002929688e+01 4.003002047538757324e-01 7.089992523193359375e+01
-1.717880249023437500e+01 2.212943509221076965e-02 7.159488677978515625e+01
-1.663514328002929688e+01 4.003002345561981201e-01 7.089992523193359375e+01
-1.589120292663574219e+01 -9.061159193515777588e-02 7.159490966796875000e+01
-1.663521003723144531e+01 4.002659618854522705e-01 7.089992523193359375e+01
-1.663514328002929688e+01 4.003001153469085693e-01 7.089992523193359375e+01
-1.670297050476074219e+01 2.580492757260799408e-03 7.159484863281250000e+01
-1.663514328002929688e+01 4.003001451492309570e-01 7.089992523193359375e+01
-1.539445209503173828e+01 -3.997175097465515137e-01 7.113188934326171875e+01
-1.764960098266601562e+01 -3.981108069419860840e-01 7.153142547607421875e+01
-1.663514328002929688e+01 4.003001451492309570e-01 7.089992523193359375e+01
-1.628278160095214844e+01 -1.779635399580001831e-01 7.159487152099609375e+01
-1.663514518737792969e+01 4.002989232540130615e-01 7.089992523193359375e+01
-1.663514137268066406e+01 4.002989232540130615e-01 7.089992523193359375e+01
-1.696865844726562500e+01 -2.706933617591857910e-01 7.159488677978515625e+01
-1.663514328002929688e+01 4.003000259399414062e-01 7.089992523193359375e+01
-1.592703056335449219e+01 -3.997127115726470947e-01 7.131957244873046875e+01
-1.739597702026367188e+01 -3.996898233890533447e-01 7.105942535400390625e+01
-1.663514328002929688e+01 4.002998173236846924e-01 7.089992523193359375e+01
-1.655323410034179688e+01 -3.996997475624084473e-01 7.158434295654296875e+01
-1.663514328002929688e+01 4.002993404865264893e-01 7.089992523193359375e+01
-1.663512229919433594e+01 4.002725481986999512e-01 7.089992523193359375e+01
-1.703748703002929688e+01 -3.997032344341278076e-01 7.129257202148437500e+01
-1.663514328002929688e+01 4.002996683120727539e-01 7.089992523193359375e+01
-1.633378219604492188e+01 -3.967770338058471680e-01 7.126830291748046875e+01
-1.663514709472656250e+01 4.002918601036071777e-01 7.089992523193359375e+01
-1.663514328002929688e+01 4.003002047538757324e-01 7.089992523193359375e+01
-1.671363067626953125e+01 -3.997170925140380859e-01 7.123356628417968750e+01
-1.663514328002929688e+01 4.003002047538757324e-01 7.089992523193359375e+01
-1.641236114501953125e+01 -3.997108042240142822e-01 7.097340393066406250e+01
-1.678404235839843750e+01 -3.997245728969573975e-01 7.096696472167968750e+01
-1.663514328002929688e+01 1.916459761559963226e-03 7.089992523193359375e+01
