-1.153811836242675781e+01 8.603150844573974609e-01 7.090013122558593750e+01
-1.159832668304443359e+01 8.603153228759765625e-01 7.095528411865234375e+01
-1.145033454895019531e+01 3.884548187255859375e+00 6.989987945556640625e+01
-1.144970417022705078e+01 8.584405183792114258e-01 7.101544952392578125e+01
-1.719210052490234375e+01 1.386211013793945312e+01 6.990002441406250000e+01
-9.971352577209472656e+00 4.271800518035888672e+00 6.990348052978515625e+01
-1.159451389312744141e+01 8.603173494338989258e-01 7.110991668701171875e+01
-1.205754375457763672e+01 2.347641468048095703e+00 6.990000915527343750e+01
-1.129381084442138672e+01 8.603183627128601074e-01 7.098934936523437500e+01
-1.179796791076660156e+01 8.603142499923706055e-01 7.100739288330078125e+01
-1.107011318206787109e+01 1.922268867492675781e+00 6.990003204345703125e+01
-1.144136428833007812e+01 8.603228330612182617e-01 7.120859527587890625e+01
-1.326378536224365234e+01 2.775089263916015625e+00 6.990007019042968750e+01
-6.989680290222167969e+00 5.544022560119628906e+00 6.990016937255859375e+01
-1.176168918609619141e+01 8.603173494338989258e-01 7.121813964843750000e+01
-1.166771602630615234e+01 1.440422415733337402e+00 6.990003967285156250e+01
-1.120536231994628906e+01 8.603223562240600586e-01 7.118058013916015625e+01
-1.199378108978271484e+01 8.572545647621154785e-01 7.091897583007812500e+01
-1.053318500518798828e+01 1.629850149154663086e+00 6.990008544921875000e+01
-1.156173896789550781e+01 8.603253364562988281e-01 7.141095733642578125e+01
-1.237264060974121094e+01 1.426930069923400879e+00 6.990009307861328125e+01
-1.097510814666748047e+01 8.603138923645019531e-01 7.097588348388671875e+01
-1.202958583831787109e+01 8.603160381317138672e-01 7.124208068847656250e+01
-1.131313800811767578e+01 1.109991431236267090e+00 6.990007019042968750e+01
-1.120719432830810547e+01 8.603298664093017578e-01 7.147763824462890625e+01
-1.466481494903564453e+01 2.329723834991455078e+00 6.990262603759765625e+01
-9.380565643310546875e+00 1.742298245429992676e+00 6.990328979492187500e+01
-1.182885932922363281e+01 8.445892333984375000e-01 7.159484100341796875e+01
-1.189781284332275391e+01 9.727451801300048828e-01 6.990008544921875000e+01
-1.075984382629394531e+01 8.603160381317138672e-01 7.130917358398437500e+01
-1.244066333770751953e+01 8.603187203407287598e-01 7.113803863525390625e+01
-1.089511108398437500e+01 9.393316507339477539e-01 6.990010833740234375e+01
-1.141872119903564453e+01 7.266978025436401367e-01 7.159487152099609375e+01
-1.282941436767578125e+01 1.037722945213317871e+00 6.990007781982421875e+01
5.341349244117736816e-01 4.454288005828857422e+00 6.989997100830078125e+01
-1.218091773986816406e+01 7.502775192260742188e-01 7.159497833251953125e+01
-1.153324031829833984e+01 7.437632083892822266e-01 6.990010070800781250e+01
-1.090780258178710938e+01 7.051137089729309082e-01 7.159496307373046875e+01
-2.232833862304687500e+01 3.048660755157470703e+00 6.990009307861328125e+01
-1.022053241729736328e+01 8.193162679672241211e-01 6.990013122558593750e+01
-1.166450881958007812e+01 5.983686447143554688e-01 7.159488677978515625e+01
-1.216742324829101562e+01 6.662300229072570801e-01 6.990010070800781250e+01
-9.021241188049316406e+00 8.603019714355468750e-01 7.158990478515625000e+01
-1.289210414886474609e+01 6.618638038635253906e-01 7.159497070312500000e+01
-1.116737365722656250e+01 5.795187354087829590e-01 6.990010833740234375e+01
-1.125534439086914062e+01 5.287401676177978516e-01 7.159475708007812500e+01
-1.364836978912353516e+01 6.258090734481811523e-01 6.990004730224609375e+01
-8.294443130493164062e+00 6.319273114204406738e-01 6.990007019042968750e+01
-1.194535636901855469e+01 4.846947491168975830e-01 7.159500885009765625e+01
-1.175286197662353516e+01 4.706089198589324951e-01 6.990010833740234375e+01
-1.127098083496093750e+01 4.569668769836425781e-01 7.108988952636718750e+01
-1.174612998962402344e+01 4.539218246936798096e-01 7.092605590820312500e+01
-1.068715572357177734e+01 3.938855528831481934e-01 6.990038299560546875e+01
-1.153811836242675781e+01 4.602769017219543457e-01 7.090013122558593750e+01
-1.252363395690917969e+01 3.321061134338378906e-01 6.990008544921875000e+01
-1.153811836242675781e+01 4.602769017219543457e-01 7.090013122558593750e+01
-1.237896156311035156e+01 3.157987594604492188e-01 7.159487915039062500e+01
-1.139859771728515625e+01 3.055047094821929932e-01 6.990011596679687500e+01
-1.105983543395996094e+01 3.132751286029815674e-01 7.159474945068359375e+01
-1.588484859466552734e+01 -4.119573831558227539e-01 6.989995574951171875e+01
-9.772981643676757812e+00 1.991521753370761871e-02 6.990007781982421875e+01
-1.176353549957275391e+01 2.857903838157653809e-01 7.159498596191406250e+01
-1.199424839019775391e+01 1.734198629856109619e-01 6.990010833740234375e+01
-9.900590896606445312e+00 -4.396615922451019287e-02 7.159485626220703125e+01
-1.348215198516845703e+01 -1.715666204690933228e-01 7.158866882324218750e+01
-1.100629520416259766e+01 8.683175593614578247e-02 6.990011596679687500e+01
-1.135858535766601562e+01 2.065510898828506470e-01 7.159495544433593750e+01
-1.307689476013183594e+01 -2.333234101533889771e-01 6.990007019042968750e+01
-5.543450832366943359e+00 -1.988579988479614258e+00 6.989997100830078125e+01
-1.208163642883300781e+01 8.220456540584564209e-02 7.159490966796875000e+01
-1.161591243743896484e+01 4.744578618556261063e-03 6.990197753906250000e+01
-1.079457283020019531e+01 -3.037454374134540558e-02 7.159474182128906250e+01
-1.164427852630615234e+01 4.060997962951660156e-01 7.089909362792968750e+01
-1.042484951019287109e+01 -3.469414114952087402e-01 6.990008544921875000e+01
-1.160593986511230469e+01 6.258262693881988525e-02 7.159500885009765625e+01
-1.228944683074951172e+01 -2.915188074111938477e-01 6.990010070800781250e+01
-1.020440769195556641e+01 -3.997218906879425049e-01 7.114949035644531250e+01
-1.263080883026123047e+01 -3.997069597244262695e-01 7.158032989501953125e+01
-1.125880241394042969e+01 -2.708770036697387695e-01 6.990010833740234375e+01
-1.118582630157470703e+01 -1.178730949759483337e-01 7.159494018554687500e+01
-1.419581508636474609e+01 -1.761191487312316895e+00 6.990004730224609375e+01
-9.069165229797363281e+00 -1.734474301338195801e+00 6.990906524658203125e+01
-1.187159538269042969e+01 -2.106398195028305054e-01 7.159500885009765625e+01
-1.184079551696777344e+01 -4.993143677711486816e-01 6.990112304687500000e+01
-1.077691555023193359e+01 -3.997169435024261475e-01 7.135124206542968750e+01
-1.235600566864013672e+01 -3.997020125389099121e-01 7.107159423828125000e+01
-1.082036972045898438e+01 -8.834586143493652344e-01 6.990008544921875000e+01
-1.145495414733886719e+01 -3.519821166992187500e-01 7.159503936767578125e+01
-1.270144557952880859e+01 -1.438043832778930664e+00 6.990010070800781250e+01
-1.149286746978759766e+01 4.003333747386932373e-01 7.089870452880859375e+01
-1.196977138519287109e+01 -3.980050683021545410e-01 7.132138061523437500e+01
-1.148209381103515625e+01 -1.080268502235412598e+00 6.990010070800781250e+01
-1.121297073364257812e+01 -3.997138738632202148e-01 7.129758453369140625e+01
-1.157015991210937500e+01 4.006597101688385010e-01 7.089550018310546875e+01
-1.007040214538574219e+01 -3.185309410095214844e+00 6.990003967285156250e+01
-1.162248706817626953e+01 -3.996985852718353271e-01 7.125878143310546875e+01
-1.209827518463134766e+01 -2.680457830429077148e+00 6.990008544921875000e+01
-1.129863262176513672e+01 -3.997154235839843750e-01 7.097911834716796875e+01
-1.169817543029785156e+01 -3.996978402137756348e-01 7.097219848632812500e+01
-1.153811836242675781e+01 2.874009660445153713e-04 7.090013122558593750e+01
