2.589791107177734375e+01 -5.256994724273681641e+00 7.090014648437500000e+01
2.586805152893066406e+01 -5.227134227752685547e+00 7.092749786376953125e+01
2.598569107055664062e+01 -2.001407146453857422e+00 6.989994049072265625e+01
2.592853355407714844e+01 -5.287619590759277344e+00 7.094008636474609375e+01
2.024423599243164062e+01 7.975580692291259766e+00 6.990009307861328125e+01
2.746994781494140625e+01 -1.601174950599670410e+00 6.990014648437500000e+01
2.587025451660156250e+01 -5.229336261749267578e+00 7.100302886962890625e+01
2.538000297546386719e+01 -3.543674230575561523e+00 6.990294647216796875e+01
2.596180725097656250e+01 -5.320896148681640625e+00 7.092348480224609375e+01
2.558550643920898438e+01 -4.944578170776367188e+00 7.102910614013671875e+01
2.681873512268066406e+01 -2.548981428146362305e+00 6.893239593505859375e+01
2.593073272705078125e+01 -5.289819240570068359e+00 7.100478363037109375e+01
2.417226982116699219e+01 -3.110745429992675781e+00 6.990010070800781250e+01
2.889509582519531250e+01 -2.075599193572998047e+00 7.024122619628906250e+01
2.568438720703125000e+01 -5.043459892272949219e+00 7.120386505126953125e+01
2.576830101013183594e+01 -4.445288658142089844e+00 6.989996337890625000e+01
2.597443580627441406e+01 -5.333525180816650391e+00 7.096463775634765625e+01
1.921085166931152344e+01 4.003113508224487305e-01 7.117667388916015625e+01
2.690293502807617188e+01 -4.255845546722412109e+00 6.990001678466796875e+01
2.588733673095703125e+01 -5.246421337127685547e+00 7.112884521484375000e+01
2.506335258483886719e+01 -4.458829402923583984e+00 6.990007019042968750e+01
2.599643135070800781e+01 -5.355522155761718750e+00 7.091339874267578125e+01
2.489961242675781250e+01 -4.612939834594726562e+00 7.159473419189453125e+01
2.612291717529296875e+01 -4.775733470916748047e+00 6.989997100830078125e+01
2.597420310974121094e+01 -5.333293914794921875e+00 7.103328704833984375e+01
2.276338768005371094e+01 -3.551397562026977539e+00 6.990014648437500000e+01
2.806247329711914062e+01 -4.139337539672851562e+00 6.990006256103515625e+01
2.560717582702636719e+01 -5.041217803955078125e+00 7.159484863281250000e+01
2.553821182250976562e+01 -4.913048744201660156e+00 6.990009307861328125e+01
2.600691986083984375e+01 -5.369492530822753906e+00 7.095743560791015625e+01
2.416846275329589844e+01 -4.658967494964599609e+00 7.135602569580078125e+01
2.731876754760742188e+01 -4.366953372955322266e+00 6.869039154052734375e+01
2.595006370544433594e+01 -5.309152126312255859e+00 7.120360565185546875e+01
2.460830879211425781e+01 -4.848834991455078125e+00 6.990140533447265625e+01
2.589791107177734375e+01 -5.425523757934570312e+00 7.090014648437500000e+01
2.525519752502441406e+01 -5.135561943054199219e+00 7.159490203857421875e+01
2.590279006958007812e+01 -5.142001152038574219e+00 6.989998626708984375e+01
2.601928520202636719e+01 -5.378377914428710938e+00 7.103394317626953125e+01
1.510618686676025391e+01 -2.836779117584228516e+00 6.989997100830078125e+01
2.721572303771972656e+01 -5.066422462463378906e+00 6.989997100830078125e+01
2.577153587341308594e+01 -5.287448406219482422e+00 7.159481811523437500e+01
2.526857757568359375e+01 -5.219561100006103516e+00 6.990007019042968750e+01
2.604190444946289062e+01 -5.402637958526611328e+00 7.093960571289062500e+01
2.476656913757324219e+01 -5.257084846496582031e+00 7.148073577880859375e+01
2.626868629455566406e+01 -5.306272029876708984e+00 6.990004730224609375e+01
2.603358268737792969e+01 -5.392675876617431641e+00 7.123342132568359375e+01
2.378783035278320312e+01 -5.260004997253417969e+00 6.990013885498046875e+01
2.612976455688476562e+01 -5.413254261016845703e+00 7.082866668701171875e+01
2.549080276489257812e+01 -5.401113510131835938e+00 7.159480285644531250e+01
2.568314361572265625e+01 -5.415190696716308594e+00 6.990000915527343750e+01
2.624436378479003906e+01 -5.429816722869873047e+00 7.114624786376953125e+01
2.496356773376464844e+01 -5.454069137573242188e+00 7.101659393310546875e+01
2.633523941040039062e+01 -5.459643840789794922e+00 7.038635253906250000e+01
2.592324638366699219e+01 -5.474802494049072266e+00 7.159488677978515625e+01
2.491240119934082031e+01 -5.553693771362304688e+00 6.990010833740234375e+01
2.636756134033203125e+01 -5.478100776672363281e+00 7.092415618896484375e+01
2.507798576354980469e+01 -5.566407680511474609e+00 7.157760620117187500e+01
2.589791107177734375e+01 -5.425523757934570312e+00 7.090014648437500000e+01
2.637625694274902344e+01 -5.572544574737548828e+00 7.159484863281250000e+01
2.155158042907714844e+01 -6.297677993774414062e+00 6.990006256103515625e+01
2.649727821350097656e+01 -5.575052261352539062e+00 7.056056976318359375e+01
2.567251396179199219e+01 -5.599994659423828125e+00 7.159493255615234375e+01
2.565287017822265625e+01 -5.579628467559814453e+00 7.036291503906250000e+01
2.653093910217285156e+01 -5.620451927185058594e+00 7.116870880126953125e+01
2.517122268676757812e+01 -5.661709308624267578e+00 7.115752410888671875e+01
2.666511154174804688e+01 -5.964250087738037109e+00 6.945753479003906250e+01
2.607743835449218750e+01 -5.679240226745605469e+00 7.159494781494140625e+01
2.576123046875000000e+01 -5.487132072448730469e+00 7.081131744384765625e+01
2.659888458251953125e+01 -5.711875915527343750e+00 7.078319549560546875e+01
2.535439109802246094e+01 -5.803597927093505859e+00 7.159492492675781250e+01
2.573836326599121094e+01 -6.359775543212890625e+00 6.885302734375000000e+01
2.664163780212402344e+01 -5.916294097900390625e+00 7.159492492675781250e+01
2.573101615905761719e+01 -5.510695457458496094e+00 7.089852142333984375e+01
2.667288780212402344e+01 -5.987450122833251953e+00 7.020398712158203125e+01
2.583009910583496094e+01 -5.823160171508789062e+00 7.159492492675781250e+01
2.550088119506835938e+01 -5.822800159454345703e+00 7.037169647216796875e+01
2.666796875000000000e+01 -5.922069549560546875e+00 7.104412078857421875e+01
2.535910797119140625e+01 -5.849579334259033203e+00 7.123554992675781250e+01
2.632518386840820312e+01 -6.543978214263916016e+00 6.937040710449218750e+01
2.625020408630371094e+01 -6.003673553466796875e+00 7.159495544433593750e+01
2.554652023315429688e+01 -5.719238758087158203e+00 7.076792144775390625e+01
2.665948867797851562e+01 -6.102519989013671875e+00 7.059444427490234375e+01
2.556604194641113281e+01 -6.093205928802490234e+00 7.159167480468750000e+01
2.560329246520996094e+01 -6.359567642211914062e+00 6.992773437500000000e+01
2.662218093872070312e+01 -6.243792057037353516e+00 7.132936859130859375e+01
2.542855834960937500e+01 -5.919031620025634766e+00 7.099854278564453125e+01
2.645236206054687500e+01 -6.463540554046630859e+00 7.012762451171875000e+01
2.598105812072753906e+01 -6.237624168395996094e+00 7.159491729736328125e+01
2.548528289794921875e+01 -6.098850727081298828e+00 7.054544067382812500e+01
2.657722473144531250e+01 -6.325411319732666016e+00 7.087869262695312500e+01
2.551067733764648438e+01 -6.195485115051269531e+00 7.127804565429687500e+01
2.594002151489257812e+01 -6.583443641662597656e+00 7.014849853515625000e+01
2.632152366638183594e+01 -6.545948982238769531e+00 7.141796112060546875e+01
2.550020408630371094e+01 -6.165507793426513672e+00 7.084268188476562500e+01
2.634446525573730469e+01 -6.534697055816650391e+00 7.059587097167968750e+01
2.579001617431640625e+01 -6.525300025939941406e+00 7.135880279541015625e+01
2.571089935302734375e+01 -6.474072933197021484e+00 7.056627655029296875e+01
2.621964073181152344e+01 -6.580849647521972656e+00 7.100625610351562500e+01
2.570381927490234375e+01 -6.468359470367431641e+00 7.098753356933593750e+01
2.589791107177734375e+01 -6.571043491363525391e+00 7.090014648437500000e+01
