-2.334165382385253906e+01 3.981777429580688477e+00 7.089997863769531250e+01
-2.334165382385253906e+01 3.981777429580688477e+00 7.089997863769531250e+01
-2.325390625000000000e+01 7.404620647430419922e+00 6.990014648437500000e+01
-2.334165382385253906e+01 3.981777429580688477e+00 7.089997863769531250e+01
-2.334165382385253906e+01 3.981777429580688477e+00 7.089997863769531250e+01
-2.176971626281738281e+01 7.805883407592773438e+00 6.990003967285156250e+01
-2.334165382385253906e+01 3.981777429580688477e+00 7.089997863769531250e+01
-2.386092376708984375e+01 5.868575572967529297e+00 6.990015411376953125e+01
-2.334165382385253906e+01 3.981777429580688477e+00 7.089997863769531250e+01
-2.334165382385253906e+01 3.981777429580688477e+00 7.089997863769531250e+01
-2.287377548217773438e+01 5.443374156951904297e+00 6.990014648437500000e+01
-2.334158706665039062e+01 3.982056140899658203e+00 7.090019226074218750e+01
-2.506720924377441406e+01 6.296440601348876953e+00 6.989998626708984375e+01
-1.879323959350585938e+01 9.065497398376464844e+00 6.990002441406250000e+01
-2.334165382385253906e+01 3.981777429580688477e+00 7.089997863769531250e+01
-2.347122764587402344e+01 4.961748600006103516e+00 6.990006256103515625e+01
-2.334114837646484375e+01 3.982386112213134766e+00 7.090040588378906250e+01
-2.624038314819335938e+01 6.507180690765380859e+00 7.101985168457031250e+01
-2.233683967590332031e+01 5.151211738586425781e+00 6.990005493164062500e+01
-2.334173774719238281e+01 3.983189344406127930e+00 7.090177917480468750e+01
-2.417605781555175781e+01 4.948292732238769531e+00 6.990008544921875000e+01
-2.334115028381347656e+01 3.982135295867919922e+00 7.090004730224609375e+01
-2.434043121337890625e+01 4.794750690460205078e+00 7.159490203857421875e+01
-2.311669158935546875e+01 4.631440162658691406e+00 6.989999389648437500e+01
-2.334074783325195312e+01 3.982871770858764648e+00 7.090155792236328125e+01
-2.650192832946777344e+01 5.871300220489501953e+00 6.989176177978515625e+01
-2.117745971679687500e+01 5.267745018005371094e+00 6.990006256103515625e+01
-2.334853553771972656e+01 3.990874767303466797e+00 7.091641998291015625e+01
-2.370132255554199219e+01 4.494208812713623047e+00 6.990000915527343750e+01
-2.334055519104003906e+01 3.982341527938842773e+00 7.090055847167968750e+01
-2.537374114990234375e+01 4.882474422454833984e+00 7.143563079833984375e+01
-2.269869613647460938e+01 4.460795402526855469e+00 6.990003204345703125e+01
-2.334099197387695312e+01 3.983254909515380859e+00 7.090383148193359375e+01
-2.463278579711914062e+01 4.559149742126464844e+00 6.990005493164062500e+01
-2.334064674377441406e+01 3.982110261917114258e+00 7.089989471435546875e+01
-2.398447418212890625e+01 4.271787643432617188e+00 7.159484863281250000e+01
-2.333677482604980469e+01 4.265242099761962891e+00 6.990002441406250000e+01
-2.334013748168945312e+01 3.982366561889648438e+00 7.090164947509765625e+01
-2.334165382385253906e+01 3.981777429580688477e+00 7.089997863769531250e+01
-2.202418518066406250e+01 4.340785026550292969e+00 6.990007019042968750e+01
-2.334300994873046875e+01 3.983259439468383789e+00 7.090743255615234375e+01
-2.397092628479003906e+01 4.187720298767089844e+00 6.990000152587890625e+01
-2.333980178833007812e+01 3.982071876525878906e+00 7.090048980712890625e+01
-2.465962791442871094e+01 4.178002834320068359e+00 7.157633972167968750e+01
-2.297095298767089844e+01 4.101005077362060547e+00 6.990007781982421875e+01
-2.334165382385253906e+01 3.981777667999267578e+00 7.089997863769531250e+01
-2.545162773132324219e+01 4.147287845611572266e+00 6.990002441406250000e+01
-2.334010314941406250e+01 3.981859445571899414e+00 7.089949798583984375e+01
-2.374882698059082031e+01 4.006191253662109375e+00 7.159474945068359375e+01
-2.355638122558593750e+01 3.992108583450317383e+00 6.990003204345703125e+01
-2.333955001831054688e+01 3.981751441955566406e+00 7.090147399902343750e+01
-2.443952369689941406e+01 3.948235988616943359e+00 7.103680419921875000e+01
-2.249058723449707031e+01 3.915378093719482422e+00 6.990010833740234375e+01
-2.331631851196289062e+01 3.932496786117553711e+00 7.159474182128906250e+01
-2.432710647583007812e+01 3.853614807128906250e+00 6.989999389648437500e+01
-2.334165382385253906e+01 3.981777429580688477e+00 7.089997863769531250e+01
-2.418268585205078125e+01 3.837266683578491211e+00 7.159487915039062500e+01
-2.320210647583007812e+01 3.826975107192993164e+00 6.989976501464843750e+01
-2.334165191650390625e+01 3.981776952743530273e+00 7.089997863769531250e+01
-2.768800926208496094e+01 3.109618663787841797e+00 6.989989471435546875e+01
-2.157689476013183594e+01 3.541509866714477539e+00 6.990013885498046875e+01
-2.356707572937011719e+01 3.807287454605102539e+00 7.159484100341796875e+01
-2.379774665832519531e+01 3.694943428039550781e+00 6.990003204345703125e+01
-2.333910369873046875e+01 3.980992078781127930e+00 7.090106201171875000e+01
-2.419555473327636719e+01 3.704245090484619141e+00 7.120241546630859375e+01
-2.280991554260253906e+01 3.608391284942626953e+00 6.990012359619140625e+01
-2.316210365295410156e+01 3.728027343750000000e+00 7.159487152099609375e+01
-2.488030242919921875e+01 3.288234710693359375e+00 6.989999389648437500e+01
-1.734813308715820312e+01 1.533388972282409668e+00 6.990001678466796875e+01
-2.388532066345214844e+01 3.603601455688476562e+00 7.159494781494140625e+01
-2.341960716247558594e+01 3.525315284729003906e+00 6.989978790283203125e+01
-2.334165000915527344e+01 3.981775283813476562e+00 7.089997863769531250e+01
-2.385403823852539062e+01 3.720289468765258789e+00 7.089498138427734375e+01
-2.222857475280761719e+01 3.174696922302246094e+00 6.990010833740234375e+01
-2.340948486328125000e+01 3.584030151367187500e+00 7.159495544433593750e+01
-2.409295082092285156e+01 3.230012893676757812e+00 6.989998626708984375e+01
-2.333876228332519531e+01 3.979912519454956055e+00 7.090052032470703125e+01
-2.397479248046875000e+01 3.483476638793945312e+00 7.129410552978515625e+01
-2.306237602233886719e+01 3.250723361968994141e+00 6.990009307861328125e+01
-2.298925209045410156e+01 3.403447628021240234e+00 7.159500122070312500e+01
-2.334165382385253906e+01 3.981777429580688477e+00 7.089997863769531250e+01
-2.087306594848632812e+01 1.787350177764892578e+00 6.990905761718750000e+01
-2.367467308044433594e+01 3.311780929565429688e+00 7.159390258789062500e+01
-2.364461898803710938e+01 3.021270036697387695e+00 6.990001678466796875e+01
-2.216917991638183594e+01 2.657135725021362305e+00 7.159481811523437500e+01
-2.389319229125976562e+01 3.401854038238525391e+00 7.101560211181640625e+01
-2.262399864196777344e+01 2.638218164443969727e+00 6.990007019042968750e+01
-2.325847816467285156e+01 3.169400930404663086e+00 7.159498596191406250e+01
-2.450496292114257812e+01 2.083485841751098633e+00 6.989996337890625000e+01
-2.314202117919921875e+01 3.717323780059814453e+00 7.089367675781250000e+01
-2.372027206420898438e+01 3.228947639465332031e+00 7.126947021484375000e+01
-2.328563308715820312e+01 2.441343307495117188e+00 6.990002441406250000e+01
-2.277406311035156250e+01 2.480541944503784180e+00 7.159379577636718750e+01
-2.334165382385253906e+01 3.981777429580688477e+00 7.089997863769531250e+01
-2.187416648864746094e+01 3.367606103420257568e-01 6.990004730224609375e+01
-2.344273757934570312e+01 2.951432704925537109e+00 7.132968139648437500e+01
-2.390178489685058594e+01 8.411836028099060059e-01 6.989997863769531250e+01
-2.290497016906738281e+01 2.413648843765258789e+00 7.104399871826171875e+01
-2.351918983459472656e+01 3.027888298034667969e+00 7.097991180419921875e+01
-2.334165382385253906e+01 3.981762647628784180e+00 7.089997863769531250e+01
