1.783868908882141113e+00 5.115290358662605286e-02 7.089995574951171875e+01
1.663456916809082031e+00 4.002991914749145508e-01 7.101026153564453125e+01
1.871629238128662109e+00 3.023610591888427734e+00 6.989997100830078125e+01
1.961521744728088379e+00 4.002955555915832520e-01 7.113167572021484375e+01
-3.869304418563842773e+00 1.300016880035400391e+01 6.989998626708984375e+01
3.355884790420532227e+00 3.424551248550415039e+00 6.989997100830078125e+01
1.671083211898803711e+00 4.002999961376190186e-01 7.131951141357421875e+01
7.332484722137451172e-01 3.417750597000122070e+00 6.887705230712890625e+01
2.272466659545898438e+00 4.003100097179412842e-01 7.107839202880859375e+01
1.264187574386596680e+00 4.003020226955413818e-01 7.111447143554687500e+01
2.251783847808837891e+00 1.061964035034179688e+00 6.990004730224609375e+01
1.977369666099548340e+00 4.003150761127471924e-01 7.151686859130859375e+01
6.874825060367584229e-02 1.900921225547790527e+00 6.990600585937500000e+01
6.332562446594238281e+00 4.684286594390869141e+00 6.989994049072265625e+01
1.336745977401733398e+00 4.003036618232727051e-01 7.153594207763671875e+01
1.654294967651367188e+00 5.802241563796997070e-01 6.990003967285156250e+01
2.449364423751831055e+00 4.003268778324127197e-01 7.146083831787109375e+01
8.655513525009155273e-01 4.003030657768249512e-01 7.093793487548828125e+01
2.788657426834106445e+00 7.696597576141357422e-01 6.990005493164062500e+01
1.751729249954223633e+00 1.445792764425277710e-01 7.159500122070312500e+01
9.494267106056213379e-01 5.668153166770935059e-01 6.990001678466796875e+01
2.909891128540039062e+00 4.003305137157440186e-01 7.105146026611328125e+01
8.009732961654663086e-01 4.003017246723175049e-01 7.158383178710937500e+01
2.008810758590698242e+00 2.498582452535629272e-01 6.990006256103515625e+01
2.182092905044555664e+00 8.166744560003280640e-02 7.159490966796875000e+01
-4.610682964324951172e+00 3.423547267913818359e+00 6.885991668701171875e+01
3.948070049285888672e+00 8.862271904945373535e-01 6.990003967285156250e+01
1.493028402328491211e+00 -1.530046947300434113e-02 7.159490203857421875e+01
1.424223303794860840e+00 1.126535758376121521e-01 6.990004730224609375e+01
3.105968236923217773e+00 2.798246145248413086e-01 7.159481048583984375e+01
-2.118134312331676483e-02 4.003211855888366699e-01 7.137576293945312500e+01
2.426779270172119141e+00 7.923810929059982300e-02 6.990008544921875000e+01
1.903312921524047852e+00 -1.332198083400726318e-01 7.159496307373046875e+01
4.927118420600891113e-01 1.776390671730041504e-01 6.990000915527343750e+01
1.375530719757080078e+01 3.560912609100341797e+00 6.990814971923828125e+01
1.141016006469726562e+00 -1.097198948264122009e-01 7.159486389160156250e+01
1.788746714591979980e+00 -1.162994280457496643e-01 6.990007019042968750e+01
2.414274215698242188e+00 -1.548732519149780273e-01 7.159488677978515625e+01
-9.003839492797851562e+00 2.188036441802978516e+00 6.990015411376953125e+01
3.101309061050415039e+00 -4.074499011039733887e-02 6.990006256103515625e+01
1.657444119453430176e+00 -2.616150677204132080e-01 7.159490203857421875e+01
1.154637098312377930e+00 -1.938154399394989014e-01 6.990003967285156250e+01
4.319699764251708984e+00 3.292938228696584702e-03 7.159492492675781250e+01
4.299437701702117920e-01 -1.981667876243591309e-01 7.159476470947265625e+01
2.154559850692749023e+00 -2.805199325084686279e-01 6.990007781982421875e+01
2.066789388656616211e+00 -3.312458395957946777e-01 7.159494018554687500e+01
-3.261310756206512451e-01 -2.342322468757629395e-01 6.989998626708984375e+01
5.027149677276611328e+00 -2.281151264905929565e-01 6.990001678466796875e+01
1.376587152481079102e+00 -3.753241896629333496e-01 7.159490966796875000e+01
1.569152832031250000e+00 -3.894139230251312256e-01 6.990006256103515625e+01
3.817922115325927734e+00 -4.249481260776519775e-01 7.234484863281250000e+01
7.729332894086837769e-02 -4.518830776214599609e-01 7.111264038085937500e+01
2.634734153747558594e+00 -4.661283791065216064e-01 6.990032196044921875e+01
1.836559772491455078e+00 -5.022318959236145020e-01 7.234483337402343750e+01
7.984764575958251953e-01 -5.278994441032409668e-01 6.990003204345703125e+01
2.318116426467895508e+00 -4.595533907413482666e-01 7.092726898193359375e+01
1.434731841087341309e+00 -4.597352445125579834e-01 7.118843078613281250e+01
1.923371076583862305e+00 -5.544960498809814453e-01 6.990007019042968750e+01
1.978990554809570312e+00 -4.597159028053283691e-01 7.118333435058593750e+01
-6.353252410888671875e+00 -2.032575607299804688e+00 6.902762603759765625e+01
3.548735380172729492e+00 -8.400388956069946289e-01 6.990005493164062500e+01
1.706393837928771973e+00 -4.597150385379791260e-01 7.113877105712890625e+01
1.327795743942260742e+00 -6.865658164024353027e-01 6.990005493164062500e+01
1.978585481643676758e+00 -4.597035944461822510e-01 7.098256683349609375e+01
1.599319696426391602e+00 -4.597262442111968994e-01 7.096531677246093750e+01
2.314006328582763672e+00 -7.720063328742980957e-01 6.990310668945312500e+01
1.826300024986267090e+00 -4.597105383872985840e-01 7.106417083740234375e+01
2.452849149703979492e-01 -1.093258142471313477e+00 6.990001678466796875e+01
7.718855381011962891e+00 -2.824221611022949219e+00 6.990975952148437500e+01
1.697651267051696777e+00 -4.597178697586059570e-01 7.101016998291015625e+01
1.705939412117004395e+00 -8.560684323310852051e-01 6.990006256103515625e+01
1.866804599761962891e+00 -4.544723331928253174e-01 7.097743225097656250e+01
1.666386008262634277e+00 -4.597002267837524414e-01 7.089881134033203125e+01
2.896962404251098633e+00 -1.206836104393005371e+00 6.990007019042968750e+01
1.773642182350158691e+00 -4.597120881080627441e-01 7.100473785400390625e+01
1.032632350921630859e+00 -1.151448488235473633e+00 6.990004730224609375e+01
1.876857995986938477e+00 -4.597055613994598389e-01 7.091734313964843750e+01
1.707666873931884766e+00 -4.597181379795074463e-01 7.094738769531250000e+01
2.063145637512207031e+00 -1.130796194076538086e+00 6.990007781982421875e+01
1.820407867431640625e+00 -4.597090184688568115e-01 7.097202301025390625e+01
-8.735308051109313965e-01 -2.620965242385864258e+00 6.989998626708984375e+01
4.274852275848388672e+00 -2.614079475402832031e+00 6.990004730224609375e+01
1.754061222076416016e+00 -4.597143232822418213e-01 7.096206665039062500e+01
1.480923175811767578e+00 -1.360188364982604980e+00 6.990005493164062500e+01
1.836944341659545898e+00 -4.597084224224090576e-01 7.093141174316406250e+01
1.726831674575805664e+00 -4.597172737121582031e-01 7.091191101074218750e+01
2.501500368118286133e+00 -1.743260502815246582e+00 6.990007781982421875e+01
1.790008664131164551e+00 -4.597117006778717041e-01 7.095125579833984375e+01
6.206602454185485840e-01 -2.297871589660644531e+00 6.990003204345703125e+01
1.829109907150268555e+00 -4.596754908561706543e-01 7.089852905273437500e+01
1.753708243370056152e+00 -4.597148895263671875e-01 7.092938995361328125e+01
1.839885592460632324e+00 -1.940076589584350586e+00 6.990007019042968750e+01
1.806541085243225098e+00 -4.597108364105224609e-01 7.092767333984375000e+01
1.751830577850341797e+00 -4.593560099601745605e-01 7.089532470703125000e+01
3.251291990280151367e+00 -4.044602870941162109e+00 6.990006256103515625e+01
1.777985692024230957e+00 -4.597130715847015381e-01 7.092496490478515625e+01
1.223785877227783203e+00 -3.540064334869384766e+00 6.990004730224609375e+01
1.800428509712219238e+00 -4.592101871967315674e-01 7.090541839599609375e+01
1.772785305976867676e+00 -4.592957496643066406e-01 7.090494537353515625e+01
1.783868908882141113e+00 -4.597130417823791504e-01 7.089995574951171875e+01
