3.658879995346069336e+00 4.003046751022338867e-01 7.089997100830078125e+01
3.538474321365356445e+00 4.003050327301025391e-01 7.101026916503906250e+01
3.658910512924194336e+00 -3.985103964805603027e-01 7.089962768554687500e+01
3.836521148681640625e+00 4.002907276153564453e-01 7.113167572021484375e+01
3.658256053924560547e+00 -3.982182145118713379e-01 7.089986419677734375e+01
3.659331798553466797e+00 -3.985983431339263916e-01 7.089968109130859375e+01
3.546102523803710938e+00 4.002891778945922852e-01 7.131949615478515625e+01
3.658592939376831055e+00 -3.986540138721466064e-01 7.089942169189453125e+01
4.147445678710937500e+00 4.003049135208129883e-01 7.107839202880859375e+01
3.139216423034667969e+00 4.003222286701202393e-01 7.111447906494140625e+01
3.659147977828979492e+00 -3.988602459430694580e-01 7.089939880371093750e+01
3.852368116378784180e+00 4.003100097179412842e-01 7.151683807373046875e+01
3.657944679260253906e+00 -3.984424471855163574e-01 7.089942932128906250e+01
3.659780025482177734e+00 -3.986912965774536133e-01 7.089977264404296875e+01
3.211787223815917969e+00 4.002973735332489014e-01 7.153591156005859375e+01
3.658799409866333008e+00 -3.990869820117950439e-01 7.089934539794921875e+01
4.324337005615234375e+00 4.003280997276306152e-01 7.146081542968750000e+01
2.740576982498168945e+00 4.003378450870513916e-01 7.093794250488281250e+01
3.659474134445190430e+00 -3.990058302879333496e-01 7.089938354492187500e+01
3.626749515533447266e+00 1.444707363843917847e-01 7.159481811523437500e+01
3.658391475677490234e+00 -3.991313576698303223e-01 7.089938354492187500e+01
4.784809112548828125e+00 4.003118574619293213e-01 7.105146026611328125e+01
2.676013231277465820e+00 4.003256559371948242e-01 7.158382415771484375e+01
3.659011363983154297e+00 -3.993176817893981934e-01 7.089938354492187500e+01
4.057094573974609375e+00 8.170362561941146851e-02 7.159490966796875000e+01
3.656926870346069336e+00 -3.985294401645660400e-01 7.089934539794921875e+01
3.660014390945434570e+00 -3.990230560302734375e-01 7.089944458007812500e+01
3.368079185485839844e+00 -1.530561596155166626e-02 7.159482574462890625e+01
3.658727645874023438e+00 -3.994801938533782959e-01 7.089954376220703125e+01
4.981040000915527344e+00 2.799032330513000488e-01 7.159486389160156250e+01
1.853974342346191406e+00 4.003045856952667236e-01 7.137574005126953125e+01
3.659245729446411133e+00 -3.994246721267700195e-01 7.089939880371093750e+01
3.778300523757934570e+00 -1.332249045372009277e-01 7.159484100341796875e+01
3.658586025238037109e+00 -3.995657563209533691e-01 7.089974212646484375e+01
3.660925626754760742e+00 -3.990204036235809326e-01 7.089980316162109375e+01
3.016131162643432617e+00 -1.097193881869316101e-01 7.159476470947265625e+01
3.658881664276123047e+00 -3.996069431304931641e-01 7.089965057373046875e+01
4.289297103881835938e+00 -1.548212319612503052e-01 7.159491729736328125e+01
-7.131920814514160156e+00 2.188825845718383789e+00 6.989987945556640625e+01
3.659661054611206055e+00 -3.994843363761901855e-01 7.089937591552734375e+01
3.532469272613525391e+00 -2.615829408168792725e-01 7.159483337402343750e+01
3.658864736557006836e+00 -3.996921777725219727e-01 7.089994812011718750e+01
6.194651126861572266e+00 3.330904757604002953e-03 7.159491729736328125e+01
2.304651021957397461e+00 -1.980740875005722046e-01 7.159494018554687500e+01
3.658977031707763672e+00 -3.996659517288208008e-01 7.089971160888671875e+01
3.941763162612915039e+00 -3.312073647975921631e-01 7.159486389160156250e+01
7.147079706192016602e-02 -1.182939782738685608e-01 6.919982910156250000e+01
3.660903453826904297e+00 -3.995901048183441162e-01 7.089934539794921875e+01
3.251699447631835938e+00 -3.752827644348144531e-01 7.159474945068359375e+01
3.293918848037719727e+00 -3.821376562118530273e-01 6.920040893554687500e+01
3.670951843261718750e+00 -3.998467624187469482e-01 7.090854644775390625e+01
1.936359405517578125e+00 -4.523227512836456299e-01 7.111464691162109375e+01
4.509835720062255859e+00 -4.660879373550415039e-01 6.990023040771484375e+01
3.711570978164672852e+00 -5.021848678588867188e-01 7.234484863281250000e+01
2.673511743545532227e+00 -5.278488397598266602e-01 6.990007781982421875e+01
3.663402557373046875e+00 -4.002034962177276611e-01 7.090019989013671875e+01
3.309656620025634766e+00 -4.597025811672210693e-01 7.118851470947265625e+01
3.798387765884399414e+00 -5.544548630714416504e-01 6.990004730224609375e+01
3.854106903076171875e+00 -4.597007632255554199e-01 7.118350219726562500e+01
-6.870530843734741211e-01 -1.271771430969238281e+00 6.989997863769531250e+01
5.423855304718017578e+00 -8.400186300277709961e-01 6.990000915527343750e+01
3.581367015838623047e+00 -4.596969783306121826e-01 7.113890838623046875e+01
3.202802419662475586e+00 -6.865210533142089844e-01 6.990006256103515625e+01
3.663819313049316406e+00 -4.012181460857391357e-01 7.090206909179687500e+01
3.474278211593627930e+00 -4.596958160400390625e-01 7.096535491943359375e+01
4.190658569335937500e+00 -7.731112837791442871e-01 6.990003967285156250e+01
3.701333284378051758e+00 -4.596943557262420654e-01 7.106427001953125000e+01
2.120366334915161133e+00 -1.093178868293762207e+00 6.990007781982421875e+01
9.652446746826171875e+00 -2.848104715347290039e+00 6.990000152587890625e+01
3.572627067565917969e+00 -4.596948921680450439e-01 7.101023101806640625e+01
3.580948114395141602e+00 -8.560341596603393555e-01 6.990005493164062500e+01
3.749797344207763672e+00 -4.596918225288391113e-01 7.098490142822265625e+01
3.541360139846801758e+00 -4.596715867519378662e-01 7.089882659912109375e+01
4.772042274475097656e+00 -1.206838488578796387e+00 6.990002441406250000e+01
3.648648262023925781e+00 -4.596934616565704346e-01 7.100479888916015625e+01
2.907648801803588867e+00 -1.151395678520202637e+00 6.990007019042968750e+01
3.751918792724609375e+00 -4.596901535987854004e-01 7.091736602783203125e+01
3.582648754119873047e+00 -4.596936106681823730e-01 7.094742584228515625e+01
3.938170194625854492e+00 -1.130784153938293457e+00 6.990003967285156250e+01
3.695437669754028320e+00 -4.596920907497406006e-01 7.097206878662109375e+01
1.001584768295288086e+00 -2.620830297470092773e+00 6.990003967285156250e+01
6.149919986724853516e+00 -2.614082574844360352e+00 6.990003967285156250e+01
3.629059314727783203e+00 -4.596930742263793945e-01 7.096211242675781250e+01
3.355929374694824219e+00 -1.360156774520874023e+00 6.990005493164062500e+01
3.711982250213623047e+00 -4.596911072731018066e-01 7.093144226074218750e+01
3.601820945739746094e+00 -4.596926569938659668e-01 7.091193389892578125e+01
4.376555919647216797e+00 -1.743295907974243164e+00 6.990003204345703125e+01
3.665022611618041992e+00 -4.596922695636749268e-01 7.095130157470703125e+01
2.495706796646118164e+00 -2.297766447067260742e+00 6.990007781982421875e+01
3.704142570495605469e+00 -4.596565961837768555e-01 7.089854431152343750e+01
3.628706693649291992e+00 -4.596925079822540283e-01 7.092942047119140625e+01
3.714898824691772461e+00 -1.940084815025329590e+00 6.990004730224609375e+01
3.681562900543212891e+00 -4.596915543079376221e-01 7.092769622802734375e+01
3.626828908920288086e+00 -4.593323767185211182e-01 7.089533996582031250e+01
5.126334667205810547e+00 -4.044633388519287109e+00 6.990006256103515625e+01
3.652994155883789062e+00 -4.596920013427734375e-01 7.092499542236328125e+01
3.098802089691162109e+00 -3.539987564086914062e+00 6.990007019042968750e+01
3.675451040267944336e+00 -4.592038094997406006e-01 7.090543365478515625e+01
3.647789239883422852e+00 -4.592869877815246582e-01 7.090496826171875000e+01
3.658879995346069336e+00 -4.596914649009704590e-01 7.089997100830078125e+01
