1.149038696289062500e+01 8.603432774543762207e-01 7.089997863769531250e+01
1.142114543914794922e+01 8.603461384773254395e-01 7.096340942382812500e+01
1.164096069335937500e+01 6.273860931396484375e+00 6.918427276611328125e+01
1.159254169464111328e+01 8.603327274322509766e-01 7.103321838378906250e+01
1.146522045135498047e+01 4.599434435367584229e-01 7.089553070068359375e+01
1.306250000000000000e+01 4.224823474884033203e+00 6.989992523193359375e+01
1.142553234100341797e+01 8.603361248970031738e-01 7.114123535156250000e+01
1.047725200653076172e+01 4.081579685211181641e+00 6.894924926757812500e+01
1.177133178710937500e+01 8.603239655494689941e-01 7.100257873535156250e+01
1.119155216217041016e+01 8.603448867797851562e-01 7.102333068847656250e+01
1.235599040985107422e+01 3.104328393936157227e+00 6.905023193359375000e+01
1.160164833068847656e+01 8.603186607360839844e-01 7.125469970703125000e+01
9.764722824096679688e+00 2.715099096298217773e+00 6.989991760253906250e+01
1.813762855529785156e+01 7.829847812652587891e+00 6.943859863281250000e+01
1.123327922821044922e+01 8.603400588035583496e-01 7.126568603515625000e+01
1.136079692840576172e+01 1.380380630493164062e+00 6.989994049072265625e+01
1.187302589416503906e+01 8.603063821792602539e-01 7.122246551513671875e+01
1.096232414245605469e+01 8.603442907333374023e-01 7.092181396484375000e+01
1.249528598785400391e+01 1.569823265075683594e+00 6.989997100830078125e+01
1.146322536468505859e+01 8.603127002716064453e-01 7.148738098144531250e+01
1.065586566925048828e+01 1.366942167282104492e+00 6.989994049072265625e+01
1.213781452178955078e+01 8.603082299232482910e-01 7.098709106445312500e+01
1.092519092559814453e+01 8.603425025939941406e-01 7.129322814941406250e+01
1.189443588256835938e+01 1.567129492759704590e+00 6.910394287109375000e+01
1.187090492248535156e+01 8.602979183197021484e-01 7.156403350830078125e+01
8.355730056762695312e+00 2.274496555328369141e+00 6.989994049072265625e+01
1.365480136871337891e+01 1.686388969421386719e+00 6.989996337890625000e+01
1.119956207275390625e+01 7.847139239311218262e-01 7.159488677978515625e+01
1.113069820404052734e+01 9.127496480941772461e-01 6.989995574951171875e+01
1.238534259796142578e+01 8.603043556213378906e-01 7.137034606933593750e+01
1.045249271392822266e+01 8.603237867355346680e-01 7.117356109619140625e+01
1.268600940704345703e+01 1.291055679321289062e+00 6.904051208496093750e+01
1.160981845855712891e+01 6.667870283126831055e-01 7.159491729736328125e+01
1.019912528991699219e+01 9.777207374572753906e-01 6.989995574951171875e+01
2.396119308471679688e+01 4.526159286499023438e+00 6.986679840087890625e+01
1.084759807586669922e+01 6.902861595153808594e-01 7.159481811523437500e+01
1.149526500701904297e+01 6.837728023529052734e-01 6.989995574951171875e+01
1.212077331542968750e+01 6.451543569564819336e-01 7.159488677978515625e+01
7.823582887649536133e-01 2.968957662582397461e+00 6.990756225585937500e+01
1.280798530578613281e+01 7.593328952789306641e-01 6.989997100830078125e+01
1.136397171020507812e+01 5.384091138839721680e-01 7.159486389160156250e+01
1.086111068725585938e+01 6.062340736389160156e-01 6.989999389648437500e+01
1.153722858428955078e+01 4.077350795269012451e-01 7.091281890869140625e+01
1.013648319244384766e+01 6.018648743629455566e-01 7.159477996826171875e+01
1.186095333099365234e+01 5.194748640060424805e-01 6.990043640136718750e+01
1.153038311004638672e+01 4.099738299846649170e-01 7.099822998046875000e+01
9.380283355712890625e+00 5.658106803894042969e-01 6.989996337890625000e+01
1.471409511566162109e+01 5.708839893341064453e-01 6.990607452392578125e+01
1.149038696289062500e+01 4.002901911735534668e-01 7.089997863769531250e+01
1.127564525604248047e+01 4.106221497058868408e-01 6.989996337890625000e+01
1.246864318847656250e+01 3.881688714027404785e-01 7.159488677978515625e+01
5.927463054656982422e+00 2.303345650434494019e-01 7.159327697753906250e+01
1.234157371520996094e+01 3.338814079761505127e-01 6.989997100830078125e+01
1.151572799682617188e+01 3.510009944438934326e-01 7.159486389160156250e+01
1.050776958465576172e+01 2.724963128566741943e-01 6.990287780761718750e+01
1.863650131225585938e+01 -3.997132778167724609e-01 7.126536560058593750e+01
1.064929962158203125e+01 2.557701468467712402e-01 7.159492492675781250e+01
1.162990665435791016e+01 2.455193102359771729e-01 6.989997100830078125e+01
1.196887969970703125e+01 2.532240450382232666e-01 7.159489440917968750e+01
7.170438766479492188e+00 -4.665698707103729248e-01 6.990596771240234375e+01
1.325544357299804688e+01 -4.005153849720954895e-02 6.989997100830078125e+01
1.126493358612060547e+01 2.257755100727081299e-01 7.159494018554687500e+01
1.103506851196289062e+01 1.139436438679695129e-01 6.990173339843750000e+01
1.312846279144287109e+01 -1.041216030716896057e-01 7.159493255615234375e+01
9.528295516967773438e+00 -2.374224662780761719e-01 7.159490966796875000e+01
1.202220535278320312e+01 2.684826031327247620e-02 6.989997100830078125e+01
1.166995429992675781e+01 1.465168744325637817e-01 7.159493255615234375e+01
9.951714515686035156e+00 -2.932629883289337158e-01 6.989997863769531250e+01
1.748384094238281250e+01 -2.048070907592773438e+00 6.990002441406250000e+01
1.094674873352050781e+01 2.213406376540660858e-02 7.159490966796875000e+01
1.141244888305664062e+01 -5.608629435300827026e-02 6.989997100830078125e+01
1.223433113098144531e+01 -9.062395989894866943e-02 7.159496307373046875e+01
1.149038696289062500e+01 4.002901911735534668e-01 7.089997863769531250e+01
1.259976005554199219e+01 -4.041035175323486328e-01 6.990343475341796875e+01
1.142255973815917969e+01 2.563158748671412468e-03 7.159491729736328125e+01
1.073908710479736328e+01 -3.514770567417144775e-01 6.989998626708984375e+01
1.273105621337890625e+01 -3.997139632701873779e-01 7.113194274902343750e+01
1.047589778900146484e+01 -3.981464505195617676e-01 7.153149414062500000e+01
1.176969718933105469e+01 -3.308501243591308594e-01 6.989997863769531250e+01
1.184274768829345703e+01 -1.779713928699493408e-01 7.159491729736328125e+01
8.833001136779785156e+00 -1.820919036865234375e+00 6.990001678466796875e+01
1.398156070709228516e+01 -1.814214110374450684e+00 6.989999389648437500e+01
1.115690612792968750e+01 -2.706344425678253174e-01 7.159486389160156250e+01
1.118740940093994141e+01 -5.602542161941528320e-01 6.989997863769531250e+01
1.219848728179931641e+01 -3.997094333171844482e-01 7.131961822509765625e+01
1.072953891754150391e+01 -3.997142612934112549e-01 7.105948638916015625e+01
1.220810127258300781e+01 -9.433807730674743652e-01 6.989998626708984375e+01
1.157229518890380859e+01 -3.997023999691009521e-01 7.158438873291015625e+01
1.032810497283935547e+01 -1.496325254440307617e+00 6.990084838867187500e+01
1.767574310302734375e+01 -7.793470859527587891e+00 7.070462036132812500e+01
1.108804798126220703e+01 -3.997050225734710693e-01 7.129262542724609375e+01
1.154638862609863281e+01 -1.139623403549194336e+00 6.990036010742187500e+01
1.179174804687500000e+01 -3.967878520488739014e-01 7.126835632324218750e+01
4.615112781524658203e+00 -1.239202880859375000e+01 6.990653228759765625e+01
1.294499969482421875e+01 -3.212748765945434570e+00 6.990882110595703125e+01
1.141190147399902344e+01 -3.997180163860321045e-01 7.123361968994140625e+01
1.093024539947509766e+01 -2.740355491638183594e+00 6.989996337890625000e+01
1.171316337585449219e+01 -3.996987044811248779e-01 7.097344970703125000e+01
1.134148979187011719e+01 -3.997206687927246094e-01 7.096701812744140625e+01
1.149038696289062500e+01 4.002898931503295898e-01 7.089997863769531250e+01
