-1.804007720947265625e+01 -7.851839065551757812e+00 7.089501190185546875e+01
-1.817616271972656250e+01 -7.963529109954833984e+00 7.101967620849609375e+01
-1.801369094848632812e+01 -7.838446617126464844e+00 7.059436035156250000e+01
-1.752585220336914062e+01 -6.551949024200439453e+00 7.156572723388671875e+01
-1.830835151672363281e+01 -8.231804847717285156e+00 7.084755706787109375e+01
-1.759247398376464844e+01 -7.778809070587158203e+00 7.061028289794921875e+01
-1.816771316528320312e+01 -7.962324619293212891e+00 7.136981201171875000e+01
-1.825469398498535156e+01 -8.087884902954101562e+00 7.048178100585937500e+01
-1.741777038574218750e+01 -7.848709106445312500e+00 7.112227630615234375e+01
-1.831524467468261719e+01 -8.444087028503417969e+00 7.100859832763671875e+01
-1.768692779541015625e+01 -7.764508247375488281e+00 7.014035034179687500e+01
-1.782256317138671875e+01 -7.968361854553222656e+00 7.158847808837890625e+01
-1.829189109802246094e+01 -8.529923439025878906e+00 7.074908447265625000e+01
-1.725632667541503906e+01 -7.991716861724853516e+00 7.072270965576171875e+01
-1.832279014587402344e+01 -8.361841201782226562e+00 7.129714202880859375e+01
-1.816137123107910156e+01 -7.950356483459472656e+00 6.995899200439453125e+01
-1.728280830383300781e+01 -7.957302093505859375e+00 7.153324127197265625e+01
-1.817272567749023438e+01 -8.752140998840332031e+00 7.090049743652343750e+01
-1.727093887329101562e+01 -7.972559452056884766e+00 7.012961578369140625e+01
-1.807243919372558594e+01 -8.319613456726074219e+00 7.159487152099609375e+01
-1.826960372924804688e+01 -8.601839065551757812e+00 7.061996459960937500e+01
-1.714205360412597656e+01 -8.229632377624511719e+00 7.101583862304687500e+01
-1.815871238708496094e+01 -8.771141052246093750e+00 7.097755432128906250e+01
-1.766035079956054688e+01 -7.771104335784912109e+00 6.920708465576171875e+01
-1.763900566101074219e+01 -8.382852554321289062e+00 7.159493255615234375e+01
-2.115902328491210938e+01 -7.002893924713134766e+00 6.989998626708984375e+01
-1.713128280639648438e+01 -8.327699661254882812e+00 7.047512817382812500e+01
-1.829431915283203125e+01 -8.531640052795410156e+00 7.150251007080078125e+01
-1.830043792724609375e+01 -8.496761322021484375e+00 7.017114257812500000e+01
-1.713460159301757812e+01 -8.402285575866699219e+00 7.137090301513671875e+01
-2.354065132141113281e+01 -6.429646015167236328e+00 7.234494781494140625e+01
-1.715255355834960938e+01 -8.206481933593750000e+00 6.951470947265625000e+01
-1.791977500915527344e+01 -8.599265098571777344e+00 7.159502410888671875e+01
-1.932475090026855469e+01 -8.293222427368164062e+00 6.990008544921875000e+01
-1.717252349853515625e+01 -8.580682754516601562e+00 7.082313537597656250e+01
-1.938138008117675781e+01 -8.262574195861816406e+00 7.234492492675781250e+01
-1.804007720947265625e+01 -8.867706298828125000e+00 7.089501190185546875e+01
-1.740520477294921875e+01 -8.621099472045898438e+00 7.159486389160156250e+01
-2.877586936950683594e+01 -6.292378902435302734e+00 6.990002441406250000e+01
-1.719862937927246094e+01 -8.638413429260253906e+00 7.025638580322265625e+01
-1.816738891601562500e+01 -8.728607177734375000e+00 7.159483337402343750e+01
-1.866620826721191406e+01 -8.662792205810546875e+00 6.990002441406250000e+01
-1.727243995666503906e+01 -8.745699882507324219e+00 7.110539245605468750e+01
-2.086541557312011719e+01 -8.447058677673339844e+00 7.234492492675781250e+01
-1.734222793579101562e+01 -8.643258094787597656e+00 6.901268005371093750e+01
-1.775552558898925781e+01 -8.798812866210937500e+00 7.159400177001953125e+01
-2.013068962097167969e+01 -8.703714370727539062e+00 6.990422821044921875e+01
-1.736317634582519531e+01 -8.831885337829589844e+00 7.068631744384765625e+01
-1.888981819152832031e+01 -8.816756248474121094e+00 7.234494781494140625e+01
-1.825372695922851562e+01 -8.857426643371582031e+00 6.990007781982421875e+01
-1.743309974670410156e+01 -8.875226974487304688e+00 7.132617950439453125e+01
-2.878302955627441406e+01 -9.195919036865234375e+00 7.223388671875000000e+01
-1.749860763549804688e+01 -8.909951210021972656e+00 7.025887298583984375e+01
-1.798720359802246094e+01 -8.970549583435058594e+00 7.234490203857421875e+01
-1.901678848266601562e+01 -8.994731903076171875e+00 6.990390014648437500e+01
-1.804007720947265625e+01 -8.867706298828125000e+00 7.089501190185546875e+01
-1.979493331909179688e+01 -9.169235229492187500e+00 7.234496307373046875e+01
-1.790125846862792969e+01 -9.021699905395507812e+00 6.990002441406250000e+01
-1.779770469665527344e+01 -8.942200660705566406e+00 7.124700927734375000e+01
-2.236394882202148438e+01 -9.735353469848632812e+00 6.990010070800781250e+01
-1.769545555114746094e+01 -8.953681945800781250e+00 7.069976043701171875e+01
-1.851043891906738281e+01 -9.231794357299804688e+00 7.234490966796875000e+01
-1.849387168884277344e+01 -9.153094291687011719e+00 6.990010833740234375e+01
-1.775138664245605469e+01 -8.956603050231933594e+00 7.101748657226562500e+01
-2.213393020629882812e+01 -1.019827747344970703e+01 7.234497070312500000e+01
-1.801805686950683594e+01 -8.883169174194335938e+00 7.085360717773437500e+01
-1.766545486450195312e+01 -9.397142410278320312e+00 7.234486389160156250e+01
-1.957091331481933594e+01 -9.557727813720703125e+00 6.990010833740234375e+01
-1.801712799072265625e+01 -8.877080917358398438e+00 7.089118194580078125e+01
-1.917431831359863281e+01 -9.656687736511230469e+00 7.234490966796875000e+01
-1.811762046813964844e+01 -9.321770668029785156e+00 6.990007019042968750e+01
-1.801416587829589844e+01 -8.884803771972656250e+00 7.091921997070312500e+01
-2.864838790893554688e+01 -1.428149414062500000e+01 7.079150390625000000e+01
-1.802101325988769531e+01 -8.881528854370117188e+00 7.087788391113281250e+01
-1.818158721923828125e+01 -9.697489738464355469e+00 7.234487152099609375e+01
-1.878768157958984375e+01 -9.615776062011718750e+00 6.989993286132812500e+01
-1.801760482788085938e+01 -8.882197380065917969e+00 7.089921569824218750e+01
-2.036920928955078125e+01 -1.070081043243408203e+01 7.234489440917968750e+01
-1.776218605041503906e+01 -9.595129966735839844e+00 6.990009307861328125e+01
-1.730496025085449219e+01 -1.007411289215087891e+01 7.234484100341796875e+01
-2.068418693542480469e+01 -1.107781791687011719e+01 6.990004730224609375e+01
-1.556155300140380859e+01 -1.107096576690673828e+01 6.990010070800781250e+01
-1.873587036132812500e+01 -1.026755905151367188e+01 7.234486389160156250e+01
-1.834155845642089844e+01 -9.823508262634277344e+00 6.989994812011718750e+01
-1.559329605102539062e+01 -1.163203811645507812e+01 7.234504699707031250e+01
-2.347709274291992188e+01 -1.458453464508056641e+01 7.203482818603515625e+01
-1.732591247558593750e+01 -1.020473194122314453e+01 6.989996337890625000e+01
-1.786656761169433594e+01 -1.056237030029296875e+01 7.234483337402343750e+01
-1.919765281677246094e+01 -1.075664138793945312e+01 6.989992523193359375e+01
-1.372078990936279297e+01 -1.458948040008544922e+01 7.075859069824218750e+01
-1.952573966979980469e+01 -1.182173824310302734e+01 7.234487152099609375e+01
-1.798433303833007812e+01 -1.040053939819335938e+01 6.989999389648437500e+01
-1.685387039184570312e+01 -1.200513362884521484e+01 7.234500885009765625e+01
-2.111071205139160156e+01 -1.458101081848144531e+01 7.045131683349609375e+01
-1.657986831665039062e+01 -1.249464416503906250e+01 6.990003967285156250e+01
-1.838115882873535156e+01 -1.234437751770019531e+01 7.234494781494140625e+01
-1.859737968444824219e+01 -1.199243831634521484e+01 6.990006256103515625e+01
-1.642898178100585938e+01 -1.465313720703125000e+01 7.142636871337890625e+01
-1.910645294189453125e+01 -1.459725570678710938e+01 7.137513732910156250e+01
-1.804007720947265625e+01 -1.460486793518066406e+01 7.089501190185546875e+01
