-1.288510322570800781e+01 4.602816104888916016e-01 7.090006256103515625e+01
-1.289413070678710938e+01 4.602815210819244385e-01 7.090833282470703125e+01
-1.279790019989013672e+01 3.801934957504272461e+00 6.990642547607421875e+01
-1.287178516387939453e+01 4.602819681167602539e-01 7.091743469238281250e+01
-1.291026592254638672e+01 4.599489569664001465e-01 7.089561462402343750e+01
-1.131280136108398438e+01 4.225295066833496094e+00 6.989989471435546875e+01
-1.288510322570800781e+01 4.003046751022338867e-01 7.090006256103515625e+01
-1.340446472167968750e+01 2.287436723709106445e+00 6.990006256103515625e+01
-1.284847450256347656e+01 4.602823257446289062e-01 7.091343688964843750e+01
-1.292406177520751953e+01 4.602811038494110107e-01 7.091614532470703125e+01
-1.241714763641357422e+01 1.862138509750366211e+00 6.990007019042968750e+01
-1.288510322570800781e+01 4.003052413463592529e-01 7.090006256103515625e+01
-1.461072444915771484e+01 2.715055942535400391e+00 6.990003204345703125e+01
-8.336606979370117188e+00 5.484115600585937500e+00 6.990008544921875000e+01
-1.288510417938232422e+01 4.003053009510040283e-01 7.090006256103515625e+01
-1.301468658447265625e+01 1.380347251892089844e+00 6.990007019042968750e+01
-1.288510227203369141e+01 4.003051221370697021e-01 7.090006256103515625e+01
-1.295394611358642578e+01 4.602805078029632568e-01 7.090290832519531250e+01
-1.188019752502441406e+01 1.569845199584960938e+00 6.990004730224609375e+01
-1.288510322570800781e+01 4.003056287765502930e-01 7.090006256103515625e+01
-1.371960926055908203e+01 1.366937994956970215e+00 6.990004730224609375e+01
-1.280068874359130859e+01 4.602831006050109863e-01 7.091142272949218750e+01
-1.288510513305664062e+01 4.003053605556488037e-01 7.090006256103515625e+01
-1.266014194488525391e+01 1.049963831901550293e+00 6.990008544921875000e+01
-1.288510227203369141e+01 4.003056287765502930e-01 7.090006256103515625e+01
-1.601957130432128906e+01 2.274397611618041992e+00 6.990007781982421875e+01
-1.072073841094970703e+01 1.686372995376586914e+00 6.990007019042968750e+01
-1.288510417938232422e+01 4.003055691719055176e-01 7.090006256103515625e+01
-1.324478244781494141e+01 9.127507209777832031e-01 6.990006256103515625e+01
-1.288510036468505859e+01 4.003055393695831299e-01 7.090006256103515625e+01
-1.288510513305664062e+01 4.003048837184906006e-01 7.090006256103515625e+01
-1.224213600158691406e+01 8.793289661407470703e-01 6.990010070800781250e+01
-1.288510227203369141e+01 4.003053307533264160e-01 7.090006256103515625e+01
-1.417638111114501953e+01 9.777415394783020020e-01 6.990002441406250000e+01
-8.133133053779602051e-01 4.394161701202392578e+00 6.989994049072265625e+01
-1.288510608673095703e+01 4.003053903579711914e-01 7.090006256103515625e+01
-1.288022518157958984e+01 6.837773323059082031e-01 6.990007781982421875e+01
-1.225466632843017578e+01 6.451877951622009277e-01 7.159502410888671875e+01
-2.367552185058593750e+01 2.988735437393188477e+00 6.990000915527343750e+01
-1.156753444671630859e+01 7.593386173248291016e-01 6.990007781982421875e+01
-1.301149272918701172e+01 5.383946895599365234e-01 7.159481048583984375e+01
-1.351439857482910156e+01 6.062541007995605469e-01 6.990004730224609375e+01
-1.288509273529052734e+01 4.003055989742279053e-01 7.090006256103515625e+01
-1.289251995086669922e+01 4.014082252979278564e-01 7.090386962890625000e+01
-1.251437568664550781e+01 5.195405483245849609e-01 6.990008544921875000e+01
-1.260220909118652344e+01 4.687965214252471924e-01 7.159498596191406250e+01
-1.499531936645507812e+01 5.658333301544189453e-01 6.989999389648437500e+01
-9.641754150390625000e+00 5.719371438026428223e-01 6.990010070800781250e+01
-1.288510322570800781e+01 4.003039896488189697e-01 7.090006256103515625e+01
-1.309984111785888672e+01 4.106357693672180176e-01 6.990006256103515625e+01
-1.190688896179199219e+01 3.881831765174865723e-01 7.159494018554687500e+01
-1.844799423217773438e+01 2.303493618965148926e-01 7.159335327148437500e+01
-1.203396129608154297e+01 3.338986635208129883e-01 6.990010833740234375e+01
-1.285976314544677734e+01 3.510158061981201172e-01 7.159493255615234375e+01
-1.387060165405273438e+01 2.721354365348815918e-01 6.990003204345703125e+01
-1.288510322570800781e+01 4.003039896488189697e-01 7.090006256103515625e+01
-1.372598838806152344e+01 2.558186650276184082e-01 7.159484100341796875e+01
-1.274558639526367188e+01 2.455367445945739746e-01 6.990007781982421875e+01
-1.240665435791015625e+01 2.532512545585632324e-01 7.159491729736328125e+01
-1.720542335510253906e+01 -4.666304886341094971e-01 6.990596771240234375e+01
-1.112015056610107422e+01 -4.001166671514511108e-02 6.990010833740234375e+01
-1.311051273345947266e+01 2.258232831954956055e-01 7.159489440917968750e+01
-1.334122657775878906e+01 1.134513244032859802e-01 6.990005493164062500e+01
-1.124715614318847656e+01 -1.040680482983589172e-01 7.159496307373046875e+01
-1.484686374664306641e+01 -2.373010069131851196e-01 7.159487915039062500e+01
-1.235330486297607422e+01 2.687600255012512207e-02 6.990009307861328125e+01
-1.270554351806640625e+01 1.465407162904739380e-01 7.159499359130859375e+01
-1.442385482788085938e+01 -2.932850122451782227e-01 6.990001678466796875e+01
-6.921792507171630859e+00 -2.035743713378906250e+00 6.990513610839843750e+01
-1.342864322662353516e+01 2.221622131764888763e-02 7.159487152099609375e+01
-1.296304130554199219e+01 -5.606747046113014221e-02 6.990007019042968750e+01
-1.214121055603027344e+01 -9.057641029357910156e-02 7.159500122070312500e+01
-1.334470653533935547e+01 1.657522618770599365e-01 7.089557647705078125e+01
-1.177949714660644531e+01 -4.013583064079284668e-01 6.990689849853515625e+01
-1.295291709899902344e+01 2.654347103089094162e-03 7.159486389160156250e+01
-1.363641929626464844e+01 -3.514794409275054932e-01 6.990004730224609375e+01
-1.164443588256835938e+01 -3.996988236904144287e-01 7.113202667236328125e+01
-1.389947032928466797e+01 -3.980367779731750488e-01 7.153150177001953125e+01
-1.260579967498779297e+01 -3.308172821998596191e-01 6.990008544921875000e+01
-1.253277301788330078e+01 -1.779072582721710205e-01 7.159494018554687500e+01
-1.554273414611816406e+01 -1.821109414100646973e+00 6.990000915527343750e+01
-1.039595603942871094e+01 -1.812398314476013184e+00 6.990088653564453125e+01
-1.321855640411376953e+01 -2.705650329589843750e-01 7.159489440917968750e+01
-1.318807792663574219e+01 -5.602322220802307129e-01 6.990007019042968750e+01
-1.217700004577636719e+01 -3.996984064579010010e-01 7.131970214843750000e+01
-1.364596939086914062e+01 -3.997198641300201416e-01 7.105957031250000000e+01
-1.216742324829101562e+01 -9.433031678199768066e-01 6.990011596679687500e+01
-1.280319213867187500e+01 -3.997176289558410645e-01 7.158449554443359375e+01
-1.404841136932373047e+01 -1.497985839843750000e+00 6.990005493164062500e+01
-1.266086578369140625e+01 1.032561734318733215e-01 7.089298248291015625e+01
-1.328745746612548828e+01 -3.997204601764678955e-01 7.129271697998046875e+01
-1.282908153533935547e+01 -1.140152812004089355e+00 6.990009307861328125e+01
-1.258373451232910156e+01 -3.967941403388977051e-01 7.126844787597656250e+01
-1.790033340454101562e+01 -8.931167602539062500e+00 7.017538452148437500e+01
-1.141752529144287109e+01 -3.244939327239990234e+00 6.990007019042968750e+01
-1.296358776092529297e+01 -3.996961414813995361e-01 7.123370361328125000e+01
-1.344521713256835938e+01 -2.740187168121337891e+00 6.990010070800781250e+01
-1.266232109069824219e+01 -3.997051119804382324e-01 7.097354125976562500e+01
-1.303399658203125000e+01 -3.996889293193817139e-01 7.096710205078125000e+01
-1.288510322570800781e+01 1.236020922660827637e-01 7.090006256103515625e+01
