1.767483901977539062e+01 6.634734153747558594e+00 7.090003967285156250e+01
1.730567550659179688e+01 8.513974189758300781e+00 7.123822784423828125e+01
1.771901321411132812e+01 7.784325122833251953e+00 7.039669799804687500e+01
1.820228767395019531e+01 8.436471939086914062e+00 7.158800506591796875e+01
1.405705928802490234e+01 1.463651752471923828e+01 7.026010894775390625e+01
1.924687194824218750e+01 9.885504722595214844e+00 6.990003967285156250e+01
1.767483901977539062e+01 6.061167716979980469e+00 7.090003967285156250e+01
1.715543746948242188e+01 7.948447227478027344e+00 6.989996337890625000e+01
1.807046699523925781e+01 6.708989620208740234e+00 7.104452514648437500e+01
1.767483901977539062e+01 6.061167716979980469e+00 7.090003967285156250e+01
1.814278602600097656e+01 7.522974491119384766e+00 6.990006256103515625e+01
1.789276123046875000e+01 6.962201118469238281e+00 7.159481048583984375e+01
1.594939231872558594e+01 8.375685691833496094e+00 6.990010833740234375e+01
2.222371101379394531e+01 1.114539813995361328e+01 6.989998626708984375e+01
1.767483901977539062e+01 6.061167716979980469e+00 7.090003967285156250e+01
1.754586982727050781e+01 7.036566257476806641e+00 6.990479278564453125e+01
1.807488250732421875e+01 6.542106628417968750e+00 7.123719787597656250e+01
1.767483901977539062e+01 6.061167716979980469e+00 7.090003967285156250e+01
1.867959976196289062e+01 7.230538845062255859e+00 6.990016937255859375e+01
1.767483901977539062e+01 6.061167716979980469e+00 7.090003967285156250e+01
1.684031105041503906e+01 7.027827739715576172e+00 6.989999389648437500e+01
1.807488059997558594e+01 6.345410823822021484e+00 7.095386505126953125e+01
1.767483901977539062e+01 6.061167716979980469e+00 7.090003967285156250e+01
1.789978027343750000e+01 6.710767745971679688e+00 6.990015411376953125e+01
1.807292556762695312e+01 6.542413234710693359e+00 7.159474945068359375e+01
1.454050445556640625e+01 7.935181140899658203e+00 6.990010070800781250e+01
1.983930778503417969e+01 7.347298622131347656e+00 6.990000152587890625e+01
1.767483901977539062e+01 6.061167716979980469e+00 7.090003967285156250e+01
1.731670379638671875e+01 6.571414947509765625e+00 6.990432739257812500e+01
1.807487297058105469e+01 6.266788005828857422e+00 7.111028289794921875e+01
1.767483901977539062e+01 6.061167716979980469e+00 7.090003967285156250e+01
1.831780242919921875e+01 6.540189266204833984e+00 6.990008544921875000e+01
1.779424095153808594e+01 6.327600479125976562e+00 7.159481048583984375e+01
1.638373374938964844e+01 6.638528347015380859e+00 6.990013122558593750e+01
2.888394737243652344e+01 9.769613265991210938e+00 6.997138977050781250e+01
1.767483901977539062e+01 6.061167716979980469e+00 7.090003967285156250e+01
1.767971611022949219e+01 6.344625949859619141e+00 6.990010070800781250e+01
1.807486343383789062e+01 6.216550827026367188e+00 7.134101104736328125e+01
6.923482418060302734e+00 8.640228271484375000e+00 6.990360260009765625e+01
1.899238967895507812e+01 6.420197486877441406e+00 6.990006256103515625e+01
1.767483901977539062e+01 6.061167716979980469e+00 7.090003967285156250e+01
1.704551887512207031e+01 6.267126083374023438e+00 6.989998626708984375e+01
1.807486915588378906e+01 6.124747276306152344e+00 7.100967407226562500e+01
1.767483901977539062e+01 6.061167716979980469e+00 7.090003967285156250e+01
1.804556846618652344e+01 6.180405139923095703e+00 6.990006256103515625e+01
1.795770454406738281e+01 6.129652976989746094e+00 7.159489440917968750e+01
1.556488513946533203e+01 6.226676464080810547e+00 6.990009307861328125e+01
2.091832160949707031e+01 6.232808113098144531e+00 6.990003967285156250e+01
1.767483901977539062e+01 6.061167716979980469e+00 7.090003967285156250e+01
1.746010589599609375e+01 6.071499347686767578e+00 6.990006256103515625e+01
1.807486152648925781e+01 6.056210994720458984e+00 7.118419647216796875e+01
1.767470550537109375e+01 6.061163425445556641e+00 7.090005493164062500e+01
1.852622985839843750e+01 5.994742870330810547e+00 6.989978790283203125e+01
1.770017814636230469e+01 6.011881828308105469e+00 7.159487915039062500e+01
1.668930244445800781e+01 5.932994365692138672e+00 6.989997100830078125e+01
1.807486724853515625e+01 6.016384601593017578e+00 7.092049407958984375e+01
1.767411041259765625e+01 6.061042308807373047e+00 7.090064239501953125e+01
1.781435775756835938e+01 5.906397819519042969e+00 6.990003967285156250e+01
1.807484817504882812e+01 5.938223838806152344e+00 7.148097991943359375e+01
1.332832908630371094e+01 5.188977718353271484e+00 6.989991760253906250e+01
1.943685913085937500e+01 5.621583461761474609e+00 6.990174865722656250e+01
1.767276954650878906e+01 6.059566497802734375e+00 7.090641784667968750e+01
1.721871566772460938e+01 5.774314880371093750e+00 6.990003204345703125e+01
1.807485961914062500e+01 5.937989234924316406e+00 7.106974792480468750e+01
1.767358398437500000e+01 6.060759544372558594e+00 7.090048217773437500e+01
1.820670127868652344e+01 5.687695503234863281e+00 6.989994812011718750e+01
1.785439109802246094e+01 5.807415485382080078e+00 7.159494018554687500e+01
1.613815879821777344e+01 5.368512153625488281e+00 6.990133666992187500e+01
2.366918945312500000e+01 3.612440586090087891e+00 6.989993286132812500e+01
1.767284011840820312e+01 6.059776782989501953e+00 7.090259552001953125e+01
1.759689903259277344e+01 5.604781627655029297e+00 6.990001678466796875e+01
1.807091140747070312e+01 5.799807071685791016e+00 7.127005004882812500e+01
1.878811836242675781e+01 5.253941535949707031e+00 6.989998626708984375e+01
1.767414093017578125e+01 6.057079792022705078e+00 7.090718078613281250e+01
1.692354393005371094e+01 5.309404850006103516e+00 6.990005493164062500e+01
1.807486343383789062e+01 5.803225517272949219e+00 7.097483062744140625e+01
1.767277145385742188e+01 6.059540748596191406e+00 7.090132904052734375e+01
1.795416259765625000e+01 5.329991340637207031e+00 6.989998626708984375e+01
1.802712440490722656e+01 5.483027935028076172e+00 7.159483337402343750e+01
1.501935195922851562e+01 3.841545581817626953e+00 6.990078735351562500e+01
2.016588401794433594e+01 3.846778392791748047e+00 6.990010833740234375e+01
1.767315101623535156e+01 6.057773113250732422e+00 7.090355682373046875e+01
1.737186813354492188e+01 5.100643634796142578e+00 6.990005493164062500e+01
1.807485771179199219e+01 5.609232902526855469e+00 7.113710021972656250e+01
1.767271804809570312e+01 6.058936595916748047e+00 7.090048217773437500e+01
1.839260673522949219e+01 4.717397689819335938e+00 6.989997100830078125e+01
1.775799369812011719e+01 5.249001979827880859e+00 7.159486389160156250e+01
1.651166152954101562e+01 4.163092613220214844e+00 6.990013885498046875e+01
2.640102005004882812e+01 -5.498431205749511719e+00 7.062443542480468750e+01
1.767313575744628906e+01 6.057782649993896484e+00 7.090170288085937500e+01
1.773086166381835938e+01 4.520680904388427734e+00 6.990004730224609375e+01
1.807488441467285156e+01 5.003079414367675781e+00 7.138904571533203125e+01
1.075433731079101562e+01 -6.815303802490234375e+00 6.990006256103515625e+01
1.914244651794433594e+01 2.415852546691894531e+00 6.990002441406250000e+01
1.767442703247070312e+01 6.056969642639160156e+00 7.090178680419921875e+01
1.711471939086914062e+01 2.920641899108886719e+00 6.990006256103515625e+01
1.807488250732421875e+01 4.624613761901855469e+00 7.103197479248046875e+01
1.767407417297363281e+01 6.057062625885009766e+00 7.090038299560546875e+01
1.767483901977539062e+01 6.056918621063232422e+00 7.090003967285156250e+01
