-4.275085926055908203e+00 -3.997085988521575928e-01 7.089994812011718750e+01
-4.283947944641113281e+00 -4.008282124996185303e-01 7.090806579589843750e+01
-4.187325477600097656e+00 2.963641881942749023e+00 6.989996337890625000e+01
-4.261762142181396484e+00 -3.997075855731964111e-01 7.091732788085937500e+01
-4.300259590148925781e+00 -4.000406563282012939e-01 7.089549255371093750e+01
-2.702950000762939453e+00 3.364877223968505859e+00 6.989988708496093750e+01
-4.283545017242431641e+00 -3.997066020965576172e-01 7.093141174316406250e+01
-4.790560722351074219e+00 1.413298726081848145e+00 6.990743255615234375e+01
-4.238441944122314453e+00 -3.997079432010650635e-01 7.091333007812500000e+01
-4.314061641693115234e+00 -3.997074067592620850e-01 7.091603851318359375e+01
-3.807118415832519531e+00 1.002162694931030273e+00 6.989992523193359375e+01
-4.260573387145996094e+00 -3.997057676315307617e-01 7.094622039794921875e+01
-6.000507831573486328e+00 1.854773283004760742e+00 6.990003204345703125e+01
2.734076678752899170e-01 4.624097347259521484e+00 6.989997100830078125e+01
-4.308620929718017578e+00 -3.997054696083068848e-01 7.094764709472656250e+01
-4.404671192169189453e+00 5.203446745872497559e-01 6.989994812011718750e+01
-4.225174427032470703e+00 -3.997062146663665771e-01 7.094201660156250000e+01
-4.343803405761718750e+00 -3.998431861400604248e-01 7.090278625488281250e+01
-3.270168304443359375e+00 7.098439335823059082e-01 6.989991760253906250e+01
-4.278628826141357422e+00 -3.997038006782531738e-01 7.097657012939453125e+01
-5.109569072723388672e+00 5.068968534469604492e-01 6.989995574951171875e+01
-4.190639019012451172e+00 -3.997082710266113281e-01 7.091130828857421875e+01
-4.348805427551269531e+00 -3.997050523757934570e-01 7.095124053955078125e+01
-4.050117969512939453e+00 1.899675875902175903e-01 6.989994049072265625e+01
-4.225448131561279297e+00 -3.997034132480621338e-01 7.098657226562500000e+01
-7.409187793731689453e+00 1.414163589477539062e+00 6.990008544921875000e+01
-2.110610723495483398e+00 8.264240026473999023e-01 6.989990234375000000e+01
-4.320484161376953125e+00 -3.997015953063964844e-01 7.100842285156250000e+01
-4.634763717651367188e+00 5.273326486349105835e-02 6.989995574951171875e+01
-4.158345699310302734e+00 -3.997052907943725586e-01 7.096130371093750000e+01
-4.410464286804199219e+00 -3.997057378292083740e-01 7.093563079833984375e+01
-3.632085084915161133e+00 1.933950372040271759e-02 6.989993286132812500e+01
-4.248191356658935547e+00 -3.996989130973815918e-01 7.105644226074218750e+01
-5.566286563873291016e+00 1.176925525069236755e-01 6.989997100830078125e+01
7.795419216156005859e+00 3.533722162246704102e+00 6.989993286132812500e+01
-4.408091068267822266e+00 -3.997050821781158447e-01 7.104372406005859375e+01
-4.270207405090332031e+00 -1.762330383062362671e-01 6.989994812011718750e+01
-4.120589256286621094e+00 -3.996986448764801025e-01 7.107025909423828125e+01
-1.506418991088867188e+01 2.128405570983886719e+00 6.990001678466796875e+01
-2.957465887069702148e+00 -1.006619036197662354e-01 6.989992523193359375e+01
-4.330010890960693359e+00 -3.997007012367248535e-01 7.120186614990234375e+01
-4.904367446899414062e+00 -2.537650465965270996e-01 6.989995574951171875e+01
-3.897535800933837891e+00 -3.997038900852203369e-01 7.100341796875000000e+01
-4.678039073944091797e+00 -3.997173011302947998e-01 7.110673522949218750e+01
-3.904345035552978516e+00 -3.404698371887207031e-01 6.989994049072265625e+01
-4.027143955230712891e+00 -3.996805548667907715e-01 7.150901031494140625e+01
-6.385076999664306641e+00 -2.941989004611968994e-01 6.989998626708984375e+01
-1.031652331352233887e+00 -2.880729734897613525e-01 6.989996337890625000e+01
-5.121895790100097656e+00 -4.089361429214477539e-01 7.234487915039062500e+01
-4.489823341369628906e+00 -4.493788480758666992e-01 6.989995574951171875e+01
-3.296879291534423828e+00 -4.718313217163085938e-01 7.159481811523437500e+01
-4.275086879730224609e+00 -4.597106277942657471e-01 7.089994812011718750e+01
-3.423894166946411133e+00 -5.261197686195373535e-01 6.989993286132812500e+01
-4.249744415283203125e+00 -5.090017914772033691e-01 7.159485626220703125e+01
-5.260542869567871094e+00 -5.878738164901733398e-01 6.989996337890625000e+01
-4.275084495544433594e+00 -4.597107768058776855e-01 7.089994812011718750e+01
-4.275085926055908203e+00 -4.597106277942657471e-01 7.089994812011718750e+01
-4.135567188262939453e+00 -6.144801974296569824e-01 6.989994812011718750e+01
-4.275085926055908203e+00 -4.597106277942657471e-01 7.089994812011718750e+01
-4.275086402893066406e+00 -4.597106575965881348e-01 7.089994812011718750e+01
-9.603823423385620117e-01 -1.286654233932495117e+00 6.902197265625000000e+01
-4.275085926055908203e+00 -4.597106277942657471e-01 7.089994812011718750e+01
-4.731202125549316406e+00 -7.465588450431823730e-01 6.989995574951171875e+01
-4.275085449218750000e+00 -4.597106873989105225e-01 7.089994812011718750e+01
-4.275086402893066406e+00 -4.597107172012329102e-01 7.089994812011718750e+01
-3.743268013000488281e+00 -8.331521749496459961e-01 6.989994049072265625e+01
-4.275085926055908203e+00 -4.597106277942657471e-01 7.089994812011718750e+01
-4.275085926055908203e+00 -4.597106277942657471e-01 7.089994812011718750e+01
-4.275085449218750000e+00 -4.597107470035552979e-01 7.089994812011718750e+01
-4.275085926055908203e+00 -4.597106575965881348e-01 7.089994812011718750e+01
-4.416053771972656250e+00 -1.285160303115844727e+00 6.909123229980468750e+01
-4.275085926055908203e+00 -4.597106873989105225e-01 7.089994812011718750e+01
-4.275086402893066406e+00 -4.597107768058776855e-01 7.089994812011718750e+01
-4.275085926055908203e+00 -4.597106575965881348e-01 7.089994812011718750e+01
-4.275085926055908203e+00 -4.597106575965881348e-01 7.089994812011718750e+01
-4.275085926055908203e+00 -4.597106277942657471e-01 7.089994812011718750e+01
-4.275085449218750000e+00 -4.597108066082000732e-01 7.089994812011718750e+01
-4.275085926055908203e+00 -4.597107470035552979e-01 7.089994812011718750e+01
-4.275085926055908203e+00 -4.597106277942657471e-01 7.089994812011718750e+01
-4.275085926055908203e+00 -4.597107172012329102e-01 7.089994812011718750e+01
-4.275085926055908203e+00 -4.597107470035552979e-01 7.089994812011718750e+01
-4.275085926055908203e+00 -4.597107470035552979e-01 7.089994812011718750e+01
-4.275085926055908203e+00 -4.597107172012329102e-01 7.089994812011718750e+01
-4.275085926055908203e+00 -4.597106575965881348e-01 7.089994812011718750e+01
-4.275085926055908203e+00 -4.597107768058776855e-01 7.089994812011718750e+01
-4.275085926055908203e+00 -4.597108066082000732e-01 7.089994812011718750e+01
-4.275085926055908203e+00 -4.597106873989105225e-01 7.089994812011718750e+01
-4.275085926055908203e+00 -4.597107470035552979e-01 7.089994812011718750e+01
-4.275085926055908203e+00 -4.597107172012329102e-01 7.089994812011718750e+01
-4.275085926055908203e+00 -4.597107768058776855e-01 7.089994812011718750e+01
-4.275085926055908203e+00 -4.597107768058776855e-01 7.089994812011718750e+01
-4.275085926055908203e+00 -4.597107172012329102e-01 7.089994812011718750e+01
-4.275085926055908203e+00 -4.597107768058776855e-01 7.089994812011718750e+01
-4.275085926055908203e+00 -4.597107768058776855e-01 7.089994812011718750e+01
-4.275085926055908203e+00 -4.597107768058776855e-01 7.089994812011718750e+01
-4.275085926055908203e+00 -4.597107768058776855e-01 7.089994812011718750e+01
-4.275085926055908203e+00 -4.597107470035552979e-01 7.089994812011718750e+01
-4.275085926055908203e+00 -4.597108066082000732e-01 7.089994812011718750e+01
-4.275085926055908203e+00 -4.597108066082000732e-01 7.089994812011718750e+01
-4.275085926055908203e+00 -4.597107470035552979e-01 7.089994812011718750e+01
