2.634063529968261719e+01 1.458727455139160156e+01 7.089998626708984375e+01
2.476347160339355469e+01 5.017280101776123047e+00 7.234479522705078125e+01
2.642839622497558594e+01 -2.038382768630981445e+00 6.990000152587890625e+01
2.744832229614257812e+01 -4.733925759792327881e-01 7.234477233886718750e+01
2.068771553039550781e+01 7.937568664550781250e+00 6.990006256103515625e+01
2.791236305236816406e+01 -1.638147354125976562e+00 6.990018463134765625e+01
2.595222282409667969e+01 -2.706548213958740234e+00 7.234485626220703125e+01
2.539738273620605469e+01 -2.034374952316284180e+00 6.908380889892578125e+01
2.888696479797363281e+01 -1.292255401611328125e+00 7.182990264892578125e+01
2.284057998657226562e+01 -7.342960685491561890e-02 7.234475708007812500e+01
2.732650184631347656e+01 -2.382019758224487305e+00 6.879325103759765625e+01
2.679385566711425781e+01 -3.587832212448120117e+00 7.234492492675781250e+01
2.461519813537597656e+01 -3.147239446640014648e+00 6.990006256103515625e+01
2.885388946533203125e+01 -2.652704477310180664e+00 7.034745788574218750e+01
2.532478904724121094e+01 -3.644066572189331055e+00 7.234492492675781250e+01
2.607484817504882812e+01 -3.451589584350585938e+00 6.884892272949218750e+01
2.805509567260742188e+01 -3.400587320327758789e+00 7.234493255615234375e+01
2.449267196655273438e+01 -3.851779222488403320e+00 7.097640228271484375e+01
2.734544944763183594e+01 -4.292311191558837891e+00 6.990006256103515625e+01
2.627382278442382812e+01 -4.330178260803222656e+00 7.234488677978515625e+01
2.550621032714843750e+01 -4.495203971862792969e+00 6.990006256103515625e+01
2.886327171325683594e+01 -3.669330120086669922e+00 7.123940277099609375e+01
2.426388740539550781e+01 -3.771336555480957031e+00 7.234493255615234375e+01
2.681663513183593750e+01 -4.087117671966552734e+00 6.878411865234375000e+01
2.716858673095703125e+01 -4.460835456848144531e+00 7.234487152099609375e+01
2.320667648315429688e+01 -3.587955474853515625e+00 6.990016937255859375e+01
2.850482177734375000e+01 -4.175781726837158203e+00 6.990007781982421875e+01
2.573593521118164062e+01 -4.662429332733154297e+00 7.234488677978515625e+01
2.598094558715820312e+01 -4.949282646179199219e+00 6.989995574951171875e+01
2.866876792907714844e+01 -4.265066146850585938e+00 7.212358856201171875e+01
2.624631690979003906e+01 -5.419938564300537109e+00 7.092485046386718750e+01
2.698364639282226562e+01 -4.982686042785644531e+00 6.989995574951171875e+01
2.658894729614257812e+01 -4.907664299011230469e+00 7.234484863281250000e+01
2.625285911560058594e+01 -5.422492027282714844e+00 7.083200836181640625e+01
2.875893592834472656e+01 -4.661668300628662109e+00 7.069963836669921875e+01
2.624662017822265625e+01 -5.419329166412353516e+00 7.100160980224609375e+01
2.634551429748535156e+01 -5.178277015686035156e+00 6.990001678466796875e+01
2.765133094787597656e+01 -4.952624320983886719e+00 7.234483337402343750e+01
2.613871002197265625e+01 -5.413305759429931641e+00 7.088127136230468750e+01
2.765816879272460938e+01 -5.102719306945800781e+00 6.990002441406250000e+01
2.607778549194335938e+01 -5.174559593200683594e+00 7.234484100341796875e+01
2.619650840759277344e+01 -5.414576053619384766e+00 7.067095184326171875e+01
2.873814201354980469e+01 -5.080691337585449219e+00 7.155704498291015625e+01
2.498648452758789062e+01 -5.260132789611816406e+00 7.159491729736328125e+01
2.671133041381835938e+01 -5.342518329620361328e+00 6.990010070800781250e+01
2.692880821228027344e+01 -5.319339752197265625e+00 7.234481811523437500e+01
2.589779663085937500e+01 -5.427007198333740234e+00 7.069011688232421875e+01
2.871152114868164062e+01 -5.336280345916748047e+00 7.016901397705078125e+01
2.593338584899902344e+01 -5.437325954437255859e+00 7.159488677978515625e+01
2.589284324645996094e+01 -5.440199375152587891e+00 6.881469726562500000e+01
2.837459182739257812e+01 -5.486946582794189453e+00 7.234481048583984375e+01
2.501184272766113281e+01 -5.502340793609619141e+00 7.106558990478515625e+01
2.719173812866210938e+01 -5.528146743774414062e+00 6.990007781982421875e+01
2.636597633361816406e+01 -5.511034011840820312e+00 7.159487915039062500e+01
2.568434143066406250e+01 -5.547098159790039062e+00 7.023401641845703125e+01
2.867188453674316406e+01 -5.722726345062255859e+00 7.101918792724609375e+01
2.549956130981445312e+01 -5.606262207031250000e+00 7.159492492675781250e+01
2.662102127075195312e+01 -5.772779941558837891e+00 6.889031982421875000e+01
2.733548164367675781e+01 -5.767513275146484375e+00 7.234481048583984375e+01
2.562530517578125000e+01 -5.605285644531250000e+00 7.073538970947265625e+01
2.810560035705566406e+01 -5.902063369750976562e+00 6.990002441406250000e+01
2.611520195007324219e+01 -5.636243343353271484e+00 7.159488677978515625e+01
2.548099517822265625e+01 -6.002365589141845703e+00 6.901530456542968750e+01
2.858535385131835938e+01 -6.152958869934082031e+00 7.185231018066406250e+01
2.531111907958984375e+01 -5.796354293823242188e+00 7.126461791992187500e+01
2.644097900390625000e+01 -5.532205581665039062e+00 7.071130371093750000e+01
2.652018165588378906e+01 -5.715488910675048828e+00 7.159486389160156250e+01
2.549745178222656250e+01 -5.841807365417480469e+00 7.035199737548828125e+01
2.634063529968261719e+01 -5.461744308471679688e+00 7.089998626708984375e+01
2.579696846008300781e+01 -5.839920997619628906e+00 7.159495544433593750e+01
2.634063529968261719e+01 -5.461744308471679688e+00 7.089998626708984375e+01
2.642678642272949219e+01 -5.518593788146972656e+00 7.098046875000000000e+01
2.548794746398925781e+01 -5.896900177001953125e+00 7.089167022705078125e+01
2.643081283569335938e+01 -5.527131557464599609e+00 7.081897735595703125e+01
2.627312850952148438e+01 -5.857591629028320312e+00 7.159163665771484375e+01
2.554383087158203125e+01 -6.259045124053955078e+00 6.983942413330078125e+01
2.642741394042968750e+01 -5.517701148986816406e+00 7.091621398925781250e+01
2.549156570434570312e+01 -6.129990577697753906e+00 7.142852783203125000e+01
2.662873268127441406e+01 -6.215884208679199219e+00 6.986853027343750000e+01
2.667272567749023438e+01 -6.006739616394042969e+00 7.155494689941406250e+01
2.549872779846191406e+01 -6.165462970733642578e+00 7.058318328857421875e+01
2.657025146484375000e+01 -5.665860176086425781e+00 7.080781555175781250e+01
2.600819206237792969e+01 -6.130579471588134766e+00 7.159271240234375000e+01
2.598605155944824219e+01 -6.585895538330078125e+00 6.972965240478515625e+01
2.662486648559570312e+01 -5.782863140106201172e+00 7.106842803955078125e+01
2.555266761779785156e+01 -6.290263652801513672e+00 7.106517791748046875e+01
2.666876220703125000e+01 -6.076046943664550781e+00 7.044281005859375000e+01
2.642379760742187500e+01 -6.273991107940673828e+00 7.159487915039062500e+01
2.571716880798339844e+01 -6.479119777679443359e+00 7.036403656005859375e+01
2.666207313537597656e+01 -5.887552738189697266e+00 7.088983154296875000e+01
2.580231857299804688e+01 -6.532110691070556641e+00 7.142533111572265625e+01
2.637892341613769531e+01 -6.514561176300048828e+00 7.021656036376953125e+01
2.662915420532226562e+01 -6.224855422973632812e+00 7.125267028808593750e+01
2.577383995056152344e+01 -6.516339778900146484e+00 7.081808471679687500e+01
2.663808822631835938e+01 -6.200572490692138672e+00 7.069730377197265625e+01
2.623136138916015625e+01 -6.575573444366455078e+00 7.136450195312500000e+01
2.613832855224609375e+01 -6.596056461334228516e+00 7.053881072998046875e+01
2.657987213134765625e+01 -6.320844173431396484e+00 7.097888946533203125e+01
2.612947273254394531e+01 -6.596299648284912109e+00 7.099505615234375000e+01
2.634063529968261719e+01 -6.536956310272216797e+00 7.089998626708984375e+01
