1.745887374877929688e+01 6.399458646774291992e-01 7.090002441406250000e+01
1.739867210388183594e+01 8.602991104125976562e-01 7.095517730712890625e+01
1.754664802551269531e+01 3.884175539016723633e+00 6.989988708496093750e+01
1.754769515991210938e+01 8.602982163429260254e-01 7.101587677001953125e+01
1.180509662628173828e+01 1.386164951324462891e+01 6.989994812011718750e+01
1.903085327148437500e+01 4.284511566162109375e+00 6.990006256103515625e+01
1.740248489379882812e+01 8.602972030639648438e-01 7.110978698730468750e+01
1.694373893737792969e+01 2.332080841064453125e+00 6.990816497802734375e+01
1.807486534118652344e+01 1.468958377838134766e+00 7.112498474121093750e+01
1.719905090332031250e+01 8.602986335754394531e-01 7.100727844238281250e+01
1.792684364318847656e+01 1.922181129455566406e+00 6.990000152587890625e+01
1.755561447143554688e+01 8.602958321571350098e-01 7.120845031738281250e+01
1.471670150756835938e+01 4.138657569885253906e+00 6.931088256835937500e+01
2.200782203674316406e+01 5.544620037078857422e+00 6.989994812011718750e+01
1.723532867431640625e+01 8.602991104125976562e-01 7.121799468994140625e+01
1.731533241271972656e+01 1.545909762382507324e+00 6.979232025146484375e+01
1.807485771179199219e+01 1.200851321220397949e+00 7.141917419433593750e+01
1.699974441528320312e+01 8.603010177612304688e-01 7.091901397705078125e+01
1.846317100524902344e+01 1.629135727882385254e+00 6.990061187744140625e+01
1.743525695800781250e+01 8.602956533432006836e-01 7.141077423095703125e+01
1.662436866760253906e+01 1.426936268806457520e+00 6.990000915527343750e+01
1.807486915588378906e+01 8.979870676994323730e-01 7.098290252685546875e+01
1.696745109558105469e+01 8.603062033653259277e-01 7.124194335937500000e+01
1.770119667053222656e+01 1.160098314285278320e+00 6.982287597656250000e+01
1.785698127746582031e+01 9.415742754936218262e-01 7.159477233886718750e+01
1.432415390014648438e+01 2.334546566009521484e+00 6.989996337890625000e+01
1.961770820617675781e+01 1.743085980415344238e+00 6.990258789062500000e+01
1.716809844970703125e+01 8.446606993675231934e-01 7.159481811523437500e+01
1.709917831420898438e+01 9.727715253829956055e-01 6.989997863769531250e+01
1.807487678527832031e+01 7.769334316253662109e-01 7.122377777099609375e+01
1.655641174316406250e+01 8.603081703186035156e-01 7.113790893554687500e+01
1.810188293457031250e+01 9.393599629402160645e-01 6.989999389648437500e+01
1.757828712463378906e+01 7.267581224441528320e-01 7.159485626220703125e+01
1.745887374877929688e+01 4.603029787540435791e-01 7.090002441406250000e+01
2.882388114929199219e+01 4.220327377319335938e+00 6.995845794677734375e+01
1.681613159179687500e+01 7.502777576446533203e-01 7.159481048583984375e+01
1.746716880798339844e+01 9.422959089279174805e-01 6.919972991943359375e+01
1.807484436035156250e+01 6.995674967765808105e-01 7.157904052734375000e+01
6.692716598510742188e+00 3.042914390563964844e+00 6.990222167968750000e+01
1.877648353576660156e+01 8.193487524986267090e-01 6.990000915527343750e+01
1.733246612548828125e+01 5.984144210815429688e-01 7.159487915039062500e+01
1.638897132873535156e+01 8.104509115219116211e-01 6.919984436035156250e+01
1.807488822937011719e+01 5.582103729248046875e-01 7.106884765625000000e+01
1.610498619079589844e+01 6.618752479553222656e-01 7.159481811523437500e+01
1.800095367431640625e+01 6.346513628959655762e-01 6.943785858154296875e+01
1.774174690246582031e+01 5.287903547286987305e-01 7.159489440917968750e+01
1.387149143218994141e+01 7.417040467262268066e-01 6.919989776611328125e+01
2.122606468200683594e+01 6.596570611000061035e-01 6.973855590820312500e+01
1.705165481567382812e+01 4.847196936607360840e-01 7.159487152099609375e+01
1.709377670288085938e+01 4.778690636157989502e-01 6.919982910156250000e+01
1.807476425170898438e+01 4.526716172695159912e-01 7.133752441406250000e+01
1.188327312469482422e+01 2.899600863456726074e-01 7.159490203857421875e+01
1.830982971191406250e+01 3.939122259616851807e-01 6.990028381347656250e+01
1.745887374877929688e+01 4.603029787540435791e-01 7.090002441406250000e+01
1.647334861755371094e+01 3.321308493614196777e-01 6.989997100830078125e+01
2.052369689941406250e+01 1.171977296471595764e-01 7.105673217773437500e+01
1.661789321899414062e+01 3.158013820648193359e-01 7.159488677978515625e+01
1.759822082519531250e+01 3.057234883308410645e-01 6.990125274658203125e+01
1.793728256225585938e+01 3.132627606391906738e-01 7.159481811523437500e+01
1.313850498199462891e+01 -4.066413342952728271e-01 6.990591430664062500e+01
1.922393989562988281e+01 1.995912939310073853e-02 6.990000915527343750e+01
1.723443794250488281e+01 2.865755259990692139e-01 7.159185028076171875e+01
1.700273323059082031e+01 1.734391003847122192e-01 6.989997863769531250e+01
1.909662437438964844e+01 -4.400888830423355103e-02 7.159484100341796875e+01
1.549716377258300781e+01 -1.772856116294860840e-01 7.159481811523437500e+01
1.799070549011230469e+01 8.685156702995300293e-02 6.989999389648437500e+01
1.763842010498046875e+01 2.065598368644714355e-01 7.159489440917968750e+01
1.592010784149169922e+01 -2.332924902439117432e-01 6.989996337890625000e+01
2.345231056213378906e+01 -1.988051176071166992e+00 6.990007019042968750e+01
1.691528320312500000e+01 8.218059688806533813e-02 7.159489440917968750e+01
1.738093185424804688e+01 3.909461665898561478e-03 6.989997863769531250e+01
1.820269966125488281e+01 -3.053347952663898468e-02 7.159490203857421875e+01
1.734133529663085938e+01 4.003188014030456543e-01 7.089888000488281250e+01
1.857210731506347656e+01 -3.468898534774780273e-01 6.990000915527343750e+01
1.739104843139648438e+01 6.258392333984375000e-02 7.159494781494140625e+01
1.670754051208496094e+01 -2.914971709251403809e-01 6.989998626708984375e+01
1.879260635375976562e+01 -3.997099399566650391e-01 7.114938354492187500e+01
1.636615180969238281e+01 -3.997052013874053955e-01 7.158023834228515625e+01
1.773819160461425781e+01 -2.708568572998046875e-01 6.989999389648437500e+01
1.781124877929687500e+01 -1.179835349321365356e-01 7.159499359130859375e+01
1.480130386352539062e+01 -1.761059880256652832e+00 6.989999389648437500e+01
1.994986724853515625e+01 -1.754041671752929688e+00 6.990010833740234375e+01
1.712538909912109375e+01 -2.106291055679321289e-01 7.159491729736328125e+01
1.715589141845703125e+01 -5.002575516700744629e-01 6.990000152587890625e+01
1.822009277343750000e+01 -3.997095823287963867e-01 7.135114288330078125e+01
1.664097213745117188e+01 -3.996911048889160156e-01 7.107148742675781250e+01
1.817657852172851562e+01 -8.833506703376770020e-01 6.990003967285156250e+01
1.754203987121582031e+01 -3.519779443740844727e-01 7.159494781494140625e+01
1.629549789428710938e+01 -1.438097476959228516e+00 6.989995574951171875e+01
1.750414085388183594e+01 4.003382921218872070e-01 7.089859771728515625e+01
1.702635955810546875e+01 -3.996927142143249512e-01 7.132211303710937500e+01
1.751489639282226562e+01 -1.080205678939819336e+00 6.990002441406250000e+01
1.778403282165527344e+01 -3.997160494327545166e-01 7.129749298095703125e+01
1.742681884765625000e+01 4.006603956222534180e-01 7.089539337158203125e+01
1.892637252807617188e+01 -3.184744834899902344e+00 6.990008544921875000e+01
1.737450027465820312e+01 -3.997125625610351562e-01 7.125868988037109375e+01
1.689919090270996094e+01 -2.677771091461181641e+00 6.990083312988281250e+01
1.747544288635253906e+01 4.008046090602874756e-01 7.090548706054687500e+01
1.744778442382812500e+01 4.007200300693511963e-01 7.090501403808593750e+01
1.745887374877929688e+01 4.003021419048309326e-01 7.090002441406250000e+01
