1.808214378356933594e+01 1.464741516113281250e+01 7.090010070800781250e+01
1.722334671020507812e+01 1.462949085235595703e+01 7.168682861328125000e+01
1.816990470886230469e+01 1.234685420989990234e+01 6.990010070800781250e+01
1.918977546691894531e+01 1.391155433654785156e+01 7.234481048583984375e+01
1.566520881652832031e+01 1.465240001678466797e+01 7.047257995605468750e+01
1.965422821044921875e+01 1.274791717529296875e+01 6.990007019042968750e+01
1.769373130798339844e+01 1.167866134643554688e+01 7.234497833251953125e+01
1.756273460388183594e+01 1.081076145172119141e+01 6.990000915527343750e+01
2.150099563598632812e+01 1.452165508270263672e+01 7.214865875244140625e+01
1.458200454711914062e+01 1.431189918518066406e+01 7.234490966796875000e+01
1.854989814758300781e+01 1.038466358184814453e+01 6.990053558349609375e+01
1.853535079956054688e+01 1.079731273651123047e+01 7.234500122070312500e+01
1.635910034179687500e+01 1.123474788665771484e+01 6.990156555175781250e+01
2.261154556274414062e+01 1.398592376708984375e+01 6.990432739257812500e+01
1.706630897521972656e+01 1.074111366271972656e+01 7.234502410888671875e+01
1.784582519531250000e+01 1.071073627471923828e+01 6.907644653320312500e+01
1.979648971557617188e+01 1.098447322845458984e+01 7.234495544433593750e+01
1.153699111938476562e+01 1.462565803527832031e+01 7.117076110839843750e+01
1.908710670471191406e+01 1.009306049346923828e+01 6.990003204345703125e+01
1.801533126831054688e+01 1.005501556396484375e+01 7.234499359130859375e+01
1.724756813049316406e+01 9.890169143676757812e+00 6.990000152587890625e+01
2.603415298461914062e+01 1.457361412048339844e+01 7.197003173828125000e+01
1.600541114807128906e+01 1.061384963989257812e+01 7.234503936767578125e+01
1.830692100524902344e+01 9.572584152221679688e+00 6.990093994140625000e+01
1.891008949279785156e+01 9.924356460571289062e+00 7.234497833251953125e+01
1.494769668579101562e+01 1.079753494262695312e+01 6.990012359619140625e+01
2.024675941467285156e+01 1.020967197418212891e+01 6.989999389648437500e+01
1.747744369506835938e+01 9.722769737243652344e+00 7.234500122070312500e+01
1.772243499755859375e+01 9.435941696166992188e+00 6.990001678466796875e+01
2.083121490478515625e+01 1.033649826049804688e+01 7.234493255615234375e+01
1.260123348236083984e+01 1.135279846191406250e+01 7.234484863281250000e+01
1.872519493103027344e+01 9.402542114257812500e+00 6.990000915527343750e+01
1.833045959472656250e+01 9.477540969848632812e+00 7.234497833251953125e+01
1.680020904541015625e+01 9.496713638305664062e+00 6.990729522705078125e+01
2.861679077148437500e+01 1.240876007080078125e+01 7.002732849121093750e+01
1.674546623229980469e+01 9.526499748229980469e+00 7.234500885009765625e+01
1.808702278137207031e+01 9.206935882568359375e+00 6.990008544921875000e+01
1.939284706115722656e+01 9.432577133178710938e+00 7.234496307373046875e+01
1.795930862426757812e+01 8.952919960021972656e+00 7.088871765136718750e+01
1.939985084533691406e+01 9.282526969909667969e+00 6.990000915527343750e+01
1.781928825378417969e+01 9.210645675659179688e+00 7.234498596191406250e+01
1.798248672485351562e+01 8.956068992614746094e+00 7.074173736572265625e+01
2.335393142700195312e+01 9.761336326599121094e+00 7.234487915039062500e+01
1.789068603515625000e+01 8.951959609985351562e+00 7.099835205078125000e+01
1.845289993286132812e+01 9.042699813842773438e+00 6.990004730224609375e+01
1.867033004760742188e+01 9.065862655639648438e+00 7.234497070312500000e+01
1.778586387634277344e+01 8.946695327758789062e+00 7.075968933105468750e+01
2.132551956176757812e+01 9.095088958740234375e+00 6.990013122558593750e+01
1.777122116088867188e+01 8.942096710205078125e+00 7.143063354492187500e+01
1.775498580932617188e+01 8.939194679260253906e+00 6.937658691406250000e+01
2.011611366271972656e+01 8.898251533508300781e+00 7.234494018554687500e+01
1.763922119140625000e+01 8.909922599792480469e+00 7.095529937744140625e+01
1.893303298950195312e+01 8.857069015502929688e+00 6.990044403076171875e+01
1.810748291015625000e+01 8.874168395996093750e+00 7.159494018554687500e+01
1.753658485412597656e+01 8.852501869201660156e+00 7.034649658203125000e+01
2.887087631225585938e+01 7.715661525726318359e+00 7.145173645019531250e+01
1.749205970764160156e+01 8.822062492370605469e+00 7.138765716552734375e+01
1.808214378356933594e+01 8.923454284667968750e+00 7.090010070800781250e+01
1.907700920104980469e+01 8.617679595947265625e+00 7.234495544433593750e+01
1.746963500976562500e+01 8.800545692443847656e+00 7.075916290283203125e+01
1.984731674194335938e+01 8.483083724975585938e+00 6.990002441406250000e+01
1.785678672790527344e+01 8.749014854431152344e+00 7.159476470947265625e+01
1.728393173217773438e+01 8.421464920043945312e+00 6.915009307861328125e+01
2.148792648315429688e+01 7.874713420867919922e+00 7.234500885009765625e+01
1.737955284118652344e+01 8.695100784301757812e+00 7.114894104003906250e+01
1.831456184387207031e+01 8.760250091552734375e+00 7.046307373046875000e+01
1.826165771484375000e+01 8.669754981994628906e+00 7.159485626220703125e+01
1.731737136840820312e+01 8.578734397888183594e+00 7.040306854248046875e+01
1.818062210083007812e+01 8.883225440979003906e+00 7.088366699218750000e+01
1.753866004943847656e+01 8.545406341552734375e+00 7.159483337402343750e+01
1.808214378356933594e+01 8.923454284667968750e+00 7.090010070800781250e+01
1.827971267700195312e+01 8.793082237243652344e+00 7.108467102050781250e+01
1.808214378356933594e+01 8.923454284667968750e+00 7.090010070800781250e+01
1.833438682556152344e+01 8.740555763244628906e+00 7.067351531982421875e+01
1.801473045349121094e+01 8.528150558471679688e+00 7.159080505371093750e+01
1.731919097900390625e+01 8.160027503967285156e+00 6.988459777832031250e+01
1.825758361816406250e+01 8.810327529907226562e+00 7.093289947509765625e+01
1.728091049194335938e+01 8.292857170104980469e+00 7.139886474609375000e+01
1.840228080749511719e+01 8.085444450378417969e+00 6.975392913818359375e+01
1.843229293823242188e+01 8.348821640014648438e+00 7.159068298339843750e+01
1.728427124023437500e+01 8.256542205810546875e+00 7.059986114501953125e+01
1.838984870910644531e+01 8.649922370910644531e+00 7.077658081054687500e+01
1.774870681762695312e+01 8.252617835998535156e+00 7.159489440917968750e+01
1.772343826293945312e+01 7.786234855651855469e+00 6.971616363525390625e+01
1.845505714416503906e+01 8.502143859863281250e+00 7.112110137939453125e+01
1.732440376281738281e+01 8.126717567443847656e+00 7.105895233154296875e+01
1.845669746398925781e+01 8.222232818603515625e+00 7.037823486328125000e+01
1.816479682922363281e+01 8.116181373596191406e+00 7.159073638916015625e+01
1.746821403503417969e+01 7.921642303466796875e+00 7.037235260009765625e+01
1.847037696838378906e+01 8.409160614013671875e+00 7.088784027099609375e+01
1.754740905761718750e+01 7.860209465026855469e+00 7.142195129394531250e+01
1.812240982055664062e+01 7.816255569458007812e+00 7.018137359619140625e+01
1.840188789367675781e+01 8.077754974365234375e+00 7.129094696044921875e+01
1.752052688598632812e+01 7.878495216369628906e+00 7.081894683837890625e+01
1.841317558288574219e+01 8.101220130920410156e+00 7.067453765869140625e+01
1.791869735717773438e+01 7.257433414459228516e+00 7.159490966796875000e+01
1.787527465820312500e+01 7.763566493988037109e+00 7.053077697753906250e+01
1.834288787841796875e+01 7.987123966217041016e+00 7.098609924316406250e+01
1.767483329772949219e+01 6.735008716583251953e+00 7.108348846435546875e+01
1.808214378356933594e+01 7.798040866851806641e+00 7.090010070800781250e+01
