2.853502988815307617e+00 -4.597090184688568115e-01 7.089998626708984375e+01
2.793298244476318359e+00 -4.597092270851135254e-01 7.095513916015625000e+01
2.941263675689697266e+00 2.563648223876953125e+00 6.989999389648437500e+01
2.942329406738281250e+00 -4.597032070159912109e-01 7.101584625244140625e+01
-2.799782991409301758e+00 1.254045772552490234e+01 6.990000152587890625e+01
4.425552368164062500e+00 2.964654684066772461e+00 6.989997863769531250e+01
2.797110795974731445e+00 -4.597047865390777588e-01 7.110976409912109375e+01
2.334175109863281250e+00 1.027287960052490234e+00 6.990005493164062500e+01
3.097125053405761719e+00 -4.608037471771240234e-01 7.098896026611328125e+01
2.593671321868896484e+00 -4.597135782241821289e-01 7.100724029541015625e+01
3.321427345275878906e+00 6.020151972770690918e-01 6.990006256103515625e+01
2.950251579284667969e+00 -4.597001671791076660e-01 7.120843505859375000e+01
-6.599501967430114746e-01 3.853229522705078125e+00 6.886386871337890625e+01
7.402251243591308594e+00 4.224369525909423828e+00 6.989995574951171875e+01
2.629945993423461914e+00 -4.597066342830657959e-01 7.121797180175781250e+01
2.723929166793823242e+00 1.202441081404685974e-01 6.990007781982421875e+01
3.182874441146850586e+00 -4.637462794780731201e-01 7.117758178710937500e+01
2.394360065460205078e+00 -4.597128033638000488e-01 7.091897583007812500e+01
3.855691671371459961e+00 3.066556155681610107e-01 6.990267181396484375e+01
2.829883575439453125e+00 -4.597010314464569092e-01 7.141077423095703125e+01
2.023429393768310547e+00 1.017767265439033508e-01 6.990528106689453125e+01
3.416497707366943359e+00 -4.596970081329345703e-01 7.097573852539062500e+01
2.362059116363525391e+00 -4.597029089927673340e-01 7.124192047119140625e+01
3.078451871871948242e+00 -2.100999951362609863e-01 6.990006256103515625e+01
3.181794166564941406e+00 -4.628525376319885254e-01 7.147290039062500000e+01
-2.534805834293365479e-01 9.979373812675476074e-01 6.990877532958984375e+01
5.017817020416259766e+00 4.263158738613128662e-01 6.990001678466796875e+01
2.562619447708129883e+00 -4.752219319343566895e-01 7.159503936767578125e+01
2.493857383728027344e+00 -3.473248779773712158e-01 6.990007781982421875e+01
3.631742238998413086e+00 -4.597019851207733154e-01 7.130900573730468750e+01
1.951034784317016602e+00 -4.597151875495910645e-01 7.113787078857421875e+01
3.496450424194335938e+00 -3.807125091552734375e-01 6.990005493164062500e+01
2.972929477691650391e+00 -5.932372808456420898e-01 7.159489440917968750e+01
1.562369704246520996e+00 -2.823498547077178955e-01 6.990006256103515625e+01
1.492330455780029297e+01 3.133476972579956055e+00 6.990002441406250000e+01
2.210797071456909180e+00 -5.697644352912902832e-01 7.159473419189453125e+01
2.858380794525146484e+00 -5.762701034545898438e-01 6.990007019042968750e+01
3.483787775039672852e+00 -6.148983240127563477e-01 7.159477996826171875e+01
-7.934925079345703125e+00 1.728230953216552734e+00 6.990011596679687500e+01
4.171019554138183594e+00 -5.007024407386779785e-01 6.990003967285156250e+01
2.727071285247802734e+00 -7.215856909751892090e-01 7.159497070312500000e+01
2.224276065826416016e+00 -6.537953019142150879e-01 6.990007781982421875e+01
5.370376586914062500e+00 -4.596983492374420166e-01 7.158975982666015625e+01
1.499473690986633301e+00 -6.581295132637023926e-01 7.159484863281250000e+01
3.224212408065795898e+00 -7.404922842979431152e-01 6.990006256103515625e+01
3.136363983154296875e+00 -7.912384271621704102e-01 7.159482574462890625e+01
7.435340285301208496e-01 -6.942129135131835938e-01 6.990003204345703125e+01
6.079842567443847656e+00 -6.889898777008056641e-01 6.990527343750000000e+01
2.446178436279296875e+00 -8.352998495101928711e-01 7.159501647949218750e+01
2.638783693313598633e+00 -8.493920564651489258e-01 6.990007781982421875e+01
4.887537479400634766e+00 -8.849261403083801270e-01 7.234487152099609375e+01
-8.740601539611816406e+00 -1.213940143585205078e+00 7.234494018554687500e+01
3.704628705978393555e+00 -9.261269569396972656e-01 6.990004730224609375e+01
2.906193494796752930e+00 -9.622092247009277344e-01 7.234484863281250000e+01
1.868114590644836426e+00 -9.878771901130676270e-01 6.990007019042968750e+01
2.859823799133300781e+01 -3.741831779479980469e+00 7.221633148193359375e+01
1.104826092720031738e+00 -1.160189747810363770e+00 7.234483337402343750e+01
2.993007659912109375e+00 -1.014477133750915527e+00 6.990008544921875000e+01
3.848383426666259766e+00 -1.165502429008483887e+00 7.234486389160156250e+01
-1.485914111137390137e+00 -1.730489611625671387e+00 6.990149688720703125e+01
4.618471622467041016e+00 -1.300042748451232910e+00 6.990002441406250000e+01
2.384775638580322266e+00 -1.222546339035034180e+00 7.234484863281250000e+01
2.397427082061767578e+00 -1.146545767784118652e+00 6.990007781982421875e+01
6.259294033050537109e+00 -1.908466219902038574e+00 7.234489440917968750e+01
-1.225872755050659180e+00 -2.185588359832763672e+00 7.234481811523437500e+01
3.385279655456542969e+00 -1.233135581016540527e+00 6.990005493164062500e+01
3.226837635040283203e+00 -1.387338876724243164e+00 7.234485626220703125e+01
1.314927577972412109e+00 -1.553232550621032715e+00 6.990005493164062500e+01
8.840984344482421875e+00 -3.305644512176513672e+00 6.990103149414062500e+01
1.723205208778381348e+00 -1.645960927009582520e+00 7.234484100341796875e+01
2.775571584701538086e+00 -1.316058158874511719e+00 6.990007019042968750e+01
4.400181770324707031e+00 -1.880346179008483887e+00 7.234487915039062500e+01
-2.411226844787597656e+01 -1.462129020690917969e+01 7.063688659667968750e+01
3.966660976409912109e+00 -1.666861176490783691e+00 6.990003967285156250e+01
2.712480545043945312e+00 -1.686650514602661133e+00 7.234485626220703125e+01
2.102266073226928711e+00 -1.611427068710327148e+00 6.990007781982421875e+01
1.058225917816162109e+01 -5.843351840972900391e+00 7.234499359130859375e+01
5.324618816375732422e-01 -2.686459064483642578e+00 7.234482574462890625e+01
3.132792234420776367e+00 -1.590807080268859863e+00 6.990006256103515625e+01
3.586110591888427734e+00 -2.062011241912841797e+00 7.234487152099609375e+01
2.025414109230041504e-01 -3.075562000274658203e+00 6.990244293212890625e+01
5.344544887542724609e+00 -3.074109792709350586e+00 6.990005493164062500e+01
2.160100460052490234e+00 -2.254767417907714844e+00 7.234485626220703125e+01
2.550553321838378906e+00 -1.820178866386413574e+00 6.990007781982421875e+01
5.291663646697998047e+00 -3.614315271377563477e+00 7.234490966796875000e+01
-4.038664817810058594e+00 -8.106591224670410156e+00 7.234486389160156250e+01
3.571176052093505859e+00 -2.203316688537597656e+00 6.990004730224609375e+01
3.026422262191772461e+00 -2.548615455627441406e+00 7.234487152099609375e+01
1.693267583847045898e+00 -2.752998113632202148e+00 6.990261840820312500e+01
1.318766307830810547e+01 -1.454941844940185547e+01 7.057360076904296875e+01
1.372958779335021973e+00 -3.803578138351440430e+00 7.234484863281250000e+01
2.909521579742431641e+00 -2.400104761123657227e+00 6.990006256103515625e+01
4.035550117492675781e+00 -3.986149072647094727e+00 7.234490203857421875e+01
-4.124385833740234375e+00 -1.384296989440917969e+01 6.989171600341796875e+01
4.320995330810546875e+00 -4.504752635955810547e+00 6.990004730224609375e+01
2.513607263565063477e+00 -4.324296951293945312e+00 7.234487152099609375e+01
2.293416738510131836e+00 -4.000060081481933594e+00 6.990007019042968750e+01
6.648365497589111328e+00 -1.448704528808593750e+01 7.215157318115234375e+01
3.102418780326843262e-01 -1.452445125579833984e+01 7.204505920410156250e+01
2.853502988815307617e+00 -1.455191802978515625e+01 7.089998626708984375e+01
