1.767484092712402344e+01 -8.596996068954467773e-01 7.089994049072265625e+01
1.750089454650878906e+01 -8.597110509872436523e-01 7.105928802490234375e+01
1.776218032836914062e+01 1.391506314277648926e+00 6.990474700927734375e+01
1.802029418945312500e+01 -4.597359597682952881e-01 7.135052490234375000e+01
1.207786273956298828e+01 1.125126171112060547e+01 6.990991210937500000e+01
1.924674797058105469e+01 1.808581709861755371e+00 6.990002441406250000e+01
1.751191520690917969e+01 -8.597349524497985840e-01 7.150601959228515625e+01
1.715550041198730469e+01 -1.283956617116928101e-01 6.989998626708984375e+01
1.807485389709472656e+01 -1.360449552536010742e+00 7.104602813720703125e+01
1.692412948608398438e+01 -8.597354888916015625e-01 7.120982360839843750e+01
1.814276123046875000e+01 -5.537218451499938965e-01 6.990001678466796875e+01
1.789280509948730469e+01 -1.114244341850280762e+00 7.159484100341796875e+01
1.594931602478027344e+01 2.991720736026763916e-01 6.989996337890625000e+01
2.222337341308593750e+01 3.068401575088500977e+00 6.989995574951171875e+01
1.665894317626953125e+01 -1.976792812347412109e-01 7.234494781494140625e+01
1.754526710510253906e+01 -1.035476684570312500e+00 6.990002441406250000e+01
1.807484817504882812e+01 -1.534554600715637207e+00 7.123706817626953125e+01
1.634826850891113281e+01 -8.597271442413330078e-01 7.095479583740234375e+01
1.867962455749511719e+01 -8.460510969161987305e-01 6.990004730224609375e+01
1.760802078247070312e+01 -8.837794661521911621e-01 7.234497833251953125e+01
1.684039497375488281e+01 -1.048885703086853027e+00 6.989999389648437500e+01
1.807484054565429688e+01 -1.731237649917602539e+00 7.095375823974609375e+01
1.559796142578125000e+01 -3.249355852603912354e-01 7.234497833251953125e+01
1.789978599548339844e+01 -1.365838170051574707e+00 6.990003967285156250e+01
1.807309532165527344e+01 -1.534001827239990234e+00 7.159494781494140625e+01
1.454039192199707031e+01 -1.413684189319610596e-01 6.989996337890625000e+01
1.983257293701171875e+01 -7.333229780197143555e-01 6.990301513671875000e+01
1.707008171081542969e+01 -1.216056823730468750e+00 7.234497833251953125e+01
1.731518936157226562e+01 -1.503042697906494141e+00 6.990001678466796875e+01
1.807485389709472656e+01 -1.809840440750122070e+00 7.111017608642578125e+01
1.506735610961914062e+01 -8.597155809402465820e-01 7.158726501464843750e+01
1.831776046752929688e+01 -1.536460518836975098e+00 6.990005493164062500e+01
1.779427528381347656e+01 -1.748946309089660645e+00 7.159489440917968750e+01
1.638363838195800781e+01 -1.438046216964721680e+00 6.989996337890625000e+01
2.891428375244140625e+01 1.703031539916992188e+00 6.996877288818359375e+01
1.633803749084472656e+01 -1.412347793579101562e+00 7.234498596191406250e+01
1.767971801757812500e+01 -1.731999397277832031e+00 6.990003204345703125e+01
1.807487106323242188e+01 -1.860065102577209473e+00 7.134091186523437500e+01
6.923463344573974609e+00 5.636155605316162109e-01 6.990350341796875000e+01
1.899224662780761719e+01 -1.656460046768188477e+00 6.990007781982421875e+01
1.741195678710937500e+01 -1.728227615356445312e+00 7.234498596191406250e+01
1.704662322998046875e+01 -1.809853315353393555e+00 6.990164184570312500e+01
1.807485771179199219e+01 -1.951872944831848145e+00 7.100956726074218750e+01
1.485898208618164062e+01 -1.596213936805725098e+00 7.234499359130859375e+01
1.804558944702148438e+01 -1.896207094192504883e+00 6.989990997314453125e+01
1.795777511596679688e+01 -1.946948528289794922e+00 7.159495544433593750e+01
1.556482505798339844e+01 -1.849936842918395996e+00 6.989996337890625000e+01
2.091769218444824219e+01 -1.843843579292297363e+00 6.990013122558593750e+01
1.682796096801757812e+01 -1.964671850204467773e+00 7.234499359130859375e+01
1.746011924743652344e+01 -2.005119562149047852e+00 6.990002441406250000e+01
1.807487106323242188e+01 -2.020407199859619141e+00 7.118410491943359375e+01
6.080659866333007812e+00 -2.369669914245605469e+00 7.234490203857421875e+01
1.852603912353515625e+01 -2.081860065460205078e+00 6.989991760253906250e+01
1.770018768310546875e+01 -2.064752101898193359e+00 7.159500122070312500e+01
1.668940162658691406e+01 -2.143611431121826172e+00 6.989997100830078125e+01
1.807485961914062500e+01 -2.060232400894165039e+00 7.092039489746093750e+01
1.592590618133544922e+01 -2.315961599349975586e+00 7.234500122070312500e+01
1.781434631347656250e+01 -2.170204877853393555e+00 6.990003967285156250e+01
1.807488822937011719e+01 -2.138406515121459961e+00 7.148093414306640625e+01
1.332912540435791016e+01 -2.887481212615966797e+00 6.990000152587890625e+01
1.943960380554199219e+01 -2.455718994140625000e+00 6.990009307861328125e+01
1.720605087280273438e+01 -2.378322362899780273e+00 7.234499359130859375e+01
1.721875190734863281e+01 -2.302282094955444336e+00 6.990000152587890625e+01
1.807487297058105469e+01 -2.138632059097290039e+00 7.106965637207031250e+01
1.359483242034912109e+01 -3.341521739959716797e+00 7.234499359130859375e+01
1.820665550231933594e+01 -2.388890027999877930e+00 6.989994049072265625e+01
1.785441398620605469e+01 -2.269232988357543945e+00 7.159491729736328125e+01
1.614866447448730469e+01 -2.703371047973632812e+00 6.990806579589843750e+01
2.366761970520019531e+01 -4.463535785675048828e+00 6.990010070800781250e+01
1.654438591003417969e+01 -2.801798105239868164e+00 7.234500122070312500e+01
1.759691047668457031e+01 -2.471784830093383789e+00 6.990002441406250000e+01
1.807488822937011719e+01 -2.279433488845825195e+00 7.127365875244140625e+01
-6.993264675140380859e+00 -1.460443973541259766e+01 7.065925598144531250e+01
1.878790855407714844e+01 -2.822523593902587891e+00 6.990007781982421875e+01
1.767473602294921875e+01 -2.016071081161499023e+00 7.090102386474609375e+01
1.692356681823730469e+01 -2.767191648483276367e+00 6.989997863769531250e+01
1.807487678527832031e+01 -2.273400068283081055e+00 7.097473144531250000e+01
1.535659027099609375e+01 -3.839990377426147461e+00 7.234304809570312500e+01
1.795412254333496094e+01 -2.746512651443481445e+00 6.990004730224609375e+01
1.802717208862304688e+01 -2.593662738800048828e+00 7.159482574462890625e+01
1.501749134063720703e+01 -4.236629009246826172e+00 6.989999389648437500e+01
1.767802238464355469e+01 -2.018279314041137695e+00 7.089866638183593750e+01
1.767426681518554688e+01 -2.016604185104370117e+00 7.090113830566406250e+01
1.737188529968261719e+01 -2.975928306579589844e+00 6.990000915527343750e+01
1.807488632202148438e+01 -2.467415332794189453e+00 7.113701629638671875e+01
1.078220558166503906e+01 -9.262810707092285156e+00 7.234491729736328125e+01
1.839246940612792969e+01 -3.358961343765258789e+00 6.990006256103515625e+01
1.775800514221191406e+01 -2.827707052230834961e+00 7.159484100341796875e+01
1.651155090332031250e+01 -3.913709640502929688e+00 6.989994812011718750e+01
1.768155860900878906e+01 -2.024348735809326172e+00 7.089972686767578125e+01
1.619409370422363281e+01 -4.959711074829101562e+00 7.234500122070312500e+01
1.773085975646972656e+01 -3.555821895599365234e+00 6.990002441406250000e+01
1.807487487792968750e+01 -3.073508262634277344e+00 7.138893127441406250e+01
1.097569274902343750e+01 -1.448006534576416016e+01 6.993194580078125000e+01
1.767682456970214844e+01 -2.020376443862915039e+00 7.089859008789062500e+01
1.767449951171875000e+01 -2.018929481506347656e+00 7.090139007568359375e+01
1.711470031738281250e+01 -5.156093120574951172e+00 6.989992523193359375e+01
1.807486724853515625e+01 -3.451942920684814453e+00 7.103187561035156250e+01
1.535687160491943359e+01 -1.446970748901367188e+01 7.194358062744140625e+01
1.767484092712402344e+01 -2.019771099090576172e+00 7.089994049072265625e+01
