4.706154346466064453e+00 1.461525058746337891e+01 7.089995574951171875e+01
3.128765583038330078e+00 1.134079933166503906e+01 7.234497070312500000e+01
4.793916702270507812e+00 4.283720016479492188e+00 6.989994812011718750e+01
5.813932418823242188e+00 5.849042892456054688e+00 7.234485626220703125e+01
-9.463502168655395508e-01 1.425861358642578125e+01 6.990010833740234375e+01
6.278216361999511719e+00 4.684692859649658203e+00 6.989994049072265625e+01
4.317739963531494141e+00 3.615500450134277344e+00 7.234484100341796875e+01
4.186808109283447266e+00 2.747361421585083008e+00 6.989998626708984375e+01
8.662718772888183594e+00 7.338964462280273438e+00 7.234488677978515625e+01
1.205952405929565430e+00 6.248826503753662109e+00 7.234478759765625000e+01
5.174096107482910156e+00 2.322076797485351562e+00 6.989999389648437500e+01
5.159356594085693359e+00 2.734120845794677734e+00 7.234483337402343750e+01
2.980626821517944336e+00 3.174910306930541992e+00 6.989997863769531250e+01
9.254416465759277344e+00 5.943834304809570312e+00 6.990003204345703125e+01
3.690351724624633789e+00 2.677885770797729492e+00 7.234483337402343750e+01
4.576592445373535156e+00 1.840161681175231934e+00 6.990013885498046875e+01
6.420538425445556641e+00 2.921349763870239258e+00 7.234484100341796875e+01
-1.101687335968017578e+01 1.455834865570068359e+01 7.155015563964843750e+01
5.711017608642578125e+00 2.029775857925415039e+00 6.989998626708984375e+01
4.639342308044433594e+00 1.991829156875610352e+00 7.234482574462890625e+01
3.871711730957031250e+00 1.826844930648803711e+00 6.990001678466796875e+01
1.544621467590332031e+01 8.491444587707519531e+00 7.234501647949218750e+01
2.629516363143920898e+00 2.550603389739990234e+00 7.234482574462890625e+01
4.931109905242919922e+00 1.509927153587341309e+00 6.990000152587890625e+01
5.534100055694580078e+00 1.861186027526855469e+00 7.234483337402343750e+01
1.571669816970825195e+00 2.734387636184692383e+00 6.989997100830078125e+01
6.870543956756591797e+00 2.146368265151977539e+00 6.989995574951171875e+01
4.101467132568359375e+00 1.659583687782287598e+00 7.234482574462890625e+01
4.346498966217041016e+00 1.372696757316589355e+00 6.990002441406250000e+01
7.455318450927734375e+00 2.273376226425170898e+00 7.234484100341796875e+01
-7.751762270927429199e-01 3.289815664291381836e+00 7.234481811523437500e+01
5.349118232727050781e+00 1.339307308197021484e+00 6.990000152587890625e+01
4.954468727111816406e+00 1.414368271827697754e+00 7.234482574462890625e+01
3.418233394622802734e+00 1.436221241950988770e+00 6.990251922607421875e+01
1.677477455139160156e+01 4.853093624114990234e+00 6.990009307861328125e+01
3.369516611099243164e+00 1.463312268257141113e+00 7.234482574462890625e+01
4.711032390594482422e+00 1.143744111061096191e+00 6.990001678466796875e+01
6.016875267028808594e+00 1.369414329528808594e+00 7.234483337402343750e+01
-6.020655155181884766e+00 3.433457136154174805e+00 6.990579986572265625e+01
6.023700237274169922e+00 1.219313144683837891e+00 6.989998626708984375e+01
4.443302154541015625e+00 1.147472381591796875e+00 7.234482574462890625e+01
4.076916217803955078e+00 1.066215872764587402e+00 6.990003204345703125e+01
9.978442192077636719e+00 1.698246717453002930e+00 7.234487152099609375e+01
1.890668869018554688e+00 1.279465556144714355e+00 7.234481811523437500e+01
5.076871395111083984e+00 9.795177578926086426e-01 6.990000915527343750e+01
5.294346809387207031e+00 1.002694010734558105e+00 7.234483337402343750e+01
2.596286535263061523e+00 1.025786638259887695e+00 6.990004730224609375e+01
7.949646472930908203e+00 1.031925320625305176e+00 6.989995574951171875e+01
3.859382390975952148e+00 9.110568165779113770e-01 7.234482574462890625e+01
4.491430759429931641e+00 8.706157207489013672e-01 6.990002441406250000e+01
5.684414386749267578e+00 8.481632471084594727e-01 7.159486389160156250e+01
-8.699673414230346680e-01 6.899257898330688477e-01 7.159489440917968750e+01
6.153236865997314453e+00 7.473846077919006348e-01 6.919986724853515625e+01
4.731497287750244141e+00 8.109909296035766602e-01 7.159490203857421875e+01
3.030778884887695312e+00 6.423943638801574707e-01 6.919988250732421875e+01
8.278906822204589844e+00 4.603169262409210205e-01 7.108263397216796875e+01
3.865075111389160156e+00 7.157660126686096191e-01 7.159489440917968750e+01
4.943336009979248047e+00 5.971761941909790039e-01 6.919995117187500000e+01
5.184614181518554688e+00 7.132285833358764648e-01 7.159482574462890625e+01
-1.572957277297973633e+00 -3.997098207473754883e-01 6.945514678955078125e+01
6.462500572204589844e+00 4.221160113811492920e-01 6.990487670898437500e+01
4.480705738067626953e+00 6.857736706733703613e-01 7.159490203857421875e+01
4.071522235870361328e+00 4.611691832542419434e-01 6.950858306884765625e+01
6.005108356475830078e+00 4.602984786033630371e-01 7.145103454589843750e+01
3.475542068481445312e+00 4.603150188922882080e-01 7.133581542968750000e+01
5.275756359100341797e+00 4.603111445903778076e-01 6.982890319824218750e+01
4.885710716247558594e+00 6.065264344215393066e-01 7.159487152099609375e+01
2.090375900268554688e+00 -3.187719583511352539e-01 6.919993591308593750e+01
1.069973468780517578e+01 -1.588128328323364258e+00 6.989997863769531250e+01
4.162477016448974609e+00 4.821013808250427246e-01 7.159494018554687500e+01
4.628221988677978516e+00 4.039439558982849121e-01 6.990003204345703125e+01
5.312289237976074219e+00 4.603078365325927734e-01 7.146620178222656250e+01
4.706154346466064453e+00 8.602846264839172363e-01 7.089995574951171875e+01
6.443865299224853516e+00 -3.997099399566650391e-01 6.933897399902343750e+01
4.638327598571777344e+00 4.625622630119323730e-01 7.159488677978515625e+01
3.446949005126953125e+00 -3.997039198875427246e-01 6.922393035888671875e+01
5.326464176177978516e+00 4.602986276149749756e-01 7.101593017578125000e+01
4.197951316833496094e+00 4.603120386600494385e-01 7.121630859375000000e+01
5.180108070373535156e+00 -3.803651630878448486e-01 6.920308685302734375e+01
4.949874877929687500e+00 4.603125154972076416e-01 7.138063049316406250e+01
2.073649644851684570e+00 -1.340126991271972656e+00 6.990935516357421875e+01
7.197246551513671875e+00 -1.354147076606750488e+00 6.990000152587890625e+01
4.507350444793701172e+00 4.603143036365509033e-01 7.131420898437500000e+01
4.308726787567138672e+00 -3.997001945972442627e-01 6.958821105957031250e+01
5.060179233551025391e+00 4.603136479854583740e-01 7.110976409912109375e+01
4.325747013092041016e+00 4.602999985218048096e-01 7.097970581054687500e+01
5.624878406524658203e+00 -8.597066402435302734e-01 6.961989593505859375e+01
4.747106552124023438e+00 4.603062272071838379e-01 7.124214935302734375e+01
3.542971611022949219e+00 -1.037799954414367676e+00 6.990005493164062500e+01
4.780103206634521484e+00 7.623243331909179688e-01 7.089762115478515625e+01
4.504992961883544922e+00 4.603035748004913330e-01 7.109626770019531250e+01
4.768704891204833984e+00 -8.597092628479003906e-01 6.978343963623046875e+01
4.857378005981445312e+00 4.603088498115539551e-01 7.108480834960937500e+01
4.662613868713378906e+00 7.792723774909973145e-01 7.089366149902343750e+01
6.173613071441650391e+00 -2.784661293029785156e+00 6.990003967285156250e+01
4.666913986206054688e+00 4.603033065795898438e-01 7.106676483154296875e+01
4.146010398864746094e+00 -2.280375242233276367e+00 6.989994049072265625e+01
4.817537784576416016e+00 4.603072106838226318e-01 7.093669128417968750e+01
4.631710052490234375e+00 4.603018462657928467e-01 7.093347167968750000e+01
4.706154346466064453e+00 4.603038728237152100e-01 7.089995574951171875e+01
