-1.792587661743164062e+01 6.562933444976806641e+00 7.090003204345703125e+01
-1.829236793518066406e+01 8.537256240844726562e+00 7.123577117919921875e+01
-1.788274192810058594e+01 7.784836769104003906e+00 7.040852355957031250e+01
-1.739324760437011719e+01 8.500844001770019531e+00 7.159474945068359375e+01
-2.157227706909179688e+01 1.474539852142333984e+01 7.025503540039062500e+01
-1.486175632476806641e+01 1.355639648437500000e+01 6.895088958740234375e+01
-1.792587661743164062e+01 6.102208137512207031e+00 7.090003204345703125e+01
-1.844081687927246094e+01 7.973277091979980469e+00 6.990854644775390625e+01
-1.752588081359863281e+01 6.757183074951171875e+00 7.104611206054687500e+01
-1.792587661743164062e+01 6.102208137512207031e+00 7.090003204345703125e+01
-1.745792579650878906e+01 7.564028263092041016e+00 6.990004730224609375e+01
-1.770791435241699219e+01 7.003405094146728516e+00 7.159492492675781250e+01
-1.964802169799804688e+01 8.412296295166015625e+00 6.990201568603515625e+01
-1.337743186950683594e+01 1.118596172332763672e+01 6.990007019042968750e+01
-1.792587661743164062e+01 6.102208137512207031e+00 7.090003204345703125e+01
-1.805547523498535156e+01 7.082369327545166016e+00 6.989992523193359375e+01
-1.752584457397460938e+01 6.583133697509765625e+00 7.123718261718750000e+01
-1.792587661743164062e+01 6.102208137512207031e+00 7.090003204345703125e+01
-1.692096328735351562e+01 7.271757602691650391e+00 6.990000915527343750e+01
-1.792587661743164062e+01 6.102208137512207031e+00 7.090003204345703125e+01
-1.876046371459960938e+01 7.068936824798583984e+00 6.989991760253906250e+01
-1.752583122253417969e+01 6.386452674865722656e+00 7.095385742187500000e+01
-1.792587661743164062e+01 6.102208137512207031e+00 7.090003204345703125e+01
-1.770090103149414062e+01 6.751906394958496094e+00 6.989999389648437500e+01
-1.752770996093750000e+01 6.583550453186035156e+00 7.159488677978515625e+01
-2.106065940856933594e+01 7.976489067077636719e+00 6.989994812011718750e+01
-1.576141834259033203e+01 7.388332843780517578e+00 6.989999389648437500e+01
-1.792587661743164062e+01 6.102208137512207031e+00 7.090003204345703125e+01
-1.828554153442382812e+01 6.614633560180664062e+00 6.990007019042968750e+01
-1.752582168579101562e+01 6.307839870452880859e+00 7.111029052734375000e+01
-1.792587661743164062e+01 6.102208137512207031e+00 7.090003204345703125e+01
-1.728294563293457031e+01 6.581206321716308594e+00 6.990012359619140625e+01
-1.780646705627441406e+01 6.368657112121582031e+00 7.159484863281250000e+01
-1.921721267700195312e+01 6.679672241210937500e+00 6.989994812011718750e+01
-5.883335113525390625e+00 1.008638954162597656e+01 6.990232849121093750e+01
-1.792587661743164062e+01 6.102208137512207031e+00 7.090003204345703125e+01
-1.792099761962890625e+01 6.385704517364501953e+00 6.989996337890625000e+01
-1.752584457397460938e+01 6.257594585418701172e+00 7.134101104736328125e+01
-2.871514129638671875e+01 8.690362930297851562e+00 6.990008544921875000e+01
-1.660815048217773438e+01 6.461285591125488281e+00 6.989992523193359375e+01
-1.792587661743164062e+01 6.102208137512207031e+00 7.090003204345703125e+01
-1.855511283874511719e+01 6.308138847351074219e+00 6.990011596679687500e+01
-1.752581977844238281e+01 6.165791988372802734e+00 7.100967407226562500e+01
-1.792587661743164062e+01 6.102208137512207031e+00 7.090003204345703125e+01
-1.755513763427734375e+01 6.221447944641113281e+00 6.990003204345703125e+01
-1.764303398132324219e+01 6.170688152313232422e+00 7.159482574462890625e+01
-2.003602409362792969e+01 6.267732143402099609e+00 6.989999389648437500e+01
-1.468233489990234375e+01 6.273851394653320312e+00 6.990001678466796875e+01
-1.792587661743164062e+01 6.102208137512207031e+00 7.090003204345703125e+01
-1.814062500000000000e+01 6.112540245056152344e+00 6.989998626708984375e+01
-1.752584075927734375e+01 6.097251415252685547e+00 7.118419647216796875e+01
-1.792587661743164062e+01 6.102208137512207031e+00 7.090003204345703125e+01
-1.707469367980957031e+01 6.035799503326416016e+00 6.990002441406250000e+01
-1.790053939819335938e+01 6.052924633026123047e+00 7.159483337402343750e+01
-1.891127777099609375e+01 5.974052429199218750e+00 6.990010070800781250e+01
-1.792587661743164062e+01 6.102208137512207031e+00 7.090003204345703125e+01
-1.792587661743164062e+01 6.102208137512207031e+00 7.090003204345703125e+01
-1.778635787963867188e+01 5.947438240051269531e+00 6.990003204345703125e+01
-1.752586364746093750e+01 5.979262828826904297e+00 7.148097229003906250e+01
-2.227170181274414062e+01 5.230155467987060547e+00 6.990007019042968750e+01
-1.458730030059814453e+01 5.269309043884277344e+00 6.900852966308593750e+01
-1.792587661743164062e+01 6.102208137512207031e+00 7.090003204345703125e+01
-1.838199615478515625e+01 5.815358161926269531e+00 6.990003204345703125e+01
-1.752584075927734375e+01 5.979025840759277344e+00 7.106974792480468750e+01
-1.792587661743164062e+01 6.102208137512207031e+00 7.090003204345703125e+01
-1.739408874511718750e+01 5.728787899017333984e+00 6.990008544921875000e+01
-1.774635505676269531e+01 5.848499774932861328e+00 7.159481048583984375e+01
-1.946443557739257812e+01 5.408706188201904297e+00 6.990010833740234375e+01
-1.193827915191650391e+01 3.656239509582519531e+00 6.990105438232421875e+01
-1.792587661743164062e+01 6.102208137512207031e+00 7.090003204345703125e+01
-1.800381278991699219e+01 5.645847320556640625e+00 6.990006256103515625e+01
-1.752585983276367188e+01 5.838244438171386719e+00 7.127372741699218750e+01
-2.882971954345703125e+01 5.375992655754089355e-01 7.079364776611328125e+01
-1.681268310546875000e+01 5.295044898986816406e+00 6.990005493164062500e+01
-1.792587661743164062e+01 6.102208137512207031e+00 7.090003204345703125e+01
-1.867716026306152344e+01 5.350456237792968750e+00 6.990005493164062500e+01
-1.752584457397460938e+01 5.844261169433593750e+00 7.097482299804687500e+01
-1.792587661743164062e+01 6.102208137512207031e+00 7.090003204345703125e+01
-1.764658164978027344e+01 5.371109008789062500e+00 6.990008544921875000e+01
-1.757361793518066406e+01 5.524113178253173828e+00 7.159477233886718750e+01
-2.058303260803222656e+01 3.881191015243530273e+00 6.990015411376953125e+01
-1.543493461608886719e+01 3.887909889221191406e+00 6.990013885498046875e+01
-1.792587661743164062e+01 6.102208137512207031e+00 7.090003204345703125e+01
-1.822884559631347656e+01 5.141693115234375000e+00 6.990006256103515625e+01
-1.753259277343750000e+01 5.657882213592529297e+00 7.113310241699218750e+01
-1.792587661743164062e+01 6.102208137512207031e+00 7.090003204345703125e+01
-1.720821952819824219e+01 4.758644580841064453e+00 6.990011596679687500e+01
-1.784272193908691406e+01 5.290040493011474609e+00 7.159485626220703125e+01
-1.908909797668457031e+01 4.204059123992919922e+00 6.990009307861328125e+01
-2.298835039138793945e+00 -1.459898376464843750e+01 7.040647888183593750e+01
-1.792587661743164062e+01 6.102208137512207031e+00 7.090003204345703125e+01
-1.786985588073730469e+01 4.561789989471435547e+00 6.990008544921875000e+01
-1.752584266662597656e+01 5.044147491455078125e+00 7.138903045654296875e+01
-2.483757781982421875e+01 -6.757887363433837891e+00 6.990132141113281250e+01
-1.645837020874023438e+01 2.457143306732177734e+00 6.990008544921875000e+01
-1.792587661743164062e+01 6.102208137512207031e+00 7.090003204345703125e+01
-1.848598861694335938e+01 2.961731195449829102e+00 6.990007019042968750e+01
-1.753360748291015625e+01 4.693574428558349609e+00 7.102940368652343750e+01
-1.913600730895996094e+01 -3.997198045253753662e-01 7.144487762451171875e+01
-1.792587661743164062e+01 5.542208671569824219e+00 7.090003204345703125e+01
