-1.101000213623046875e+01 4.602839052677154541e-01 7.090012359619140625e+01
-1.101886272430419922e+01 4.591652452945709229e-01 7.090824127197265625e+01
-1.092222213745117188e+01 3.824414253234863281e+00 6.989991760253906250e+01
-1.099668025970458984e+01 4.602839052677154541e-01 7.091749572753906250e+01
-1.103517150878906250e+01 4.599514901638031006e-01 7.089566802978515625e+01
-9.437813758850097656e+00 4.225007534027099609e+00 6.990002441406250000e+01
-1.101845932006835938e+01 4.602842032909393311e-01 7.093158721923828125e+01
-1.152944374084472656e+01 2.287714719772338867e+00 6.989997100830078125e+01
-1.097364616394042969e+01 4.598223268985748291e-01 7.091339874267578125e+01
-1.104897117614746094e+01 4.602843523025512695e-01 7.091620635986328125e+01
-1.054201889038085938e+01 1.862213015556335449e+00 6.990007019042968750e+01
-1.099549293518066406e+01 4.602840840816497803e-01 7.094638061523437500e+01
-1.273571300506591797e+01 2.715163946151733398e+00 6.990003967285156250e+01
-6.461492538452148438e+00 5.484117984771728516e+00 6.990014648437500000e+01
-1.104353046417236328e+01 4.602845013141632080e-01 7.094781494140625000e+01
-1.113959503173828125e+01 1.380404949188232422e+00 6.990006256103515625e+01
-1.096010112762451172e+01 4.602837562561035156e-01 7.094217681884765625e+01
-1.107870960235595703e+01 4.601501226425170898e-01 7.090296173095703125e+01
-1.000511455535888672e+01 1.569811224937438965e+00 6.990012359619140625e+01
-1.101354408264160156e+01 4.602844715118408203e-01 7.097673034667968750e+01
-1.184454917907714844e+01 1.366973161697387695e+00 6.990005493164062500e+01
-1.092557048797607422e+01 4.602832496166229248e-01 7.091148376464843750e+01
-1.108370685577392578e+01 4.602848887443542480e-01 7.095140838623046875e+01
-1.078503227233886719e+01 1.049976706504821777e+00 6.990010833740234375e+01
-1.096037673950195312e+01 4.602840840816497803e-01 7.098672485351562500e+01
-1.414481163024902344e+01 2.274589061737060547e+00 6.990003204345703125e+01
-8.845651626586914062e+00 1.686352610588073730e+00 6.990013885498046875e+01
-1.105538845062255859e+01 4.602850377559661865e-01 7.100856781005859375e+01
-1.136969757080078125e+01 9.127615690231323242e-01 6.990007781982421875e+01
-1.089328861236572266e+01 4.602833092212677002e-01 7.096146392822265625e+01
-1.113281250000000000e+01 4.547258913516998291e-01 7.093249511718750000e+01
-1.036701965332031250e+01 8.793286085128784180e-01 6.990013885498046875e+01
-1.098311614990234375e+01 4.602847397327423096e-01 7.105656433105468750e+01
-1.230126190185546875e+01 9.777215719223022461e-01 6.990010070800781250e+01
1.062075376510620117e+00 4.394244670867919922e+00 6.989997863769531250e+01
-1.114298725128173828e+01 4.602885842323303223e-01 7.104387664794921875e+01
-1.100512409210205078e+01 6.837706565856933594e-01 6.990011596679687500e+01
-1.085555648803710938e+01 4.602837562561035156e-01 7.107037353515625000e+01
-2.172879791259765625e+01 2.971542358398437500e+00 6.990670776367187500e+01
-9.692404747009277344e+00 7.593343853950500488e-01 6.990011596679687500e+01
-1.106491279602050781e+01 4.602864384651184082e-01 7.120196533203125000e+01
-1.163930988311767578e+01 6.062456965446472168e-01 6.990009307861328125e+01
-1.063255977630615234e+01 4.602813720703125000e-01 7.100356292724609375e+01
-1.141302871704101562e+01 4.602960944175720215e-01 7.110694885253906250e+01
-1.063926601409912109e+01 5.195310115814208984e-01 6.990012359619140625e+01
-1.076217460632324219e+01 4.602940678596496582e-01 7.150890350341796875e+01
-1.312019443511962891e+01 5.658192634582519531e-01 6.990006256103515625e+01
-7.766283988952636719e+00 5.719444751739501953e-01 6.990004730224609375e+01
-1.101000785827636719e+01 4.002921581268310547e-01 7.090013122558593750e+01
-1.122474193572998047e+01 4.106236696243286133e-01 6.990011596679687500e+01
-1.003200054168701172e+01 3.881736397743225098e-01 7.159484863281250000e+01
-1.657298851013183594e+01 2.303342968225479126e-01 7.159342956542968750e+01
-1.015880680084228516e+01 3.338823318481445312e-01 6.990010833740234375e+01
-1.098467540740966797e+01 3.510295152664184570e-01 7.159462738037109375e+01
-1.101000213623046875e+01 4.002917706966400146e-01 7.090012359619140625e+01
-1.101000213623046875e+01 4.002918004989624023e-01 7.090012359619140625e+01
-1.185093212127685547e+01 2.557988166809082031e-01 7.159494018554687500e+01
-1.101000213623046875e+01 4.002917706966400146e-01 7.090012359619140625e+01
-1.053170871734619141e+01 2.532867491245269775e-01 7.159475708007812500e+01
-1.101000308990478516e+01 4.002916514873504639e-01 7.090012359619140625e+01
-1.101000213623046875e+01 4.002917110919952393e-01 7.090012359619140625e+01
-1.123538780212402344e+01 2.258296906948089600e-01 7.159487915039062500e+01
-1.101000213623046875e+01 4.002917408943176270e-01 7.090012359619140625e+01
-9.372261047363281250e+00 -1.040167883038520813e-01 7.159494018554687500e+01
-1.297154140472412109e+01 -2.372415065765380859e-01 7.159486389160156250e+01
-1.101000213623046875e+01 4.002917408943176270e-01 7.090012359619140625e+01
-1.083052635192871094e+01 1.466474086046218872e-01 7.159472656250000000e+01
-1.101000213623046875e+01 4.002916812896728516e-01 7.090012359619140625e+01
-1.101000118255615234e+01 4.002913832664489746e-01 7.090012359619140625e+01
-1.155361843109130859e+01 2.215100452303886414e-02 7.159502410888671875e+01
-1.101000213623046875e+01 4.002917110919952393e-01 7.090012359619140625e+01
-1.026638317108154297e+01 -9.040790796279907227e-02 7.159480285644531250e+01
-1.101001930236816406e+01 4.002828299999237061e-01 7.090012359619140625e+01
-1.101000213623046875e+01 4.002916514873504639e-01 7.090012359619140625e+01
-1.107781028747558594e+01 2.680668607354164124e-03 7.159485626220703125e+01
-1.101000213623046875e+01 4.002916812896728516e-01 7.090012359619140625e+01
-9.769320487976074219e+00 -3.997204601764678955e-01 7.113208770751953125e+01
-1.202448081970214844e+01 -3.981362879276275635e-01 7.153163146972656250e+01
-1.101000213623046875e+01 4.002916812896728516e-01 7.090012359619140625e+01
-1.065779209136962891e+01 -1.777224391698837280e-01 7.159476470947265625e+01
-1.101000213623046875e+01 4.002914130687713623e-01 7.090012359619140625e+01
-1.101000213623046875e+01 4.002914130687713623e-01 7.090012359619140625e+01
-1.134349155426025391e+01 -2.706500887870788574e-01 7.159503173828125000e+01
-1.101000213623046875e+01 4.002916216850280762e-01 7.090012359619140625e+01
-1.030190563201904297e+01 -3.997030556201934814e-01 7.131976318359375000e+01
-1.177083206176757812e+01 -3.996935486793518066e-01 7.105962371826171875e+01
-1.101000213623046875e+01 4.002915620803833008e-01 7.090012359619140625e+01
-1.092809200286865234e+01 -3.997164070606231689e-01 7.158454895019531250e+01
-1.101000213623046875e+01 4.002914726734161377e-01 7.090012359619140625e+01
-1.100999641418457031e+01 4.002845883369445801e-01 7.090012359619140625e+01
-1.141234397888183594e+01 -3.997081816196441650e-01 7.129277038574218750e+01
-1.101000213623046875e+01 4.002915322780609131e-01 7.090012359619140625e+01
-1.070864391326904297e+01 -3.967777192592620850e-01 7.126850128173828125e+01
-1.101000308990478516e+01 4.002895951271057129e-01 7.090012359619140625e+01
-1.101000213623046875e+01 4.002911746501922607e-01 7.090012359619140625e+01
-1.108848762512207031e+01 -3.997168540954589844e-01 7.123376464843750000e+01
-1.101000213623046875e+01 4.002912640571594238e-01 7.090012359619140625e+01
-1.078722190856933594e+01 -3.997108638286590576e-01 7.097360229492187500e+01
-1.115889835357666016e+01 -3.997146785259246826e-01 7.096716308593750000e+01
-1.101000213623046875e+01 -5.094725638628005981e-02 7.090012359619140625e+01
