-7.591332435607910156e+00 -3.825779259204864502e-01 7.089997863769531250e+01
-7.711736202239990234e+00 4.003047645092010498e-01 7.101027679443359375e+01
-7.590929508209228516e+00 -3.839670419692993164e-01 7.089538574218750000e+01
-7.413692474365234375e+00 4.002983570098876953e-01 7.113167572021484375e+01
-7.598811626434326172e+00 -3.819563090801239014e-01 7.089865875244140625e+01
-7.584976196289062500e+00 -3.842204809188842773e-01 7.089593505859375000e+01
-7.704111099243164062e+00 4.003111422061920166e-01 7.131951141357421875e+01
-7.595055580139160156e+00 -3.861559331417083740e-01 7.089280700683593750e+01
-7.102782726287841797e+00 4.002923667430877686e-01 7.107839965820312500e+01
-8.110974311828613281e+00 4.003017842769622803e-01 7.111447906494140625e+01
-7.587655067443847656e+00 -3.881964981555938721e-01 7.089212036132812500e+01
-7.397851943969726562e+00 4.002918899059295654e-01 7.151682281494140625e+01
-7.602610111236572266e+00 -3.845561444759368896e-01 7.089344024658203125e+01
-7.577700138092041016e+00 -3.844474852085113525e-01 7.089698028564453125e+01
-8.038426399230957031e+00 4.003124833106994629e-01 7.153592681884765625e+01
-7.757933139801025391e+00 8.603186011314392090e-01 6.961433410644531250e+01
-6.925915241241455078e+00 4.002932310104370117e-01 7.146079254150390625e+01
-8.509589195251464844e+00 4.003106951713562012e-01 7.093795013427734375e+01
-6.508686065673828125e+00 8.603339791297912598e-01 6.982260131835937500e+01
-7.623466968536376953e+00 1.445515453815460205e-01 7.159491729736328125e+01
-8.679127693176269531e+00 8.603423237800598145e-01 6.959643554687500000e+01
-6.465430259704589844e+00 4.003056883811950684e-01 7.105146789550781250e+01
-8.574147224426269531e+00 4.002965986728668213e-01 7.158379364013671875e+01
-7.314309597015380859e+00 4.003211557865142822e-01 6.966858673095703125e+01
-7.193143367767333984e+00 8.168601989746093750e-02 7.159487152099609375e+01
-7.615561485290527344e+00 -3.851975500583648682e-01 7.089225006103515625e+01
-7.574275016784667969e+00 -3.895484805107116699e-01 7.089209747314453125e+01
-7.882132053375244141e+00 -1.529420726001262665e-02 7.159482574462890625e+01
-8.152839660644531250e+00 4.003126919269561768e-01 6.933884429931640625e+01
-6.269093036651611328e+00 2.799572944641113281e-01 7.159490966796875000e+01
-9.396275520324707031e+00 4.003343880176544189e-01 7.137575531005859375e+01
-6.517528533935546875e+00 4.003242254257202148e-01 6.922996520996093750e+01
-7.471912860870361328e+00 -1.332138627767562866e-01 7.159484863281250000e+01
-9.380303382873535156e+00 4.003138542175292969e-01 6.951449584960937500e+01
-7.552806854248046875e+00 -3.869382143020629883e-01 7.089678955078125000e+01
-8.234088897705078125e+00 -1.097029000520706177e-01 7.159477996826171875e+01
-7.583038330078125000e+00 8.228103071451187134e-02 6.919978332519531250e+01
-6.960983753204345703e+00 -1.548346281051635742e-01 7.159484863281250000e+01
-7.675350189208984375e+00 -3.795296549797058105e-01 7.089218902587890625e+01
-5.351237773895263672e+00 2.107370197772979736e-01 6.919982910156250000e+01
-7.717731952667236328e+00 -2.615819871425628662e-01 7.159477996826171875e+01
-8.661196708679199219e+00 -4.954881593585014343e-02 6.919985961914062500e+01
-5.055618762969970703e+00 3.334928769618272781e-03 7.159490966796875000e+01
-8.945568084716796875e+00 -1.980599462985992432e-01 7.159494781494140625e+01
-6.961047172546386719e+00 -1.969664394855499268e-01 6.919989013671875000e+01
-7.308478832244873047e+00 -3.312014043331146240e-01 7.159480285644531250e+01
-1.117846298217773438e+01 -1.183026880025863647e-01 6.919997406005859375e+01
-2.076937675476074219e+00 -1.078705787658691406e-01 6.919982910156250000e+01
-7.998511314392089844e+00 -3.752697110176086426e-01 7.159475708007812500e+01
-7.956260681152343750e+00 -3.821260929107666016e-01 6.920056915283203125e+01
-7.578710079193115234e+00 -3.998404443264007568e-01 7.090894317626953125e+01
-9.233201980590820312e+00 -4.498455822467803955e-01 7.110459899902343750e+01
-6.740421772003173828e+00 -4.660713076591491699e-01 6.990029144287109375e+01
-7.538639545440673828e+00 -5.021756291389465332e-01 7.234491729736328125e+01
-8.576750755310058594e+00 -5.278422832489013672e-01 6.990003204345703125e+01
-7.591332435607910156e+00 -3.996840417385101318e-01 7.089997863769531250e+01
-7.940673828125000000e+00 -4.597096741199493408e-01 7.118862152099609375e+01
-7.451817035675048828e+00 -5.544499158859252930e-01 6.990000152587890625e+01
-7.396008491516113281e+00 -4.597174823284149170e-01 7.118364715576171875e+01
-1.193674468994140625e+01 -1.271653771400451660e+00 6.990010833740234375e+01
-5.826288700103759766e+00 -8.400225639343261719e-01 6.989997863769531250e+01
-7.668892383575439453e+00 -4.597203135490417480e-01 7.113906097412109375e+01
-8.047434806823730469e+00 -6.865237355232238770e-01 6.990001678466796875e+01
-7.586167335510253906e+00 -4.012745320796966553e-01 7.090216827392578125e+01
-7.775988101959228516e+00 -4.597002863883972168e-01 7.096537780761718750e+01
-7.059528350830078125e+00 -7.731158733367919922e-01 6.989999389648437500e+01
-7.548851490020751953e+00 -4.597206711769104004e-01 7.106438446044921875e+01
-9.129918098449707031e+00 -1.093198418617248535e+00 6.990003967285156250e+01
-1.597503423690795898e+00 -2.848198413848876953e+00 6.989996337890625000e+01
-7.677624702453613281e+00 -4.597092866897583008e-01 7.101028442382812500e+01
-7.669268608093261719e+00 -8.560457825660705566e-01 6.990000915527343750e+01
-7.500357151031494141e+00 -4.597167670726776123e-01 7.098497009277343750e+01
-7.708887577056884766e+00 -4.596764445304870605e-01 7.089883422851562500e+01
-6.478125095367431641e+00 -1.206858158111572266e+00 6.989998626708984375e+01
-7.601569652557373047e+00 -4.597129523754119873e-01 7.100486755371093750e+01
-8.342609405517578125e+00 -1.151428222656250000e+00 6.990001678466796875e+01
-7.498240470886230469e+00 -4.597113430500030518e-01 7.091738128662109375e+01
-7.667594432830810547e+00 -4.597046673297882080e-01 7.094744873046875000e+01
-7.312028408050537109e+00 -1.130806803703308105e+00 6.990000152587890625e+01
-7.554754257202148438e+00 -4.597127735614776611e-01 7.097212219238281250e+01
-1.024863815307617188e+01 -2.620826244354248047e+00 6.990004730224609375e+01
-5.100101947784423828e+00 -2.614238977432250977e+00 6.989997100830078125e+01
-7.621167182922363281e+00 -4.597083926200866699e-01 7.096215057373046875e+01
-7.894299507141113281e+00 -1.360196232795715332e+00 6.990000915527343750e+01
-7.538201808929443359e+00 -4.597103297710418701e-01 7.093146514892578125e+01
-7.648413658142089844e+00 -4.597027897834777832e-01 7.091194152832031250e+01
-6.873626708984375000e+00 -1.743338704109191895e+00 6.989999389648437500e+01
-7.585186481475830078e+00 -4.597094357013702393e-01 7.095133209228515625e+01
-8.754576683044433594e+00 -2.297868967056274414e+00 6.990002441406250000e+01
-7.546047210693359375e+00 -4.596733152866363525e-01 7.089855194091796875e+01
-7.621519088745117188e+00 -4.597056806087493896e-01 7.092943572998046875e+01
-7.535311222076416016e+00 -1.940146088600158691e+00 6.990000915527343750e+01
-7.568638324737548828e+00 -4.597083926200866699e-01 7.092771911621093750e+01
-7.623396396636962891e+00 -4.593431651592254639e-01 7.089534759521484375e+01
-6.123751163482666016e+00 -4.044935226440429688e+00 6.989997863769531250e+01
-7.597220897674560547e+00 -4.597066342830657959e-01 7.092501068115234375e+01
-8.151444435119628906e+00 -3.540165185928344727e+00 6.990001678466796875e+01
-7.574758052825927734e+00 -4.592033028602600098e-01 7.090544891357421875e+01
-7.602425575256347656e+00 -4.592855870723724365e-01 7.090497589111328125e+01
-7.591332435607910156e+00 -4.597048759460449219e-01 7.089997863769531250e+01
