2.369526100158691406e+01 -3.917297124862670898e+00 7.089993286132812500e+01
2.349480819702148438e+01 -2.853908061981201172e+00 7.108356475830078125e+01
2.378301620483398438e+01 -7.625835537910461426e-01 6.990000152587890625e+01
2.390084838867187500e+01 -3.259918212890625000e+00 7.116808319091796875e+01
1.845825004577636719e+01 8.227707862854003906e+00 6.997357940673828125e+01
2.526736640930175781e+01 -3.612489998340606689e-01 6.989988708496093750e+01
2.350959014892578125e+01 -2.868703126907348633e+00 7.159062194824218750e+01
2.317599487304687500e+01 -2.298973560333251953e+00 6.990011596679687500e+01
2.412424278259277344e+01 -3.483325004577636719e+00 7.105659484863281250e+01
2.201160240173339844e+01 -1.593780040740966797e+00 7.159492492675781250e+01
2.416315650939941406e+01 -2.724114894866943359e+00 6.990007019042968750e+01
2.391322898864746094e+01 -3.284537553787231445e+00 7.159484863281250000e+01
2.197203636169433594e+01 -1.874224543571472168e+00 6.990129089355468750e+01
2.824352645874023438e+01 8.977901339530944824e-01 6.990000915527343750e+01
2.320666503906250000e+01 -3.311506748199462891e+00 7.159490966796875000e+01
2.356570243835449219e+01 -3.205916643142700195e+00 6.990014648437500000e+01
2.420901679992675781e+01 -3.568115949630737305e+00 7.133292388916015625e+01
1.843121147155761719e+01 4.003317654132843018e-01 7.111761474609375000e+01
2.470004463195800781e+01 -3.016364336013793945e+00 6.990003967285156250e+01
2.366337394714355469e+01 -3.645713329315185547e+00 7.158952331542968750e+01
2.286094284057617188e+01 -3.219346284866333008e+00 6.990013885498046875e+01
2.435668754577636719e+01 -3.715797662734985352e+00 7.098892974853515625e+01
2.369526100158691406e+01 -4.185762405395507812e+00 7.089993286132812500e+01
2.392017936706542969e+01 -3.536229848861694336e+00 6.990015411376953125e+01
2.409279060363769531e+01 -3.705190658569335938e+00 7.159367370605468750e+01
2.056130790710449219e+01 -2.311976909637451172e+00 6.990011596679687500e+01
2.831646728515625000e+01 -1.439833760261535645e+00 6.876481628417968750e+01
2.340443801879882812e+01 -3.801341533660888672e+00 7.159484100341796875e+01
2.333566665649414062e+01 -3.673437118530273438e+00 6.990016937255859375e+01
2.444254112243652344e+01 -3.801655054092407227e+00 7.129267883300781250e+01
2.369526100158691406e+01 -4.185762405395507812e+00 7.089993286132812500e+01
2.433812141418457031e+01 -3.706816911697387695e+00 6.990013885498046875e+01
2.381467247009277344e+01 -3.919312000274658203e+00 7.159474945068359375e+01
2.240428352355957031e+01 -3.608458518981933594e+00 6.990012359619140625e+01
2.887899971008300781e+01 -2.470762968063354492e+00 7.047047424316406250e+01
2.369526100158691406e+01 -4.185762405395507812e+00 7.089993286132812500e+01
2.370013809204101562e+01 -3.902346134185791016e+00 6.990014648437500000e+01
2.432559013366699219e+01 -3.940920352935791016e+00 7.159477996826171875e+01
1.290604591369628906e+01 -1.597619891166687012e+00 6.989999389648437500e+01
2.501269149780273438e+01 -3.826765298843383789e+00 6.990004730224609375e+01
2.356886291503906250e+01 -4.047661304473876953e+00 7.159473419189453125e+01
2.306610870361328125e+01 -3.979859352111816406e+00 6.990014648437500000e+01
2.467150115966796875e+01 -4.030601978302001953e+00 7.116748046875000000e+01
2.369526100158691406e+01 -4.185762405395507812e+00 7.089993286132812500e+01
2.406592369079589844e+01 -4.066546916961669922e+00 6.990013122558593750e+01
2.397811698913574219e+01 -4.117279529571533203e+00 7.159475708007812500e+01
2.158543205261230469e+01 -4.020263195037841797e+00 6.990004730224609375e+01
2.880156326293945312e+01 -3.915544509887695312e+00 6.932560729980468750e+01
2.369526100158691406e+01 -4.185762405395507812e+00 7.089993286132812500e+01
2.348056221008300781e+01 -4.175432682037353516e+00 6.990011596679687500e+01
2.466912078857421875e+01 -4.197829246520996094e+00 7.159172058105468750e+01
1.807552146911621094e+01 -4.357453823089599609e+00 7.160031127929687500e+01
2.454449844360351562e+01 -4.252018928527832031e+00 6.990221405029296875e+01
2.370973587036132812e+01 -4.213916778564453125e+00 7.129685211181640625e+01
2.270993804931640625e+01 -4.313908100128173828e+00 6.990008544921875000e+01
2.496929359436035156e+01 -4.328389644622802734e+00 7.096507263183593750e+01
2.369526100158691406e+01 -4.185762405395507812e+00 7.089993286132812500e+01
2.383475494384765625e+01 -4.340504169464111328e+00 6.990010833740234375e+01
2.417366409301757812e+01 -4.332801342010498047e+00 7.159471893310546875e+01
1.934938430786132812e+01 -5.057825565338134766e+00 6.989995574951171875e+01
2.545999908447265625e+01 -4.626024723052978516e+00 6.990010070800781250e+01
2.369526100158691406e+01 -4.185762405395507812e+00 7.089993286132812500e+01
2.323921203613281250e+01 -4.472568511962890625e+00 6.990008544921875000e+01
2.533006095886230469e+01 -4.689165592193603516e+00 7.159349822998046875e+01
2.369526100158691406e+01 -4.185762405395507812e+00 7.089993286132812500e+01
2.422697448730468750e+01 -4.559131145477294922e+00 6.990012359619140625e+01
2.369526100158691406e+01 -4.185762405395507812e+00 7.089993286132812500e+01
2.215675163269042969e+01 -4.879241943359375000e+00 6.990003967285156250e+01
2.867893600463867188e+01 -6.221623420715332031e+00 7.006845092773437500e+01
2.369526100158691406e+01 -4.185762405395507812e+00 7.089993286132812500e+01
2.361733436584472656e+01 -4.642065048217773438e+00 6.990009307861328125e+01
2.443900299072265625e+01 -4.676543712615966797e+00 7.159472656250000000e+01
3.387579917907714844e+00 -1.454947566986083984e+01 7.070178985595703125e+01
2.480825042724609375e+01 -4.992777824401855469e+00 6.990013885498046875e+01
2.369526100158691406e+01 -4.185762405395507812e+00 7.089993286132812500e+01
2.294406700134277344e+01 -4.937423229217529297e+00 6.990007781982421875e+01
2.666432380676269531e+01 -6.100263595581054688e+00 7.145504760742187500e+01
2.369526100158691406e+01 -4.185762405395507812e+00 7.089993286132812500e+01
2.397451972961425781e+01 -4.916768550872802734e+00 6.990011596679687500e+01
2.369526100158691406e+01 -4.185762405395507812e+00 7.089993286132812500e+01
2.103803443908691406e+01 -6.406838417053222656e+00 6.990003204345703125e+01
2.551090049743652344e+01 -5.799756526947021484e+00 7.017111206054687500e+01
2.369526100158691406e+01 -4.185762405395507812e+00 7.089993286132812500e+01
2.339233970642089844e+01 -5.146126270294189453e+00 6.990011596679687500e+01
2.369526100158691406e+01 -4.185762405395507812e+00 7.089993286132812500e+01
2.369526100158691406e+01 -4.185762405395507812e+00 7.089993286132812500e+01
2.441283416748046875e+01 -5.529169082641601562e+00 6.990013885498046875e+01
2.369526100158691406e+01 -4.185762405395507812e+00 7.089993286132812500e+01
2.253219795227050781e+01 -6.083651065826416016e+00 6.990013122558593750e+01
2.855498504638671875e+01 -1.062345409393310547e+01 7.074644470214843750e+01
2.369526100158691406e+01 -4.185762405395507812e+00 7.089993286132812500e+01
2.375127410888671875e+01 -5.725997447967529297e+00 6.990010833740234375e+01
2.369526100158691406e+01 -4.185762405395507812e+00 7.089993286132812500e+01
1.815008926391601562e+01 -1.450325870513916016e+01 7.009867858886718750e+01
2.516261482238769531e+01 -7.830447196960449219e+00 6.990009307861328125e+01
2.369526100158691406e+01 -4.185762405395507812e+00 7.089993286132812500e+01
2.313524627685546875e+01 -7.325696945190429688e+00 6.990014648437500000e+01
2.369526100158691406e+01 -4.185762405395507812e+00 7.089993286132812500e+01
2.369526100158691406e+01 -4.185762405395507812e+00 7.089993286132812500e+01
2.369526100158691406e+01 -1.458801364898681641e+01 7.089993286132812500e+01
