1.649054145812988281e+01 4.603039920330047607e-01 7.089999389648437500e+01
1.648167800903320312e+01 4.591841697692871094e-01 7.090811157226562500e+01
1.657828903198242188e+01 3.823173761367797852e+00 6.990014648437500000e+01
1.650386810302734375e+01 4.603037834167480469e-01 7.091737365722656250e+01
1.646536254882812500e+01 4.599704444408416748e-01 7.089553833007812500e+01
1.806250762939453125e+01 4.224464893341064453e+00 6.990003967285156250e+01
1.642568969726562500e+01 8.603080511093139648e-01 7.114123535156250000e+01
1.597122192382812500e+01 2.287267208099365234e+00 6.990007781982421875e+01
1.652719306945800781e+01 4.603050947189331055e-01 7.091337585449218750e+01
1.645155906677246094e+01 4.603013694286346436e-01 7.091608428955078125e+01
1.695849227905273438e+01 1.862107276916503906e+00 6.990000915527343750e+01
1.660180091857910156e+01 8.603107929229736328e-01 7.125470733642578125e+01
1.476496887207031250e+01 2.714974403381347656e+00 6.989998626708984375e+01
2.103925514221191406e+01 5.484342575073242188e+00 6.989997100830078125e+01
1.623345375061035156e+01 8.603011369705200195e-01 7.126567077636718750e+01
1.636096000671386719e+01 1.380313515663146973e+00 6.990002441406250000e+01
1.687318229675292969e+01 8.603075146675109863e-01 7.122248840332031250e+01
1.642181205749511719e+01 4.601655602455139160e-01 7.090283966064453125e+01
1.749543380737304688e+01 1.569813609123229980e+00 6.989999389648437500e+01
1.646337890625000000e+01 8.603169918060302734e-01 7.148740386962890625e+01
1.565604972839355469e+01 1.366905212402343750e+00 6.989999389648437500e+01
1.657501220703125000e+01 4.603074491024017334e-01 7.091136169433593750e+01
1.592539978027343750e+01 8.602960109710693359e-01 7.129320526123046875e+01
1.685185241699218750e+01 1.443705558776855469e+00 6.929393005371093750e+01
1.687107276916503906e+01 8.603120446205139160e-01 7.156407165527343750e+01
1.335592460632324219e+01 2.274470806121826172e+00 6.989996337890625000e+01
1.865488815307617188e+01 1.686346411705017090e+00 6.990000915527343750e+01
1.619975090026855469e+01 7.846652269363403320e-01 7.159481811523437500e+01
1.579265785217285156e+01 1.394585132598876953e+00 6.895970153808593750e+01
1.738548660278320312e+01 8.602966070175170898e-01 7.137035369873046875e+01
1.545268535614013672e+01 8.603050708770751953e-01 7.117356872558593750e+01
1.713354110717773438e+01 8.793381452560424805e-01 6.989997863769531250e+01
1.649054145812988281e+01 4.002884030342102051e-01 7.089999389648437500e+01
1.519927310943603516e+01 9.777216911315917969e-01 6.989996337890625000e+01
2.856019020080566406e+01 4.393437862396240234e+00 6.990004730224609375e+01
1.649054145812988281e+01 4.002884030342102051e-01 7.089999389648437500e+01
1.649542045593261719e+01 6.837689280509948730e-01 6.989997863769531250e+01
1.649054145812988281e+01 4.002884030342102051e-01 7.089999389648437500e+01
5.700421333312988281e+00 2.988648176193237305e+00 6.989997100830078125e+01
1.780813026428222656e+01 7.593286037445068359e-01 6.989999389648437500e+01
1.649054145812988281e+01 4.002884030342102051e-01 7.089999389648437500e+01
1.586123943328857422e+01 6.062405109405517578e-01 6.989997100830078125e+01
1.807486534118652344e+01 6.520962715148925781e-01 7.133419036865234375e+01
1.649054145812988281e+01 4.002884030342102051e-01 7.089999389648437500e+01
1.686128616333007812e+01 5.195304155349731445e-01 6.989997100830078125e+01
1.677340507507324219e+01 4.687736630439758301e-01 7.159484100341796875e+01
1.438041019439697266e+01 5.658110976219177246e-01 6.989996337890625000e+01
1.973394012451171875e+01 5.719240903854370117e-01 6.990001678466796875e+01
1.649054145812988281e+01 4.002883732318878174e-01 7.089999389648437500e+01
1.627579879760742188e+01 4.106203317642211914e-01 6.989997863769531250e+01
1.746873092651367188e+01 3.881678581237792969e-01 7.159485626220703125e+01
1.092753601074218750e+01 2.303302586078643799e-01 7.159329986572265625e+01
1.793771171569824219e+01 2.873814404010772705e-01 6.919979858398437500e+01
1.651588058471679688e+01 3.510028719902038574e-01 7.159482574462890625e+01
1.648879432678222656e+01 4.000612199306488037e-01 7.089822387695312500e+01
2.071336746215820312e+01 -7.245465368032455444e-02 7.111591339111328125e+01
1.564954090118408203e+01 2.557832300662994385e-01 7.159487152099609375e+01
1.649070358276367188e+01 4.001075625419616699e-01 7.089882659912109375e+01
1.696902465820312500e+01 2.532250285148620605e-01 7.159490203857421875e+01
1.647277069091796875e+01 3.967224061489105225e-01 7.089590454101562500e+01
1.649431991577148438e+01 3.993459045886993408e-01 7.089785003662109375e+01
1.626508331298828125e+01 2.257696241140365601e-01 7.159497070312500000e+01
1.648940086364746094e+01 3.995712697505950928e-01 7.089749145507812500e+01
1.812859344482421875e+01 -1.041159629821777344e-01 7.159494018554687500e+01
1.452873134613037109e+01 -2.373326569795608521e-01 7.159482574462890625e+01
1.649184989929199219e+01 3.993700146675109863e-01 7.089753723144531250e+01
1.667009925842285156e+01 1.465266346931457520e-01 7.159491729736328125e+01
1.648416328430175781e+01 3.974138498306274414e-01 7.089585113525390625e+01
1.651149940490722656e+01 3.917272686958312988e-01 7.089649963378906250e+01
1.594688606262207031e+01 2.212042361497879028e-02 7.159494781494140625e+01
1.649029159545898438e+01 3.988245129585266113e-01 7.089678955078125000e+01
1.723440933227539062e+01 -9.057547897100448608e-02 7.159490966796875000e+01
1.647656059265136719e+01 3.931538164615631104e-01 7.089985656738281250e+01
1.649494552612304688e+01 3.970951437950134277e-01 7.089603424072265625e+01
1.642270660400390625e+01 2.514871070161461830e-03 7.159501647949218750e+01
1.648743820190429688e+01 3.971838951110839844e-01 7.089586639404296875e+01
1.773121261596679688e+01 -3.997164070606231689e-01 7.113195800781250000e+01
1.547609138488769531e+01 -3.981177806854248047e-01 7.153148651123046875e+01
1.649164772033691406e+01 3.973921835422515869e-01 7.089603424072265625e+01
1.684292411804199219e+01 -1.780109256505966187e-01 7.159497833251953125e+01
1.648273849487304688e+01 3.937653899192810059e-01 7.089705657958984375e+01
1.649900627136230469e+01 3.927638530731201172e-01 7.089659881591796875e+01
1.615702056884765625e+01 -2.707161307334899902e-01 7.159496307373046875e+01
1.648926544189453125e+01 3.962434828281402588e-01 7.089578247070312500e+01
1.719862747192382812e+01 -3.996954858303070068e-01 7.131962585449218750e+01
1.572971248626708984e+01 -3.996959328651428223e-01 7.105949401855468750e+01
1.649347877502441406e+01 3.947884738445281982e-01 7.089590454101562500e+01
1.657245063781738281e+01 -3.997050821781158447e-01 7.158440399169921875e+01
1.648662185668945312e+01 3.938928246498107910e-01 7.089662170410156250e+01
1.649740982055664062e+01 3.911903500556945801e-01 7.089978027343750000e+01
1.608820343017578125e+01 -3.997063040733337402e-01 7.129264068603515625e+01
1.649075698852539062e+01 3.943448066711425781e-01 7.089613342285156250e+01
1.679189300537109375e+01 -3.967656791210174561e-01 7.126836395263671875e+01
1.648624038696289062e+01 3.922846019268035889e-01 7.089937591552734375e+01
1.649381256103515625e+01 3.921641111373901367e-01 7.089776611328125000e+01
1.641205596923828125e+01 -3.997096121311187744e-01 7.123362731933593750e+01
1.648919105529785156e+01 3.927199542522430420e-01 7.089758300781250000e+01
1.671331214904785156e+01 -3.996822237968444824e-01 7.097346496582031250e+01
1.634164810180664062e+01 -3.997055888175964355e-01 7.096703338623046875e+01
1.649054145812988281e+01 3.918327987194061279e-01 7.089999389648437500e+01
