-4.557171344757080078e+00 1.457795906066894531e+01 7.089995574951171875e+01
-6.134359359741210938e+00 1.133950042724609375e+01 7.234478759765625000e+01
-4.469415664672851562e+00 4.283491611480712891e+00 6.990002441406250000e+01
-3.449352025985717773e+00 5.849263668060302734e+00 7.234490966796875000e+01
-1.020952892303466797e+01 1.425829982757568359e+01 6.990013122558593750e+01
-2.985085248947143555e+00 4.684785366058349609e+00 6.989992523193359375e+01
-4.945613384246826172e+00 3.615729808807373047e+00 7.234494018554687500e+01
-5.076503753662109375e+00 2.747344732284545898e+00 6.990001678466796875e+01
-6.008734703063964844e-01 7.338561534881591797e+00 7.234478759765625000e+01
-8.057973861694335938e+00 6.249784946441650391e+00 7.234503936767578125e+01
-4.091405868530273438e+00 2.315313339233398438e+00 6.990464019775390625e+01
-4.103945732116699219e+00 2.734252214431762695e+00 7.234490966796875000e+01
-6.282455444335937500e+00 3.174617528915405273e+00 6.990011596679687500e+01
-8.890282362699508667e-03 5.943889141082763672e+00 6.990003204345703125e+01
-5.573039054870605469e+00 2.678036212921142578e+00 7.234492492675781250e+01
-4.686758518218994141e+00 1.840388894081115723e+00 6.989994049072265625e+01
-2.842715740203857422e+00 2.921470165252685547e+00 7.234490203857421875e+01
-2.039155578613281250e+01 1.465539646148681641e+01 7.155475616455078125e+01
-3.553784132003784180e+00 2.028092145919799805e+00 6.990145111083984375e+01
-4.623986721038818359e+00 1.991916060447692871e+00 7.234489440917968750e+01
-5.391636848449707031e+00 1.826905369758605957e+00 6.989998626708984375e+01
6.181947708129882812e+00 8.490809440612792969e+00 7.234488677978515625e+01
-6.633957862854003906e+00 2.550758361816406250e+00 7.234493255615234375e+01
-4.332199573516845703e+00 1.510007023811340332e+00 6.989993286132812500e+01
-3.729194879531860352e+00 1.861257314682006836e+00 7.234488677978515625e+01
-7.691055297851562500e+00 2.734062671661376953e+00 6.990016174316406250e+01
-2.392648696899414062e+00 2.146481513977050781e+00 6.989989471435546875e+01
-5.161887168884277344e+00 1.659655332565307617e+00 7.234489440917968750e+01
-4.915179252624511719e+00 1.370383381843566895e+00 6.990460205078125000e+01
-1.807962179183959961e+00 2.273433208465576172e+00 7.234486389160156250e+01
-1.003912353515625000e+01 3.290124893188476562e+00 7.234497833251953125e+01
-3.914161682128906250e+00 1.339375257492065430e+00 6.989992523193359375e+01
-4.308847904205322266e+00 1.414422512054443359e+00 7.234487915039062500e+01
-5.848344326019287109e+00 1.437709450721740723e+00 6.990000152587890625e+01
7.513092041015625000e+00 4.853671073913574219e+00 6.989995574951171875e+01
-5.893877506256103516e+00 1.463376998901367188e+00 7.234489440917968750e+01
-4.552292823791503906e+00 1.143799185752868652e+00 6.989994049072265625e+01
-3.246419668197631836e+00 1.369460225105285645e+00 7.234487152099609375e+01
-1.534524726867675781e+01 3.448188066482543945e+00 6.990011596679687500e+01
-3.239533424377441406e+00 1.219372153282165527e+00 6.989991760253906250e+01
-4.820033550262451172e+00 1.147517323493957520e+00 7.234487915039062500e+01
-5.186459064483642578e+00 1.066266059875488281e+00 6.989995574951171875e+01
7.148724794387817383e-01 1.698241949081420898e+00 7.234480285644531250e+01
-7.372850418090820312e+00 1.279528260231018066e+00 7.234491729736328125e+01
-4.186427593231201172e+00 9.795603156089782715e-01 6.989994049072265625e+01
-3.969708204269409180e+00 1.002551317214965820e+00 7.234304046630859375e+01
-6.667076587677001953e+00 1.025823593139648438e+00 6.990003204345703125e+01
1.422572255134582520e+00 1.176757574081420898e+00 6.905633544921875000e+01
-5.403980255126953125e+00 9.110929965972900391e-01 7.234488677978515625e+01
-4.771911621093750000e+00 8.706504702568054199e-01 6.989994812011718750e+01
-3.578868150711059570e+00 8.481966853141784668e-01 7.159489440917968750e+01
-1.013400554656982422e+01 6.899380087852478027e-01 7.159498596191406250e+01
-4.557170867919921875e+00 8.603185415267944336e-01 7.089995574951171875e+01
-4.531836509704589844e+00 8.110404014587402344e-01 7.159468078613281250e+01
-4.557172298431396484e+00 8.603184819221496582e-01 7.089995574951171875e+01
-4.557119369506835938e+00 8.603127598762512207e-01 7.089995574951171875e+01
-5.398153781890869141e+00 7.158166170120239258e-01 7.159481811523437500e+01
-4.557171344757080078e+00 8.603184223175048828e-01 7.089995574951171875e+01
-4.078652858734130859e+00 7.132445573806762695e-01 7.159490966796875000e+01
-4.557172298431396484e+00 8.603184223175048828e-01 7.089995574951171875e+01
-4.557170867919921875e+00 8.603185415267944336e-01 7.089995574951171875e+01
-4.782482624053955078e+00 6.859138607978820801e-01 7.159448242187500000e+01
-4.557171344757080078e+00 8.603185415267944336e-01 7.089995574951171875e+01
-3.258068561553955078e+00 4.602865874767303467e-01 7.145110321044921875e+01
-5.787938117980957031e+00 4.602987468242645264e-01 7.133586883544921875e+01
-4.557171344757080078e+00 8.603185415267944336e-01 7.089995574951171875e+01
-4.377650260925292969e+00 6.066098809242248535e-01 7.159473419189453125e+01
-4.557171821594238281e+00 8.603184819221496582e-01 7.089995574951171875e+01
-4.557170391082763672e+00 8.603183031082153320e-01 7.089995574951171875e+01
-5.100734710693359375e+00 4.822144508361816406e-01 7.159479522705078125e+01
-4.557171344757080078e+00 8.603185415267944336e-01 7.089995574951171875e+01
-3.950974941253662109e+00 4.603013694286346436e-01 7.146625518798828125e+01
-4.557176113128662109e+00 8.603161573410034180e-01 7.089995574951171875e+01
-4.557171344757080078e+00 8.603184223175048828e-01 7.089995574951171875e+01
-4.624981880187988281e+00 4.626907408237457275e-01 7.159471893310546875e+01
-4.557171344757080078e+00 8.603184819221496582e-01 7.089995574951171875e+01
-4.557161331176757812e+00 8.603121042251586914e-01 7.089995574951171875e+01
-5.065423011779785156e+00 4.603076279163360596e-01 7.121633911132812500e+01
-4.557171344757080078e+00 8.603184819221496582e-01 7.089995574951171875e+01
-4.313426017761230469e+00 4.603064060211181641e-01 7.138068389892578125e+01
-4.557171821594238281e+00 8.603183031082153320e-01 7.089995574951171875e+01
-4.557170867919921875e+00 8.603183031082153320e-01 7.089995574951171875e+01
-4.755994319915771484e+00 4.603102505207061768e-01 7.131424713134765625e+01
-4.557171344757080078e+00 8.603184223175048828e-01 7.089995574951171875e+01
-4.557166576385498047e+00 8.603130578994750977e-01 7.089995574951171875e+01
-4.557178020477294922e+00 8.603118062019348145e-01 7.089995574951171875e+01
-4.557171344757080078e+00 8.603183627128601074e-01 7.089995574951171875e+01
-4.516216278076171875e+00 4.603118896484375000e-01 7.124217224121093750e+01
-4.557171344757080078e+00 8.603183031082153320e-01 7.089995574951171875e+01
-4.557169914245605469e+00 8.603165149688720703e-01 7.089995574951171875e+01
-4.557174205780029297e+00 8.603129386901855469e-01 7.089995574951171875e+01
-4.557171344757080078e+00 8.603183627128601074e-01 7.089995574951171875e+01
-4.557168960571289062e+00 8.603127598762512207e-01 7.089995574951171875e+01
-4.557171821594238281e+00 8.603178858757019043e-01 7.089995574951171875e+01
-4.557171344757080078e+00 8.603183031082153320e-01 7.089995574951171875e+01
-4.557171821594238281e+00 8.603125810623168945e-01 7.089995574951171875e+01
-4.557171344757080078e+00 8.603183031082153320e-01 7.089995574951171875e+01
-4.557169437408447266e+00 8.603115677833557129e-01 7.089995574951171875e+01
-4.557172775268554688e+00 8.603115677833557129e-01 7.089995574951171875e+01
-4.557171344757080078e+00 8.603115677833557129e-01 7.089995574951171875e+01
