-1.163992500305175781e+01 4.602750241756439209e-01 7.090012359619140625e+01
-1.164878273010253906e+01 4.591564238071441650e-01 7.090824127197265625e+01
-1.155214118957519531e+01 3.824566364288330078e+00 6.989987182617187500e+01
-1.162660694122314453e+01 4.602766931056976318e-01 7.091749572753906250e+01
-1.166508579254150391e+01 4.599423706531524658e-01 7.089567565917968750e+01
-1.006766700744628906e+01 4.225186824798583984e+00 6.989997863769531250e+01
-1.164838027954101562e+01 4.602774381637573242e-01 7.093157958984375000e+01
-1.215933990478515625e+01 2.287628412246704102e+00 6.990002441406250000e+01
-1.160329818725585938e+01 4.602768123149871826e-01 7.091349792480468750e+01
-1.167888164520263672e+01 4.602756500244140625e-01 7.091620635986328125e+01
-1.117192173004150391e+01 1.862287044525146484e+00 6.990002441406250000e+01
-1.162541866302490234e+01 4.602790772914886475e-01 7.094637298583984375e+01
-1.336558628082275391e+01 2.715106964111328125e+00 6.990007019042968750e+01
-7.091496467590332031e+00 5.484037399291992188e+00 6.990016174316406250e+01
-1.167344379425048828e+01 4.602783024311065674e-01 7.094779968261718750e+01
-1.176951980590820312e+01 1.380427718162536621e+00 6.990004730224609375e+01
-1.159003639221191406e+01 4.602793753147125244e-01 7.094216918945312500e+01
-1.170876312255859375e+01 4.602740108966827393e-01 7.090296936035156250e+01
-1.063499641418457031e+01 1.569869637489318848e+00 6.990008544921875000e+01
-1.164346694946289062e+01 4.602812230587005615e-01 7.097671508789062500e+01
-1.247444057464599609e+01 1.366947174072265625e+00 6.990009307861328125e+01
-1.155551528930664062e+01 4.602774977684020996e-01 7.091148376464843750e+01
-1.171360874176025391e+01 4.602778851985931396e-01 7.095139312744140625e+01
-1.141494464874267578e+01 1.050015211105346680e+00 6.990006256103515625e+01
-1.159030818939208984e+01 4.602830111980438232e-01 7.098670959472656250e+01
-1.475310325622558594e+01 2.261665821075439453e+00 6.990693664550781250e+01
-9.475606918334960938e+00 1.686343312263488770e+00 6.990015411376953125e+01
-1.168530178070068359e+01 4.602830410003662109e-01 7.100855255126953125e+01
-1.199961280822753906e+01 9.127604365348815918e-01 6.990010070800781250e+01
-1.152323341369628906e+01 4.602821767330169678e-01 7.096145629882812500e+01
-1.175882720947265625e+01 4.530037045478820801e-01 7.093146514892578125e+01
-1.099692058563232422e+01 8.793544173240661621e-01 6.990010833740234375e+01
-1.161304187774658203e+01 4.602882862091064453e-01 7.105654907226562500e+01
-1.293121719360351562e+01 9.777461290359497070e-01 6.990007781982421875e+01
4.323033094406127930e-01 4.394304752349853516e+00 6.989996337890625000e+01
-1.177287578582763672e+01 4.602828323841094971e-01 7.104383850097656250e+01
-1.163504695892333984e+01 6.837893724441528320e-01 6.990008544921875000e+01
-1.148548507690429688e+01 4.602917730808258057e-01 7.107037353515625000e+01
-2.243011856079101562e+01 2.988679170608520508e+00 6.990009307861328125e+01
-1.032234859466552734e+01 7.593386769294738770e-01 6.990013122558593750e+01
-1.169483757019042969e+01 4.602986574172973633e-01 7.120197296142578125e+01
-1.226922798156738281e+01 6.062543988227844238e-01 6.990010070800781250e+01
-1.126248931884765625e+01 4.602904319763183594e-01 7.100356292724609375e+01
-1.204281330108642578e+01 4.602855741977691650e-01 7.110688018798828125e+01
-1.126918220520019531e+01 5.195432305335998535e-01 6.990010833740234375e+01
-1.139208126068115234e+01 4.603081643581390381e-01 7.150894165039062500e+01
-1.375016975402832031e+01 5.658335089683532715e-01 6.990003967285156250e+01
-8.396273612976074219e+00 5.719510316848754883e-01 6.990007019042968750e+01
-1.248669338226318359e+01 4.510738551616668701e-01 7.234498596191406250e+01
-1.185466575622558594e+01 4.106338024139404297e-01 6.990011596679687500e+01
-1.066209030151367188e+01 3.881857991218566895e-01 7.159473419189453125e+01
-1.719808959960937500e+01 2.304916679859161377e-01 7.159282684326171875e+01
-1.019275856018066406e+01 2.873952984809875488e-01 6.919993591308593750e+01
-1.161458301544189453e+01 3.510109186172485352e-01 7.159503173828125000e+01
-1.331548976898193359e+01 1.823869645595550537e-01 6.919985198974609375e+01
-1.163992500305175781e+01 4.003019034862518311e-01 7.090012359619140625e+01
-1.248085594177246094e+01 2.558087408542633057e-01 7.159494018554687500e+01
-1.140270900726318359e+01 1.371550559997558594e-01 6.919987487792968750e+01
-1.116158199310302734e+01 2.532817125320434570e-01 7.159482574462890625e+01
-1.163992500305175781e+01 4.003018140792846680e-01 7.090012359619140625e+01
-1.163992500305175781e+01 4.003018736839294434e-01 7.090012359619140625e+01
-1.186532783508300781e+01 2.258265167474746704e-01 7.159493255615234375e+01
-1.163992500305175781e+01 4.003018736839294434e-01 7.090012359619140625e+01
-1.000240802764892578e+01 -1.039376780390739441e-01 7.159484100341796875e+01
-1.360140419006347656e+01 -2.372117936611175537e-01 7.159484100341796875e+01
-1.163992500305175781e+01 4.003018736839294434e-01 7.090012359619140625e+01
-1.146037387847900391e+01 1.465510725975036621e-01 7.159501647949218750e+01
-1.163992500305175781e+01 4.003018438816070557e-01 7.090012359619140625e+01
-1.163992500305175781e+01 4.003017246723175049e-01 7.090012359619140625e+01
-1.218348598480224609e+01 2.219924330711364746e-02 7.159495544433593750e+01
-1.163992500305175781e+01 4.003018736839294434e-01 7.090012359619140625e+01
-1.089632797241210938e+01 -9.038330614566802979e-02 7.159477996826171875e+01
-1.163992500305175781e+01 4.003016948699951172e-01 7.090012359619140625e+01
-1.163992500305175781e+01 4.003018140792846680e-01 7.090012359619140625e+01
-1.170774269104003906e+01 2.633000025525689125e-03 7.159496307373046875e+01
-1.163992500305175781e+01 4.003018140792846680e-01 7.090012359619140625e+01
-1.039924144744873047e+01 -3.997109830379486084e-01 7.113208770751953125e+01
-1.265216445922851562e+01 -3.963642716407775879e-01 7.153024291992187500e+01
-1.163992500305175781e+01 4.003018140792846680e-01 7.090012359619140625e+01
-1.128760242462158203e+01 -1.778979748487472534e-01 7.159499359130859375e+01
-1.163992500305175781e+01 4.003017246723175049e-01 7.090012359619140625e+01
-1.163992500305175781e+01 4.003017246723175049e-01 7.090012359619140625e+01
-1.197342109680175781e+01 -2.706525027751922607e-01 7.159503936767578125e+01
-1.163992500305175781e+01 4.003017842769622803e-01 7.090012359619140625e+01
-1.093180656433105469e+01 -3.997180759906768799e-01 7.131977081298828125e+01
-1.240077400207519531e+01 -3.997035026550292969e-01 7.105963134765625000e+01
-1.163992500305175781e+01 4.003017544746398926e-01 7.090012359619140625e+01
-1.155801582336425781e+01 -3.997033536434173584e-01 7.158454895019531250e+01
-1.163992500305175781e+01 4.003017246723175049e-01 7.090012359619140625e+01
-1.163992500305175781e+01 4.003016948699951172e-01 7.090012359619140625e+01
-1.204226398468017578e+01 -3.996932506561279297e-01 7.129277038574218750e+01
-1.163992500305175781e+01 4.003017544746398926e-01 7.090012359619140625e+01
-1.133794784545898438e+01 -3.984063267707824707e-01 7.126925659179687500e+01
-1.163992500305175781e+01 4.003016948699951172e-01 7.090012359619140625e+01
-1.163992500305175781e+01 4.003016948699951172e-01 7.090012359619140625e+01
-1.171840953826904297e+01 -3.996956050395965576e-01 7.123375701904296875e+01
-1.163992500305175781e+01 4.003016948699951172e-01 7.090012359619140625e+01
-1.141714191436767578e+01 -3.997111022472381592e-01 7.097360229492187500e+01
-1.178881931304931641e+01 -3.996936082839965820e-01 7.096716308593750000e+01
-1.163992500305175781e+01 9.603680111467838287e-03 7.090012359619140625e+01
