1.767482948303222656e+01 7.794753074645996094e+00 7.090003967285156250e+01
1.767430877685546875e+01 7.793984413146972656e+00 7.090052032470703125e+01
1.767482948303222656e+01 7.790535926818847656e+00 7.090003204345703125e+01
1.767572593688964844e+01 7.794554233551025391e+00 7.090120697021484375e+01
1.767482948303222656e+01 7.790519714355468750e+00 7.090003967285156250e+01
1.767483711242675781e+01 7.790537834167480469e+00 7.090003204345703125e+01
1.767419052124023438e+01 7.795045375823974609e+00 7.090241241455078125e+01
1.767482757568359375e+01 7.790525913238525391e+00 7.090003967285156250e+01
1.767671203613281250e+01 7.793602943420410156e+00 7.090072631835937500e+01
1.767336845397949219e+01 7.792768955230712891e+00 7.090064239501953125e+01
1.767483139038085938e+01 7.790525913238525391e+00 7.090003204345703125e+01
1.767579650878906250e+01 7.794518947601318359e+00 7.090312194824218750e+01
1.767482757568359375e+01 7.790521144866943359e+00 7.090003967285156250e+01
1.767485237121582031e+01 7.790544033050537109e+00 7.090003204345703125e+01
1.767247581481933594e+01 7.794730186462402344e+00 7.090338897705078125e+01
1.767482948303222656e+01 7.790523529052734375e+00 7.090003204345703125e+01
1.767691040039062500e+01 7.793021678924560547e+00 7.090179443359375000e+01
1.767273139953613281e+01 7.792346000671386719e+00 7.090012359619140625e+01
1.767483520507812500e+01 7.790524482727050781e+00 7.090003204345703125e+01
1.767473793029785156e+01 7.792065143585205078e+00 7.090201568603515625e+01
1.767482757568359375e+01 7.790521144866943359e+00 7.090003967285156250e+01
1.847230911254882812e+01 8.357153892517089844e+00 7.100733947753906250e+01
1.767188262939453125e+01 7.792917251586914062e+00 7.090209197998046875e+01
1.767483139038085938e+01 7.790522098541259766e+00 7.090003204345703125e+01
1.767690849304199219e+01 7.793033123016357422e+00 7.090367126464843750e+01
1.767296409606933594e+01 7.791633605957031250e+00 7.089944458007812500e+01
1.767484092712402344e+01 7.790524959564208984e+00 7.090003204345703125e+01
1.767419433593750000e+01 7.791358470916748047e+00 7.090155792236328125e+01
1.767482757568359375e+01 7.790521144866943359e+00 7.090003204345703125e+01
1.844680595397949219e+01 8.187319755554199219e+00 7.130577087402343750e+01
1.219385051727294922e+01 1.021989345550537109e+01 7.234481048583984375e+01
1.767483329772949219e+01 7.790521144866943359e+00 7.090003204345703125e+01
1.767641067504882812e+01 7.794044971466064453e+00 7.090923309326171875e+01
1.767325210571289062e+01 7.791224479675292969e+00 7.089881896972656250e+01
1.767488861083984375e+01 7.790538787841796875e+00 7.090003204345703125e+01
1.767412567138671875e+01 7.790836334228515625e+00 7.090080261230468750e+01
1.767482948303222656e+01 7.790520191192626953e+00 7.090003204345703125e+01
1.830516433715820312e+01 8.035362243652343750e+00 7.159489440917968750e+01
1.767386817932128906e+01 7.790749073028564453e+00 7.089994812011718750e+01
1.767483520507812500e+01 7.790520668029785156e+00 7.090003204345703125e+01
1.767471885681152344e+01 7.790638923645019531e+00 7.090064239501953125e+01
1.767468070983886719e+01 7.790567398071289062e+00 7.089980316162109375e+01
1.823045921325683594e+01 7.878829002380371094e+00 7.105231475830078125e+01
1.485913658142089844e+01 8.209730148315429688e+00 7.234500885009765625e+01
1.767483139038085938e+01 7.790519237518310547e+00 7.090003204345703125e+01
1.795767402648925781e+01 7.858999252319335938e+00 7.159484100341796875e+01
1.767159652709960938e+01 7.790772438049316406e+00 7.089850616455078125e+01
1.767484474182128906e+01 7.790519714355468750e+00 7.090003204345703125e+01
1.682800674438476562e+01 7.841293811798095703e+00 7.234499359130859375e+01
1.746013641357421875e+01 7.800848484039306641e+00 6.990025329589843750e+01
1.807477951049804688e+01 7.785562992095947266e+00 7.118414306640625000e+01
6.081840038299560547e+00 7.436335563659667969e+00 7.234484863281250000e+01
1.767483329772949219e+01 7.790518283843994141e+00 7.090003204345703125e+01
1.770016288757324219e+01 7.741242885589599609e+00 7.159473419189453125e+01
1.767242622375488281e+01 7.790205955505371094e+00 7.089759826660156250e+01
1.807455253601074219e+01 7.745769977569580078e+00 7.092047882080078125e+01
1.592599678039550781e+01 7.490025043487548828e+00 7.234500885009765625e+01
1.767482948303222656e+01 7.790517807006835938e+00 7.090003204345703125e+01
1.807487106323242188e+01 7.667564868927001953e+00 7.148102569580078125e+01
1.332880687713623047e+01 6.918426513671875000e+00 6.990003204345703125e+01
1.767483901977539062e+01 7.790516376495361328e+00 7.090003204345703125e+01
1.720606422424316406e+01 7.427666664123535156e+00 7.234501647949218750e+01
1.672870445251464844e+01 7.195507526397705078e+00 6.882574462890625000e+01
1.807487106323242188e+01 7.667334079742431641e+00 7.106975555419921875e+01
1.359524345397949219e+01 6.464584827423095703e+00 7.234494781494140625e+01
1.767483139038085938e+01 7.790516853332519531e+00 7.090003204345703125e+01
1.785437774658203125e+01 7.536771297454833984e+00 7.159492492675781250e+01
1.613638114929199219e+01 7.097066879272460938e+00 6.990019226074218750e+01
1.767486000061035156e+01 7.790506362915039062e+00 7.090003204345703125e+01
1.654446029663085938e+01 7.004230976104736328e+00 7.234498596191406250e+01
1.759689521789550781e+01 7.334172248840332031e+00 6.990010070800781250e+01
1.807487487792968750e+01 7.526536941528320312e+00 7.127375793457031250e+01
1.767483520507812500e+01 7.790514945983886719e+00 7.090003204345703125e+01
1.753380012512207031e+01 6.963545322418212891e+00 7.234498596191406250e+01
1.692348098754882812e+01 7.038702487945556641e+00 6.989997863769531250e+01
1.807487487792968750e+01 7.532563209533691406e+00 7.097483062744140625e+01
1.535367584228515625e+01 5.963694095611572266e+00 7.234495544433593750e+01
1.767483139038085938e+01 7.790514945983886719e+00 7.090003204345703125e+01
1.802712059020996094e+01 7.212369441986083984e+00 7.159484863281250000e+01
1.407757568359375000e+01 4.783709526062011719e+00 6.954640960693359375e+01
1.767484283447265625e+01 7.790507793426513672e+00 7.090003204345703125e+01
1.698139953613281250e+01 6.395419597625732422e+00 7.234496307373046875e+01
1.737183380126953125e+01 6.829918384552001953e+00 6.989997863769531250e+01
1.807488059997558594e+01 7.338548660278320312e+00 7.113712310791015625e+01
1.078268241882324219e+01 5.436721444129943848e-01 7.234491729736328125e+01
1.767483329772949219e+01 7.790512084960937500e+00 7.090003204345703125e+01
1.775798606872558594e+01 6.978328227996826172e+00 7.159488677978515625e+01
1.548459720611572266e+01 4.216491699218750000e+00 6.901725769042968750e+01
1.767498016357421875e+01 7.790318489074707031e+00 7.090003204345703125e+01
1.619427871704101562e+01 4.846651554107666016e+00 7.234490966796875000e+01
1.767482948303222656e+01 7.790511131286621094e+00 7.090003204345703125e+01
1.807488441467285156e+01 6.732404708862304688e+00 7.138906097412109375e+01
1.075347423553466797e+01 -5.087540149688720703e+00 6.989994049072265625e+01
1.767483711242675781e+01 7.790500640869140625e+00 7.090003204345703125e+01
1.733560371398925781e+01 4.332773208618164062e+00 7.234207916259765625e+01
1.711472320556640625e+01 4.650067329406738281e+00 6.990008544921875000e+01
1.807487869262695312e+01 6.353943347930908203e+00 7.103198242187500000e+01
1.638498878479003906e+01 8.603141307830810547e-01 7.148077392578125000e+01
1.767482948303222656e+01 6.676804542541503906e+00 7.090003967285156250e+01
