2.030685234069824219e+01 -2.769653797149658203e-01 7.090005493164062500e+01
2.012659835815429688e+01 4.003038108348846436e-01 7.106518554687500000e+01
2.039461135864257812e+01 2.625970840454101562e+00 6.990008544921875000e+01
2.051243209838867188e+01 1.284648776054382324e-01 7.116819763183593750e+01
1.465336799621582031e+01 1.260331344604492188e+01 6.990003204345703125e+01
2.187898254394531250e+01 3.027237415313720703e+00 6.989999389648437500e+01
2.013801574707031250e+01 4.003026485443115234e-01 7.152812194824218750e+01
1.978747367858886719e+01 1.089852929115295410e+00 6.990002441406250000e+01
2.073582649230957031e+01 -9.491463750600814819e-02 7.105671691894531250e+01
1.952889633178710938e+01 4.003194272518157959e-01 7.122118377685546875e+01
2.077398872375488281e+01 6.619359850883483887e-01 6.990180969238281250e+01
2.052477836608886719e+01 1.037104055285453796e-01 7.159483337402343750e+01
1.858120727539062500e+01 1.517444610595703125e+00 6.990000915527343750e+01
2.485532569885253906e+01 4.286447525024414062e+00 6.990008544921875000e+01
1.981838798522949219e+01 7.668293267488479614e-02 7.159484863281250000e+01
2.017726325988769531e+01 1.827457249164581299e-01 6.990002441406250000e+01
2.081890106201171875e+01 -1.817431449890136719e-01 7.133161163330078125e+01
1.893519592285156250e+01 3.976616859436035156e-01 7.095677947998046875e+01
2.131178665161132812e+01 3.722364306449890137e-01 6.990000915527343750e+01
2.027472686767578125e+01 -2.532467246055603027e-01 7.159481048583984375e+01
1.947232437133789062e+01 1.693196296691894531e-01 6.990000915527343750e+01
2.096829414367675781e+01 -3.273632526397705078e-01 7.098905181884765625e+01
1.930823898315429688e+01 1.550124678760766983e-02 7.159486389160156250e+01
2.053182411193847656e+01 -1.476517319679260254e-01 6.990003967285156250e+01
2.070498657226562500e+01 -3.160340189933776855e-01 7.159485626220703125e+01
1.717209815979003906e+01 1.076925873756408691e+00 6.989998626708984375e+01
2.480548667907714844e+01 1.875756859779357910e+00 6.882157135009765625e+01
2.001608085632324219e+01 -4.129860997200012207e-01 7.159484100341796875e+01
1.994716453552246094e+01 -2.848813235759735107e-01 6.990003204345703125e+01
2.105412673950195312e+01 -4.132343232631683350e-01 7.129280090332031250e+01
1.767111587524414062e+01 3.709180057048797607e-01 7.159482574462890625e+01
2.094985008239746094e+01 -3.182912766933441162e-01 6.990004730224609375e+01
2.042626953125000000e+01 -5.308724045753479004e-01 7.159490966796875000e+01
1.901556968688964844e+01 -2.198990881443023682e-01 6.990001678466796875e+01
2.893952941894531250e+01 2.058715343475341797e+00 7.018485260009765625e+01
2.030685234069824219e+01 -7.973386645317077637e-01 7.090005493164062500e+01
2.031173133850097656e+01 -5.138613581657409668e-01 6.990005493164062500e+01
2.093720245361328125e+01 -5.524888634681701660e-01 7.159492492675781250e+01
9.618852615356445312e+00 1.766524195671081543e+00 6.990949249267578125e+01
2.162445640563964844e+01 -4.382941722869873047e-01 6.990003967285156250e+01
2.018043518066406250e+01 -6.592183113098144531e-01 7.159494781494140625e+01
1.967755889892578125e+01 -5.913894772529602051e-01 6.990004730224609375e+01
2.128306770324707031e+01 -6.421818733215332031e-01 7.116759490966796875e+01
2.030685234069824219e+01 -7.973386645317077637e-01 7.090005493164062500e+01
2.067758369445800781e+01 -6.781007647514343262e-01 6.990007019042968750e+01
2.058974456787109375e+01 -7.288467884063720703e-01 7.159497070312500000e+01
1.819672584533691406e+01 -6.318162679672241211e-01 6.990002441406250000e+01
2.355050277709960938e+01 -6.256895065307617188e-01 6.990000152587890625e+01
2.030685234069824219e+01 -7.973386645317077637e-01 7.090005493164062500e+01
2.009211540222167969e+01 -7.870069742202758789e-01 6.990006256103515625e+01
2.128493690490722656e+01 -8.094578981399536133e-01 7.159484100341796875e+01
1.767485237121582031e+01 -8.777501583099365234e-01 7.122807312011718750e+01
2.115801620483398438e+01 -8.637456297874450684e-01 6.990007019042968750e+01
2.030685234069824219e+01 -7.973386645317077637e-01 7.090005493164062500e+01
1.932138442993164062e+01 -9.255033135414123535e-01 6.990005493164062500e+01
2.158086395263671875e+01 -9.399636387825012207e-01 7.096519470214843750e+01
2.030685234069824219e+01 -7.973386645317077637e-01 7.090005493164062500e+01
2.044636726379394531e+01 -9.521042704582214355e-01 6.990007781982421875e+01
2.078530120849609375e+01 -9.443913102149963379e-01 7.159490966796875000e+01
1.596892070770263672e+01 -1.667807221412658691e+00 6.990190887451171875e+01
2.207184982299804688e+01 -1.237665414810180664e+00 6.990007781982421875e+01
2.030685234069824219e+01 -7.973386645317077637e-01 7.090005493164062500e+01
1.985074424743652344e+01 -1.084182381629943848e+00 6.990007781982421875e+01
2.194158744812011719e+01 -1.300721764564514160e+00 7.159358978271484375e+01
2.030685234069824219e+01 -7.973386645317077637e-01 7.090005493164062500e+01
2.083864402770996094e+01 -1.170761585235595703e+00 6.990010070800781250e+01
2.030685234069824219e+01 -7.973386645317077637e-01 7.090005493164062500e+01
1.876819419860839844e+01 -1.490885734558105469e+00 6.990007019042968750e+01
2.876991271972656250e+01 -4.254548549652099609e+00 6.948806762695312500e+01
2.030685234069824219e+01 -7.973386645317077637e-01 7.090005493164062500e+01
2.022891807556152344e+01 -1.253695011138916016e+00 6.990009307861328125e+01
2.105063056945800781e+01 -1.288143873214721680e+00 7.159488677978515625e+01
-6.735466957092285156e+00 -1.459797096252441406e+01 7.063620758056640625e+01
2.142000770568847656e+01 -1.604475259780883789e+00 6.990010833740234375e+01
2.030685234069824219e+01 -7.973386645317077637e-01 7.090005493164062500e+01
1.955557823181152344e+01 -1.549080252647399902e+00 6.990009307861328125e+01
2.349217796325683594e+01 -2.851288557052612305e+00 7.149559783935546875e+01
2.030685234069824219e+01 -7.973386645317077637e-01 7.090005493164062500e+01
2.058614540100097656e+01 -1.528433561325073242e+00 6.990011596679687500e+01
2.030960464477539062e+01 -8.018547892570495605e-01 7.090547943115234375e+01
1.764929008483886719e+01 -3.018694162368774414e+00 6.990002441406250000e+01
2.279787635803222656e+01 -3.011709451675415039e+00 6.990013122558593750e+01
2.030685234069824219e+01 -7.973386645317077637e-01 7.090005493164062500e+01
2.000389289855957031e+01 -1.757826089859008789e+00 6.990010833740234375e+01
2.031074905395507812e+01 -8.017406463623046875e-01 7.090236663818359375e+01
1.767486763000488281e+01 -3.564776182174682617e+00 7.145182800292968750e+01
2.102452468872070312e+01 -2.140932321548461914e+00 6.990011596679687500e+01
2.030685234069824219e+01 -7.973386645317077637e-01 7.090005493164062500e+01
1.914359474182128906e+01 -2.695545673370361328e+00 6.990008544921875000e+01
2.850898170471191406e+01 -1.166272449493408203e+01 7.064100646972656250e+01
2.030685234069824219e+01 -7.973386645317077637e-01 7.090005493164062500e+01
2.036287117004394531e+01 -2.337744712829589844e+00 6.990011596679687500e+01
2.030821228027343750e+01 -8.009340167045593262e-01 7.090171813964843750e+01
1.338661861419677734e+01 -1.367331123352050781e+01 6.990011596679687500e+01
2.177446174621582031e+01 -4.442658901214599609e+00 6.990003967285156250e+01
2.030685234069824219e+01 -7.973386645317077637e-01 7.090005493164062500e+01
1.974670600891113281e+01 -3.938016891479492188e+00 6.990003204345703125e+01
2.030685234069824219e+01 -7.973386645317077637e-01 7.090005493164062500e+01
2.030685234069824219e+01 -7.973386645317077637e-01 7.090005493164062500e+01
2.030685234069824219e+01 -1.456924533843994141e+01 7.090005493164062500e+01
