-2.423068428039550781e+01 4.687914848327636719e+00 7.089989471435546875e+01
-2.442863464355468750e+01 5.065589427947998047e+00 7.108123016357421875e+01
-2.414293289184570312e+01 7.173342704772949219e+00 6.990001678466796875e+01
-2.402709388732910156e+01 4.667212009429931641e+00 7.116544342041015625e+01
-2.876896667480468750e+01 1.450760936737060547e+01 7.009713745117187500e+01
-2.265902709960937500e+01 7.573785781860351562e+00 6.990013122558593750e+01
-2.441455841064453125e+01 5.054677963256835938e+00 7.158390045166015625e+01
-2.474743461608886719e+01 5.628006935119628906e+00 6.990492248535156250e+01
-2.380587768554687500e+01 4.445962905883789062e+00 7.105503082275390625e+01
-2.590629577636718750e+01 6.329956054687500000e+00 7.159156036376953125e+01
-2.376283264160156250e+01 5.211870193481445312e+00 6.990012359619140625e+01
-2.401268959045410156e+01 4.651696681976318359e+00 7.159489440917968750e+01
-2.555861663818359375e+01 5.531651496887207031e+00 7.013033294677734375e+01
-1.968285179138183594e+01 8.833431243896484375e+00 6.990006256103515625e+01
-2.471935272216796875e+01 4.624746799468994141e+00 7.159497070312500000e+01
-2.436024856567382812e+01 4.730259418487548828e+00 6.990005493164062500e+01
-2.372193527221679688e+01 4.361990451812744141e+00 7.132866668701171875e+01
-2.423694229125976562e+01 3.755813121795654297e+00 7.090015411376953125e+01
-2.322594833374023438e+01 4.919704914093017578e+00 6.990004730224609375e+01
-2.426281929016113281e+01 4.294620037078857422e+00 7.159486389160156250e+01
-2.506506919860839844e+01 4.716854095458984375e+00 6.990002441406250000e+01
-2.357567596435546875e+01 4.215766429901123047e+00 7.098802185058593750e+01
-2.423725700378417969e+01 3.755711793899536133e+00 7.090446472167968750e+01
-2.400574493408203125e+01 4.399958610534667969e+00 6.990001678466796875e+01
-2.383246994018554688e+01 4.231760978698730469e+00 7.159483337402343750e+01
-2.736480712890625000e+01 5.624248027801513672e+00 6.990002441406250000e+01
-2.206659507751464844e+01 5.036267280578613281e+00 6.990003204345703125e+01
-2.452149963378906250e+01 4.134772300720214844e+00 7.159477996826171875e+01
-2.459031295776367188e+01 4.262735843658447266e+00 6.990003204345703125e+01
-2.349065399169921875e+01 4.130742549896240234e+00 7.128883361816406250e+01
-2.423166656494140625e+01 3.750797033309936523e+00 7.090015411376953125e+01
-2.358775711059570312e+01 4.229356288909912109e+00 6.989999389648437500e+01
-2.411125946044921875e+01 4.016841888427734375e+00 7.159478759765625000e+01
-2.552177047729492188e+01 4.327713966369628906e+00 6.990000152587890625e+01
-1.216230010986328125e+01 7.743092536926269531e+00 6.990005493164062500e+01
-2.423161697387695312e+01 3.750782728195190430e+00 7.090090179443359375e+01
-2.422580718994140625e+01 4.033801078796386719e+00 6.990002441406250000e+01
-2.360035896301269531e+01 3.995201826095581055e+00 7.159473419189453125e+01
-2.884365653991699219e+01 4.856932163238525391e+00 7.047236633300781250e+01
-2.291333961486816406e+01 4.109335422515869141e+00 6.990007781982421875e+01
-2.435711669921875000e+01 3.888499498367309570e+00 7.159487915039062500e+01
-2.485988044738769531e+01 3.956279516220092773e+00 6.990003967285156250e+01
-2.326390647888183594e+01 3.904018640518188477e+00 7.116484832763671875e+01
-2.423083114624023438e+01 3.750383377075195312e+00 7.089997100830078125e+01
-2.385999107360839844e+01 3.869586944580078125e+00 6.990001678466796875e+01
-2.394777297973632812e+01 3.818858146667480469e+00 7.159485626220703125e+01
-2.634063720703125000e+01 3.915870428085327148e+00 6.989994812011718750e+01
-2.098800468444824219e+01 3.921959400177001953e+00 6.990013885498046875e+01
-2.423172760009765625e+01 3.750424385070800781e+00 7.090167999267578125e+01
-2.444540023803710938e+01 3.760692358016967773e+00 6.990000152587890625e+01
-2.325233268737792969e+01 3.738239288330078125e+00 7.159487152099609375e+01
-2.423251914978027344e+01 3.750305652618408203e+00 7.090012359619140625e+01
-2.337966537475585938e+01 3.683965921401977539e+00 6.990008544921875000e+01
-2.422880935668945312e+01 3.746714591979980469e+00 7.095130920410156250e+01
-2.521600914001464844e+01 3.622215509414672852e+00 6.990003967285156250e+01
-2.423068428039550781e+01 3.750361680984497070e+00 7.089989471435546875e+01
-2.423380851745605469e+01 3.749825000762939453e+00 7.090247344970703125e+01
-2.409117889404296875e+01 3.595607519149780273e+00 6.989999389648437500e+01
-2.375209999084472656e+01 3.603267192840576172e+00 7.159494781494140625e+01
-2.857639122009277344e+01 2.878332853317260742e+00 6.989995574951171875e+01
-2.246602439880371094e+01 3.310118913650512695e+00 6.990010833740234375e+01
-2.423631858825683594e+01 3.746000766754150391e+00 7.091725921630859375e+01
-2.468675613403320312e+01 3.463541030883789062e+00 6.989999389648437500e+01
-2.261173820495605469e+01 3.251840353012084961e+00 7.158673095703125000e+01
-2.423488235473632812e+01 3.748997449874877930e+00 7.090138244628906250e+01
-2.369894218444824219e+01 3.376972675323486328e+00 6.990003204345703125e+01
-2.422887229919433594e+01 3.747801065444946289e+00 7.090690612792968750e+01
-2.576924324035644531e+01 3.056859254837036133e+00 6.989997100830078125e+01
-1.823794174194335938e+01 1.302291035652160645e+00 6.990006256103515625e+01
-2.423620605468750000e+01 3.746521234512329102e+00 7.090695190429687500e+01
-2.430861663818359375e+01 3.294026851654052734e+00 6.989997863769531250e+01
-2.348662185668945312e+01 3.259369373321533203e+00 7.159498596191406250e+01
-2.884040260314941406e+01 1.397863149642944336e+00 7.085491943359375000e+01
-2.311766433715820312e+01 2.943323135375976562e+00 6.990007019042968750e+01
-2.423121833801269531e+01 3.747230291366577148e+00 7.090536499023437500e+01
-2.498192214965820312e+01 2.998657226562500000e+00 6.989998626708984375e+01
-2.107612228393554688e+01 1.716247677803039551e+00 7.148969268798828125e+01
-2.423625755310058594e+01 3.745975732803344727e+00 7.090336608886718750e+01
-2.395140075683593750e+01 3.019293546676635742e+00 6.989999389648437500e+01
-2.422879219055175781e+01 3.747256994247436523e+00 7.090362548828125000e+01
-2.688801383972167969e+01 1.529200315475463867e+00 6.989995574951171875e+01
-2.173999977111816406e+01 1.536292910575866699e+00 6.990010833740234375e+01
-2.423292541503906250e+01 3.745852708816528320e+00 7.090456390380859375e+01
-2.453363800048828125e+01 2.789891719818115234e+00 6.989997100830078125e+01
-2.422914505004882812e+01 3.748621702194213867e+00 7.090081024169921875e+01
-2.423592376708984375e+01 3.744851827621459961e+00 7.090099334716796875e+01
-2.351304435729980469e+01 2.406829833984375000e+00 6.990000152587890625e+01
-2.423023796081542969e+01 3.746006011962890625e+00 7.090361785888671875e+01
-2.666554260253906250e+01 -2.228460162878036499e-01 6.880682373046875000e+01
-1.038437557220458984e+01 -1.459188842773437500e+01 7.046257781982421875e+01
-2.423293495178222656e+01 3.745885133743286133e+00 7.090209197998046875e+01
-2.417466545104980469e+01 2.209987640380859375e+00 6.989997863769531250e+01
-2.422895431518554688e+01 3.745786190032958984e+00 7.090200805664062500e+01
-2.881972122192382812e+01 -4.788123607635498047e+00 7.023680114746093750e+01
-2.276320648193359375e+01 1.053700521588325500e-01 6.989997100830078125e+01
-2.423138618469238281e+01 3.743202924728393555e+00 7.090287780761718750e+01
-2.535144042968750000e+01 -2.533587217330932617e+00 6.889902496337890625e+01
-2.422922515869140625e+01 3.745119094848632812e+00 7.090037536621093750e+01
-2.423205184936523438e+01 3.743017435073852539e+00 7.090051269531250000e+01
-2.423068428039550781e+01 3.740487813949584961e+00 7.089989471435546875e+01
