1.807489204406738281e+01 2.298488616943359375e+00 7.090003967285156250e+01
1.768199729919433594e+01 4.904415130615234375e+00 7.125996398925781250e+01
1.816266059875488281e+01 5.717616558074951172e+00 6.989996337890625000e+01
1.807606315612792969e+01 2.299208402633666992e+00 7.090156555175781250e+01
1.287836647033691406e+01 1.461144542694091797e+01 6.998085021972656250e+01
1.964681434631347656e+01 6.118005752563476562e+00 6.990010833740234375e+01
1.788807106018066406e+01 3.619148254394531250e+00 7.159500122070312500e+01
1.755554771423339844e+01 4.181011676788330078e+00 6.990007019042968750e+01
1.807489204406738281e+01 2.293938159942626953e+00 7.090003967285156250e+01
1.767485046386718750e+01 2.909799814224243164e+00 7.106517028808593750e+01
1.854166984558105469e+01 3.752095460891723633e+00 6.990256500244140625e+01
1.807660484313964844e+01 2.301023006439208984e+00 7.090550231933593750e+01
1.634940719604492188e+01 4.608505249023437500e+00 6.990008544921875000e+01
2.262331581115722656e+01 7.377668380737304688e+00 6.990007781982421875e+01
1.767485809326171875e+01 3.009727716445922852e+00 7.146904754638671875e+01
1.794530487060546875e+01 3.274001359939575195e+00 6.990003204345703125e+01
1.807489204406738281e+01 2.293938159942626953e+00 7.090003967285156250e+01
1.767484283447265625e+01 2.642465591430664062e+00 7.091658020019531250e+01
1.907977676391601562e+01 3.463454246520996094e+00 6.990004730224609375e+01
1.804276466369628906e+01 2.838068962097167969e+00 7.159484100341796875e+01
1.724043083190917969e+01 3.260520219802856445e+00 6.990007781982421875e+01
1.807489204406738281e+01 2.293938159942626953e+00 7.090003967285156250e+01
1.767484092712402344e+01 2.619567871093750000e+00 7.117838287353515625e+01
1.829986381530761719e+01 2.943628549575805664e+00 6.990001678466796875e+01
1.807489204406738281e+01 2.293938159942626953e+00 7.090003967285156250e+01
1.494027614593505859e+01 4.168119907379150391e+00 6.990000915527343750e+01
2.023913955688476562e+01 3.579937934875488281e+00 6.990010070800781250e+01
1.778412818908691406e+01 2.678281545639038086e+00 7.159480285644531250e+01
1.771520423889160156e+01 2.806395530700683594e+00 6.990001678466796875e+01
1.807489204406738281e+01 2.293938159942626953e+00 7.090003967285156250e+01
1.767485046386718750e+01 2.471251726150512695e+00 7.100549316406250000e+01
1.871789550781250000e+01 2.772990703582763672e+00 6.990002441406250000e+01
1.807489204406738281e+01 2.293938159942626953e+00 7.090003967285156250e+01
1.678372001647949219e+01 2.871328830718994141e+00 6.990008544921875000e+01
2.883470535278320312e+01 5.853738307952880859e+00 7.000861358642578125e+01
1.767484664916992188e+01 2.474419593811035156e+00 7.133247375488281250e+01
1.807977104187011719e+01 2.577423572540283203e+00 6.990000915527343750e+01
1.807489204406738281e+01 2.293938159942626953e+00 7.090003967285156250e+01
7.284073352813720703e+00 4.882465362548828125e+00 6.989994812011718750e+01
1.939247894287109375e+01 2.652977705001831055e+00 6.990003967285156250e+01
1.794847679138183594e+01 2.432057142257690430e+00 7.159493255615234375e+01
1.744692802429199219e+01 2.499452829360961914e+00 6.990213775634765625e+01
1.807489204406738281e+01 2.293938159942626953e+00 7.090003967285156250e+01
1.767486000061035156e+01 2.353496789932250977e+00 7.110533142089843750e+01
1.844563865661621094e+01 2.413180828094482422e+00 6.990001678466796875e+01
1.807489204406738281e+01 2.293938159942626953e+00 7.090003967285156250e+01
1.596492195129394531e+01 2.459448099136352539e+00 6.990008544921875000e+01
2.131837654113769531e+01 2.465578556060791016e+00 6.990003967285156250e+01
1.767485618591308594e+01 2.317924261093139648e+00 7.158262634277343750e+01
1.786014556884765625e+01 2.304270267486572266e+00 6.990000152587890625e+01
1.807489204406738281e+01 2.293938159942626953e+00 7.090003967285156250e+01
1.767486953735351562e+01 2.281716823577880859e+00 7.094989013671875000e+01
1.892608833312988281e+01 2.227528572082519531e+00 6.990001678466796875e+01
1.807489204406738281e+01 2.293938159942626953e+00 7.090003967285156250e+01
1.708940315246582031e+01 2.165770769119262695e+00 6.990002441406250000e+01
1.807489204406738281e+01 2.293938159942626953e+00 7.090003967285156250e+01
1.767486763000488281e+01 2.225203990936279297e+00 7.123056030273437500e+01
1.821441459655761719e+01 2.139163732528686523e+00 6.990000915527343750e+01
1.807489204406738281e+01 2.293938159942626953e+00 7.090003967285156250e+01
1.372858142852783203e+01 1.421788215637207031e+00 6.989996337890625000e+01
1.983993339538574219e+01 1.853600382804870605e+00 6.990003967285156250e+01
1.784944152832031250e+01 2.119426012039184570e+00 7.159499359130859375e+01
1.761875343322753906e+01 2.007076025009155273e+00 6.989999389648437500e+01
1.807489204406738281e+01 2.293938159942626953e+00 7.090003967285156250e+01
1.767487716674804688e+01 2.163926839828491211e+00 7.104171752929687500e+01
1.860671997070312500e+01 1.920489072799682617e+00 6.990000915527343750e+01
1.807489204406738281e+01 2.293938159942626953e+00 7.090003967285156250e+01
1.653619003295898438e+01 1.600371599197387695e+00 6.990002441406250000e+01
2.406915855407714844e+01 -1.547549366950988770e-01 6.989994812011718750e+01
1.767506217956542969e+01 2.015815496444702148e+00 7.141114044189453125e+01
1.799695014953613281e+01 1.837547063827514648e+00 6.990000152587890625e+01
1.807489204406738281e+01 2.293938159942626953e+00 7.090003967285156250e+01
1.807489204406738281e+01 2.293938159942626953e+00 7.090003967285156250e+01
1.918813514709472656e+01 1.486738443374633789e+00 6.990001678466796875e+01
1.800706863403320312e+01 1.896240472793579102e+00 7.159492492675781250e+01
1.732354927062988281e+01 1.542128562927246094e+00 6.989998626708984375e+01
1.807489204406738281e+01 2.293938159942626953e+00 7.090003967285156250e+01
1.767488670349121094e+01 1.979121208190917969e+00 7.114904022216796875e+01
1.835421180725097656e+01 1.562773466110229492e+00 6.990000152587890625e+01
1.807489204406738281e+01 2.293938159942626953e+00 7.090003967285156250e+01
1.541867637634277344e+01 7.370731234550476074e-02 6.990051269531250000e+01
2.056612396240234375e+01 7.938163727521896362e-02 6.990003204345703125e+01
1.774146080017089844e+01 1.623114824295043945e+00 7.159482574462890625e+01
1.777190208435058594e+01 1.333353042602539062e+00 6.989999389648437500e+01
1.807489204406738281e+01 2.293938159942626953e+00 7.090003967285156250e+01
1.767488479614257812e+01 1.873344182968139648e+00 7.098389434814453125e+01
1.879263305664062500e+01 9.502158164978027344e-01 6.990000915527343750e+01
1.807489204406738281e+01 2.293938159942626953e+00 7.090003967285156250e+01
1.691582489013671875e+01 4.025691449642181396e-01 6.990367126464843750e+01
2.851658439636230469e+01 -1.153820514678955078e+01 7.057025146484375000e+01
1.767486000061035156e+01 1.498529195785522461e+00 7.129043579101562500e+01
1.813091659545898438e+01 7.533648014068603516e-01 6.989999389648437500e+01
1.807489204406738281e+01 2.293938159942626953e+00 7.090003967285156250e+01
1.115415287017822266e+01 -1.058297443389892578e+01 6.990002441406250000e+01
1.953256797790527344e+01 -1.326708316802978516e+00 6.990679168701171875e+01
1.791143989562988281e+01 6.278552412986755371e-01 7.159487152099609375e+01
1.751474761962890625e+01 -8.467261791229248047e-01 6.990001678466796875e+01
1.882500457763671875e+01 -3.997097313404083252e-01 7.114743804931640625e+01
1.773361778259277344e+01 4.603014588356018066e-01 7.105369567871093750e+01
1.807489204406738281e+01 5.702854990959167480e-01 7.090003967285156250e+01
