-2.563245964050292969e+01 1.471480560302734375e+01 7.089483642578125000e+01
-2.685927963256835938e+01 1.467498397827148438e+01 7.201870727539062500e+01
-2.554516029357910156e+01 9.929110527038574219e+00 6.990010070800781250e+01
-2.452075958251953125e+01 1.153014564514160156e+01 7.234485626220703125e+01
-2.884208679199218750e+01 1.413161182403564453e+01 7.032709503173828125e+01
-2.250076675415039062e+01 1.414229488372802734e+01 6.890270996093750000e+01
-2.602225685119628906e+01 9.288751602172851562e+00 7.234486389160156250e+01
-2.614912033081054688e+01 8.401040077209472656e+00 6.990003967285156250e+01
-2.166183471679687500e+01 1.302542400360107422e+01 7.234490203857421875e+01
-2.882469940185546875e+01 1.143815612792968750e+01 7.221254730224609375e+01
-2.516688156127929688e+01 7.978130817413330078e+00 6.989992523193359375e+01
-2.517764854431152344e+01 8.404208183288574219e+00 7.234484863281250000e+01
-2.734897804260253906e+01 8.826261520385742188e+00 6.990007781982421875e+01
-2.110702133178710938e+01 1.158176040649414062e+01 6.989993286132812500e+01
-2.665186309814453125e+01 8.347763061523437500e+00 7.234483337402343750e+01
-2.576138877868652344e+01 7.498810291290283203e+00 6.989990234375000000e+01
-2.391193580627441406e+01 8.592166900634765625e+00 7.234489440917968750e+01
-2.887105751037597656e+01 9.345220565795898438e+00 7.102876281738281250e+01
-2.463264656066894531e+01 7.687334060668945312e+00 6.989988708496093750e+01
-2.569950675964355469e+01 7.659256935119628906e+00 7.234480285644531250e+01
-2.646272659301757812e+01 7.485443592071533203e+00 6.989990234375000000e+01
-1.485555076599121094e+01 1.418106269836425781e+01 7.234485626220703125e+01
-2.771652221679687500e+01 8.220083236694335938e+00 7.234487152099609375e+01
-2.540867233276367188e+01 7.169989585876464844e+00 6.990007781982421875e+01
-2.480155181884765625e+01 7.528204441070556641e+00 7.234487915039062500e+01
-2.875070571899414062e+01 8.388114929199218750e+00 6.990003204345703125e+01
-2.347949409484863281e+01 7.803015708923339844e+00 6.990010833740234375e+01
-2.623927497863769531e+01 7.325831890106201172e+00 7.234478759765625000e+01
-2.598998832702636719e+01 7.033102512359619141e+00 6.990081787109375000e+01
-2.287322998046875000e+01 7.941986083984375000e+00 7.234500885009765625e+01
-2.563295173645019531e+01 6.523939132690429688e+00 7.089496612548828125e+01
-2.499277305603027344e+01 7.000302314758300781e+00 6.989997863769531250e+01
-2.538325691223144531e+01 7.079787731170654297e+00 7.234487915039062500e+01
-2.563250541687011719e+01 6.523741245269775391e+00 7.089479827880859375e+01
-1.362566089630126953e+01 1.049607658386230469e+01 6.990010070800781250e+01
-2.563246536254882812e+01 6.523723602294921875e+00 7.089484405517578125e+01
-2.562761878967285156e+01 6.805067539215087891e+00 6.990235137939453125e+01
-2.431697654724121094e+01 7.034700393676757812e+00 7.234496307373046875e+01
-2.592001914978027344e+01 6.592700958251953125e+00 7.086818695068359375e+01
-2.432171249389648438e+01 6.880896568298339844e+00 6.990002441406250000e+01
-2.589624977111816406e+01 6.811933994293212891e+00 7.234486389160156250e+01
-2.578275871276855469e+01 6.572908878326416016e+00 7.065599822998046875e+01
-2.034082984924316406e+01 7.364757061004638672e+00 7.234505462646484375e+01
-2.563261795043945312e+01 6.523744583129882812e+00 7.089492034912109375e+01
-2.526369094848632812e+01 6.642327308654785156e+00 6.990014648437500000e+01
-2.504213905334472656e+01 6.666645050048828125e+00 7.234494018554687500e+01
-2.612572860717773438e+01 6.562413692474365234e+00 7.066106414794921875e+01
-2.240586853027343750e+01 6.694467067718505859e+00 6.990004730224609375e+01
-2.563248252868652344e+01 6.523722171783447266e+00 7.089487457275390625e+01
-2.610231399536132812e+01 6.546327114105224609e+00 6.870680236816406250e+01
-2.359095382690429688e+01 6.498425006866455078e+00 7.234502410888671875e+01
-2.563294982910156250e+01 6.523705959320068359e+00 7.089489746093750000e+01
-2.478567886352539062e+01 6.457655429840087891e+00 6.990000152587890625e+01
-2.563245964050292969e+01 6.523719787597656250e+00 7.089484405517578125e+01
-2.633819007873535156e+01 6.431937217712402344e+00 7.017870330810546875e+01
-2.563245964050292969e+01 6.523720741271972656e+00 7.089483642578125000e+01
-2.563257789611816406e+01 6.523700237274169922e+00 7.089493560791015625e+01
-2.539627838134765625e+01 6.261721611022949219e+00 6.920200347900390625e+01
-2.463393974304199219e+01 6.216822624206542969e+00 7.234499359130859375e+01
-2.639175605773925781e+01 6.371356964111328125e+00 7.072012329101562500e+01
-2.387674903869628906e+01 6.085711002349853516e+00 6.990012359619140625e+01
-2.563248252868652344e+01 6.523703575134277344e+00 7.089490509033203125e+01
-2.652025985717773438e+01 5.965389251708984375e+00 6.894841003417968750e+01
-2.221417808532714844e+01 5.471131324768066406e+00 7.234504699707031250e+01
-2.563270950317382812e+01 6.523639202117919922e+00 7.089492797851562500e+01
-2.563225746154785156e+01 6.523578643798828125e+00 7.089445495605468750e+01
-2.563244628906250000e+01 6.523702621459960938e+00 7.089488220214843750e+01
-2.650753593444824219e+01 6.129281997680664062e+00 7.032611846923828125e+01
-1.967038917541503906e+01 4.088179588317871094e+00 6.990011596679687500e+01
-2.563254165649414062e+01 6.523663520812988281e+00 7.089494323730468750e+01
-2.579617500305175781e+01 5.565073490142822266e+00 6.879426574707031250e+01
-2.563240432739257812e+01 6.523684024810791016e+00 7.089488983154296875e+01
-2.651622390747070312e+01 6.072704792022705078e+00 7.088621520996093750e+01
-2.563242912292480469e+01 6.523698806762695312e+00 7.089480590820312500e+01
-2.563246917724609375e+01 6.523667812347412109e+00 7.089492797851562500e+01
-2.644341278076171875e+01 5.712263584136962891e+00 6.981544494628906250e+01
-2.563189315795898438e+01 6.523355960845947266e+00 7.089494323730468750e+01
-2.563260841369628906e+01 6.523604393005371094e+00 7.089492797851562500e+01
-2.536031532287597656e+01 5.811340332031250000e+00 6.992049407958984375e+01
-2.563241195678710938e+01 6.523642539978027344e+00 7.089492797851562500e+01
-2.649136161804199219e+01 5.805797100067138672e+00 7.057163238525390625e+01
-2.546104049682617188e+01 6.371340274810791016e+00 7.082602691650390625e+01
-2.563251113891601562e+01 6.523616790771484375e+00 7.089494323730468750e+01
-2.598340606689453125e+01 5.411097049713134766e+00 6.973650360107421875e+01
-2.563228034973144531e+01 6.523517131805419922e+00 7.089494323730468750e+01
-2.563261604309082031e+01 6.523556709289550781e+00 7.089486694335937500e+01
-2.533329963684082031e+01 5.963648796081542969e+00 7.047801971435546875e+01
-2.563244628906250000e+01 6.523594856262207031e+00 7.089494323730468750e+01
-2.625632476806640625e+01 5.505696773529052734e+00 7.035854339599609375e+01
-2.535270690917968750e+01 6.153131961822509766e+00 7.088600158691406250e+01
-2.563254165649414062e+01 6.523559093475341797e+00 7.089491271972656250e+01
-2.559533691406250000e+01 5.502933025360107422e+00 7.023220062255859375e+01
-2.563238334655761719e+01 6.523517131805419922e+00 7.089492797851562500e+01
-2.620042610168457031e+01 5.466947078704833984e+00 7.081276702880859375e+01
-2.535200691223144531e+01 5.827116489410400391e+00 7.070373535156250000e+01
-2.563247871398925781e+01 6.523532390594482422e+00 7.089491271972656250e+01
-2.583066177368164062e+01 5.412426948547363281e+00 7.054099273681640625e+01
-2.563238716125488281e+01 6.523462772369384766e+00 7.089485931396484375e+01
-2.563249969482421875e+01 6.523506164550781250e+00 7.089485168457031250e+01
-2.563245964050292969e+01 6.523436546325683594e+00 7.089483642578125000e+01
