-2.516428184509277344e+01 5.804368495941162109e+00 7.090010833740234375e+01
-2.516428184509277344e+01 5.804368495941162109e+00 7.090010833740234375e+01
-2.507661247253417969e+01 9.224146842956542969e+00 6.990116882324218750e+01
-2.516428184509277344e+01 5.804368495941162109e+00 7.090010833740234375e+01
-2.880135154724121094e+01 1.442543983459472656e+01 7.025675964355468750e+01
-2.193914604187011719e+01 1.365026378631591797e+01 6.884854125976562500e+01
-2.516428184509277344e+01 5.804368495941162109e+00 7.090010833740234375e+01
-2.568374443054199219e+01 7.691866397857666016e+00 6.989991760253906250e+01
-2.516428184509277344e+01 5.804368495941162109e+00 7.090010833740234375e+01
-2.562232208251953125e+01 6.509518623352050781e+00 7.108917999267578125e+01
-2.469623184204101562e+01 7.266496658325195312e+00 6.989991760253906250e+01
-2.516428184509277344e+01 5.804368495941162109e+00 7.090010833740234375e+01
-2.532937049865722656e+01 6.025817394256591797e+00 7.080443572998046875e+01
-2.061463737487792969e+01 1.088946342468261719e+01 6.989987945556640625e+01
-2.551519012451171875e+01 6.432259082794189453e+00 7.139923858642578125e+01
-2.529386711120605469e+01 6.784426212310791016e+00 6.990010070800781250e+01
-2.516428184509277344e+01 5.804368495941162109e+00 7.090010833740234375e+01
-2.605952644348144531e+01 6.584314823150634766e+00 7.093712615966796875e+01
-2.415928459167480469e+01 6.974014759063720703e+00 6.990000152587890625e+01
-2.516428184509277344e+01 5.804368495941162109e+00 7.090010833740234375e+01
-2.532351303100585938e+01 5.988811969757080078e+00 7.070929718017578125e+01
-2.516428184509277344e+01 5.804368495941162109e+00 7.090010833740234375e+01
-2.610404396057128906e+01 6.569304943084716797e+00 7.155397033691406250e+01
-2.493929862976074219e+01 6.454090595245361328e+00 6.990003204345703125e+01
-2.516428184509277344e+01 5.804368495941162109e+00 7.090010833740234375e+01
-2.533753776550292969e+01 5.907958507537841797e+00 7.084483337402343750e+01
-2.299987411499023438e+01 7.090463161468505859e+00 6.990010070800781250e+01
-2.545471572875976562e+01 6.188275337219238281e+00 7.159408569335937500e+01
-2.533165168762207031e+01 6.042825222015380859e+00 7.043477630615234375e+01
-2.516428184509277344e+01 5.804368495941162109e+00 7.090010833740234375e+01
-2.640448379516601562e+01 6.354072093963623047e+00 7.122702026367187500e+01
-2.452124786376953125e+01 6.283443927764892578e+00 6.990003967285156250e+01
-2.516428184509277344e+01 5.804368495941162109e+00 7.090010833740234375e+01
-2.534185600280761719e+01 5.883776187896728516e+00 7.076258850097656250e+01
-1.826093864440917969e+01 8.088285446166992188e+00 7.032817840576171875e+01
-2.580701065063476562e+01 6.094337463378906250e+00 7.159487915039062500e+01
-2.515941238403320312e+01 6.087316513061523438e+00 6.990197753906250000e+01
-2.516428184509277344e+01 5.804368495941162109e+00 7.090010833740234375e+01
-2.534818649291992188e+01 5.848484039306640625e+00 7.088306427001953125e+01
-2.384668922424316406e+01 6.163409709930419922e+00 6.990010070800781250e+01
-2.524986648559570312e+01 5.897877693176269531e+00 7.137055969238281250e+01
-2.534545707702636719e+01 5.863661766052246094e+00 7.061220550537109375e+01
-2.516428184509277344e+01 5.804368495941162109e+00 7.090010833740234375e+01
-2.651500701904296875e+01 6.005469799041748047e+00 7.159327697753906250e+01
-2.479348182678222656e+01 5.923628330230712891e+00 6.989994049072265625e+01
-2.516428184509277344e+01 5.804368495941162109e+00 7.090010833740234375e+01
-2.535297584533691406e+01 5.819169998168945312e+00 7.081068420410156250e+01
-2.192062759399414062e+01 5.976017951965332031e+00 6.990005493164062500e+01
-2.557145500183105469e+01 5.828782558441162109e+00 7.159487915039062500e+01
-2.535709381103515625e+01 5.813645362854003906e+00 7.000221252441406250e+01
-2.516428184509277344e+01 5.804368495941162109e+00 7.090010833740234375e+01
-2.647168159484863281e+01 5.764425277709960938e+00 7.106304931640625000e+01
-2.431311416625976562e+01 5.737961292266845703e+00 6.990012359619140625e+01
-2.513894462585449219e+01 5.755085945129394531e+00 7.159490203857421875e+01
-2.537343025207519531e+01 5.777167797088623047e+00 7.068787384033203125e+01
-2.516428184509277344e+01 5.804368495941162109e+00 7.090010833740234375e+01
-2.600528144836425781e+01 5.659863471984863281e+00 7.159498596191406250e+01
-2.487804222106933594e+01 5.486840248107910156e+00 6.884848785400390625e+01
-2.516428184509277344e+01 5.804368495941162109e+00 7.090010833740234375e+01
-2.538068008422851562e+01 5.760945320129394531e+00 7.085031890869140625e+01
-2.339931678771972656e+01 5.364049911499023438e+00 6.990014648437500000e+01
-2.538946533203125000e+01 5.630063056945800781e+00 7.159423828125000000e+01
-2.547132110595703125e+01 5.611274242401123047e+00 7.022695159912109375e+01
-2.516428184509277344e+01 5.804368495941162109e+00 7.090010833740234375e+01
-2.620018959045410156e+01 5.467681407928466797e+00 7.126700592041015625e+01
-2.463241577148437500e+01 5.430892467498779297e+00 6.990000915527343750e+01
-2.498557090759277344e+01 5.551805496215820312e+00 7.159175109863281250e+01
-2.541097831726074219e+01 5.693170547485351562e+00 7.073977661132812500e+01
-1.917053222656250000e+01 3.355886459350585938e+00 6.990010833740234375e+01
-2.570587539672851562e+01 5.427635192871093750e+00 7.159242248535156250e+01
-2.524210929870605469e+01 5.348646163940429688e+00 6.990153503417968750e+01
-2.516428184509277344e+01 5.804368495941162109e+00 7.090010833740234375e+01
-2.542866897583007812e+01 5.669442653656005859e+00 7.089752960205078125e+01
-2.405104064941406250e+01 4.997169494628906250e+00 6.990008544921875000e+01
-2.523209571838378906e+01 5.406725406646728516e+00 7.159490203857421875e+01
-2.591573524475097656e+01 5.052447795867919922e+00 6.989990997314453125e+01
-2.516428184509277344e+01 5.804368495941162109e+00 7.090010833740234375e+01
-2.579739379882812500e+01 5.306088924407958984e+00 7.129421997070312500e+01
-2.488492965698242188e+01 5.073120117187500000e+00 6.989995574951171875e+01
-2.481197357177734375e+01 5.226192951202392578e+00 7.159494781494140625e+01
-2.782237243652343750e+01 3.582570075988769531e+00 6.989987945556640625e+01
-2.267310714721679688e+01 3.589863061904907227e+00 6.990012359619140625e+01
-2.549772834777832031e+01 5.133513450622558594e+00 7.159492492675781250e+01
-2.546595191955566406e+01 4.847970962524414062e+00 6.990442657470703125e+01
-2.399186515808105469e+01 4.479791641235351562e+00 7.159491729736328125e+01
-2.571578788757324219e+01 5.224478721618652344e+00 7.101572418212890625e+01
-2.444651222229003906e+01 4.460595130920410156e+00 6.990003967285156250e+01
-2.508112907409667969e+01 4.992216587066650391e+00 7.159492492675781250e+01
-2.632776069641113281e+01 3.905800819396972656e+00 6.989994812011718750e+01
-9.750020980834960938e+00 -1.461495208740234375e+01 7.041326904296875000e+01
-2.554287147521972656e+01 5.051594734191894531e+00 7.126957702636718750e+01
-2.510825538635253906e+01 4.263789653778076172e+00 6.990006256103515625e+01
-2.459591865539550781e+01 4.301091194152832031e+00 7.159486389160156250e+01
-2.881686210632324219e+01 -9.917182922363281250e-01 7.037232971191406250e+01
-2.369653129577636719e+01 2.158698320388793945e+00 6.989999389648437500e+01
-2.526535987854003906e+01 4.774077415466308594e+00 7.132978820800781250e+01
-2.572450447082519531e+01 2.663265943527221680e+00 6.989994812011718750e+01
-2.472762680053710938e+01 4.236340999603271484e+00 7.104412078857421875e+01
-2.534181213378906250e+01 4.850515365600585938e+00 7.098004150390625000e+01
-2.516428184509277344e+01 5.742627143859863281e+00 7.090010833740234375e+01
