-9.760027885437011719e+00 4.603268802165985107e-01 7.090008544921875000e+01
-9.768895149230957031e+00 4.592072963714599609e-01 7.090821075439453125e+01
-9.672258377075195312e+00 3.823986291885375977e+00 6.990000152587890625e+01
-9.746696472167968750e+00 4.603273570537567139e-01 7.091747283935546875e+01
-9.785215377807617188e+00 4.599932432174682617e-01 7.089562988281250000e+01
-8.188030242919921875e+00 4.224542617797851562e+00 6.990010833740234375e+01
-9.768491744995117188e+00 4.603268504142761230e-01 7.093157196044921875e+01
-1.027940273284912109e+01 2.287473678588867188e+00 6.990006256103515625e+01
-9.723362922668457031e+00 4.603280127048492432e-01 7.091347503662109375e+01
-9.799023628234863281e+00 4.603258967399597168e-01 7.091618347167968750e+01
-9.292101860046386719e+00 1.862035036087036133e+00 6.990015411376953125e+01
-9.745507240295410156e+00 4.603276252746582031e-01 7.094638061523437500e+01
-1.148583316802978516e+01 2.715289831161499023e+00 6.989994812011718750e+01
-5.211344718933105469e+00 5.484311103820800781e+00 6.990007019042968750e+01
-9.793579101562500000e+00 4.603262543678283691e-01 7.094780731201171875e+01
-9.889605522155761719e+00 1.380286455154418945e+00 6.990014648437500000e+01
-9.710089683532714844e+00 4.603285789489746094e-01 7.094217681884765625e+01
-9.828781127929687500e+00 4.601904153823852539e-01 7.090293121337890625e+01
-8.755183219909667969e+00 1.569761753082275391e+00 6.990013122558593750e+01
-9.763572692871093750e+00 4.603273272514343262e-01 7.097674560546875000e+01
-1.058899593353271484e+01 1.360510826110839844e+00 6.990670776367187500e+01
-9.675530433654785156e+00 4.603293240070343018e-01 7.091145324707031250e+01
-9.833782196044921875e+00 4.603251516819000244e-01 7.095140075683593750e+01
-9.535069465637207031e+00 1.049940824508666992e+00 6.990012359619140625e+01
-9.710365295410156250e+00 4.603289067745208740e-01 7.098675537109375000e+01
-1.289457702636718750e+01 2.274433374404907227e+00 6.990007781982421875e+01
-7.595684528350830078e+00 1.686347723007202148e+00 6.990010070800781250e+01
-9.805445671081542969e+00 4.603263735771179199e-01 7.100860595703125000e+01
-1.011968994140625000e+01 9.127134680747985840e-01 6.990013122558593750e+01
-9.643221855163574219e+00 4.603306055068969727e-01 7.096147155761718750e+01
-9.889861106872558594e+00 4.578386545181274414e-01 7.093431091308593750e+01
-9.117049217224121094e+00 8.793254494667053223e-01 6.990010833740234375e+01
-9.733121871948242188e+00 4.603287577629089355e-01 7.105664062500000000e+01
-1.105124378204345703e+01 9.777016639709472656e-01 6.990009307861328125e+01
2.308333635330200195e+00 4.393014907836914062e+00 6.990024566650390625e+01
-9.893092155456542969e+00 4.603236615657806396e-01 7.104392242431640625e+01
-9.755149841308593750e+00 6.837607622146606445e-01 6.990010833740234375e+01
-9.605456352233886719e+00 4.603324532508850098e-01 7.107048034667968750e+01
-2.054900550842285156e+01 2.988377094268798828e+00 6.990016174316406250e+01
-8.442438125610351562e+00 7.593319416046142578e-01 6.990008544921875000e+01
-9.814976692199707031e+00 4.603274762630462646e-01 7.120213317871093750e+01
-1.038929080963134766e+01 6.062307953834533691e-01 6.990012359619140625e+01
-9.382225990295410156e+00 4.603382945060729980e-01 7.100362396240234375e+01
-1.016314506530761719e+01 4.603092968463897705e-01 7.110695648193359375e+01
-9.389293670654296875e+00 5.195300579071044922e-01 6.990009307861328125e+01
-9.512098312377929688e+00 4.603185951709747314e-01 7.150911712646484375e+01
-1.187003803253173828e+01 5.658047795295715332e-01 6.990010833740234375e+01
-6.519645690917968750e+00 5.717676281929016113e-01 6.990103912353515625e+01
-1.060680294036865234e+01 4.510638415813446045e-01 7.234495544433593750e+01
-9.974762916564941406e+00 4.106231033802032471e-01 6.990010070800781250e+01
-8.781956672668457031e+00 3.881724476814270020e-01 7.159486389160156250e+01
-1.532295417785644531e+01 2.303358316421508789e-01 7.159338378906250000e+01
-9.760022163391113281e+00 4.002910852432250977e-01 7.090007781982421875e+01
-9.734691619873046875e+00 3.510105907917022705e-01 7.159484863281250000e+01
-9.760033607482910156e+00 4.002906978130340576e-01 7.090007781982421875e+01
-9.760027885437011719e+00 4.002915024757385254e-01 7.090008544921875000e+01
-1.060076618194580078e+01 2.558313608169555664e-01 7.159474945068359375e+01
-9.760026931762695312e+00 4.002905488014221191e-01 7.090007781982421875e+01
-9.281592369079589844e+00 2.532428801059722900e-01 7.159492492675781250e+01
-9.760029792785644531e+00 4.002910554409027100e-01 7.090008544921875000e+01
-9.760025024414062500e+00 4.002908468246459961e-01 7.090008544921875000e+01
-9.985416412353515625e+00 2.258268445730209351e-01 7.159484863281250000e+01
-9.760029792785644531e+00 4.002902805805206299e-01 7.090007781982421875e+01
-8.122560501098632812e+00 -1.039328500628471375e-01 7.159477996826171875e+01
-1.172209739685058594e+01 -2.374139428138732910e-01 7.159500885009765625e+01
-9.760026931762695312e+00 4.002907276153564453e-01 7.090008544921875000e+01
-9.580490112304687500e+00 1.465599685907363892e-01 7.159492492675781250e+01
-9.760028839111328125e+00 4.002909958362579346e-01 7.090008544921875000e+01
-9.759991645812988281e+00 4.002765417098999023e-01 7.090007781982421875e+01
-1.030349159240722656e+01 2.225697413086891174e-02 7.159479522705078125e+01
-9.760027885437011719e+00 4.002908766269683838e-01 7.090008544921875000e+01
-9.016219139099121094e+00 -9.053346514701843262e-02 7.159494018554687500e+01
-9.760653495788574219e+00 3.999722898006439209e-01 7.090007781982421875e+01
-9.760026931762695312e+00 4.002910256385803223e-01 7.090008544921875000e+01
-9.827840805053710938e+00 2.650780836120247841e-03 7.159487152099609375e+01
-9.760028839111328125e+00 4.002910256385803223e-01 7.090008544921875000e+01
-8.519374847412109375e+00 -3.997018039226531982e-01 7.113204193115234375e+01
-1.077440261840820312e+01 -3.980550169944763184e-01 7.153153228759765625e+01
-9.760027885437011719e+00 4.002910256385803223e-01 7.090008544921875000e+01
-9.407713890075683594e+00 -1.778933852910995483e-01 7.159493255615234375e+01
-9.760027885437011719e+00 4.002911150455474854e-01 7.090008544921875000e+01
-9.760027885437011719e+00 4.002911150455474854e-01 7.090008544921875000e+01
-1.009344291687011719e+01 -2.705003321170806885e-01 7.159483337402343750e+01
-9.760027885437011719e+00 4.002910554409027100e-01 7.090008544921875000e+01
-9.051936149597167969e+00 -3.996989130973815918e-01 7.131971740722656250e+01
-1.052087211608886719e+01 -3.997087776660919189e-01 7.105958557128906250e+01
-9.760027885437011719e+00 4.002910852432250977e-01 7.090008544921875000e+01
-9.678120613098144531e+00 -3.996927738189697266e-01 7.158448791503906250e+01
-9.760027885437011719e+00 4.002911150455474854e-01 7.090008544921875000e+01
-9.759834289550781250e+00 4.000345170497894287e-01 7.090007781982421875e+01
-1.016237258911132812e+01 -3.997138142585754395e-01 7.129273223876953125e+01
-9.760027885437011719e+00 4.002910852432250977e-01 7.090008544921875000e+01
-9.458670616149902344e+00 -3.967772126197814941e-01 7.126846313476562500e+01
-9.760069847106933594e+00 4.002128541469573975e-01 7.090007781982421875e+01
-9.760019302368164062e+00 4.002692401409149170e-01 7.090007781982421875e+01
-9.838514328002929688e+00 -3.997204303741455078e-01 7.123372650146484375e+01
-9.760031700134277344e+00 4.002723395824432373e-01 7.090007781982421875e+01
-9.537248611450195312e+00 -3.997067511081695557e-01 7.097356414794921875e+01
-9.908927917480468750e+00 -3.997335433959960938e-01 7.096712493896484375e+01
-9.760027885437011719e+00 -1.722019612789154053e-01 7.090008544921875000e+01
