2.665367889404296875e+01 -5.851380825042724609e+00 7.089479064941406250e+01
2.658190155029296875e+01 -5.681354522705078125e+00 7.096054077148437500e+01
2.666084289550781250e+01 -5.878834724426269531e+00 7.081317138671875000e+01
2.667268562316894531e+01 -6.072659969329833984e+00 7.091957855224609375e+01
2.636644935607910156e+01 -5.477427005767822266e+00 7.084398651123046875e+01
2.821729278564453125e+01 -2.354399681091308594e+00 6.990014648437500000e+01
2.658840370178222656e+01 -5.695227146148681641e+00 7.113761138916015625e+01
2.649337577819824219e+01 -5.575781345367431641e+00 7.058613586425781250e+01
2.876885032653808594e+01 -2.694767713546752930e+00 7.166724395751953125e+01
2.617139434814453125e+01 -5.415781974792480469e+00 7.109387207031250000e+01
2.711868858337402344e+01 -4.705621242523193359e+00 6.990109252929687500e+01
2.667314147949218750e+01 -6.077785015106201172e+00 7.095684051513671875e+01
2.609010314941406250e+01 -5.402274131774902344e+00 7.056818389892578125e+01
2.878292655944824219e+01 -3.778415918350219727e+00 7.042668151855468750e+01
2.624369621276855469e+01 -5.424664974212646484e+00 7.147795104980468750e+01
2.659386062622070312e+01 -5.705847740173339844e+00 7.043317413330078125e+01
2.837428092956542969e+01 -4.089714527130126953e+00 7.234491729736328125e+01
1.912557411193847656e+01 4.003061652183532715e-01 7.120610046386718750e+01
2.765283584594726562e+01 -4.995404720306396484e+00 6.990049743652343750e+01
2.663133430480957031e+01 -5.779808521270751953e+00 7.137802886962890625e+01
2.600513458251953125e+01 -5.407027721405029297e+00 7.011762237548828125e+01
2.881956100463867188e+01 -4.619326591491699219e+00 7.118621063232421875e+01
2.565715408325195312e+01 -5.347115039825439453e+00 7.158815002441406250e+01
2.687745285034179688e+01 -5.512026309967041016e+00 6.990009307861328125e+01
2.748458099365234375e+01 -5.153780460357666016e+00 7.234482574462890625e+01
2.566141128540039062e+01 -5.564980030059814453e+00 7.057823181152343750e+01
2.877921295166015625e+01 -4.895259380340576172e+00 6.991274261474609375e+01
2.636138725280761719e+01 -5.771892547607421875e+00 7.159320831298828125e+01
2.612908172607421875e+01 -5.410846710205078125e+00 6.943627929687500000e+01
2.865620422363281250e+01 -5.128942012786865234e+00 7.194726562500000000e+01
2.488287925720214844e+01 -5.373371124267578125e+00 7.136156463623046875e+01
2.729327201843261719e+01 -5.681744098663330078e+00 6.990007781982421875e+01
2.690287780761718750e+01 -5.602198600769042969e+00 7.234480285644531250e+01
2.557148551940917969e+01 -5.674317359924316406e+00 7.005667877197265625e+01
2.876215362548828125e+01 -5.460682868957519531e+00 7.072010803222656250e+01
2.600597000122070312e+01 -5.866039752960205078e+00 7.159494781494140625e+01
2.665853118896484375e+01 -5.876244544982910156e+00 6.989996337890625000e+01
2.796906661987304688e+01 -5.647313117980957031e+00 7.234481048583984375e+01
2.549097824096679688e+01 -5.879344463348388672e+00 7.078703308105468750e+01
2.796432304382324219e+01 -5.801107883453369141e+00 6.990006256103515625e+01
2.652657318115234375e+01 -6.019381523132324219e+00 7.159347534179687500e+01
2.551489067077636719e+01 -5.785563468933105469e+00 6.908514404296875000e+01
2.870660972595214844e+01 -5.831968784332275391e+00 7.145741271972656250e+01
2.547649765014648438e+01 -5.982992172241210938e+00 7.149890136718750000e+01
2.702217102050781250e+01 -6.039738178253173828e+00 6.990084838867187500e+01
2.724398422241210938e+01 -6.015335083007812500e+00 7.234485626220703125e+01
2.547957229614257812e+01 -6.066156387329101562e+00 7.033835601806640625e+01
2.869508171081542969e+01 -6.050227642059326172e+00 7.026540374755859375e+01
2.624343109130859375e+01 -6.133657455444335938e+00 7.159480285644531250e+01
2.665367889404296875e+01 -6.158255577087402344e+00 7.089479064941406250e+01
2.848613548278808594e+01 -6.180961132049560547e+00 7.219647979736328125e+01
2.550871086120605469e+01 -6.193235874176025391e+00 7.103748321533203125e+01
2.750037002563476562e+01 -6.224313735961914062e+00 6.990006256103515625e+01
2.670655822753906250e+01 -6.261110305786132812e+00 7.234484863281250000e+01
2.556418418884277344e+01 -6.299949169158935547e+00 6.978923034667968750e+01
2.865590095520019531e+01 -6.382403373718261719e+00 7.099716186523437500e+01
2.580711746215820312e+01 -6.303716182708740234e+00 7.159426116943359375e+01
2.679247474670410156e+01 -6.312223434448242188e+00 6.989997100830078125e+01
2.765217590332031250e+01 -6.465146541595458984e+00 7.234491729736328125e+01
2.560372734069824219e+01 -6.368943691253662109e+00 7.065319824218750000e+01
2.840959358215332031e+01 -6.596316814422607422e+00 6.989995574951171875e+01
2.642656135559082031e+01 -6.334058761596679688e+00 7.159488677978515625e+01
2.597500610351562500e+01 -6.585067749023437500e+00 6.940686035156250000e+01
2.855281829833984375e+01 -6.743056297302246094e+00 7.170050048828125000e+01
2.570259666442871094e+01 -6.467372894287109375e+00 7.123164367675781250e+01
2.718276214599609375e+01 -6.529776573181152344e+00 6.989992523193359375e+01
2.702836227416992188e+01 -6.687776565551757812e+00 7.234487915039062500e+01
2.581218910217285156e+01 -6.537555217742919922e+00 7.034790039062500000e+01
2.860417747497558594e+01 -6.955045700073242188e+00 7.056936645507812500e+01
2.610609626770019531e+01 -6.539155960083007812e+00 7.159476470947265625e+01
2.657615470886230469e+01 -6.612203598022460938e+00 6.990010833740234375e+01
2.820602035522460938e+01 -7.182615280151367188e+00 7.234497070312500000e+01
2.586628913879394531e+01 -6.560088157653808594e+00 7.088710784912109375e+01
2.776112937927246094e+01 -6.961255073547363281e+00 6.989997100830078125e+01
2.651214981079101562e+01 -6.988152980804443359e+00 7.234484863281250000e+01
2.623929405212402344e+01 -6.572898387908935547e+00 7.034323883056640625e+01
2.860016059875488281e+01 -7.413379669189453125e+00 7.125871276855468750e+01
2.609572219848632812e+01 -6.597385406494140625e+00 7.124211883544921875e+01
2.693150901794433594e+01 -6.885520935058593750e+00 6.990008544921875000e+01
2.738894462585449219e+01 -7.364906787872314453e+00 7.234491729736328125e+01
2.613139343261718750e+01 -6.594814777374267578e+00 7.069825744628906250e+01
2.865294075012207031e+01 -7.935480117797851562e+00 7.009226226806640625e+01
2.656210899353027344e+01 -6.342481613159179688e+00 7.108559417724609375e+01
2.635229301452636719e+01 -7.113754749298095703e+00 6.990003967285156250e+01
2.851561927795410156e+01 -8.261842727661132812e+00 7.199822998046875000e+01
2.626501846313476562e+01 -6.566918373107910156e+00 7.097627258300781250e+01
2.736769485473632812e+01 -7.495002269744873047e+00 6.989994812011718750e+01
2.682721519470214844e+01 -7.853180408477783203e+00 7.234483337402343750e+01
2.649344635009765625e+01 -6.419724464416503906e+00 7.075704956054687500e+01
2.862204551696777344e+01 -8.765755653381347656e+00 7.083262634277343750e+01
2.656125259399414062e+01 -6.342033386230468750e+00 7.098499298095703125e+01
2.670940971374511719e+01 -7.690723896026611328e+00 6.990000915527343750e+01
2.784000968933105469e+01 -9.296014785766601562e+00 7.234494018554687500e+01
2.653116226196289062e+01 -6.386213779449462891e+00 7.087709045410156250e+01
2.811359977722167969e+01 -9.784478187561035156e+00 6.990001678466796875e+01
2.631252098083496094e+01 -9.635695457458496094e+00 7.234504699707031250e+01
2.609652328491210938e+01 -9.282155990600585938e+00 6.990010833740234375e+01
2.845516204833984375e+01 -1.262736988067626953e+01 7.148893737792968750e+01
2.507938003540039062e+01 -1.461683082580566406e+01 7.160359954833984375e+01
2.665367889404296875e+01 -1.467439174652099609e+01 7.089479064941406250e+01
