1.621276092529296875e+01 -3.997108340263366699e-01 7.089998626708984375e+01
1.620390129089355469e+01 -4.008306264877319336e-01 7.090810394287109375e+01
1.630051040649414062e+01 2.963257789611816406e+00 6.990012359619140625e+01
1.622607994079589844e+01 -3.997107446193695068e-01 7.091735839843750000e+01
1.618759727478027344e+01 -4.000446200370788574e-01 7.089553833007812500e+01
1.778470230102539062e+01 3.364421129226684570e+00 6.990004730224609375e+01
1.620430564880371094e+01 -3.997127711772918701e-01 7.093144226074218750e+01
1.569340705871582031e+01 1.427413702011108398e+00 6.990000152587890625e+01
1.624939346313476562e+01 -3.997091054916381836e-01 7.091336059570312500e+01
1.617475891113281250e+01 -4.011890888214111328e-01 7.091567230224609375e+01
1.682928848266601562e+01 1.466265201568603516e+00 6.958250427246093750e+01
1.622726821899414062e+01 -3.997119367122650146e-01 7.094623565673828125e+01
1.448715686798095703e+01 1.855036735534667969e+00 6.989996337890625000e+01
2.076106643676757812e+01 4.623905181884765625e+00 6.990005493164062500e+01
1.617924118041992188e+01 -3.997133374214172363e-01 7.094766235351562500e+01
1.608317565917968750e+01 5.203634500503540039e-01 6.989998626708984375e+01
1.626265335083007812e+01 -3.997095227241516113e-01 7.094203948974609375e+01
1.615256118774414062e+01 -4.072452187538146973e-01 7.090247344970703125e+01
1.721765708923339844e+01 7.098374962806701660e-01 6.989997863769531250e+01
1.620921897888183594e+01 -3.997129797935485840e-01 7.097657012939453125e+01
1.537825012207031250e+01 5.069476366043090820e-01 6.989996337890625000e+01
1.629718399047851562e+01 -3.997059762477874756e-01 7.091134643554687500e+01
1.613907432556152344e+01 -3.997125625610351562e-01 7.095125579833984375e+01
1.643773269653320312e+01 1.899950951337814331e-01 6.989997100830078125e+01
1.626237678527832031e+01 -3.997114598751068115e-01 7.098657226562500000e+01
1.307817268371582031e+01 1.414473533630371094e+00 6.989996337890625000e+01
1.837711524963378906e+01 8.263711929321289062e-01 6.990000152587890625e+01
1.616738510131835938e+01 -3.997125625610351562e-01 7.100840759277343750e+01
1.585307312011718750e+01 5.276585370302200317e-02 6.989996337890625000e+01
1.632946205139160156e+01 -3.997060954570770264e-01 7.096131896972656250e+01
1.607743453979492188e+01 -3.997104763984680176e-01 7.093566131591796875e+01
1.685576057434082031e+01 1.935757324099540710e-02 6.989997100830078125e+01
1.621276092529296875e+01 -4.596915245056152344e-01 7.089998626708984375e+01
1.492150592803955078e+01 1.177358627319335938e-01 6.989996337890625000e+01
2.828266906738281250e+01 3.533543109893798828e+00 6.990001678466796875e+01
1.621276092529296875e+01 -4.596915841102600098e-01 7.089998626708984375e+01
1.621763992309570312e+01 -1.762091070413589478e-01 6.989996337890625000e+01
1.621276092529296875e+01 -4.596914947032928467e-01 7.089998626708984375e+01
5.422938346862792969e+00 2.128596544265747070e+00 6.989998626708984375e+01
1.753034400939941406e+01 -1.006530672311782837e-01 6.989998626708984375e+01
1.621276092529296875e+01 -4.596914649009704590e-01 7.089998626708984375e+01
1.558345985412597656e+01 -2.537398934364318848e-01 6.989996337890625000e+01
1.659027099609375000e+01 -3.996913433074951172e-01 7.100344848632812500e+01
1.621275901794433594e+01 -4.596914649009704590e-01 7.089998626708984375e+01
1.658349990844726562e+01 -3.404517173767089844e-01 6.989997863769531250e+01
1.621276283264160156e+01 -4.596915841102600098e-01 7.089998626708984375e+01
1.410266208648681641e+01 -2.941716313362121582e-01 6.989997100830078125e+01
1.945611953735351562e+01 -2.880581915378570557e-01 6.990002441406250000e+01
1.621275901794433594e+01 -4.596917331218719482e-01 7.089998626708984375e+01
1.599801731109619141e+01 -4.493597745895385742e-01 6.989996337890625000e+01
1.719078636169433594e+01 -4.718103110790252686e-01 7.159472656250000000e+01
1.063732814788818359e+01 -6.300296187400817871e-01 7.159484100341796875e+01
1.765985107421875000e+01 -5.725923776626586914e-01 6.919988250732421875e+01
1.623810005187988281e+01 -5.089789628982543945e-01 7.159484100341796875e+01
1.453734874725341797e+01 -6.775868535041809082e-01 6.919987487792968750e+01
1.621281051635742188e+01 -4.596973955631256104e-01 7.089998626708984375e+01
1.537168788909912109e+01 -6.042093634605407715e-01 7.159492492675781250e+01
1.644988441467285156e+01 -7.227358222007751465e-01 6.920040130615234375e+01
1.669119644165039062e+01 -6.067407131195068359e-01 7.159482574462890625e+01
1.621275711059570312e+01 -4.596926867961883545e-01 7.089998626708984375e+01
1.796809959411621094e+01 -8.976089954376220703e-01 6.990547943115234375e+01
1.598733901977539062e+01 -6.341817975044250488e-01 7.159484863281250000e+01
1.557669353485107422e+01 -8.597101569175720215e-01 6.950546264648437500e+01
1.751189041137695312e+01 -8.597318530082702637e-01 7.145114135742187500e+01
1.498196506500244141e+01 -8.597210049629211426e-01 7.133590698242187500e+01
1.677141952514648438e+01 -8.519811034202575684e-01 6.984951019287109375e+01
1.639231109619140625e+01 -7.134420871734619141e-01 7.159487915039062500e+01
1.621276092529296875e+01 -4.596922099590301514e-01 7.089998626708984375e+01
1.621277046203613281e+01 -4.596954286098480225e-01 7.089998626708984375e+01
1.566918087005615234e+01 -8.378076553344726562e-01 7.159484100341796875e+01
1.613486480712890625e+01 -9.158192873001098633e-01 6.990052795410156250e+01
1.681899833679199219e+01 -8.597362637519836426e-01 7.146632385253906250e+01
1.621275138854980469e+01 -4.596971571445465088e-01 7.089998626708984375e+01
1.621276092529296875e+01 -4.596925079822540283e-01 7.089998626708984375e+01
1.614493942260742188e+01 -8.573812246322631836e-01 7.159485626220703125e+01
1.621276092529296875e+01 -4.596923589706420898e-01 7.089998626708984375e+01
1.621277046203613281e+01 -4.596975743770599365e-01 7.089998626708984375e+01
1.570449352264404297e+01 -8.597151041030883789e-01 7.121638488769531250e+01
1.621276092529296875e+01 -4.596922993659973145e-01 7.089998626708984375e+01
1.645651817321777344e+01 -8.597251176834106445e-01 7.138073730468750000e+01
1.621275711059570312e+01 -4.596951901912689209e-01 7.089998626708984375e+01
1.621276473999023438e+01 -4.596951901912689209e-01 7.089998626708984375e+01
1.601393127441406250e+01 -8.597133159637451172e-01 7.131429290771484375e+01
1.621276092529296875e+01 -4.596929550170898438e-01 7.089998626708984375e+01
1.621276664733886719e+01 -4.596972465515136719e-01 7.089998626708984375e+01
1.621275520324707031e+01 -4.596975743770599365e-01 7.089998626708984375e+01
1.621276283264160156e+01 -4.596938788890838623e-01 7.089998626708984375e+01
1.625371932983398438e+01 -8.597235083580017090e-01 7.124222564697265625e+01
1.621275901794433594e+01 -4.596948325634002686e-01 7.089998626708984375e+01
1.621276473999023438e+01 -4.596971273422241211e-01 7.089998626708984375e+01
1.621275901794433594e+01 -4.596973359584808350e-01 7.089998626708984375e+01
1.621276092529296875e+01 -4.596942663192749023e-01 7.089998626708984375e+01
1.621276283264160156e+01 -4.596973955631256104e-01 7.089998626708984375e+01
1.621275901794433594e+01 -4.596969485282897949e-01 7.089998626708984375e+01
1.621276283264160156e+01 -4.596960842609405518e-01 7.089998626708984375e+01
1.621276092529296875e+01 -4.596974551677703857e-01 7.089998626708984375e+01
1.621276092529296875e+01 -4.596958756446838379e-01 7.089998626708984375e+01
1.621276283264160156e+01 -4.596974253654479980e-01 7.089998626708984375e+01
1.621275901794433594e+01 -4.596974253654479980e-01 7.089998626708984375e+01
1.621276092529296875e+01 -4.596972167491912842e-01 7.089998626708984375e+01
