1.807486534118652344e+01 -5.960538387298583984e+00 7.090008544921875000e+01
1.767487144470214844e+01 -3.597117900848388672e+00 7.126651000976562500e+01
1.816263008117675781e+01 -2.831248283386230469e+00 6.990005493164062500e+01
1.807486534118652344e+01 -6.254764080047607422e+00 7.090008544921875000e+01
1.242144393920898438e+01 7.145738601684570312e+00 6.990007781982421875e+01
1.964687156677246094e+01 -2.430489778518676758e+00 6.990010070800781250e+01
1.788810539245605469e+01 -4.929979801177978516e+00 7.159482574462890625e+01
1.755583763122558594e+01 -4.368843555450439453e+00 6.990072631835937500e+01
1.807486534118652344e+01 -6.254764080047607422e+00 7.090008544921875000e+01
1.767484664916992188e+01 -5.638938426971435547e+00 7.106520843505859375e+01
1.854287338256835938e+01 -4.792766571044921875e+00 6.989997863769531250e+01
1.807486534118652344e+01 -6.254764080047607422e+00 7.090008544921875000e+01
1.634991645812988281e+01 -3.940915107727050781e+00 6.990044403076171875e+01
2.262357139587402344e+01 -1.170719027519226074e+00 6.990006256103515625e+01
1.767488288879394531e+01 -5.539066791534423828e+00 7.146901702880859375e+01
1.794526100158691406e+01 -5.274570941925048828e+00 6.989994049072265625e+01
1.807486534118652344e+01 -6.254764080047607422e+00 7.090008544921875000e+01
1.767484474182128906e+01 -5.906262397766113281e+00 7.091662597656250000e+01
1.907988548278808594e+01 -5.085090160369873047e+00 6.989995574951171875e+01
1.804273605346679688e+01 -5.710607528686523438e+00 7.159491729736328125e+01
1.724024391174316406e+01 -5.287995338439941406e+00 6.989992523193359375e+01
2.323160934448242188e+01 -2.590730905532836914e+00 7.159391784667968750e+01
1.767485618591308594e+01 -5.929168701171875000e+00 7.117839813232421875e+01
1.829987144470214844e+01 -5.604977130889892578e+00 6.989990997314453125e+01
1.807486534118652344e+01 -6.254764080047607422e+00 7.090008544921875000e+01
1.494006538391113281e+01 -4.380472183227539062e+00 6.990000152587890625e+01
2.023950004577636719e+01 -4.968533992767333984e+00 6.989997100830078125e+01
1.778405570983886719e+01 -5.870360374450683594e+00 7.159496307373046875e+01
1.771512603759765625e+01 -5.742231845855712891e+00 6.989991760253906250e+01
1.807486534118652344e+01 -6.254764080047607422e+00 7.090008544921875000e+01
1.767485046386718750e+01 -6.077462196350097656e+00 7.100553131103515625e+01
1.871795272827148438e+01 -5.775649070739746094e+00 6.989993286132812500e+01
1.807486534118652344e+01 -6.254764080047607422e+00 7.090008544921875000e+01
1.678347587585449219e+01 -5.677276134490966797e+00 6.989996337890625000e+01
2.884307479858398438e+01 -2.692185878753662109e+00 7.000796508789062500e+01
1.767486190795898438e+01 -6.074301719665527344e+00 7.133247375488281250e+01
1.808500862121582031e+01 -5.665326595306396484e+00 6.882077026367187500e+01
1.807486534118652344e+01 -6.254764080047607422e+00 7.090008544921875000e+01
7.284682273864746094e+00 -3.666389226913452148e+00 6.990005493164062500e+01
1.939261436462402344e+01 -5.895680427551269531e+00 6.989996337890625000e+01
1.794846153259277344e+01 -6.116657733917236328e+00 7.159490966796875000e+01
1.744659233093261719e+01 -6.049148559570312500e+00 6.990169525146484375e+01
1.807486534118652344e+01 -6.254764080047607422e+00 7.090008544921875000e+01
1.767484664916992188e+01 -6.195207595825195312e+00 7.110536956787109375e+01
1.844563674926757812e+01 -6.135513305664062500e+00 6.989999389648437500e+01
1.807486534118652344e+01 -6.254764080047607422e+00 7.090008544921875000e+01
1.596467494964599609e+01 -6.089236736297607422e+00 6.990002441406250000e+01
2.131846427917480469e+01 -6.083117485046386719e+00 6.990004730224609375e+01
1.767486190795898438e+01 -6.230780124664306641e+00 7.158261871337890625e+01
1.763052940368652344e+01 -6.233385562896728516e+00 6.883088684082031250e+01
1.807486534118652344e+01 -6.254764080047607422e+00 7.090008544921875000e+01
1.767484664916992188e+01 -6.266985416412353516e+00 7.094993591308593750e+01
1.892608642578125000e+01 -6.321175575256347656e+00 6.990003967285156250e+01
1.807486534118652344e+01 -6.254764080047607422e+00 7.090008544921875000e+01
1.708937072753906250e+01 -6.382932186126708984e+00 6.990006256103515625e+01
1.807486534118652344e+01 -6.254764080047607422e+00 7.090008544921875000e+01
1.767484283447265625e+01 -6.323498249053955078e+00 7.123060607910156250e+01
1.821439743041992188e+01 -6.409549236297607422e+00 6.989998626708984375e+01
1.807486534118652344e+01 -6.254764080047607422e+00 7.090008544921875000e+01
1.372906970977783203e+01 -7.126810550689697266e+00 6.990013122558593750e+01
1.983988952636718750e+01 -6.695097923278808594e+00 6.990009307861328125e+01
1.784947395324707031e+01 -6.429230690002441406e+00 7.159485626220703125e+01
1.761871337890625000e+01 -6.541634559631347656e+00 6.990001678466796875e+01
1.807486534118652344e+01 -6.254764080047607422e+00 7.090008544921875000e+01
1.767484474182128906e+01 -6.384777545928955078e+00 7.104176330566406250e+01
1.860669708251953125e+01 -6.628215312957763672e+00 6.990005493164062500e+01
1.807486534118652344e+01 -6.254764080047607422e+00 7.090008544921875000e+01
1.653611564636230469e+01 -6.948352336883544922e+00 6.990003967285156250e+01
2.406938552856445312e+01 -8.703560829162597656e+00 6.989995574951171875e+01
1.767483901977539062e+01 -6.533023834228515625e+00 7.141143798828125000e+01
1.791396141052246094e+01 -7.196951866149902344e+00 6.883557891845703125e+01
1.807486534118652344e+01 -6.254764080047607422e+00 7.090008544921875000e+01
1.848428130149841309e+00 -1.453567695617675781e+01 7.074176788330078125e+01
1.918818473815917969e+01 -7.062019348144531250e+00 6.989999389648437500e+01
1.800705146789550781e+01 -6.652410030364990234e+00 7.159487915039062500e+01
1.732350540161132812e+01 -7.006590843200683594e+00 6.990000915527343750e+01
1.807486534118652344e+01 -6.254764080047607422e+00 7.090008544921875000e+01
1.767484283447265625e+01 -6.569595336914062500e+00 7.114910125732421875e+01
1.864483642578125000e+01 -7.746754646301269531e+00 6.885945129394531250e+01
1.807486534118652344e+01 -6.254764080047607422e+00 7.090008544921875000e+01
1.541728878021240234e+01 -8.476132392883300781e+00 6.990004730224609375e+01
2.056592178344726562e+01 -8.469163894653320312e+00 6.990014648437500000e+01
1.774149131774902344e+01 -6.925474643707275391e+00 7.159474945068359375e+01
1.757082366943359375e+01 -7.852752208709716797e+00 6.923645019531250000e+01
1.807486534118652344e+01 -6.254764080047607422e+00 7.090008544921875000e+01
1.767484664916992188e+01 -6.675369739532470703e+00 7.098394775390625000e+01
1.879265403747558594e+01 -7.598572731018066406e+00 6.989998626708984375e+01
1.807486534118652344e+01 -6.254764080047607422e+00 7.090008544921875000e+01
1.691189575195312500e+01 -8.152502059936523438e+00 6.990036773681640625e+01
2.436879539489746094e+01 -1.459235286712646484e+01 7.070130157470703125e+01
1.767485809326171875e+01 -7.050121784210205078e+00 7.129045104980468750e+01
1.813088607788085938e+01 -7.795229911804199219e+00 6.990010833740234375e+01
1.807486534118652344e+01 -6.254764080047607422e+00 7.090008544921875000e+01
1.362212371826171875e+01 -1.453965473175048828e+01 7.025668334960937500e+01
1.954254150390625000e+01 -9.900251388549804688e+00 6.990002441406250000e+01
1.791337966918945312e+01 -7.900797367095947266e+00 7.158655548095703125e+01
1.780586242675781250e+01 -7.763036251068115234e+00 7.041983795166015625e+01
1.807486534118652344e+01 -6.254764080047607422e+00 7.090008544921875000e+01
1.758546066284179688e+01 -8.884290695190429688e+00 7.112043762207031250e+01
1.807486534118652344e+01 -6.562331199645996094e+00 7.090008544921875000e+01
