-1.792587280273437500e+01 -1.074737906455993652e+00 7.089999389648437500e+01
-1.821072387695312500e+01 -3.997172117233276367e-01 7.116094207763671875e+01
-1.783811569213867188e+01 1.130928993225097656e+00 6.990003967285156250e+01
-1.751893234252929688e+01 -4.597133100032806396e-01 7.143077850341796875e+01
-2.354158782958984375e+01 1.101879501342773438e+01 6.990665435791015625e+01
-1.635389518737792969e+01 1.531871557235717773e+00 6.990003204345703125e+01
-1.831430816650390625e+01 4.630395174026489258e-01 7.234495544433593750e+01
-1.844332885742187500e+01 -4.121179878711700439e-01 6.990366363525390625e+01
-1.752583312988281250e+01 -1.637286067008972168e+00 7.104608917236328125e+01
-1.915524482727050781e+01 -3.997191488742828369e-01 7.140746307373046875e+01
-1.745792007446289062e+01 -8.305028676986694336e-01 6.990000915527343750e+01
-1.770790863037109375e+01 -1.391119241714477539e+00 7.159490203857421875e+01
-1.963755035400390625e+01 3.716626204550266266e-03 6.990804290771484375e+01
-1.337759399414062500e+01 2.791237592697143555e+00 6.990007019042968750e+01
-1.894174194335937500e+01 -4.746092557907104492e-01 7.234496307373046875e+01
-1.805545234680175781e+01 -1.312316298484802246e+00 6.990003204345703125e+01
-1.752583503723144531e+01 -1.811397075653076172e+00 7.123714447021484375e+01
-2.009446144104003906e+01 -4.030323028564453125e-01 7.098966979980468750e+01
-1.692097854614257812e+01 -1.122801899909973145e+00 6.989998626708984375e+01
-1.799268913269042969e+01 -1.160715818405151367e+00 7.234495544433593750e+01
-1.876030731201171875e+01 -1.325779557228088379e+00 6.990006256103515625e+01
-1.752584266662597656e+01 -2.008095741271972656e+00 7.095381927490234375e+01
-2.000263214111328125e+01 -6.019121408462524414e-01 7.234494781494140625e+01
-1.770091438293457031e+01 -1.642677068710327148e+00 6.990002441406250000e+01
-1.752765464782714844e+01 -1.810924649238586426e+00 7.159494018554687500e+01
-2.103033065795898438e+01 -4.361798167228698730e-01 6.990958404541015625e+01
-1.576145553588867188e+01 -1.006229639053344727e+00 6.989997863769531250e+01
-1.853059387207031250e+01 -1.492985129356384277e+00 7.234494781494140625e+01
-1.828553009033203125e+01 -1.779914259910583496e+00 6.990005493164062500e+01
-1.752584266662597656e+01 -2.086710929870605469e+00 7.111023712158203125e+01
-2.340746498107910156e+01 1.373169273138046265e-01 7.234492492675781250e+01
-1.728289413452148438e+01 -1.813296318054199219e+00 6.990001678466796875e+01
-1.780644226074218750e+01 -2.025836467742919922e+00 7.159492492675781250e+01
-1.921697807312011719e+01 -1.714969158172607422e+00 6.990009307861328125e+01
-5.855799674987792969e+00 1.700960040092468262e+00 6.990001678466796875e+01
-1.926257514953613281e+01 -1.689272761344909668e+00 7.234493255615234375e+01
-1.792099380493164062e+01 -2.008867263793945312e+00 6.990004730224609375e+01
-1.752583885192871094e+01 -2.136942386627197266e+00 7.134097290039062500e+01
-2.871563529968261719e+01 2.959439456462860107e-01 6.990000152587890625e+01
-1.660830116271972656e+01 -1.933294057846069336e+00 6.990000152587890625e+01
-1.818874168395996094e+01 -2.005122900009155273e+00 7.234495544433593750e+01
-1.855511093139648438e+01 -2.086398363113403320e+00 6.990007019042968750e+01
-1.752585029602050781e+01 -2.228751182556152344e+00 7.100962066650390625e+01
-2.074144172668457031e+01 -1.873136401176452637e+00 7.234489440917968750e+01
-1.755514907836914062e+01 -2.173094749450683594e+00 6.990003204345703125e+01
-1.764298820495605469e+01 -2.223839759826660156e+00 7.159489440917968750e+01
-2.003566360473632812e+01 -2.126833677291870117e+00 6.990012359619140625e+01
-1.792164039611816406e+01 -2.292105674743652344e+00 7.089868927001953125e+01
-1.877269554138183594e+01 -2.241554498672485352e+00 7.234494781494140625e+01
-1.814059829711914062e+01 -2.281998634338378906e+00 6.990005493164062500e+01
-1.752584648132324219e+01 -2.297286510467529297e+00 7.118415069580078125e+01
-2.878164482116699219e+01 -2.623989820480346680e+00 7.225292968750000000e+01
-1.792519187927246094e+01 -2.292382955551147461e+00 7.089919281005859375e+01
-1.790052986145019531e+01 -2.341622114181518555e+00 7.159492492675781250e+01
-1.891124725341796875e+01 -2.420482397079467773e+00 6.990009307861328125e+01
-1.792587280273437500e+01 -2.292329788208007812e+00 7.089999389648437500e+01
-1.967465972900390625e+01 -2.592815637588500977e+00 7.234493255615234375e+01
-1.792577552795410156e+01 -2.292436599731445312e+00 7.089929962158203125e+01
-1.752582168579101562e+01 -2.415286540985107422e+00 7.148098754882812500e+01
-2.227172279357910156e+01 -3.164387464523315430e+00 6.990002441406250000e+01
-1.792247200012207031e+01 -2.293178319931030273e+00 7.089806365966796875e+01
-1.839463424682617188e+01 -2.655179738998413086e+00 7.234495544433593750e+01
-1.838195610046386719e+01 -2.579156875610351562e+00 6.990007019042968750e+01
-1.752585411071777344e+01 -2.415507316589355469e+00 7.106970214843750000e+01
-2.200585556030273438e+01 -3.618392705917358398e+00 7.234503936767578125e+01
-1.792505836486816406e+01 -2.292901277542114258e+00 7.089846038818359375e+01
-1.774632263183593750e+01 -2.546078205108642578e+00 7.159487915039062500e+01
-1.946435737609863281e+01 -2.985798120498657227e+00 6.990011596679687500e+01
-1.791929626464843750e+01 -2.295016288757324219e+00 7.089889526367187500e+01
-1.905627059936523438e+01 -3.078637838363647461e+00 7.234497833251953125e+01
-1.800380516052246094e+01 -2.748672485351562500e+00 6.990006256103515625e+01
-1.752583312988281250e+01 -2.556308031082153320e+00 7.127370452880859375e+01
-2.882060813903808594e+01 -7.852290630340576172e+00 7.079369354248046875e+01
-1.792361640930175781e+01 -2.293966054916381836e+00 7.089796447753906250e+01
-1.806690788269042969e+01 -3.119326353073120117e+00 7.234498596191406250e+01
-1.867710113525390625e+01 -3.044025421142578125e+00 6.990009307861328125e+01
-1.752585792541503906e+01 -2.550265312194824219e+00 7.097478485107421875e+01
-2.024723434448242188e+01 -4.119318008422851562e+00 7.234503936767578125e+01
-1.792532539367675781e+01 -2.293761491775512695e+00 7.089803314208984375e+01
-1.757352066040039062e+01 -2.870577812194824219e+00 7.159491729736328125e+01
-2.058311080932617188e+01 -4.513415336608886719e+00 6.990008544921875000e+01
-1.792248344421386719e+01 -2.295343399047851562e+00 7.089863586425781250e+01
-1.861936187744140625e+01 -3.687548398971557617e+00 7.234504699707031250e+01
-1.822882270812988281e+01 -3.252787590026855469e+00 6.990007781982421875e+01
-1.752583122253417969e+01 -2.744289398193359375e+00 7.113706970214843750e+01
-2.481878662109375000e+01 -9.539981842041015625e+00 7.234503173828125000e+01
-1.792451095581054688e+01 -2.294880390167236328e+00 7.089809417724609375e+01
-1.784272003173828125e+01 -3.104485273361206055e+00 7.159481048583984375e+01
-1.908908462524414062e+01 -4.190461635589599609e+00 6.990006256103515625e+01
-1.792311859130859375e+01 -2.295979022979736328e+00 7.089990997314453125e+01
-1.940654373168945312e+01 -5.236438751220703125e+00 7.234498596191406250e+01
-1.792576789855957031e+01 -2.295191526412963867e+00 7.089813995361328125e+01
-1.752584457397460938e+01 -3.350374221801757812e+00 7.138898468017578125e+01
-2.452229690551757812e+01 -1.456581306457519531e+01 6.994684600830078125e+01
-1.792442131042480469e+01 -2.295937061309814453e+00 7.089900207519531250e+01
-1.826578521728515625e+01 -5.757078170776367188e+00 7.234495544433593750e+01
-1.848596382141113281e+01 -5.432693481445312500e+00 6.990007019042968750e+01
-1.753168678283691406e+01 -3.707846403121948242e+00 7.102999877929687500e+01
-2.020384788513183594e+01 -1.453169727325439453e+01 7.192562866210937500e+01
-1.792587280273437500e+01 -2.319771289825439453e+00 7.089999389648437500e+01
