1.727999496459960938e+01 -8.597189188003540039e-01 7.089488220214843750e+01
1.569712924957275391e+01 2.215003252029418945e+00 7.234491729736328125e+01
1.736731147766113281e+01 -4.895855426788330078e+00 6.989995574951171875e+01
1.729052734375000000e+01 -8.254467964172363281e+00 7.090862274169921875e+01
1.165581893920898438e+01 5.029279708862304688e+00 6.990004730224609375e+01
1.741315650939941406e+01 -7.977952957153320312e+00 7.081017303466796875e+01
1.689017295837402344e+01 -5.536706924438476562e+00 7.234499359130859375e+01
1.676331520080566406e+01 -6.424513339996337891e+00 6.990004730224609375e+01
1.755204010009765625e+01 -7.856439113616943359e+00 7.099423217773437500e+01
1.376700496673583984e+01 -2.893672227859497070e+00 7.234499359130859375e+01
1.735023117065429688e+01 -8.082489967346191406e+00 7.074478912353515625e+01
1.729138755798339844e+01 -8.254794120788574219e+00 7.093120574951171875e+01
1.556332683563232422e+01 -5.999158859252929688e+00 6.990003967285156250e+01
1.774999809265136719e+01 -7.776583194732666016e+00 7.079154968261718750e+01
1.626050376892089844e+01 -6.477699279785156250e+00 7.234500122070312500e+01
1.715107727050781250e+01 -7.326896667480468750e+00 6.990003204345703125e+01
1.807488632202148438e+01 -7.346267223358154297e+00 7.156481933593750000e+01
1.727999496459960938e+01 -8.301900863647460938e+00 7.089488220214843750e+01
1.772667503356933594e+01 -7.782041549682617188e+00 7.045037841796875000e+01
1.721294021606445312e+01 -7.166254043579101562e+00 7.234499359130859375e+01
1.644978332519531250e+01 -7.340241432189941406e+00 6.990000915527343750e+01
1.807485580444335938e+01 -7.737126827239990234e+00 7.100183105468750000e+01
1.519579505920410156e+01 -6.605426788330078125e+00 7.234501647949218750e+01
1.735741233825683594e+01 -8.078330039978027344e+00 7.055075836181640625e+01
1.768109893798828125e+01 -7.817007064819335938e+00 7.159486389160156250e+01
1.416167163848876953e+01 -6.437460899353027344e+00 6.990005493164062500e+01
1.810866546630859375e+01 -7.809504032135009766e+00 7.051201629638671875e+01
1.667313766479492188e+01 -7.499734878540039062e+00 7.234493255615234375e+01
1.692215919494628906e+01 -7.792082309722900391e+00 6.990000915527343750e+01
1.817198944091796875e+01 -7.843408584594726562e+00 7.136369323730468750e+01
1.177870941162109375e+01 -5.863525390625000000e+00 7.234500122070312500e+01
1.798295783996582031e+01 -7.778178215026855469e+00 6.980161285400390625e+01
1.740030670166015625e+01 -8.033440589904785156e+00 7.159494018554687500e+01
1.599538612365722656e+01 -7.727445125579833984e+00 6.990000915527343750e+01
1.831935501098632812e+01 -7.958036422729492188e+00 7.080877685546875000e+01
1.593848323822021484e+01 -7.696674346923828125e+00 7.234501647949218750e+01
1.728484725952148438e+01 -8.019898414611816406e+00 6.990008544921875000e+01
1.791494560241699219e+01 -8.055263519287109375e+00 7.159482574462890625e+01
6.546518802642822266e+00 -5.727128982543945312e+00 6.990010833740234375e+01
1.835811996459960938e+01 -8.008113861083984375e+00 7.007662200927734375e+01
1.701618385314941406e+01 -8.013665199279785156e+00 7.234502410888671875e+01
1.665388679504394531e+01 -8.096993446350097656e+00 6.989993286132812500e+01
1.842140197753906250e+01 -8.120489120483398438e+00 7.120769500732421875e+01
1.445427227020263672e+01 -7.881196022033691406e+00 7.234499359130859375e+01
1.727999496459960938e+01 -8.301900863647460938e+00 7.089488220214843750e+01
1.756493759155273438e+01 -8.232912063598632812e+00 7.159483337402343750e+01
1.518085002899169922e+01 -8.137239456176757812e+00 6.990005493164062500e+01
1.846148490905761719e+01 -8.239377975463867188e+00 7.053061676025390625e+01
1.643014526367187500e+01 -8.250944137573242188e+00 7.234500122070312500e+01
1.706635856628417969e+01 -8.291622161865234375e+00 6.990000915527343750e+01
1.826552391052246094e+01 -8.314112663269042969e+00 7.159495544433593750e+01
5.645270824432373047e+00 -8.657359123229980469e+00 7.234489440917968750e+01
1.846575546264648438e+01 -8.394412994384765625e+00 6.950180053710937500e+01
1.728017997741699219e+01 -8.302260398864746094e+00 7.089994812011718750e+01
1.629961204528808594e+01 -8.429404258728027344e+00 6.990004730224609375e+01
1.846839714050292969e+01 -8.434942245483398438e+00 7.095564270019531250e+01
1.552493858337402344e+01 -8.603464126586914062e+00 7.234499359130859375e+01
1.727999496459960938e+01 -8.301900863647460938e+00 7.089488220214843750e+01
1.728232955932617188e+01 -8.302618026733398438e+00 7.089826965332031250e+01
1.295659637451171875e+01 -9.169453620910644531e+00 6.990007781982421875e+01
1.842767715454101562e+01 -8.588221549987792969e+00 7.024465179443359375e+01
1.680956649780273438e+01 -8.666040420532226562e+00 7.234498596191406250e+01
1.682638549804687500e+01 -8.587172508239746094e+00 6.990038299560546875e+01
1.728174972534179688e+01 -8.302440643310546875e+00 7.089562988281250000e+01
1.318590736389160156e+01 -9.632548332214355469e+00 7.234492492675781250e+01
1.812699699401855469e+01 -8.896664619445800781e+00 6.930221557617187500e+01
1.728120422363281250e+01 -8.303608894348144531e+00 7.089955902099609375e+01
1.574925708770751953e+01 -8.991877555847167969e+00 6.990003967285156250e+01
1.833978271484375000e+01 -8.734830856323242188e+00 7.071806335449218750e+01
1.614560127258300781e+01 -9.090987205505371094e+00 7.234497833251953125e+01
1.720246505737304688e+01 -8.755887985229492188e+00 6.990011596679687500e+01
1.728237915039062500e+01 -8.303474426269531250e+00 7.089710998535156250e+01
5.012084007263183594e+00 -1.456264114379882812e+01 7.077518463134765625e+01
1.811051750183105469e+01 -8.904104232788085938e+00 7.014882659912109375e+01
1.713846397399902344e+01 -9.131812095642089844e+00 7.234496307373046875e+01
1.653253746032714844e+01 -9.049823760986328125e+00 6.990000152587890625e+01
1.728082656860351562e+01 -8.302436828613281250e+00 7.089503479003906250e+01
1.495045757293701172e+01 -1.013532447814941406e+01 7.234501647949218750e+01
1.747062301635742188e+01 -8.800900459289550781e+00 7.021238708496093750e+01
1.728191757202148438e+01 -8.305054664611816406e+00 7.089867401123046875e+01
1.463638114929199219e+01 -1.051159763336181641e+01 6.990010070800781250e+01
1.800054168701171875e+01 -8.942422866821289062e+00 7.060564422607421875e+01
1.658409309387207031e+01 -9.701972007751464844e+00 7.234495544433593750e+01
1.697856140136718750e+01 -9.257550239562988281e+00 6.989997863769531250e+01
1.728192520141601562e+01 -8.304081916809082031e+00 7.089602661132812500e+01
1.141099262237548828e+01 -1.447294712066650391e+01 7.212526702880859375e+01
1.759292984008789062e+01 -8.887763977050781250e+00 7.045886993408203125e+01
1.728057098388671875e+01 -8.307533264160156250e+00 7.089970397949218750e+01
1.504973793029785156e+01 -1.194123935699462891e+01 6.897769165039062500e+01
1.776940727233886719e+01 -8.950226783752441406e+00 7.087942504882812500e+01
1.579671096801757812e+01 -1.125120353698730469e+01 7.234242248535156250e+01
1.728201293945312500e+01 -8.357378959655761719e+00 7.085887145996093750e+01
1.728204345703125000e+01 -8.307318687438964844e+00 7.089738464355468750e+01
1.392516994476318359e+01 -1.454397869110107422e+01 7.041012573242187500e+01
1.748313522338867188e+01 -8.806468963623046875e+00 7.075646209716796875e+01
1.693889808654785156e+01 -1.177872753143310547e+01 7.234487915039062500e+01
1.672272491455078125e+01 -1.142644500732421875e+01 6.989999389648437500e+01
1.728090476989746094e+01 -8.305169105529785156e+00 7.089517974853515625e+01
1.612753868103027344e+01 -1.449394798278808594e+01 7.141376495361328125e+01
1.727999496459960938e+01 -8.302817344665527344e+00 7.089488220214843750e+01
