1.735433769226074219e+01 -8.063382148742675781e+00 7.090010070800781250e+01
1.729319763183593750e+01 -8.251801490783691406e+00 7.095610809326171875e+01
1.736996269226074219e+01 -8.048546791076660156e+00 7.072206878662109375e+01
1.752758026123046875e+01 -7.877845764160156250e+00 7.112606811523437500e+01
1.731391906738281250e+01 -8.562219619750976562e+00 7.089295196533203125e+01
1.771311759948730469e+01 -7.785209655761718750e+00 7.067187500000000000e+01
1.729293441772460938e+01 -8.222456932067871094e+00 7.112851715087890625e+01
1.727626991271972656e+01 -8.374363899230957031e+00 7.074978637695312500e+01
1.807487678527832031e+01 -7.478179454803466797e+00 7.116323852539062500e+01
1.385397815704345703e+01 -3.269242525100708008e+00 7.234500122070312500e+01
1.762335968017578125e+01 -7.817635059356689453e+00 7.032521820068359375e+01
1.754744911193847656e+01 -7.859574794769287109e+00 7.151576995849609375e+01
1.563265991210937500e+01 -6.348564624786376953e+00 6.990235137939453125e+01
1.811212921142578125e+01 -7.811050891876220703e+00 7.073350524902343750e+01
1.633851623535156250e+01 -6.840390682220458984e+00 7.234500122070312500e+01
1.729550743103027344e+01 -8.213091850280761719e+00 7.044611358642578125e+01
1.807368087768554688e+01 -7.793218612670898438e+00 7.150636291503906250e+01
1.735433769226074219e+01 -8.658026695251464844e+00 7.090010070800781250e+01
1.809049224853515625e+01 -7.801267623901367188e+00 7.016752624511718750e+01
1.732311439514160156e+01 -8.129216194152832031e+00 7.157534027099609375e+01
1.651981163024902344e+01 -7.691368579864501953e+00 6.990005493164062500e+01
1.832785224914550781e+01 -7.966313362121582031e+00 7.103108215332031250e+01
1.527763843536376953e+01 -6.967658519744873047e+00 7.234501647949218750e+01
1.764830017089843750e+01 -7.809100627899169922e+00 6.959340667724609375e+01
1.774995994567871094e+01 -8.179760932922363281e+00 7.159051513671875000e+01
1.421959495544433594e+01 -6.783769607543945312e+00 6.990003204345703125e+01
1.838506889343261719e+01 -8.045563697814941406e+00 7.042387390136718750e+01
1.674962997436523438e+01 -7.858701705932617188e+00 7.234501647949218750e+01
1.699460983276367188e+01 -8.145512580871582031e+00 6.989997100830078125e+01
1.841814231872558594e+01 -8.111223220825195312e+00 7.145920562744140625e+01
1.187284851074218750e+01 -6.228425502777099609e+00 7.234500122070312500e+01
1.830295181274414062e+01 -7.951287746429443359e+00 6.942478942871093750e+01
1.747373199462890625e+01 -8.391614913940429688e+00 7.159481811523437500e+01
1.606306076049804688e+01 -8.080589294433593750e+00 6.990006256103515625e+01
1.846768760681152344e+01 -8.289683341979980469e+00 7.080786132812500000e+01
1.601766586303710938e+01 -8.054984092712402344e+00 7.234500122070312500e+01
1.736382484436035156e+01 -8.106722831726074219e+00 6.895530700683593750e+01
1.798474502563476562e+01 -8.413154602050781250e+00 7.159503173828125000e+01
6.564676284790039062e+00 -6.069777011871337891e+00 6.990011596679687500e+01
1.847436904907226562e+01 -8.352820396423339844e+00 7.005003356933593750e+01
1.709147834777832031e+01 -8.370831489562988281e+00 7.234500122070312500e+01
1.672693824768066406e+01 -8.452696800231933594e+00 6.990309906005859375e+01
1.846057701110839844e+01 -8.482204437255859375e+00 7.120327758789062500e+01
1.453879070281982422e+01 -8.238836288452148438e+00 7.234499359130859375e+01
1.735433769226074219e+01 -8.658026695251464844e+00 7.090010070800781250e+01
1.763718032836914062e+01 -8.589546203613281250e+00 7.159489440917968750e+01
1.524417114257812500e+01 -8.492501258850097656e+00 6.990005493164062500e+01
1.842158317565917969e+01 -8.601550102233886719e+00 7.057106018066406250e+01
1.650755691528320312e+01 -8.607254028320312500e+00 7.234498596191406250e+01
1.713958930969238281e+01 -8.647694587707519531e+00 6.990005493164062500e+01
1.833241462707519531e+01 -8.670145988464355469e+00 7.159487915039062500e+01
5.761608123779296875e+00 -9.012202262878417969e+00 7.234487915039062500e+01
1.833184432983398438e+01 -8.734291076660156250e+00 6.975168609619140625e+01
1.735479736328125000e+01 -8.658922195434570312e+00 7.091273498535156250e+01
1.636876487731933594e+01 -8.786205291748046875e+00 6.989999389648437500e+01
1.831426429748535156e+01 -8.765489578247070312e+00 7.094918060302734375e+01
1.560560035705566406e+01 -8.958503723144531250e+00 7.234499359130859375e+01
1.749385452270507812e+01 -8.812794685363769531e+00 6.990010833740234375e+01
1.783267021179199219e+01 -8.805043220520019531e+00 7.159478759765625000e+01
1.300835895538330078e+01 -9.530110359191894531e+00 6.990010070800781250e+01
1.819250106811523438e+01 -8.867129325866699219e+00 7.042523193359375000e+01
1.688560867309570312e+01 -9.020852088928222656e+00 7.234496307373046875e+01
1.689820098876953125e+01 -8.944887161254882812e+00 6.990006256103515625e+01
1.813204765319824219e+01 -8.897506713867187500e+00 7.123004150390625000e+01
1.327497100830078125e+01 -9.983889579772949219e+00 7.234492492675781250e+01
1.777112197875976562e+01 -8.950692176818847656e+00 7.011639404296875000e+01
1.741828536987304688e+01 -8.748400688171386719e+00 7.114759063720703125e+01
1.581543827056884766e+01 -9.351682662963867188e+00 6.989995574951171875e+01
1.803438568115234375e+01 -8.935830116271972656e+00 7.078664398193359375e+01
1.622402954101562500e+01 -9.444272041320800781e+00 7.234497070312500000e+01
1.727639198303222656e+01 -9.114444732666015625e+00 6.990000152587890625e+01
1.778724288940429688e+01 -8.943693161010742188e+00 7.130451965332031250e+01
5.808360099792480469e+00 -1.455033874511718750e+01 7.078744506835937500e+01
1.773954010009765625e+01 -8.937333106994628906e+00 7.055407714843750000e+01
1.721331787109375000e+01 -9.484941482543945312e+00 7.234494781494140625e+01
1.660293197631835938e+01 -9.409898757934570312e+00 6.989996337890625000e+01
1.779898071289062500e+01 -8.944740295410156250e+00 7.098323059082031250e+01
1.503318119049072266e+01 -1.048485374450683594e+01 7.234501647949218750e+01
1.763362693786621094e+01 -9.389110565185546875e+00 6.990017700195312500e+01
1.735547256469726562e+01 -8.659889221191406250e+00 7.090233612060546875e+01
1.469678878784179688e+01 -1.087937164306640625e+01 6.990007781982421875e+01
1.763464355468750000e+01 -8.907201766967773438e+00 7.078758239746093750e+01
1.666094207763671875e+01 -1.005305671691894531e+01 7.234495544433593750e+01
1.705133438110351562e+01 -9.618651390075683594e+00 6.990001678466796875e+01
1.745539855957031250e+01 -8.772203445434570312e+00 7.095999145507812500e+01
1.181357288360595703e+01 -1.448394298553466797e+01 7.206166839599609375e+01
1.735487365722656250e+01 -8.659031867980957031e+00 7.089935302734375000e+01
1.752725028991699219e+01 -1.034684848785400391e+01 7.234492492675781250e+01
1.506127643585205078e+01 -1.239984989166259766e+01 6.892892456054687500e+01
1.743592453002929688e+01 -8.766104698181152344e+00 7.089752197265625000e+01
1.587381839752197266e+01 -1.160183238983154297e+01 7.234494018554687500e+01
1.741036605834960938e+01 -1.019866371154785156e+01 6.990001678466796875e+01
1.853624916076660156e+01 -1.178409481048583984e+01 7.234484863281250000e+01
1.419449329376220703e+01 -1.453731727600097656e+01 7.044351959228515625e+01
1.882210540771484375e+01 -1.230373859405517578e+01 6.989997863769531250e+01
1.701481628417968750e+01 -1.211878299713134766e+01 7.234339904785156250e+01
1.679413986206054688e+01 -1.179899120330810547e+01 6.989998626708984375e+01
1.899138450622558594e+01 -1.453664970397949219e+01 7.144001770019531250e+01
1.626925659179687500e+01 -1.448807334899902344e+01 7.138864898681640625e+01
1.735433769226074219e+01 -1.451538181304931641e+01 7.090010070800781250e+01
