-1.792586135864257812e+01 5.625408172607421875e+00 7.090004730224609375e+01
-1.792586135864257812e+01 3.750362157821655273e+00 7.090004730224609375e+01
-1.783809280395507812e+01 7.174047946929931641e+00 6.989996337890625000e+01
-1.753153038024902344e+01 5.526191234588623047e+00 7.141438293457031250e+01
-2.254293251037597656e+01 1.469436931610107422e+01 7.008335113525390625e+01
-1.634940338134765625e+01 7.585462570190429688e+00 6.989723205566406250e+01
-1.792586135864257812e+01 3.750362157821655273e+00 7.090004730224609375e+01
-1.844262313842773438e+01 5.628045558929443359e+00 6.990505218505859375e+01
-1.752582359313964844e+01 4.405403137207031250e+00 7.104614257812500000e+01
-1.792586135864257812e+01 3.750362157821655273e+00 7.090004730224609375e+01
-1.745792770385742188e+01 5.212131500244140625e+00 6.990010070800781250e+01
-1.770792198181152344e+01 4.651466369628906250e+00 7.159487152099609375e+01
-1.965144538879394531e+01 6.065064430236816406e+00 6.990003204345703125e+01
-1.337732505798339844e+01 8.834218025207519531e+00 6.990006256103515625e+01
-1.792586135864257812e+01 3.750362157821655273e+00 7.090004730224609375e+01
-1.805544281005859375e+01 4.730388164520263672e+00 6.990007781982421875e+01
-1.752582550048828125e+01 4.231291770935058594e+00 7.123719787597656250e+01
-1.792586135864257812e+01 3.750362157821655273e+00 7.090004730224609375e+01
-1.692105484008789062e+01 4.919788360595703125e+00 6.990013122558593750e+01
-1.793145751953125000e+01 3.845134019851684570e+00 7.102106475830078125e+01
-1.876033020019531250e+01 4.716953277587890625e+00 6.990007781982421875e+01
-1.752582740783691406e+01 4.034599304199218750e+00 7.095387268066406250e+01
-1.792586135864257812e+01 3.750362157821655273e+00 7.090004730224609375e+01
-1.770090675354003906e+01 4.400003433227539062e+00 6.990010070800781250e+01
-1.752768135070800781e+01 4.231721878051757812e+00 7.159492492675781250e+01
-2.106026649475097656e+01 5.624418258666992188e+00 6.990008544921875000e+01
-1.576142787933349609e+01 5.036471843719482422e+00 6.990002441406250000e+01
-1.792586135864257812e+01 3.750362157821655273e+00 7.090004730224609375e+01
-1.828553199768066406e+01 4.262795925140380859e+00 6.990007019042968750e+01
-1.752583312988281250e+01 3.955979824066162109e+00 7.111029052734375000e+01
-1.792586135864257812e+01 3.750362157821655273e+00 7.090004730224609375e+01
-1.728291702270507812e+01 4.229370117187500000e+00 6.990012359619140625e+01
-1.780646133422851562e+01 4.016790866851806641e+00 7.159481048583984375e+01
-1.921702194213867188e+01 4.327747344970703125e+00 6.990010070800781250e+01
-5.856028556823730469e+00 7.743572235107421875e+00 6.990008544921875000e+01
-1.792586135864257812e+01 3.750362157821655273e+00 7.090004730224609375e+01
-1.792098236083984375e+01 4.033825874328613281e+00 6.990009307861328125e+01
-1.752583503723144531e+01 3.905746221542358398e+00 7.134101867675781250e+01
-2.550364112854003906e+01 5.568138122558593750e+00 7.019773864746093750e+01
-1.660842132568359375e+01 4.109362125396728516e+00 6.990015411376953125e+01
-1.792586135864257812e+01 3.750362157821655273e+00 7.090004730224609375e+01
-1.855513191223144531e+01 3.956304073333740234e+00 6.990007019042968750e+01
-1.752584648132324219e+01 3.813939332962036133e+00 7.100967407226562500e+01
-1.792586135864257812e+01 3.750362157821655273e+00 7.090004730224609375e+01
-1.755514907836914062e+01 3.869593858718872070e+00 6.990011596679687500e+01
-1.764299011230468750e+01 3.818849086761474609e+00 7.159490966796875000e+01
-2.003574752807617188e+01 3.915865659713745117e+00 6.990013122558593750e+01
-1.468253326416015625e+01 3.921994209289550781e+00 6.990009307861328125e+01
-1.792586135864257812e+01 3.750362157821655273e+00 7.090004730224609375e+01
-1.814059066772460938e+01 3.760693550109863281e+00 6.990008544921875000e+01
-1.752658653259277344e+01 3.745414733886718750e+00 7.118367767333984375e+01
-2.350168609619140625e+01 3.580012321472167969e+00 7.159495544433593750e+01
-1.707475662231445312e+01 3.683959722518920898e+00 6.990013122558593750e+01
-1.790052413940429688e+01 3.701079845428466797e+00 7.159483337402343750e+01
-1.891129112243652344e+01 3.622202634811401367e+00 6.990009307861328125e+01
-1.792586135864257812e+01 3.750362157821655273e+00 7.090004730224609375e+01
-1.792586135864257812e+01 3.750362157821655273e+00 7.090004730224609375e+01
-1.778635025024414062e+01 3.595599889755249023e+00 6.990009307861328125e+01
-1.752583885192871094e+01 3.627413749694824219e+00 7.148100280761718750e+01
-2.227166938781738281e+01 2.878313064575195312e+00 6.990008544921875000e+01
-1.616101455688476562e+01 3.310072898864746094e+00 6.990015411376953125e+01
-1.792586135864257812e+01 3.750362157821655273e+00 7.090004730224609375e+01
-1.838197135925292969e+01 3.463517665863037109e+00 6.990006256103515625e+01
-1.752585983276367188e+01 3.627189874649047852e+00 7.106974792480468750e+01
-1.792586135864257812e+01 3.750362157821655273e+00 7.090004730224609375e+01
-1.739407539367675781e+01 3.376942634582519531e+00 6.990010070800781250e+01
-1.774631309509277344e+01 3.496614933013916016e+00 7.159493255615234375e+01
-1.946442604064941406e+01 3.056857824325561523e+00 6.990012359619140625e+01
-1.197388362884521484e+01 1.318943977355957031e+00 6.990701293945312500e+01
-1.792586135864257812e+01 3.750362157821655273e+00 7.090004730224609375e+01
-1.800379753112792969e+01 3.293995618820190430e+00 6.990006256103515625e+01
-1.752585220336914062e+01 3.486403703689575195e+00 7.127373504638671875e+01
-2.881935691833496094e+01 -1.808966040611267090e+00 7.079376220703125000e+01
-1.681270027160644531e+01 2.943222284317016602e+00 6.990010070800781250e+01
-1.792586135864257812e+01 3.750362157821655273e+00 7.090004730224609375e+01
-1.867713928222656250e+01 2.998616695404052734e+00 6.990008544921875000e+01
-1.752586746215820312e+01 3.492439508438110352e+00 7.097483062744140625e+01
-1.792586135864257812e+01 3.750362157821655273e+00 7.090004730224609375e+01
-1.764655494689941406e+01 3.019234657287597656e+00 6.990006256103515625e+01
-1.757356452941894531e+01 3.172204017639160156e+00 7.159486389160156250e+01
-2.058301353454589844e+01 1.529348254203796387e+00 6.990016937255859375e+01
-1.543453216552734375e+01 1.535719394683837891e+00 6.990000152587890625e+01
-1.792586135864257812e+01 3.750362157821655273e+00 7.090004730224609375e+01
-1.822883415222167969e+01 2.789831399917602539e+00 6.990006256103515625e+01
-1.752585983276367188e+01 3.298448085784912109e+00 7.113710021972656250e+01
-2.100454330444335938e+01 5.132387280464172363e-01 7.154546356201171875e+01
-1.720814132690429688e+01 2.406681060791015625e+00 6.990004730224609375e+01
-1.784270858764648438e+01 2.938205003738403320e+00 7.159486389160156250e+01
-1.908909034729003906e+01 1.852202177047729492e+00 6.990010833740234375e+01
-1.792586135864257812e+01 3.750361442565917969e+00 7.090004730224609375e+01
-1.792586135864257812e+01 3.750362157821655273e+00 7.090004730224609375e+01
-1.786983871459960938e+01 2.209847688674926758e+00 6.990003967285156250e+01
-1.752582168579101562e+01 2.692289590835571289e+00 7.138904571533203125e+01
-2.484627914428710938e+01 -9.125953674316406250e+00 6.990007781982421875e+01
-1.646637344360351562e+01 1.252163201570510864e-01 6.990556335449218750e+01
-1.792586135864257812e+01 3.750362157821655273e+00 7.090004730224609375e+01
-1.848599052429199219e+01 6.097803115844726562e-01 6.990005493164062500e+01
-1.752582931518554688e+01 2.313852787017822266e+00 7.103198242187500000e+01
-1.869826889038085938e+01 -3.997213840484619141e-01 7.124781799316406250e+01
-1.792586135864257812e+01 3.659679174423217773e+00 7.090004730224609375e+01
