1.807488632202148438e+01 -2.900087594985961914e+00 7.089991760253906250e+01
1.770692062377929688e+01 -4.597220420837402344e-01 7.123700714111328125e+01
1.816264152526855469e+01 5.185858607292175293e-01 6.989999389648437500e+01
1.807603645324707031e+01 -2.899379730224609375e+00 7.090142059326171875e+01
1.807156372070312500e+01 -2.896687269210815430e+00 7.089933013916015625e+01
1.964675903320312500e+01 9.193842411041259766e-01 6.990002441406250000e+01
1.788808059692382812e+01 -1.579451918601989746e+00 7.159482574462890625e+01
1.740203285217285156e+01 -4.597097635269165039e-01 6.960437774658203125e+01
1.960461997985839844e+01 -3.996984958648681641e-01 7.145857238769531250e+01
1.767484664916992188e+01 -2.288703680038452148e+00 7.106504821777343750e+01
1.854277801513671875e+01 -1.442924857139587402e+00 6.990006256103515625e+01
1.807657241821289062e+01 -2.897594213485717773e+00 7.090528869628906250e+01
1.625228500366210938e+01 -4.597223997116088867e-01 6.984368133544921875e+01
2.262343788146972656e+01 2.179311037063598633e+00 6.989993286132812500e+01
1.767484855651855469e+01 -2.188763618469238281e+00 7.146893310546875000e+01
1.794531631469726562e+01 -1.924630165100097656e+00 6.990003967285156250e+01
1.978941917419433594e+01 -8.433175683021545410e-01 7.234492492675781250e+01
1.767486763000488281e+01 -2.556061744689941406e+00 7.091645812988281250e+01
1.907961463928222656e+01 -1.735229253768920898e+00 6.990007781982421875e+01
1.804277229309082031e+01 -2.360686779022216797e+00 7.159439849853515625e+01
1.724047088623046875e+01 -1.938034534454345703e+00 6.990000915527343750e+01
2.061162757873535156e+01 -1.102126359939575195e+00 7.124123382568359375e+01
1.767485618591308594e+01 -2.578950405120849609e+00 7.117824554443359375e+01
1.829982185363769531e+01 -2.254977703094482422e+00 6.990005493164062500e+01
1.890293884277343750e+01 -1.903531908988952637e+00 7.234497833251953125e+01
1.495311546325683594e+01 -1.038061261177062988e+00 6.990398406982421875e+01
2.022363853454589844e+01 -1.627770423889160156e+00 6.990714263916015625e+01
1.778404617309570312e+01 -2.520117759704589844e+00 7.159486389160156250e+01
1.771522331237792969e+01 -2.392139434814453125e+00 6.989996337890625000e+01
2.082436561584472656e+01 -1.491309165954589844e+00 7.234496307373046875e+01
1.767486572265625000e+01 -2.727258443832397461e+00 7.100536346435546875e+01
1.871777915954589844e+01 -2.425592899322509766e+00 6.990007019042968750e+01
1.832323455810546875e+01 -2.350402832031250000e+00 7.234498596191406250e+01
1.678373336791992188e+01 -2.327181100845336914e+00 6.989997863769531250e+01
2.885977554321289062e+01 6.635341644287109375e-01 7.000640869140625000e+01
1.767485046386718750e+01 -2.724085092544555664e+00 7.133234405517578125e+01
1.807976341247558594e+01 -2.621123552322387695e+00 6.990004730224609375e+01
1.938577651977539062e+01 -2.395367145538330078e+00 7.234498596191406250e+01
4.297793865203857422e+00 4.003190994262695312e-01 6.962306213378906250e+01
1.939223670959472656e+01 -2.545587301254272461e+00 6.990009307861328125e+01
1.794847106933593750e+01 -2.766442775726318359e+00 7.159481048583984375e+01
1.744612312316894531e+01 -2.698786973953247070e+00 6.990074920654296875e+01
2.334750747680664062e+01 -2.066547632217407227e+00 7.234492492675781250e+01
1.767486190795898438e+01 -2.845005273818969727e+00 7.110520172119140625e+01
1.844556999206542969e+01 -2.785340547561645508e+00 6.990006256103515625e+01
1.866315650939941406e+01 -2.762134552001953125e+00 7.234498596191406250e+01
1.558578109741210938e+01 -2.709312677383422852e+00 6.972028350830078125e+01
2.131785011291503906e+01 -2.732949972152709961e+00 6.990007781982421875e+01
1.767483901977539062e+01 -2.880575895309448242e+00 7.158252716064453125e+01
1.786015701293945312e+01 -2.894231319427490234e+00 6.989996337890625000e+01
2.010916519165039062e+01 -2.929769039154052734e+00 7.234497833251953125e+01
1.767486953735351562e+01 -2.916783809661865234e+00 7.094976806640625000e+01
1.892592620849609375e+01 -2.970960140228271484e+00 6.990007781982421875e+01
1.807488632202148438e+01 -2.904562711715698242e+00 7.089991760253906250e+01
1.708948707580566406e+01 -3.032718420028686523e+00 6.989998626708984375e+01
2.296109390258789062e+01 -3.451570987701416016e+00 7.114974975585937500e+01
1.767485618591308594e+01 -2.973298072814941406e+00 7.123044586181640625e+01
1.821435546875000000e+01 -3.059277296066284180e+00 6.990027618408203125e+01
1.906989669799804688e+01 -3.210382461547851562e+00 7.234497833251953125e+01
1.372928619384765625e+01 -3.776570081710815430e+00 6.990000152587890625e+01
1.983965873718261719e+01 -3.344833850860595703e+00 6.990007019042968750e+01
1.784946632385253906e+01 -3.079051017761230469e+00 7.159477996826171875e+01
1.761881446838378906e+01 -3.191382884979248047e+00 6.990002441406250000e+01
2.148096656799316406e+01 -3.953394889831542969e+00 7.234494781494140625e+01
1.767486572265625000e+01 -3.034576177597045898e+00 7.104159545898437500e+01
1.860661697387695312e+01 -3.277943611145019531e+00 6.990007019042968750e+01
1.844827270507812500e+01 -3.432250738143920898e+00 7.234498596191406250e+01
1.653626632690429688e+01 -3.598092079162597656e+00 6.989995574951171875e+01
2.406728172302246094e+01 -5.352491378784179688e+00 6.990013885498046875e+01
1.768029403686523438e+01 -3.179042577743530273e+00 7.140432739257812500e+01
1.799695777893066406e+01 -3.360878944396972656e+00 6.990004730224609375e+01
1.962173843383789062e+01 -3.925300598144531250e+00 7.234497070312500000e+01
1.797405624389648438e+01 -2.956019401550292969e+00 7.089893341064453125e+01
1.918794822692871094e+01 -3.711631536483764648e+00 6.990005493164062500e+01
1.800706291198730469e+01 -3.302263975143432617e+00 7.159481048583984375e+01
1.732364654541015625e+01 -3.656270503997802734e+00 6.990000152587890625e+01
2.580340576171875000e+01 -7.888039112091064453e+00 7.234488677978515625e+01
1.767486381530761719e+01 -3.219393730163574219e+00 7.114893341064453125e+01
1.835415649414062500e+01 -3.635594844818115234e+00 6.990006256103515625e+01
1.880758285522460938e+01 -4.106997966766357422e+00 7.234497833251953125e+01
1.541766738891601562e+01 -5.125631809234619141e+00 6.990001678466796875e+01
2.056589889526367188e+01 -5.118923187255859375e+00 6.989999389648437500e+01
1.774142265319824219e+01 -3.575450897216796875e+00 7.159476470947265625e+01
1.777188491821289062e+01 -3.865182876586914062e+00 6.989983367919921875e+01
2.051324844360351562e+01 -5.659383296966552734e+00 7.234496307373046875e+01
1.767487335205078125e+01 -3.325162887573242188e+00 7.098377990722656250e+01
1.879252624511718750e+01 -4.248094558715820312e+00 6.990002441406250000e+01
1.807488632202148438e+01 -2.904562711715698242e+00 7.089991760253906250e+01
1.691160774230957031e+01 -4.802803993225097656e+00 6.989993286132812500e+01
2.697457313537597656e+01 -1.469400691986083984e+01 7.061883544921875000e+01
1.767487144470214844e+01 -3.699937343597412109e+00 7.129029083251953125e+01
1.813090324401855469e+01 -4.444920063018798828e+00 6.990001678466796875e+01
1.925704956054687500e+01 -6.031294345855712891e+00 7.234497070312500000e+01
1.801349639892578125e+01 -3.018786907196044922e+00 7.089104461669921875e+01
1.954217910766601562e+01 -6.549096107482910156e+00 6.990011596679687500e+01
1.791139793395996094e+01 -4.571008205413818359e+00 7.159490203857421875e+01
1.751476478576660156e+01 -6.045095443725585938e+00 6.989994049072265625e+01
2.130933189392089844e+01 -1.451943492889404297e+01 7.196667480468750000e+01
1.767486572265625000e+01 -5.053836822509765625e+00 7.108002471923828125e+01
1.807488632202148438e+01 -3.702982902526855469e+00 7.089991760253906250e+01
