-2.629186630249023438e+01 1.476012802124023438e+01 7.089486694335937500e+01
-2.752755737304687500e+01 1.467967605590820312e+01 7.202686309814453125e+01
-2.620456123352050781e+01 9.875099182128906250e+00 6.990006256103515625e+01
-2.518018913269042969e+01 1.147579669952392578e+01 7.234484863281250000e+01
-2.629186630249023438e+01 6.469480514526367188e+00 7.089486694335937500e+01
-2.629186630249023438e+01 6.469480514526367188e+00 7.089486694335937500e+01
-2.668165969848632812e+01 9.234473228454589844e+00 7.234487915039062500e+01
-2.680851554870605469e+01 8.346760749816894531e+00 6.990008544921875000e+01
-2.232123565673828125e+01 1.297119235992431641e+01 7.234493255615234375e+01
-2.882437133789062500e+01 1.036825942993164062e+01 7.194024658203125000e+01
-2.582628822326660156e+01 7.923890113830566406e+00 6.989995574951171875e+01
-2.583707046508789062e+01 8.349902153015136719e+00 7.234482574462890625e+01
-2.800843238830566406e+01 8.772086143493652344e+00 6.990007781982421875e+01
-2.176648139953613281e+01 1.152746105194091797e+01 6.989997100830078125e+01
-2.731126594543457031e+01 8.293519020080566406e+00 7.234485626220703125e+01
-2.642079925537109375e+01 7.444594860076904297e+00 6.989990997314453125e+01
-2.457141304016113281e+01 8.537843704223632812e+00 7.234486389160156250e+01
-2.629199218750000000e+01 6.469589710235595703e+00 7.089487457275390625e+01
-2.529201889038085938e+01 7.633133411407470703e+00 6.989988708496093750e+01
-2.635891151428222656e+01 7.604973793029785156e+00 7.234477996826171875e+01
-2.711923408508300781e+01 7.427845954895019531e+00 6.990340423583984375e+01
-2.623567008972167969e+01 6.509409427642822266e+00 7.090242767333984375e+01
-2.629360198974609375e+01 6.470893383026123047e+00 7.089607238769531250e+01
-2.606800651550292969e+01 7.115960121154785156e+00 6.989978790283203125e+01
-2.546100234985351562e+01 7.473910331726074219e+00 7.234483337402343750e+01
-2.885775566101074219e+01 8.003622055053710938e+00 7.007627868652343750e+01
-2.623340988159179688e+01 6.504215717315673828e+00 7.086785888671875000e+01
-2.629333114624023438e+01 6.471415519714355469e+00 7.089836120605468750e+01
-2.664975547790527344e+01 6.979377746582031250e+00 6.989984130859375000e+01
-2.615770149230957031e+01 6.538441658020019531e+00 7.096537780761718750e+01
-2.629320526123046875e+01 6.470073699951171875e+00 7.089521789550781250e+01
-2.623609542846679688e+01 6.511031627655029297e+00 7.080812835693359375e+01
-2.604267692565917969e+01 7.025517940521240234e+00 7.234483337402343750e+01
-2.757652854919433594e+01 7.043959617614746094e+00 6.989995574951171875e+01
-2.591710662841796875e+01 6.593466758728027344e+00 7.086381530761718750e+01
-2.629449653625488281e+01 6.470667362213134766e+00 7.089771270751953125e+01
-2.628701210021972656e+01 6.751517772674560547e+00 6.989994812011718750e+01
-2.599022674560546875e+01 6.586647510528564453e+00 7.122737884521484375e+01
-2.629186630249023438e+01 6.469480514526367188e+00 7.089486694335937500e+01
-2.584877967834472656e+01 6.590220928192138672e+00 7.055857849121093750e+01
-2.629274559020996094e+01 6.470440864562988281e+00 7.089969635009765625e+01
-2.691790771484375000e+01 6.674365520477294922e+00 6.990002441406250000e+01
-2.572048187255859375e+01 6.560294628143310547e+00 7.105146026611328125e+01
-2.629511260986328125e+01 6.469963550567626953e+00 7.089653015136718750e+01
-2.592281532287597656e+01 6.588177680969238281e+00 6.989941406250000000e+01
-2.600689506530761719e+01 6.538475990295410156e+00 7.159489440917968750e+01
-2.839118003845214844e+01 6.634154796600341797e+00 6.989996337890625000e+01
-2.560837745666503906e+01 6.505649566650390625e+00 7.068414306640625000e+01
-2.629449272155761719e+01 6.469637870788574219e+00 7.089934539794921875e+01
-2.650551033020019531e+01 6.479759693145751953e+00 6.989996337890625000e+01
-2.554888153076171875e+01 6.460274219512939453e+00 7.142264556884765625e+01
-2.629353904724121094e+01 6.469429492950439453e+00 7.089507293701171875e+01
-2.548870849609375000e+01 6.406818866729736328e+00 6.995128631591796875e+01
-2.626633644104003906e+01 6.419823646545410156e+00 7.159493255615234375e+01
-2.727224731445312500e+01 6.341977596282958984e+00 6.990003204345703125e+01
-2.629186630249023438e+01 6.469480514526367188e+00 7.089486694335937500e+01
-2.629648017883300781e+01 6.468688011169433594e+00 7.089868164062500000e+01
-2.629186630249023438e+01 6.469480514526367188e+00 7.089486694335937500e+01
-2.580981445312500000e+01 6.321320533752441406e+00 7.159495544433593750e+01
-2.629186630249023438e+01 6.469480514526367188e+00 7.089486694335937500e+01
-2.538266563415527344e+01 6.242655277252197266e+00 7.037975311279296875e+01
-2.629354858398437500e+01 6.468178749084472656e+00 7.090004730224609375e+01
-2.634289932250976562e+01 6.437386512756347656e+00 7.078298187255859375e+01
-2.535947227478027344e+01 6.182369232177734375e+00 7.129043579101562500e+01
-2.629872131347656250e+01 6.467252254486083984e+00 7.089729309082031250e+01
-2.535824966430664062e+01 5.813896179199218750e+00 6.913933563232421875e+01
-2.611096763610839844e+01 6.213825225830078125e+00 7.159497833251953125e+01
-2.782261466979980469e+01 5.779499053955078125e+00 6.990001678466796875e+01
-2.533698081970214844e+01 6.079404354095458984e+00 7.073554992675781250e+01
-2.629590606689453125e+01 6.466670513153076172e+00 7.090003204345703125e+01
-2.642659187316894531e+01 5.680586338043212891e+00 6.916625213623046875e+01
-2.554260444641113281e+01 5.975057125091552734e+00 7.159481811523437500e+01
-2.629186630249023438e+01 6.469480514526367188e+00 7.089486694335937500e+01
-2.536451339721679688e+01 5.797067165374755859e+00 7.006182861328125000e+01
-2.636019134521484375e+01 6.068832874298095703e+00 7.159490966796875000e+01
-2.635468673706054688e+01 6.406620502471923828e+00 7.081124877929687500e+01
-2.498976898193359375e+01 5.629866123199462891e+00 7.113831329345703125e+01
-2.630021667480468750e+01 6.462909221649169922e+00 7.090006256103515625e+01
-2.588493728637695312e+01 5.404277324676513672e+00 6.943795776367187500e+01
-2.593853378295898438e+01 5.889622211456298828e+00 7.159172821044921875e+01
-2.636038208007812500e+01 6.412210464477539062e+00 7.086908721923828125e+01
-2.541374588012695312e+01 5.688883781433105469e+00 7.054238128662109375e+01
-2.651588630676269531e+01 6.018777370452880859e+00 7.136166381835937500e+01
-2.649636268615722656e+01 5.821154117584228516e+00 7.021990966796875000e+01
-2.511057090759277344e+01 5.134873390197753906e+00 7.159493255615234375e+01
-2.634584999084472656e+01 6.412719249725341797e+00 7.090618133544921875e+01
-2.573777961730957031e+01 5.432144641876220703e+00 7.012285614013671875e+01
-2.620808601379394531e+01 5.651195526123046875e+00 7.159492492675781250e+01
-2.651314353942871094e+01 6.108398914337158203e+00 7.070465087890625000e+01
-2.557451057434082031e+01 5.519196033477783203e+00 7.087220764160156250e+01
-2.652534294128417969e+01 6.005243778228759766e+00 7.112271881103515625e+01
-2.625683021545410156e+01 5.506047725677490234e+00 7.026946258544921875e+01
-2.588859176635742188e+01 5.402850151062011719e+00 7.138782501220703125e+01
-2.650939750671386719e+01 6.064737319946289062e+00 7.086343383789062500e+01
-2.586389923095703125e+01 5.406473159790039062e+00 7.060325622558593750e+01
-2.637604904174804688e+01 5.611402511596679688e+00 7.125272369384765625e+01
-2.643276596069335938e+01 5.679468154907226562e+00 7.064331817626953125e+01
-2.599673652648925781e+01 5.409669876098632812e+00 7.099220275878906250e+01
-2.643689346313476562e+01 5.690258026123046875e+00 7.096016693115234375e+01
-2.629186630249023438e+01 5.531199932098388672e+00 7.089486694335937500e+01
