-1.792588043212890625e+01 5.542207717895507812e+00 7.090013885498046875e+01
-1.928611564636230469e+01 1.457571697235107422e+01 7.214622497558593750e+01
-1.792578125000000000e+01 5.541879653930664062e+00 7.089900970458984375e+01
-1.752584648132324219e+01 7.339525222778320312e+00 7.142191314697265625e+01
-2.180486869812011719e+01 1.473251152038574219e+01 7.021399688720703125e+01
-1.792414283752441406e+01 5.542237281799316406e+00 7.089903259277343750e+01
-1.831429100036621094e+01 8.293192863464355469e+00 7.234500122070312500e+01
-1.844525337219238281e+01 7.425187587738037109e+00 6.990011596679687500e+01
-1.752581977844238281e+01 6.193090438842773438e+00 7.104624176025390625e+01
-2.142582511901855469e+01 1.092615604400634766e+01 7.234486389160156250e+01
-1.792495918273925781e+01 5.540888786315917969e+00 7.089817047119140625e+01
-1.770796966552734375e+01 6.438999652862548828e+00 7.159487152099609375e+01
-1.965161323547363281e+01 7.852913856506347656e+00 6.990003967285156250e+01
-1.792153549194335938e+01 5.542868614196777344e+00 7.089918518066406250e+01
-1.894170761108398438e+01 7.355655193328857422e+00 7.234504699707031250e+01
-1.805548477172851562e+01 6.518208503723144531e+00 6.989999389648437500e+01
-1.752585411071777344e+01 6.018931388854980469e+00 7.123728179931640625e+01
-2.847098541259765625e+01 1.472501468658447266e+01 7.133621215820312500e+01
-1.792382431030273438e+01 5.540404796600341797e+00 7.089809417724609375e+01
-1.792588043212890625e+01 5.538011550903320312e+00 7.090013885498046875e+01
-1.876041030883789062e+01 6.504672050476074219e+00 6.990009307861328125e+01
-1.752584457397460938e+01 5.822249889373779297e+00 7.095396423339843750e+01
-2.000257873535156250e+01 7.228378772735595703e+00 7.234505462646484375e+01
-1.770083427429199219e+01 6.187916755676269531e+00 6.989978027343750000e+01
-1.752782440185546875e+01 6.019219875335693359e+00 7.159479522705078125e+01
-2.106081771850585938e+01 7.412384986877441406e+00 6.990000915527343750e+01
-1.792153167724609375e+01 5.540595531463623047e+00 7.089813232421875000e+01
-1.792588043212890625e+01 5.538011550903320312e+00 7.090013885498046875e+01
-1.828560066223144531e+01 6.050517082214355469e+00 6.990002441406250000e+01
-1.752585601806640625e+01 5.743627071380615234e+00 7.111038208007812500e+01
-2.340708732604980469e+01 7.967487812042236328e+00 7.234497070312500000e+01
-1.792508316040039062e+01 5.538605213165283203e+00 7.089890289306640625e+01
-1.780649566650390625e+01 5.804404735565185547e+00 7.159480285644531250e+01
-1.921717071533203125e+01 6.115454673767089844e+00 6.990009307861328125e+01
-1.790274238586425781e+01 5.545666694641113281e+00 7.089822387695312500e+01
-1.792588043212890625e+01 5.538011550903320312e+00 7.090013885498046875e+01
-1.792099952697753906e+01 5.821585655212402344e+00 6.989979553222656250e+01
-1.752585220336914062e+01 5.693396091461181641e+00 7.134111022949218750e+01
-2.871669006347656250e+01 8.126536369323730469e+00 6.990004730224609375e+01
-1.660803031921386719e+01 5.897122859954833984e+00 6.989994049072265625e+01
-1.792588043212890625e+01 5.538011550903320312e+00 7.090013885498046875e+01
-1.855521774291992188e+01 5.743975639343261719e+00 6.990005493164062500e+01
-1.752585411071777344e+01 5.601590633392333984e+00 7.100977325439453125e+01
-1.792588043212890625e+01 5.538011550903320312e+00 7.090013885498046875e+01
-1.755502700805664062e+01 5.657288551330566406e+00 6.989982604980468750e+01
-1.764311790466308594e+01 5.606472492218017578e+00 7.159474182128906250e+01
-2.003606033325195312e+01 5.703537940979003906e+00 6.990008544921875000e+01
-1.468204593658447266e+01 5.709670543670654297e+00 6.990003204345703125e+01
-1.792588043212890625e+01 5.538011550903320312e+00 7.090013885498046875e+01
-1.814063644409179688e+01 5.548344135284423828e+00 6.990005493164062500e+01
-1.752585411071777344e+01 5.533054828643798828e+00 7.118429565429687500e+01
-2.881534004211425781e+01 5.205322265625000000e+00 7.225727081298828125e+01
-1.707464981079101562e+01 5.471599578857421875e+00 6.990007781982421875e+01
-1.790054893493652344e+01 5.488738536834716797e+00 7.159479522705078125e+01
-1.891141700744628906e+01 5.409838199615478516e+00 6.990007019042968750e+01
-1.792588043212890625e+01 5.538011550903320312e+00 7.090013885498046875e+01
-1.792588043212890625e+01 5.538011550903320312e+00 7.090013885498046875e+01
-1.778631782531738281e+01 5.383193969726562500e+00 6.989982604980468750e+01
-1.752585029602050781e+01 5.415060997009277344e+00 7.148110961914062500e+01
-2.227230072021484375e+01 4.665839195251464844e+00 6.990003967285156250e+01
-1.792588043212890625e+01 5.538011550903320312e+00 7.090013885498046875e+01
-1.792610168457031250e+01 5.537839889526367188e+00 7.090082550048828125e+01
-1.838204002380371094e+01 5.251136302947998047e+00 6.990004730224609375e+01
-1.752585601806640625e+01 5.414832115173339844e+00 7.106984710693359375e+01
-2.200512123107910156e+01 4.212189674377441406e+00 7.234492492675781250e+01
-1.739404678344726562e+01 5.164559364318847656e+00 6.990010070800781250e+01
-1.774637031555175781e+01 5.284318447113037109e+00 7.159487152099609375e+01
-1.946460151672363281e+01 4.844435691833496094e+00 6.990010833740234375e+01
-1.194192790985107422e+01 3.093531847000122070e+00 6.990177154541015625e+01
-1.905621719360351562e+01 4.751746654510498047e+00 7.234504699707031250e+01
-1.800382423400878906e+01 5.081607341766357422e+00 6.990007019042968750e+01
-1.752585220336914062e+01 5.274040699005126953e+00 7.127384185791015625e+01
-2.883762168884277344e+01 -3.062854707241058350e-02 7.079367065429687500e+01
-1.681266021728515625e+01 4.730828285217285156e+00 6.990013885498046875e+01
-1.792604637145996094e+01 5.537036895751953125e+00 7.090184020996093750e+01
-1.867723846435546875e+01 4.786186218261718750e+00 6.990007019042968750e+01
-1.752585792541503906e+01 5.280069828033447266e+00 7.097492980957031250e+01
-2.024681472778320312e+01 3.711358785629272461e+00 7.234491729736328125e+01
-1.764655876159667969e+01 4.806840419769287109e+00 6.990009307861328125e+01
-1.757360649108886719e+01 4.959892272949218750e+00 7.159490966796875000e+01
-2.058330154418945312e+01 3.316772699356079102e+00 6.990016174316406250e+01
-1.518915939331054688e+01 3.105230808258056641e+00 6.980158996582031250e+01
-1.861927604675292969e+01 4.142980575561523438e+00 7.234499359130859375e+01
-1.822887802124023438e+01 4.577402591705322266e+00 6.990007019042968750e+01
-1.752585029602050781e+01 5.086064338684082031e+00 7.113720703125000000e+01
-2.481737518310546875e+01 -1.708148837089538574e+00 7.234487915039062500e+01
-1.720815277099609375e+01 4.194315433502197266e+00 6.990012359619140625e+01
-1.784273147583007812e+01 4.725907802581787109e+00 7.159490966796875000e+01
-1.908922386169433594e+01 3.639663219451904297e+00 6.990010070800781250e+01
-1.765292358398437500e+01 5.176424026489257812e+00 7.089151763916015625e+01
-1.940632247924804688e+01 2.594358682632446289e+00 7.234490203857421875e+01
-1.786985588073730469e+01 3.997441291809082031e+00 6.990009307861328125e+01
-1.752582931518554688e+01 4.479905605316162109e+00 7.138915252685546875e+01
-2.484733009338378906e+01 -7.340223312377929688e+00 6.990002441406250000e+01
-1.644203376770019531e+01 1.852358341217041016e+00 6.988906097412109375e+01
-1.826575469970703125e+01 2.073661565780639648e+00 7.234493255615234375e+01
-1.848605155944824219e+01 2.397200822830200195e+00 6.990007019042968750e+01
-1.752582550048828125e+01 4.101416110992431641e+00 7.103208160400390625e+01
-1.888210868835449219e+01 4.002766609191894531e-01 7.133067321777343750e+01
-1.792588043212890625e+01 5.533816814422607422e+00 7.090013885498046875e+01
