-1.792585945129394531e+01 4.973793983459472656e+00 7.090010833740234375e+01
-1.792585945129394531e+01 4.969676971435546875e+00 7.090010833740234375e+01
-1.782399749755859375e+01 8.943129539489746094e+00 6.973944091796875000e+01
-1.753498458862304688e+01 6.729937553405761719e+00 7.140993499755859375e+01
-2.203951263427734375e+01 1.472041320800781250e+01 7.017246246337890625e+01
-1.792386245727539062e+01 4.974534034729003906e+00 7.089884185791015625e+01
-1.792585945129394531e+01 4.969676971435546875e+00 7.090010833740234375e+01
-1.844456291198730469e+01 6.854417324066162109e+00 6.990137481689453125e+01
-1.752585411071777344e+01 5.624667167663574219e+00 7.104618835449218750e+01
-1.792585945129394531e+01 4.969676971435546875e+00 7.090010833740234375e+01
-1.745787429809570312e+01 6.431607246398925781e+00 6.990004730224609375e+01
-1.770796012878417969e+01 5.870618343353271484e+00 7.159481048583984375e+01
-1.965147972106933594e+01 7.284427165985107422e+00 6.990007781982421875e+01
-1.791870307922363281e+01 4.977674961090087891e+00 7.089853668212890625e+01
-1.792585945129394531e+01 4.969676971435546875e+00 7.090010833740234375e+01
-1.805545616149902344e+01 5.949820995330810547e+00 6.990001678466796875e+01
-1.752585411071777344e+01 5.450571060180664062e+00 7.123723602294921875e+01
-1.792585945129394531e+01 4.969676971435546875e+00 7.090010833740234375e+01
-1.692084503173828125e+01 6.139343261718750000e+00 6.989998626708984375e+01
-1.792585945129394531e+01 4.969676971435546875e+00 7.090010833740234375e+01
-1.876036643981933594e+01 5.936312198638916016e+00 6.990009307861328125e+01
-1.752585792541503906e+01 5.253891468048095703e+00 7.095392608642578125e+01
-1.792585945129394531e+01 4.969676971435546875e+00 7.090010833740234375e+01
-1.770082855224609375e+01 5.619538307189941406e+00 6.989981842041015625e+01
-1.752778244018554688e+01 5.450910568237304688e+00 7.159480285644531250e+01
-2.106046867370605469e+01 6.843854427337646484e+00 6.990008544921875000e+01
-1.576828193664550781e+01 6.251712799072265625e+00 6.990325164794921875e+01
-1.792585945129394531e+01 4.969676971435546875e+00 7.090010833740234375e+01
-1.828555870056152344e+01 5.482152462005615234e+00 6.990005493164062500e+01
-1.752585411071777344e+01 5.175282478332519531e+00 7.111033630371093750e+01
-1.792585945129394531e+01 4.969676971435546875e+00 7.090010833740234375e+01
-1.728286552429199219e+01 5.448722362518310547e+00 6.990010070800781250e+01
-1.780645751953125000e+01 5.236109733581542969e+00 7.159487915039062500e+01
-1.921710968017578125e+01 5.547102928161621094e+00 6.990009307861328125e+01
-5.883641719818115234e+00 8.953750610351562500e+00 6.990243530273437500e+01
-1.792585945129394531e+01 4.969676971435546875e+00 7.090010833740234375e+01
-1.792098045349121094e+01 5.253233909606933594e+00 6.989982604980468750e+01
-1.752584838867187500e+01 5.125054836273193359e+00 7.134106445312500000e+01
-2.871542358398437500e+01 7.557903289794921875e+00 6.990013122558593750e+01
-1.660814285278320312e+01 5.328752040863037109e+00 6.990000915527343750e+01
-1.792585945129394531e+01 4.969676971435546875e+00 7.090010833740234375e+01
-1.855518150329589844e+01 5.175635814666748047e+00 6.990005493164062500e+01
-1.752584838867187500e+01 5.033253669738769531e+00 7.100973510742187500e+01
-1.792585945129394531e+01 4.969676971435546875e+00 7.090010833740234375e+01
-1.755511856079101562e+01 5.088918209075927734e+00 6.990009307861328125e+01
-1.764300537109375000e+01 5.038159847259521484e+00 7.159493255615234375e+01
-2.003589439392089844e+01 5.135192394256591797e+00 6.990012359619140625e+01
-1.468216800689697266e+01 5.141328334808349609e+00 6.990004730224609375e+01
-1.792585945129394531e+01 4.969676971435546875e+00 7.090010833740234375e+01
-1.814060592651367188e+01 4.980009078979492188e+00 6.990007019042968750e+01
-1.752584075927734375e+01 4.964720249176025391e+00 7.118426513671875000e+01
-1.792585945129394531e+01 4.969676971435546875e+00 7.090010833740234375e+01
-1.707469177246093750e+01 4.903269767761230469e+00 6.990012359619140625e+01
-1.790052032470703125e+01 4.920392513275146484e+00 7.159492492675781250e+01
-1.891135597229003906e+01 4.841508388519287109e+00 6.990008544921875000e+01
-1.792585945129394531e+01 4.969676971435546875e+00 7.090010833740234375e+01
-1.967462158203125000e+01 4.669195175170898438e+00 7.234502410888671875e+01
-1.778633880615234375e+01 4.814904212951660156e+00 6.990008544921875000e+01
-1.752583503723144531e+01 4.846728324890136719e+00 7.148106384277343750e+01
-2.227192497253417969e+01 4.097576141357421875e+00 6.990008544921875000e+01
-1.616072273254394531e+01 4.529315471649169922e+00 6.990005493164062500e+01
-1.792585945129394531e+01 4.969676971435546875e+00 7.090010833740234375e+01
-1.838199996948242188e+01 4.682813167572021484e+00 6.990006256103515625e+01
-1.752583503723144531e+01 4.846497535705566406e+00 7.106981658935546875e+01
-1.792585945129394531e+01 4.969676971435546875e+00 7.090010833740234375e+01
-1.739404678344726562e+01 4.596239089965820312e+00 6.990010833740234375e+01
-1.774633979797363281e+01 4.715970039367675781e+00 7.159487915039062500e+01
-1.946453475952148438e+01 4.276122570037841797e+00 6.990010833740234375e+01
-1.193140506744384766e+01 2.520907163619995117e+00 6.989998626708984375e+01
-1.905617523193359375e+01 4.183426856994628906e+00 7.234498596191406250e+01
-1.800379943847656250e+01 4.513290882110595703e+00 6.990008544921875000e+01
-1.752582931518554688e+01 4.705704212188720703e+00 7.127381134033203125e+01
-2.883540153503417969e+01 -5.978407859802246094e-01 7.079366302490234375e+01
-1.681268310546875000e+01 4.162525177001953125e+00 6.990014648437500000e+01
-1.806688499450683594e+01 4.142732143402099609e+00 7.234500885009765625e+01
-1.867718696594238281e+01 4.217881679534912109e+00 6.990007781982421875e+01
-1.752582740783691406e+01 4.711729049682617188e+00 7.097489929199218750e+01
-1.792585945129394531e+01 4.969676971435546875e+00 7.090010833740234375e+01
-1.764654731750488281e+01 4.238533973693847656e+00 6.990010070800781250e+01
-1.757360267639160156e+01 4.391583919525146484e+00 7.159484863281250000e+01
-2.058317565917968750e+01 2.748526573181152344e+00 6.990016937255859375e+01
-1.543457794189453125e+01 2.755077362060546875e+00 6.990007781982421875e+01
-1.792585945129394531e+01 4.969676971435546875e+00 7.090010833740234375e+01
-1.822884559631347656e+01 4.009106159210205078e+00 6.990007781982421875e+01
-1.752582359313964844e+01 4.517724514007568359e+00 7.113718414306640625e+01
-2.123997497558593750e+01 1.485001921653747559e+00 7.159487915039062500e+01
-1.720815277099609375e+01 3.626019477844238281e+00 6.990012359619140625e+01
-1.784271621704101562e+01 4.157629489898681641e+00 7.159483337402343750e+01
-1.908916091918945312e+01 3.071399211883544922e+00 6.990010070800781250e+01
-1.779121971130371094e+01 4.791318893432617188e+00 7.089585876464843750e+01
-1.792585945129394531e+01 4.969676971435546875e+00 7.090010833740234375e+01
-1.786983489990234375e+01 3.429127216339111328e+00 6.990007781982421875e+01
-1.752583503723144531e+01 3.911640405654907227e+00 7.138909149169921875e+01
-2.484710693359375000e+01 -7.908180713653564453e+00 6.990002441406250000e+01
-1.645813369750976562e+01 1.324065804481506348e+00 6.990000915527343750e+01
-1.792585945129394531e+01 4.969676971435546875e+00 7.090010833740234375e+01
-1.848601341247558594e+01 1.828963518142700195e+00 6.990007019042968750e+01
-1.752586364746093750e+01 3.533297538757324219e+00 7.103202819824218750e+01
-1.892520713806152344e+01 -3.997294008731842041e-01 7.135005187988281250e+01
-1.792585945129394531e+01 4.409664154052734375e+00 7.090010833740234375e+01
