-1.351468181610107422e+01 4.603158831596374512e-01 7.090003204345703125e+01
-1.352353954315185547e+01 4.591980278491973877e-01 7.090814971923828125e+01
-1.342691898345947266e+01 3.823789596557617188e+00 6.990002441406250000e+01
-1.350136566162109375e+01 4.603150188922882080e-01 7.091740417480468750e+01
-1.353984165191650391e+01 4.599853157997131348e-01 7.089558410644531250e+01
-1.194245243072509766e+01 4.225162982940673828e+00 6.989990997314453125e+01
-1.352313613891601562e+01 4.603163897991180420e-01 7.093148040771484375e+01
-1.403404045104980469e+01 2.287469387054443359e+00 6.990003967285156250e+01
-1.347805976867675781e+01 4.603135287761688232e-01 7.091340637207031250e+01
-1.355363750457763672e+01 4.603183567523956299e-01 7.091611480712890625e+01
-1.304674339294433594e+01 1.862128973007202148e+00 6.990007781982421875e+01
-1.350017833709716797e+01 4.603148996829986572e-01 7.094627380371093750e+01
-1.524018955230712891e+01 2.714946269989013672e+00 6.990006256103515625e+01
-8.966149330139160156e+00 5.484198570251464844e+00 6.990004730224609375e+01
-1.354819774627685547e+01 4.603179693222045898e-01 7.094770812988281250e+01
-1.364426517486572266e+01 1.380384922027587891e+00 6.990004730224609375e+01
-1.346480274200439453e+01 4.603126347064971924e-01 7.094207000732421875e+01
-1.358205795288085938e+01 4.590453803539276123e-01 7.090281677246093750e+01
-1.250985431671142578e+01 1.569796562194824219e+00 6.990009307861328125e+01
-1.351822280883789062e+01 4.603160023689270020e-01 7.097660827636718750e+01
-1.434918308258056641e+01 1.366975784301757812e+00 6.990001678466796875e+01
-1.343028926849365234e+01 4.603104591369628906e-01 7.091138458251953125e+01
-1.358390140533447266e+01 4.566897749900817871e-01 7.094819641113281250e+01
-1.328972148895263672e+01 1.050003290176391602e+00 6.990006256103515625e+01
-1.346507835388183594e+01 4.603125751018524170e-01 7.098659515380859375e+01
-1.664910697937011719e+01 2.274415016174316406e+00 6.990006256103515625e+01
-1.135028839111328125e+01 1.686433076858520508e+00 6.990002441406250000e+01
-1.356005191802978516e+01 4.603186249732971191e-01 7.100843811035156250e+01
-1.387435913085937500e+01 9.127909541130065918e-01 6.990003967285156250e+01
-1.339802742004394531e+01 4.603083133697509766e-01 7.096134185791015625e+01
-1.364997959136962891e+01 4.603160321712493896e-01 7.093569946289062500e+01
-1.287171840667724609e+01 8.793693780899047852e-01 6.990007781982421875e+01
-1.348780727386474609e+01 4.603139162063598633e-01 7.105640411376953125e+01
-1.480595207214355469e+01 9.777814149856567383e-01 6.990000152587890625e+01
-1.558361053466796875e+00 4.356002807617187500e+00 6.990947723388671875e+01
-1.364760398864746094e+01 4.603152275085449219e-01 7.104371643066406250e+01
-1.350980377197265625e+01 6.838188171386718750e-01 6.990004730224609375e+01
-1.336032199859619141e+01 4.603057205677032471e-01 7.107019042968750000e+01
-2.430509376525878906e+01 2.988776683807373047e+00 6.989997863769531250e+01
-1.219718933105468750e+01 7.593610286712646484e-01 6.990010070800781250e+01
-1.356957149505615234e+01 4.603188931941986084e-01 7.120175933837890625e+01
-1.414397430419921875e+01 6.062960028648376465e-01 6.990002441406250000e+01
-1.313752269744873047e+01 4.602915346622467041e-01 7.100339508056640625e+01
-1.391736221313476562e+01 4.602997004985809326e-01 7.110668182373046875e+01
-1.314395618438720703e+01 5.195829272270202637e-01 6.990006256103515625e+01
-1.326705360412597656e+01 4.603012204170227051e-01 7.150832366943359375e+01
-1.562488269805908203e+01 5.658752322196960449e-01 6.989997100830078125e+01
-1.027148437500000000e+01 5.719721317291259766e-01 6.990011596679687500e+01
-1.351468276977539062e+01 4.003470540046691895e-01 7.090003204345703125e+01
-1.372941875457763672e+01 4.106787443161010742e-01 6.990003967285156250e+01
-1.253648757934570312e+01 3.882264494895935059e-01 7.159489440917968750e+01
-1.907319831848144531e+01 2.305260449647903442e-01 7.159278106689453125e+01
-1.266354465484619141e+01 3.339420557022094727e-01 6.990007781982421875e+01
-1.348934459686279297e+01 3.510650396347045898e-01 7.159481048583984375e+01
-1.450017642974853516e+01 2.721789777278900146e-01 6.990000915527343750e+01
-1.351468181610107422e+01 4.003470242023468018e-01 7.090003204345703125e+01
-1.435563659667968750e+01 2.558497488498687744e-01 7.159487152099609375e+01
-1.337516593933105469e+01 2.455808818340301514e-01 6.990005493164062500e+01
-1.303621006011962891e+01 2.532874047756195068e-01 7.159491729736328125e+01
-1.351476097106933594e+01 4.003312289714813232e-01 7.090001678466796875e+01
-1.351466083526611328e+01 4.003417491912841797e-01 7.090001678466796875e+01
-1.374008655548095703e+01 2.258698344230651855e-01 7.159484863281250000e+01
-1.397080230712890625e+01 1.134959459304809570e-01 6.990002441406250000e+01
-1.351463222503662109e+01 4.003316164016723633e-01 7.090005493164062500e+01
-1.351474475860595703e+01 4.003266096115112305e-01 7.090005493164062500e+01
-1.351467609405517578e+01 4.003432393074035645e-01 7.090002441406250000e+01
-1.351467800140380859e+01 4.003418087959289551e-01 7.090004730224609375e+01
-1.351470756530761719e+01 4.003354907035827637e-01 7.090001678466796875e+01
-1.351459980010986328e+01 4.003133773803710938e-01 7.090001678466796875e+01
-1.351469612121582031e+01 4.003368616104125977e-01 7.090004730224609375e+01
-1.351468276977539062e+01 4.003413617610931396e-01 7.090001678466796875e+01
-1.351465892791748047e+01 4.003321826457977295e-01 7.090005493164062500e+01
-1.351476192474365234e+01 4.003063738346099854e-01 7.090003204345703125e+01
-1.351466178894042969e+01 4.003327190876007080e-01 7.090001678466796875e+01
-1.351468372344970703e+01 4.003360271453857422e-01 7.090005493164062500e+01
-1.351469516754150391e+01 4.003340601921081543e-01 7.090001678466796875e+01
-1.351462173461914062e+01 4.003084897994995117e-01 7.090003967285156250e+01
-1.351471710205078125e+01 4.003195166587829590e-01 7.090005493164062500e+01
-1.351467704772949219e+01 4.003345668315887451e-01 7.090001678466796875e+01
-1.351467037200927734e+01 4.003287553787231445e-01 7.090005493164062500e+01
-1.351472091674804688e+01 4.003145098686218262e-01 7.090001678466796875e+01
-1.351464557647705078e+01 4.003145396709442139e-01 7.090001678466796875e+01
-1.351469230651855469e+01 4.003254771232604980e-01 7.090005493164062500e+01
-1.351468753814697266e+01 4.003292918205261230e-01 7.090001678466796875e+01
-1.351465034484863281e+01 4.003118872642517090e-01 7.090004730224609375e+01
-1.351472282409667969e+01 4.003038704395294189e-01 7.090003967285156250e+01
-1.351466846466064453e+01 4.003225266933441162e-01 7.090001678466796875e+01
-1.351467895507812500e+01 4.003211855888366699e-01 7.090005493164062500e+01
-1.351470088958740234e+01 4.003166258335113525e-01 7.090001678466796875e+01
-1.351465129852294922e+01 4.003064036369323730e-01 7.090003204345703125e+01
-1.351469993591308594e+01 4.003109037876129150e-01 7.090004730224609375e+01
-1.351468086242675781e+01 4.003200232982635498e-01 7.090001678466796875e+01
-1.351466751098632812e+01 4.003100991249084473e-01 7.090004730224609375e+01
-1.351470375061035156e+01 4.003068208694458008e-01 7.090003204345703125e+01
-1.351466655731201172e+01 4.003100693225860596e-01 7.090002441406250000e+01
-1.351468563079833984e+01 4.003088474273681641e-01 7.090004730224609375e+01
-1.351468849182128906e+01 4.003110826015472412e-01 7.090001678466796875e+01
-1.351467037200927734e+01 4.003062844276428223e-01 7.090003204345703125e+01
-1.351468944549560547e+01 4.003062546253204346e-01 7.090003204345703125e+01
-1.351468181610107422e+01 4.003062844276428223e-01 7.090003204345703125e+01
