-2.604901123046875000e+01 6.583316802978515625e+00 7.089480590820312500e+01
-2.604908752441406250e+01 5.413869857788085938e+00 7.089487457275390625e+01
-2.601890182495117188e+01 6.587890625000000000e+00 7.055171966552734375e+01
-2.604890251159667969e+01 5.413855075836181641e+00 7.089495086669921875e+01
-2.643051147460937500e+01 6.317648887634277344e+00 7.082732391357421875e+01
-2.560280990600585938e+01 6.498853206634521484e+00 7.061096954345703125e+01
-2.604908180236816406e+01 5.413869380950927734e+00 7.089507293701171875e+01
-2.633094978332519531e+01 6.437803745269775391e+00 7.035195159912109375e+01
-2.604872131347656250e+01 5.413840293884277344e+00 7.089491271972656250e+01
-2.604935264587402344e+01 5.413891315460205078e+00 7.089494323730468750e+01
-2.568666458129882812e+01 6.545291900634765625e+00 7.012049102783203125e+01
-2.604889297485351562e+01 5.413854122161865234e+00 7.089517974853515625e+01
-2.651929092407226562e+01 6.044200420379638672e+00 7.062226867675781250e+01
-2.535850715637207031e+01 6.185134887695312500e+00 7.074300384521484375e+01
-2.604930305480957031e+01 5.413887023925781250e+00 7.089521789550781250e+01
-2.619693565368652344e+01 6.532114982604980469e+00 6.975328826904296875e+01
-2.604862213134765625e+01 5.413832664489746094e+00 7.089513397216796875e+01
-2.604964065551757812e+01 5.413914203643798828e+00 7.089482879638671875e+01
-2.536845207214355469e+01 6.205420970916748047e+00 7.021755981445312500e+01
-2.604903984069824219e+01 5.413866043090820312e+00 7.089544677734375000e+01
-2.652286720275878906e+01 5.962247371673583984e+00 7.032696533203125000e+01
-2.604838180541992188e+01 5.413813114166259766e+00 7.089488983154296875e+01
-2.604969024658203125e+01 5.413918495178222656e+00 7.089527893066406250e+01
-2.566208267211914062e+01 6.530766963958740234e+00 6.917486572265625000e+01
-2.604862403869628906e+01 5.413832664489746094e+00 7.089547729492187500e+01
-2.637163352966308594e+01 5.606260776519775391e+00 7.079187774658203125e+01
-2.535703468322753906e+01 5.824539661407470703e+00 7.057509613037109375e+01
-2.604941177368164062e+01 5.413896083831787109e+00 7.089576721191406250e+01
-2.651279258728027344e+01 6.074130535125732422e+00 6.960537719726562500e+01
-2.604817390441894531e+01 5.413796424865722656e+00 7.089524841308593750e+01
-2.605038261413574219e+01 5.413973808288574219e+00 7.089516448974609375e+01
-2.533069419860839844e+01 5.948528766632080078e+00 6.977765655517578125e+01
-2.604879570007324219e+01 5.413846492767333984e+00 7.089605712890625000e+01
-2.621376419067382812e+01 5.487040042877197266e+00 7.076721191406250000e+01
-2.548238945007324219e+01 5.600828647613525391e+00 7.084786224365234375e+01
-2.605035400390625000e+01 5.413971900939941406e+00 7.089625549316406250e+01
-2.604901123046875000e+01 5.413365840911865234e+00 7.089480590820312500e+01
-2.604794883728027344e+01 5.413778781890869141e+00 7.089598083496093750e+01
-2.605125617980957031e+01 5.413904190063476562e+00 7.089459991455078125e+01
-2.552846527099609375e+01 5.555213451385498047e+00 7.049973297119140625e+01
-2.604950332641601562e+01 5.413903713226318359e+00 7.089751434326171875e+01
-2.604905700683593750e+01 5.413381099700927734e+00 7.089472961425781250e+01
-2.604693031311035156e+01 5.413696765899658203e+00 7.089537811279296875e+01
-2.605248069763183594e+01 5.413882255554199219e+00 7.089658355712890625e+01
-2.549549102783203125e+01 5.591393470764160156e+00 6.940177917480468750e+01
-2.604746627807617188e+01 5.413740158081054688e+00 7.089860534667968750e+01
-2.605062294006347656e+01 5.413492202758789062e+00 7.089404296875000000e+01
-2.577528190612792969e+01 5.427851200103759766e+00 7.081040954589843750e+01
-2.605197715759277344e+01 5.413543701171875000e+00 7.089986419677734375e+01
-2.604965591430664062e+01 5.413396835327148438e+00 7.089180755615234375e+01
-2.604234504699707031e+01 5.413283348083496094e+00 7.089954376220703125e+01
-2.605532646179199219e+01 5.413172721862792969e+00 7.089559173583984375e+01
-2.589875602722167969e+01 5.401642799377441406e+00 7.071827697753906250e+01
-2.604882812500000000e+01 5.413010120391845703e+00 7.089981842041015625e+01
-2.605020141601562500e+01 5.413210868835449219e+00 7.089360046386718750e+01
-2.604901123046875000e+01 5.413365840911865234e+00 7.089480590820312500e+01
-2.605373764038085938e+01 5.412553787231445312e+00 7.089871215820312500e+01
-2.604827308654785156e+01 5.412547111511230469e+00 7.088951873779296875e+01
-2.584063720703125000e+01 5.349321842193603516e+00 7.119742584228515625e+01
-2.605042457580566406e+01 5.413082122802734375e+00 7.089447784423828125e+01
-2.429330825805664062e+01 4.975357532501220703e+00 6.990009307861328125e+01
-2.651945686340332031e+01 5.049212455749511719e+00 7.234496307373046875e+01
-2.604982185363769531e+01 5.412856578826904297e+00 7.089302825927734375e+01
-2.584328460693359375e+01 5.350016593933105469e+00 7.098208618164062500e+01
-2.883892822265625000e+01 4.506596088409423828e+00 7.188293457031250000e+01
-2.551995658874511719e+01 5.041864395141601562e+00 6.989999389648437500e+01
-2.567430877685546875e+01 4.883817672729492188e+00 7.234497070312500000e+01
-2.605013275146484375e+01 5.412860393524169922e+00 7.089407348632812500e+01
-2.008578681945800781e+01 2.977353096008300781e+00 6.989989471435546875e+01
-2.718347740173339844e+01 4.624228954315185547e+00 7.234499359130859375e+01
-2.604901313781738281e+01 5.413352012634277344e+00 7.089477539062500000e+01
-2.562456130981445312e+01 5.133279323577880859e+00 7.129132080078125000e+01
-2.605019569396972656e+01 5.412760734558105469e+00 7.089479064941406250e+01
-2.494163513183593750e+01 4.610420227050781250e+00 6.990005493164062500e+01
-2.619054985046386719e+01 4.583416938781738281e+00 7.234495544433593750e+01
-2.604971122741699219e+01 5.412664890289306641e+00 7.089387512207031250e+01
-2.564263916015625000e+01 5.151330471038818359e+00 7.097078704833984375e+01
-2.837849998474121094e+01 3.579981327056884766e+00 7.234490966796875000e+01
-2.577139282226562500e+01 4.686655044555664062e+00 6.990086364746093750e+01
-2.531639099121093750e+01 4.211058139801025391e+00 7.233971405029296875e+01
-2.604984664916992188e+01 5.412666797637939453e+00 7.089449310302734375e+01
-2.357082939147949219e+01 3.210410118103027344e+00 6.990003204345703125e+01
-2.674495697021484375e+01 4.013204574584960938e+00 7.234497833251953125e+01
-2.604911231994628906e+01 5.413044929504394531e+00 7.089447021484375000e+01
-2.360224151611328125e+01 2.649048328399658203e+00 7.234483337402343750e+01
-2.885891151428222656e+01 2.458856105804443359e+00 7.148387145996093750e+01
-2.533504867553710938e+01 4.076718807220458984e+00 6.990003967285156250e+01
-2.587546348571777344e+01 3.718332052230834961e+00 7.234494018554687500e+01
-2.604941940307617188e+01 5.412700176239013672e+00 7.089445495605468750e+01
-2.604901123046875000e+01 5.413365840911865234e+00 7.089480590820312500e+01
-2.753484535217285156e+01 2.458993434906005859e+00 7.234483337402343750e+01
-2.604900550842285156e+01 5.413226604461669922e+00 7.089471435546875000e+01
-2.486279487609863281e+01 2.275911569595336914e+00 7.234481811523437500e+01
-2.604930496215820312e+01 5.412819385528564453e+00 7.089476013183593750e+01
-2.458891677856445312e+01 1.786711215972900391e+00 6.989990997314453125e+01
-2.638941764831542969e+01 1.943594813346862793e+00 7.234186553955078125e+01
-2.604901695251464844e+01 5.413338184356689453e+00 7.089479827880859375e+01
-2.165212821960449219e+01 -1.037580871582031250e+01 7.234494781494140625e+01
-2.877999687194824219e+01 -9.259988784790039062e+00 7.212440490722656250e+01
-2.604901123046875000e+01 -1.462312221527099609e+01 7.089480590820312500e+01
