2.419686126708984375e+01 -3.760707855224609375e+00 7.090010070800781250e+01
2.399640846252441406e+01 -3.355473518371582031e+00 7.108373260498046875e+01
2.428463363647460938e+01 -1.263502359390258789e+00 6.989997863769531250e+01
2.440243339538574219e+01 -3.761548042297363281e+00 7.116823577880859375e+01
1.858540534973144531e+01 8.613710403442382812e+00 6.990751647949218750e+01
2.576919746398925781e+01 -8.622471690177917480e-01 6.989990997314453125e+01
2.401119232177734375e+01 -3.370274543762207031e+00 7.159078216552734375e+01
2.367751121520996094e+01 -2.800229549407958984e+00 6.990012359619140625e+01
2.462582015991210938e+01 -3.984922409057617188e+00 7.105675506591796875e+01
2.251373291015625000e+01 -2.096153497695922852e+00 7.159487152099609375e+01
2.466483879089355469e+01 -3.225414752960205078e+00 6.990006256103515625e+01
2.441474723815917969e+01 -3.786432266235351562e+00 7.159475708007812500e+01
2.247126197814941406e+01 -2.372598648071289062e+00 6.990007781982421875e+01
2.874563217163085938e+01 3.967972993850708008e-01 6.990006256103515625e+01
2.370846366882324219e+01 -3.813417434692382812e+00 7.159479522705078125e+01
2.406728363037109375e+01 -3.707320213317871094e+00 6.990015411376953125e+01
2.471059989929199219e+01 -4.069694995880126953e+00 7.133307647705078125e+01
1.836191558837890625e+01 3.961450159549713135e-01 7.114139556884765625e+01
2.520184326171875000e+01 -3.517690896987915039e+00 6.990000915527343750e+01
2.416473960876464844e+01 -4.143290996551513672e+00 7.159477233886718750e+01
2.336242675781250000e+01 -3.720770120620727539e+00 6.990016937255859375e+01
2.485827255249023438e+01 -4.217366218566894531e+00 7.098908996582031250e+01
2.419686126708984375e+01 -4.687320232391357422e+00 7.090010070800781250e+01
2.442080307006835938e+01 -4.040606498718261719e+00 6.990465545654296875e+01
2.459488868713378906e+01 -4.206145286560058594e+00 7.159471130371093750e+01
2.106225776672363281e+01 -2.813146114349365234e+00 6.990007781982421875e+01
2.874167823791503906e+01 -1.986782550811767578e+00 6.880027770996093750e+01
2.390616607666015625e+01 -4.303067684173583984e+00 7.159470367431640625e+01
2.383718872070312500e+01 -4.174883365631103516e+00 6.990011596679687500e+01
2.494412803649902344e+01 -4.303219318389892578e+00 7.129284667968750000e+01
2.419686126708984375e+01 -4.687320232391357422e+00 7.090010070800781250e+01
2.483987236022949219e+01 -4.208261966705322266e+00 6.990007019042968750e+01
2.431623649597167969e+01 -4.420950412750244141e+00 7.159470367431640625e+01
2.290566062927246094e+01 -4.109916687011718750e+00 6.990012359619140625e+01
2.880337905883789062e+01 -3.163289546966552734e+00 7.051846313476562500e+01
2.419686126708984375e+01 -4.687320232391357422e+00 7.090010070800781250e+01
2.420174026489257812e+01 -4.403850555419921875e+00 6.990012359619140625e+01
2.482701110839843750e+01 -4.442548274993896484e+00 7.159474945068359375e+01
1.340589141845703125e+01 -2.098756790161132812e+00 6.989999389648437500e+01
2.551452827453613281e+01 -4.328258991241455078e+00 6.990003967285156250e+01
2.407049751281738281e+01 -4.549258232116699219e+00 7.159470367431640625e+01
2.356756973266601562e+01 -4.481371402740478516e+00 6.990009307861328125e+01
2.517306327819824219e+01 -4.532165527343750000e+00 7.116764068603515625e+01
2.419686126708984375e+01 -4.687320232391357422e+00 7.090010070800781250e+01
2.456760025024414062e+01 -4.568079948425292969e+00 6.990009307861328125e+01
2.447963333129882812e+01 -4.618857383728027344e+00 7.159472656250000000e+01
2.208667564392089844e+01 -4.521793365478515625e+00 6.990004730224609375e+01
2.744051933288574219e+01 -4.515670776367187500e+00 6.990004730224609375e+01
2.419686126708984375e+01 -4.687320232391357422e+00 7.090010070800781250e+01
2.398212432861328125e+01 -4.676988601684570312e+00 6.990010833740234375e+01
2.517477989196777344e+01 -4.699437141418457031e+00 7.159476470947265625e+01
2.419686126708984375e+01 -4.687320232391357422e+00 7.090010070800781250e+01
2.504802894592285156e+01 -4.753727436065673828e+00 6.990011596679687500e+01
2.419686126708984375e+01 -4.687320232391357422e+00 7.090010070800781250e+01
2.321136856079101562e+01 -4.815487861633300781e+00 6.990007781982421875e+01
2.547086524963378906e+01 -4.829944133758544922e+00 7.096524047851562500e+01
2.419686126708984375e+01 -4.687320232391357422e+00 7.090010070800781250e+01
2.433637809753417969e+01 -4.842087268829345703e+00 6.990011596679687500e+01
2.467518043518066406e+01 -4.834333419799804688e+00 7.159477233886718750e+01
1.985014152526855469e+01 -5.559552192687988281e+00 6.989993286132812500e+01
2.596213340759277344e+01 -5.127715587615966797e+00 6.989997100830078125e+01
2.419686126708984375e+01 -4.687320232391357422e+00 7.090010070800781250e+01
2.374074554443359375e+01 -4.974167823791503906e+00 6.990010833740234375e+01
2.583163070678710938e+01 -5.190714359283447266e+00 7.159365081787109375e+01
2.419686126708984375e+01 -4.687320232391357422e+00 7.090010070800781250e+01
2.472864913940429688e+01 -5.060740470886230469e+00 6.990014648437500000e+01
2.419686126708984375e+01 -4.687320232391357422e+00 7.090010070800781250e+01
2.265819549560546875e+01 -5.380870819091796875e+00 6.990010833740234375e+01
2.597243881225585938e+01 -5.412653923034667969e+00 7.060385894775390625e+01
2.419686126708984375e+01 -4.687320232391357422e+00 7.090010070800781250e+01
2.411892509460449219e+01 -5.143678665161132812e+00 6.990013122558593750e+01
2.494043159484863281e+01 -5.177988052368164062e+00 7.159473419189453125e+01
1.809295654296875000e+01 -7.802354812622070312e+00 7.084054565429687500e+01
2.531000900268554688e+01 -5.494450569152832031e+00 6.990016174316406250e+01
2.419686126708984375e+01 -4.687320232391357422e+00 7.090010070800781250e+01
2.344559478759765625e+01 -5.439054489135742188e+00 6.990015411376953125e+01
2.661997604370117188e+01 -6.249783992767333984e+00 7.135314178466796875e+01
2.419686126708984375e+01 -4.687320232391357422e+00 7.090010070800781250e+01
2.447615814208984375e+01 -5.418423175811767578e+00 6.990015411376953125e+01
2.419686126708984375e+01 -4.687320232391357422e+00 7.090010070800781250e+01
2.156394004821777344e+01 -6.888079643249511719e+00 6.990933990478515625e+01
2.549720382690429688e+01 -5.843246936798095703e+00 7.037812805175781250e+01
2.419686126708984375e+01 -4.687320232391357422e+00 7.090010070800781250e+01
2.389389419555664062e+01 -5.647831916809082031e+00 6.990013122558593750e+01
2.427754592895507812e+01 -4.778476715087890625e+00 7.094791412353515625e+01
2.419686126708984375e+01 -4.687320232391357422e+00 7.090010070800781250e+01
2.490932655334472656e+01 -6.021163463592529297e+00 6.990741729736328125e+01
2.419686126708984375e+01 -4.687320232391357422e+00 7.090010070800781250e+01
2.303364944458007812e+01 -6.585451126098632812e+00 6.990017700195312500e+01
2.854354858398437500e+01 -1.044539165496826172e+01 7.076281738281250000e+01
2.419686126708984375e+01 -4.687320232391357422e+00 7.090010070800781250e+01
2.425260734558105469e+01 -6.220222949981689453e+00 6.990503692626953125e+01
2.419686126708984375e+01 -4.687320232391357422e+00 7.090010070800781250e+01
1.891693687438964844e+01 -1.451128864288330078e+01 7.013717651367187500e+01
2.566457176208496094e+01 -8.332890510559082031e+00 6.990001678466796875e+01
2.419686126708984375e+01 -4.687320232391357422e+00 7.090010070800781250e+01
2.363676071166992188e+01 -7.827733993530273438e+00 6.990016174316406250e+01
2.419686126708984375e+01 -4.687320232391357422e+00 7.090010070800781250e+01
2.419686126708984375e+01 -4.687320232391357422e+00 7.090010070800781250e+01
2.419686126708984375e+01 -1.459031295776367188e+01 7.090010070800781250e+01
