-3.000000953674316406e+01 2.500365495681762695e+00 6.844989013671875000e+01
-2.889128684997558594e+01 7.493374824523925781e+00 6.989601898193359375e+01
-2.841663742065429688e+01 5.093059062957763672e+00 6.902813720703125000e+01
-3.000000953674316406e+01 2.500365495681762695e+00 6.844989013671875000e+01
-2.872249984741210938e+01 4.036212921142578125e+00 6.952658081054687500e+01
-2.714461708068847656e+01 4.529214382171630859e+00 6.883407592773437500e+01
-2.916915512084960938e+01 3.504782915115356445e+00 6.989984130859375000e+01
-2.846287345886230469e+01 3.290465831756591797e+00 6.925776672363281250e+01
-3.000000953674316406e+01 2.500365495681762695e+00 6.844989013671875000e+01
-2.880548858642578125e+01 2.964358806610107422e+00 6.976667785644531250e+01
-2.816250038146972656e+01 2.792413949966430664e+00 6.895347595214843750e+01
-2.940978431701660156e+01 2.643266677856445312e+00 6.989976501464843750e+01
-2.856505966186523438e+01 2.482585430145263672e+00 6.946920776367187500e+01
-3.000000953674316406e+01 2.500365495681762695e+00 6.844989013671875000e+01
-2.039338302612304688e+01 1.424908995628356934e+00 6.894108581542968750e+01
-2.900164222717285156e+01 2.193513870239257812e+00 6.989982604980468750e+01
-2.833404731750488281e+01 1.987366437911987305e+00 6.915667724609375000e+01
-3.000000953674316406e+01 2.500365495681762695e+00 6.844989013671875000e+01
-2.867205810546875000e+01 1.624075531959533691e+00 6.969044494628906250e+01
-2.754123497009277344e+01 9.149072170257568359e-01 6.890959930419921875e+01
-2.883468246459960938e+01 5.879378914833068848e-01 7.074819946289062500e+01
-2.853825569152832031e+01 8.489018082618713379e-01 6.931616973876953125e+01
-3.000000953674316406e+01 2.500365495681762695e+00 6.844989013671875000e+01
-2.881370735168457031e+01 -6.373168230056762695e-01 6.990000915527343750e+01
-2.830475044250488281e+01 -3.587296724319458008e+00 6.900900268554687500e+01
-3.000000953674316406e+01 2.500365495681762695e+00 6.844989013671875000e+01
