-1.629072952270507812e+01 1.459747409820556641e+01 7.089992523193359375e+01
-1.786804771423339844e+01 1.134033870697021484e+01 7.234487915039062500e+01
-1.620298385620117188e+01 4.283085823059082031e+00 6.990010070800781250e+01
-1.518279075622558594e+01 5.849770545959472656e+00 7.234503936767578125e+01
-2.192435836791992188e+01 1.421387577056884766e+01 6.990341186523437500e+01
-1.471891307830810547e+01 4.684097766876220703e+00 6.990006256103515625e+01
-1.667919540405273438e+01 3.615862131118774414e+00 7.234499359130859375e+01
-1.681000709533691406e+01 2.747114896774291992e+00 6.990008544921875000e+01
-1.233365345001220703e+01 7.339802742004394531e+00 7.234503936767578125e+01
-1.752582168579101562e+01 2.761704444885253906e+00 7.140975189208984375e+01
-1.582283973693847656e+01 2.321915626525878906e+00 6.990007019042968750e+01
-1.583746337890625000e+01 2.734387159347534180e+00 7.234500885009765625e+01
-1.801606941223144531e+01 3.174661159515380859e+00 6.990005493164062500e+01
-1.134297084808349609e+01 6.390349388122558594e+00 6.981217193603515625e+01
-1.730664825439453125e+01 2.678096532821655273e+00 7.234496307373046875e+01
-1.642029953002929688e+01 1.840220332145690918e+00 6.990004730224609375e+01
-1.457608604431152344e+01 2.921663284301757812e+00 7.234503173828125000e+01
-1.752130508422851562e+01 1.932376146316528320e+00 7.095081329345703125e+01
-1.528593730926513672e+01 2.029695749282836914e+00 6.990002441406250000e+01
-1.635754966735839844e+01 1.991980195045471191e+00 7.234498596191406250e+01
-1.712514877319335938e+01 1.826819539070129395e+00 6.990000915527343750e+01
-5.550753116607666016e+00 8.491386413574218750e+00 7.234497070312500000e+01
-1.836756706237792969e+01 2.550767183303833008e+00 7.234493255615234375e+01
-1.606578826904296875e+01 1.509889960289001465e+00 6.990003204345703125e+01
-1.546266174316406250e+01 1.861335873603820801e+00 7.234501647949218750e+01
-1.942464256286621094e+01 2.734048128128051758e+00 6.990012359619140625e+01
-1.412658119201660156e+01 2.146226644515991211e+00 6.990003204345703125e+01
-1.689549064636230469e+01 1.659683227539062500e+00 7.234497070312500000e+01
-1.665037918090820312e+01 1.372691154479980469e+00 6.990000915527343750e+01
-1.354118347167968750e+01 2.273574352264404297e+00 7.234500885009765625e+01
-1.752585029602050781e+01 1.407738327980041504e+00 7.122550201416015625e+01
-1.564778614044189453e+01 1.339293718338012695e+00 6.990000152587890625e+01
-1.604238128662109375e+01 1.414446353912353516e+00 7.234499359130859375e+01
-1.758182907104492188e+01 1.437644362449645996e+00 6.990002441406250000e+01
-4.221451759338378906e+00 4.853312969207763672e+00 6.990000915527343750e+01
-1.762751388549804688e+01 1.463379859924316406e+00 7.234494781494140625e+01
-1.628585243225097656e+01 1.143739461898803711e+00 6.990000915527343750e+01
-1.497980785369873047e+01 1.369493961334228516e+00 7.234502410888671875e+01
-2.708069229125976562e+01 3.448608636856079102e+00 6.989991760253906250e+01
-1.497323608398437500e+01 1.219300627708435059e+00 6.989999389648437500e+01
-1.655361557006835938e+01 1.147511005401611328e+00 7.234497833251953125e+01
-1.691997528076171875e+01 1.066220402717590332e+00 6.989998626708984375e+01
-1.101796913146972656e+01 1.698323488235473633e+00 7.234497070312500000e+01
-1.752587318420410156e+01 1.044179677963256836e+00 7.153378295898437500e+01
-1.592001724243164062e+01 9.795179963111877441e-01 6.989999389648437500e+01
-1.570245647430419922e+01 1.002715110778808594e+00 7.234500122070312500e+01
-1.839468765258789062e+01 1.025324821472167969e+00 6.990282440185546875e+01
-1.304771709442138672e+01 1.031901717185974121e+00 6.990007019042968750e+01
-1.713759994506835938e+01 9.110645055770874023e-01 7.234496307373046875e+01
-1.650535964965820312e+01 8.706130385398864746e-01 6.990042877197265625e+01
-1.531256294250488281e+01 8.481661677360534668e-01 7.159477233886718750e+01
-1.792585372924804688e+01 8.103309273719787598e-01 7.110370635986328125e+01
-1.543959236145019531e+01 7.938814759254455566e-01 6.989997100830078125e+01
-1.626538276672363281e+01 8.109835386276245117e-01 7.159500122070312500e+01
-1.727531433105468750e+01 7.322365641593933105e-01 6.990082550048828125e+01
-1.629072952270507812e+01 8.602864146232604980e-01 7.089992523193359375e+01
-1.713180541992187500e+01 7.157684564590454102e-01 7.159486389160156250e+01
-1.615126419067382812e+01 7.055758833885192871e-01 6.990030670166015625e+01
-1.581219482421875000e+01 7.132073044776916504e-01 7.159490203857421875e+01
-2.061026954650878906e+01 -6.491623353213071823e-03 6.990600585937500000e+01
-1.452584075927734375e+01 4.199866950511932373e-01 6.990000915527343750e+01
-1.651617240905761719e+01 6.857796311378479004e-01 7.159485626220703125e+01
-1.674682426452636719e+01 5.734521150588989258e-01 6.989997863769531250e+01
-1.499177932739257812e+01 4.603014886379241943e-01 7.145100402832031250e+01
-1.752136421203613281e+01 4.603092074394226074e-01 7.133579254150390625e+01
-1.575972652435302734e+01 4.874167740345001221e-01 6.990145111083984375e+01
-1.611113739013671875e+01 6.064783930778503418e-01 7.159497833251953125e+01
-1.782927513122558594e+01 1.667902320623397827e-01 6.990000915527343750e+01
-1.029782676696777344e+01 -1.587849736213684082e+00 6.990006256103515625e+01
-1.683429527282714844e+01 4.821811020374298096e-01 7.159476470947265625e+01
-1.636849784851074219e+01 4.049109816551208496e-01 6.990211486816406250e+01
-1.568457508087158203e+01 4.602970480918884277e-01 7.146618652343750000e+01
-1.652473640441894531e+01 7.408643364906311035e-01 7.089764404296875000e+01
-1.517757129669189453e+01 5.314801633358001709e-02 6.989997863769531250e+01
-1.635855674743652344e+01 4.625602960586547852e-01 7.159486389160156250e+01
-1.704199409484863281e+01 1.085550040006637573e-01 6.989997863769531250e+01
-1.567044258117675781e+01 4.603151977062225342e-01 7.101589965820312500e+01
-1.679894065856933594e+01 4.603072702884674072e-01 7.121628570556640625e+01
-1.601142501831054688e+01 1.291631907224655151e-01 6.989994812011718750e+01
-1.604699516296386719e+01 4.602919816970825195e-01 7.138063049316406250e+01
-1.894782257080078125e+01 -1.360677719116210938e+00 6.990007019042968750e+01
-1.379985523223876953e+01 -1.353951692581176758e+00 6.990005493164062500e+01
-1.648954200744628906e+01 4.602998495101928711e-01 7.131420135498046875e+01
-1.659369659423828125e+01 -1.002223119139671326e-01 6.989996337890625000e+01
-1.593668270111083984e+01 4.602905511856079102e-01 7.110974121093750000e+01
-1.667115402221679688e+01 4.602842032909393311e-01 7.097967529296875000e+01
-1.557304477691650391e+01 -4.833290874958038330e-01 6.989997100830078125e+01
-1.624977493286132812e+01 4.602870941162109375e-01 7.124213409423828125e+01
-1.745392799377441406e+01 -1.037822484970092773e+00 6.990000915527343750e+01
-4.653912544250488281e+00 -1.455504226684570312e+01 7.053239440917968750e+01
-1.649190139770507812e+01 4.602848589420318604e-01 7.109625244140625000e+01
-1.623470878601074219e+01 -6.801611185073852539e-01 6.989996337890625000e+01
-1.613949203491210938e+01 4.602768719196319580e-01 7.108479309082031250e+01
-2.321111869812011719e+01 -1.201597595214843750e+01 6.989996337890625000e+01
-1.482332801818847656e+01 -2.784517526626586914e+00 6.990004730224609375e+01
-1.632997322082519531e+01 4.602799713611602783e-01 7.106674957275390625e+01
-1.748465347290039062e+01 -5.833907127380371094e+00 6.876842498779296875e+01
-1.617933464050292969e+01 4.602702856063842773e-01 7.093666076660156250e+01
-1.636517906188964844e+01 4.602740108966827393e-01 7.093344879150390625e+01
-1.629072952270507812e+01 4.602707624435424805e-01 7.089992523193359375e+01
