1.807486534118652344e+01 -5.349367141723632812e+00 7.090007019042968750e+01
1.767485427856445312e+01 -2.967068672180175781e+00 7.126651000976562500e+01
1.816262817382812500e+01 -2.201355695724487305e+00 6.990004730224609375e+01
1.807486534118652344e+01 -5.624832153320312500e+00 7.090007019042968750e+01
1.242128944396972656e+01 7.776034832000732422e+00 6.990003204345703125e+01
1.964685440063476562e+01 -1.800601840019226074e+00 6.990010070800781250e+01
1.788805198669433594e+01 -4.299676418304443359e+00 7.159500122070312500e+01
1.755808830261230469e+01 -3.747092247009277344e+00 6.990505218505859375e+01
1.807486534118652344e+01 -5.624832153320312500e+00 7.090007019042968750e+01
1.767486381530761719e+01 -5.009030818939208984e+00 7.106518554687500000e+01
1.854284095764160156e+01 -4.162935733795166016e+00 6.990003204345703125e+01
1.807486534118652344e+01 -5.624832153320312500e+00 7.090007019042968750e+01
1.634908294677734375e+01 -3.309865474700927734e+00 6.989994812011718750e+01
2.262367630004882812e+01 -5.406691431999206543e-01 6.990002441406250000e+01
1.767485618591308594e+01 -4.909086227416992188e+00 7.146903991699218750e+01
1.794527053833007812e+01 -4.644706726074218750e+00 6.989999389648437500e+01
1.807486534118652344e+01 -5.624832153320312500e+00 7.090007019042968750e+01
1.767484664916992188e+01 -5.276331901550292969e+00 7.091661071777343750e+01
1.907982063293457031e+01 -4.455234527587890625e+00 6.990000915527343750e+01
1.804273796081542969e+01 -5.080713748931884766e+00 7.159485626220703125e+01
1.724028015136718750e+01 -4.658106327056884766e+00 6.989995574951171875e+01
2.286335945129394531e+01 -2.222452163696289062e+00 7.154435729980468750e+01
1.767486763000488281e+01 -5.299246311187744141e+00 7.117837524414062500e+01
1.829985618591308594e+01 -4.975090026855468750e+00 6.989996337890625000e+01
1.807486534118652344e+01 -5.624832153320312500e+00 7.090007019042968750e+01
1.494003295898437500e+01 -3.750520944595336914e+00 6.989997100830078125e+01
2.023941802978515625e+01 -4.338651180267333984e+00 6.989999389648437500e+01
1.778409576416015625e+01 -5.240482330322265625e+00 7.159484863281250000e+01
1.771514511108398438e+01 -5.112329006195068359e+00 6.989995574951171875e+01
1.807486534118652344e+01 -5.624832153320312500e+00 7.090007019042968750e+01
1.767484855651855469e+01 -5.447529792785644531e+00 7.100551605224609375e+01
1.871793365478515625e+01 -5.145731449127197266e+00 6.989994812011718750e+01
1.807486534118652344e+01 -5.624832153320312500e+00 7.090007019042968750e+01
1.678913307189941406e+01 -5.049873828887939453e+00 6.990432739257812500e+01
2.889260482788085938e+01 -2.045867204666137695e+00 7.000384521484375000e+01
1.767487525939941406e+01 -5.444375991821289062e+00 7.133245086669921875e+01
1.807974433898925781e+01 -5.341317653656005859e+00 6.989994049072265625e+01
1.807486534118652344e+01 -5.624832153320312500e+00 7.090007019042968750e+01
7.352125167846679688e+00 -3.052635669708251953e+00 6.990628814697265625e+01
1.939262008666992188e+01 -5.265746593475341797e+00 6.989994049072265625e+01
1.794845962524414062e+01 -5.486723899841308594e+00 7.159490203857421875e+01
1.744549369812011719e+01 -5.418857097625732422e+00 6.989993286132812500e+01
1.807486534118652344e+01 -5.624832153320312500e+00 7.090007019042968750e+01
1.767485237121582031e+01 -5.565276622772216797e+00 7.110534667968750000e+01
1.844565773010253906e+01 -5.505574703216552734e+00 6.989991760253906250e+01
1.807486534118652344e+01 -5.624832153320312500e+00 7.090007019042968750e+01
1.596467113494873047e+01 -5.459304332733154297e+00 6.990000915527343750e+01
2.131848526000976562e+01 -5.453184604644775391e+00 6.990002441406250000e+01
1.767489051818847656e+01 -5.600849628448486328e+00 7.158255767822265625e+01
1.786009407043457031e+01 -5.614498615264892578e+00 6.989991760253906250e+01
1.807486534118652344e+01 -5.624832153320312500e+00 7.090007019042968750e+01
1.767484283447265625e+01 -5.637053489685058594e+00 7.094992065429687500e+01
1.892617034912109375e+01 -5.691250324249267578e+00 6.989991760253906250e+01
1.807486534118652344e+01 -5.624832153320312500e+00 7.090007019042968750e+01
1.708926391601562500e+01 -5.753014087677001953e+00 6.989994049072265625e+01
2.631719398498535156e+01 -6.547556400299072266e+00 7.132150268554687500e+01
1.767485809326171875e+01 -5.693563461303710938e+00 7.123057556152343750e+01
1.836475563049316406e+01 -5.946410655975341797e+00 6.882228088378906250e+01
1.807486534118652344e+01 -5.624832153320312500e+00 7.090007019042968750e+01
1.372872924804687500e+01 -6.496947288513183594e+00 6.990003204345703125e+01
1.983997535705566406e+01 -6.065186977386474609e+00 6.990003204345703125e+01
1.784943962097167969e+01 -5.799325466156005859e+00 7.159494781494140625e+01
1.761867904663085938e+01 -5.911724090576171875e+00 6.989992523193359375e+01
1.807486534118652344e+01 -5.624832153320312500e+00 7.090007019042968750e+01
1.767484855651855469e+01 -5.754844665527343750e+00 7.104174804687500000e+01
1.860672950744628906e+01 -5.998306751251220703e+00 6.989997100830078125e+01
1.807486534118652344e+01 -5.624832153320312500e+00 7.090007019042968750e+01
1.653609275817871094e+01 -6.318430900573730469e+00 6.990000915527343750e+01
2.406868362426757812e+01 -8.073342323303222656e+00 6.990005493164062500e+01
1.767604064941406250e+01 -5.902256011962890625e+00 7.140988922119140625e+01
1.791334342956542969e+01 -6.570637226104736328e+00 6.882763671875000000e+01
1.807486534118652344e+01 -5.624832153320312500e+00 7.090007019042968750e+01
5.968220829963684082e-01 -1.454448318481445312e+01 7.072953796386718750e+01
1.918807983398437500e+01 -6.432011604309082031e+00 6.990007781982421875e+01
1.800704574584960938e+01 -6.022512912750244141e+00 7.159492492675781250e+01
1.732356262207031250e+01 -6.376602649688720703e+00 6.990007019042968750e+01
1.807486534118652344e+01 -5.624832153320312500e+00 7.090007019042968750e+01
1.767485427856445312e+01 -5.939653873443603516e+00 7.114907836914062500e+01
1.835419273376464844e+01 -6.356016635894775391e+00 6.990000915527343750e+01
1.807486534118652344e+01 -5.624832153320312500e+00 7.090007019042968750e+01
1.541734313964843750e+01 -7.846154689788818359e+00 6.990005493164062500e+01
2.056578826904296875e+01 -7.839113712310791016e+00 6.990018463134765625e+01
1.774141311645507812e+01 -6.295698642730712891e+00 7.159489440917968750e+01
1.746636009216308594e+01 -7.554006099700927734e+00 6.889164733886718750e+01
1.807486534118652344e+01 -5.624832153320312500e+00 7.090007019042968750e+01
1.767485046386718750e+01 -6.045434474945068359e+00 7.098393249511718750e+01
1.879267120361328125e+01 -6.968676090240478516e+00 6.989994812011718750e+01
1.807486534118652344e+01 -5.624832153320312500e+00 7.090007019042968750e+01
1.691154861450195312e+01 -7.523136615753173828e+00 6.990005493164062500e+01
2.484714126586914062e+01 -1.459608745574951172e+01 7.068618011474609375e+01
1.767484092712402344e+01 -6.420226097106933594e+00 7.129045867919921875e+01
1.815517807006835938e+01 -7.833250999450683594e+00 6.946649932861328125e+01
1.807486534118652344e+01 -5.624832153320312500e+00 7.090007019042968750e+01
1.328642940521240234e+01 -1.453432464599609375e+01 7.020816802978515625e+01
1.954246520996093750e+01 -9.270127296447753906e+00 6.990006256103515625e+01
1.791143035888671875e+01 -7.290734291076660156e+00 7.159482574462890625e+01
1.768853187561035156e+01 -7.790959835052490234e+00 7.021035003662109375e+01
1.807486534118652344e+01 -5.624832153320312500e+00 7.090007019042968750e+01
1.767780494689941406e+01 -7.758200645446777344e+00 7.107884216308593750e+01
1.807486534118652344e+01 -6.254764080047607422e+00 7.090007019042968750e+01
