-1.538958549499511719e+01 4.003284573554992676e-01 7.089994812011718750e+01
-1.545881843566894531e+01 8.603241443634033203e-01 7.096337127685546875e+01
-1.530183982849121094e+01 3.823102474212646484e+00 6.990013122558593750e+01
-1.538937664031982422e+01 4.012694656848907471e-01 7.090022277832031250e+01
-2.104244995117187500e+01 1.379950904846191406e+01 6.990003967285156250e+01
-1.538941097259521484e+01 4.007535278797149658e-01 7.089983367919921875e+01
-1.538969326019287109e+01 4.010948240756988525e-01 7.090035247802734375e+01
-1.590794944763183594e+01 2.283837318420410156e+00 6.990187072753906250e+01
-1.538869285583496094e+01 4.017905294895172119e-01 7.090027618408203125e+01
-1.568496036529541016e+01 8.550558090209960938e-01 7.102187347412109375e+01
-1.492165184020996094e+01 1.862096548080444336e+00 6.990000152587890625e+01
-1.538933944702148438e+01 4.013444483280181885e-01 7.090073394775390625e+01
-1.711493873596191406e+01 2.714721441268920898e+00 6.990007019042968750e+01
-1.538835716247558594e+01 4.017016887664794922e-01 7.089968109130859375e+01
-1.538979721069335938e+01 4.007069170475006104e-01 7.090024566650390625e+01
-1.551916503906250000e+01 1.380338668823242188e+00 6.989999389648437500e+01
-1.538821506500244141e+01 4.019754827022552490e-01 7.090110015869140625e+01
-1.591756534576416016e+01 8.603096008300781250e-01 7.092178344726562500e+01
-1.438476753234863281e+01 1.569766879081726074e+00 6.990001678466796875e+01
-1.538968086242675781e+01 4.019451141357421875e-01 7.090201568603515625e+01
-1.622401237487792969e+01 1.366869926452636719e+00 6.990002441406250000e+01
-1.538728809356689453e+01 4.019604623317718506e-01 7.090026092529296875e+01
-1.595470809936523438e+01 8.603202104568481445e-01 7.129314422607421875e+01
-1.516462707519531250e+01 1.049978375434875488e+00 6.989998626708984375e+01
-1.538834953308105469e+01 4.018220305442810059e-01 7.090210723876953125e+01
-1.852371788024902344e+01 2.274220466613769531e+00 6.990007781982421875e+01
-1.322545909881591797e+01 1.686255574226379395e+00 6.990007019042968750e+01
-1.539072513580322266e+01 4.018352031707763672e-01 7.090267181396484375e+01
-1.574925422668457031e+01 9.127594232559204102e-01 6.989997863769531250e+01
-1.538711166381835938e+01 4.015999436378479004e-01 7.090124511718750000e+01
-1.642734146118164062e+01 8.603004217147827148e-01 7.117350006103515625e+01
-1.474662780761718750e+01 8.793461918830871582e-01 6.990000152587890625e+01
-1.538900661468505859e+01 4.016203880310058594e-01 7.090332031250000000e+01
-1.668077468872070312e+01 9.777265787124633789e-01 6.989997863769531250e+01
-1.538568305969238281e+01 4.016193449497222900e-01 7.089962768554687500e+01
-1.603255653381347656e+01 6.904062032699584961e-01 7.159497833251953125e+01
-1.538470745086669922e+01 6.837969422340393066e-01 6.989997863769531250e+01
-1.538749694824218750e+01 4.011397063732147217e-01 7.090225219726562500e+01
-2.878430557250976562e+01 3.613485813140869141e+00 6.965853118896484375e+01
-1.407210540771484375e+01 7.593389153480529785e-01 6.990002441406250000e+01
-1.539057540893554688e+01 4.014098346233367920e-01 7.090538787841796875e+01
-1.601885604858398438e+01 6.062703132629394531e-01 6.989997100830078125e+01
-1.538612079620361328e+01 4.008790254592895508e-01 7.090089416503906250e+01
-1.674352264404296875e+01 6.019079685211181641e-01 7.159476470947265625e+01
-1.501886463165283203e+01 5.195627808570861816e-01 6.989999389648437500e+01
-1.538821411132812500e+01 4.006603062152862549e-01 7.090332031250000000e+01
-1.749951362609863281e+01 5.658350586891174316e-01 6.990001678466796875e+01
-1.214660644531250000e+01 5.719419121742248535e-01 6.990010070800781250e+01
-1.539771652221679688e+01 4.008158147335052490e-01 7.091381835937500000e+01
-1.560432052612304688e+01 4.106599390506744385e-01 6.989996337890625000e+01
-1.441128635406494141e+01 3.882064521312713623e-01 7.159488677978515625e+01
-2.072850990295410156e+01 2.372162193059921265e-01 7.156533050537109375e+01
-1.453862667083740234e+01 3.339372873306274414e-01 6.990020751953125000e+01
-1.536424541473388672e+01 3.510401844978332520e-01 7.159481811523437500e+01
-1.637504959106445312e+01 2.721642851829528809e-01 6.989995574951171875e+01
-1.538958549499511719e+01 4.003283083438873291e-01 7.089994812011718750e+01
-1.623071098327636719e+01 2.558015882968902588e-01 7.159492492675781250e+01
-1.525007152557373047e+01 2.455634921789169312e-01 6.989997863769531250e+01
-1.491106224060058594e+01 2.532527446746826172e-01 7.159490966796875000e+01
-1.538966369628906250e+01 4.003126919269561768e-01 7.089993286132812500e+01
-1.538955688476562500e+01 4.003212749958038330e-01 7.089993286132812500e+01
-1.561502265930175781e+01 2.258265465497970581e-01 7.159486389160156250e+01
-1.584570217132568359e+01 1.134799718856811523e-01 6.989995574951171875e+01
-1.375169181823730469e+01 -1.040272861719131470e-01 7.159482574462890625e+01
-1.735164642333984375e+01 -2.373742461204528809e-01 7.159487152099609375e+01
-1.485779476165771484e+01 2.690595388412475586e-02 6.989999389648437500e+01
-1.521003150939941406e+01 1.465733200311660767e-01 7.159485626220703125e+01
-1.538961315155029297e+01 4.003159701824188232e-01 7.089993286132812500e+01
-1.538951969146728516e+01 4.003013968467712402e-01 7.089994049072265625e+01
-1.593323993682861328e+01 2.216076850891113281e-02 7.159490203857421875e+01
-1.538958644866943359e+01 4.003209173679351807e-01 7.089993286132812500e+01
-1.464566230773925781e+01 -9.057219326496124268e-02 7.159490966796875000e+01
-1.538964176177978516e+01 4.002994298934936523e-01 7.089994812011718750e+01
-1.538956546783447266e+01 4.003138244152069092e-01 7.089993286132812500e+01
-1.545741081237792969e+01 2.614516764879226685e-03 7.159486389160156250e+01
-1.538959884643554688e+01 4.003148376941680908e-01 7.089993286132812500e+01
-1.538954734802246094e+01 4.003034830093383789e-01 7.089995574951171875e+01
-1.640207481384277344e+01 -3.965342640876770020e-01 7.153022003173828125e+01
-1.538958072662353516e+01 4.003152251243591309e-01 7.089993286132812500e+01
-1.503723716735839844e+01 -1.779131442308425903e-01 7.159486389160156250e+01
-1.538961696624755859e+01 4.003019928932189941e-01 7.089993286132812500e+01
-1.538955593109130859e+01 4.003019928932189941e-01 7.089993286132812500e+01
-1.572309780120849609e+01 -2.706590890884399414e-01 7.159490203857421875e+01
-1.538959121704101562e+01 4.003112912178039551e-01 7.089993286132812500e+01
-1.468143749237060547e+01 -3.997249305248260498e-01 7.131961822509765625e+01
-1.538961029052734375e+01 4.003018736839294434e-01 7.089995574951171875e+01
-1.538957405090332031e+01 4.003067314624786377e-01 7.089993286132812500e+01
-1.530767345428466797e+01 -3.997044563293457031e-01 7.158439636230468750e+01
-1.538960075378417969e+01 4.003031253814697266e-01 7.089993286132812500e+01
-1.538956356048583984e+01 4.002994000911712646e-01 7.089994812011718750e+01
-1.579194927215576172e+01 -3.997160494327545166e-01 7.129261779785156250e+01
-1.538958454132080078e+01 4.003051221370697021e-01 7.089993286132812500e+01
-1.508765220642089844e+01 -3.982619643211364746e-01 7.126902770996093750e+01
-1.538960075378417969e+01 4.002992212772369385e-01 7.089994812011718750e+01
-1.538957405090332031e+01 4.002999067306518555e-01 7.089994049072265625e+01
-1.546807479858398438e+01 -3.997126519680023193e-01 7.123360443115234375e+01
-1.538959026336669922e+01 4.003003239631652832e-01 7.089994049072265625e+01
-1.538957786560058594e+01 4.003003537654876709e-01 7.089994812011718750e+01
-1.538959026336669922e+01 4.003002643585205078e-01 7.089994812011718750e+01
-1.538958549499511719e+01 4.002995193004608154e-01 7.089994812011718750e+01
