-1.420630264282226562e+01 4.616015255451202393e-01 7.090000152587890625e+01
-1.426650810241699219e+01 8.603074550628662109e-01 7.095515441894531250e+01
-1.420627212524414062e+01 4.614839851856231689e-01 7.089965057373046875e+01
-1.411747455596923828e+01 8.603191375732421875e-01 7.101586151123046875e+01
-1.420692443847656250e+01 4.617664515972137451e-01 7.089989471435546875e+01
-1.420611667633056641e+01 4.607435762882232666e-01 7.089988708496093750e+01
-1.426269531250000000e+01 8.603097796440124512e-01 7.110977935791015625e+01
-1.420659065246582031e+01 4.613387882709503174e-01 7.089944458007812500e+01
-1.396199703216552734e+01 8.603301048278808594e-01 7.098921966552734375e+01
-1.446613121032714844e+01 8.602964282035827637e-01 7.100725555419921875e+01
-1.420603275299072266e+01 4.611349999904632568e-01 7.089942169189453125e+01
-1.410955238342285156e+01 8.603222370147705078e-01 7.120845794677734375e+01
-1.420723724365234375e+01 4.615450203418731689e-01 7.089945983886718750e+01
-1.420539093017578125e+01 4.613110721111297607e-01 7.089980316162109375e+01
-1.442985439300537109e+01 8.602990508079528809e-01 7.121797943115234375e+01
-1.420638370513916016e+01 4.609067738056182861e-01 7.089937591552734375e+01
-1.387354660034179688e+01 8.603368997573852539e-01 7.118045043945312500e+01
-1.466545200347900391e+01 8.603075146675109863e-01 7.091899108886718750e+01
-1.420609092712402344e+01 4.605377614498138428e-01 7.089978790283203125e+01
-1.422992229461669922e+01 8.603156208992004395e-01 7.141079711914062500e+01
-1.420679855346679688e+01 4.608656466007232666e-01 7.089940643310546875e+01
-1.364327621459960938e+01 8.603402972221374512e-01 7.097575378417968750e+01
-1.469773960113525391e+01 8.603057265281677246e-01 7.124192810058593750e+01
-1.420617008209228516e+01 4.606738686561584473e-01 7.089941406250000000e+01
-1.387538433074951172e+01 8.603378534317016602e-01 7.147750091552734375e+01
-1.420827770233154297e+01 4.614723622798919678e-01 7.089936828613281250e+01
-1.420515155792236328e+01 4.609752893447875977e-01 7.089946746826171875e+01
-1.449715900421142578e+01 8.447566628456115723e-01 7.159498596191406250e+01
-1.420645809173583984e+01 4.605128467082977295e-01 7.089956665039062500e+01
-1.342801284790039062e+01 8.603383302688598633e-01 7.130905151367187500e+01
-1.510883140563964844e+01 8.603261709213256836e-01 7.113790893554687500e+01
-1.420593547821044922e+01 4.605650305747985840e-01 7.089942932128906250e+01
-1.408686923980712891e+01 7.267923951148986816e-01 7.159494781494140625e+01
-1.420662498474121094e+01 4.604357779026031494e-01 7.089974975585937500e+01
-1.420420360565185547e+01 4.609859585762023926e-01 7.089982604980468750e+01
-1.484904766082763672e+01 7.502675056457519531e-01 7.159478759765625000e+01
-1.420630073547363281e+01 4.603827893733978271e-01 7.089968109130859375e+01
-1.357591724395751953e+01 7.051551342010498047e-01 7.159490966796875000e+01
-2.499628448486328125e+01 3.048618316650390625e+00 6.989998626708984375e+01
-1.420552062988281250e+01 4.605045318603515625e-01 7.089940643310546875e+01
-1.433271026611328125e+01 5.984023809432983398e-01 7.159484863281250000e+01
-1.420632457733154297e+01 4.602988362312316895e-01 7.089996337890625000e+01
-1.168935966491699219e+01 8.603271245956420898e-01 7.158979034423828125e+01
-1.555928993225097656e+01 6.617298126220703125e-01 7.159432983398437500e+01
-1.420620632171630859e+01 4.603224992752075195e-01 7.089974212646484375e+01
-1.392343616485595703e+01 5.287773013114929199e-01 7.159485626220703125e+01
-1.779341316223144531e+01 7.416712641716003418e-01 6.920000457763671875e+01
-1.420425891876220703e+01 4.603996872901916504e-01 7.089936828613281250e+01
-1.461354255676269531e+01 4.847095310688018799e-01 7.159488677978515625e+01
-1.457137489318847656e+01 4.778564274311065674e-01 6.919992828369140625e+01
-1.420164394378662109e+01 4.602338373661041260e-01 7.090331268310546875e+01
-1.978181266784667969e+01 2.899514436721801758e-01 7.159486389160156250e+01
-1.335538387298583984e+01 3.939036428928375244e-01 6.990030670166015625e+01
-1.420532798767089844e+01 4.583952724933624268e-01 7.092673492431640625e+01
-1.519179344177246094e+01 3.321239650249481201e-01 6.989997863769531250e+01
-1.420630264282226562e+01 4.602915644645690918e-01 7.090000152587890625e+01
-1.504732322692871094e+01 3.157830238342285156e-01 7.159489440917968750e+01
-1.406678771972656250e+01 3.055261075496673584e-01 6.990002441406250000e+01
-1.420204544067382812e+01 4.589830040931701660e-01 7.090618133544921875e+01
-1.855210304260253906e+01 -4.117560386657714844e-01 6.990003967285156250e+01
-1.244141674041748047e+01 1.999254338443279266e-02 6.990008544921875000e+01
-1.443173122406005859e+01 2.857962250709533691e-01 7.159488677978515625e+01
-1.466242218017578125e+01 1.734415292739868164e-01 6.990000152587890625e+01
-1.420204639434814453e+01 4.589809775352478027e-01 7.090180969238281250e+01
-1.616827583312988281e+01 -1.773829162120819092e-01 7.159489440917968750e+01
-1.367450904846191406e+01 8.686699718236923218e-02 6.990003967285156250e+01
-1.420474815368652344e+01 4.580941200256347656e-01 7.090602111816406250e+01
-1.574504280090332031e+01 -2.332922071218490601e-01 6.989996337890625000e+01
-8.212655067443847656e+00 -1.988148570060729980e+00 6.990001678466796875e+01
-1.474992847442626953e+01 8.214378356933593750e-02 7.159491729736328125e+01
-1.428423976898193359e+01 3.923583775758743286e-03 6.990001678466796875e+01
-1.420305633544921875e+01 4.581494033336639404e-01 7.090303039550781250e+01
-1.432380199432373047e+01 4.003273546695709229e-01 7.089885711669921875e+01
-1.309315776824951172e+01 -3.468369245529174805e-01 6.990007019042968750e+01
-1.427412128448486328e+01 6.261688470840454102e-02 7.159484863281250000e+01
-1.495761299133300781e+01 -2.914862334728240967e-01 6.989999389648437500e+01
-1.420301151275634766e+01 4.581692516803741455e-01 7.090061950683593750e+01
-1.529900836944580078e+01 -3.997043073177337646e-01 7.158020782470703125e+01
-1.392700099945068359e+01 -2.708241939544677734e-01 6.990003204345703125e+01
-1.420504093170166016e+01 4.582207500934600830e-01 7.090248870849609375e+01
-1.686377906799316406e+01 -1.760993599891662598e+00 6.990000152587890625e+01
-1.171533584594726562e+01 -1.754028439521789551e+00 6.990010070800781250e+01
-1.453893375396728516e+01 -2.089227139949798584e-01 7.159311676025390625e+01
-1.450927543640136719e+01 -5.002374649047851562e-01 6.990001678466796875e+01
-1.420425510406494141e+01 4.579788148403167725e-01 7.090121459960937500e+01
-1.502423095703125000e+01 -3.997305333614349365e-01 7.107147216796875000e+01
-1.348862743377685547e+01 -8.833054900169372559e-01 6.990006256103515625e+01
-1.420625400543212891e+01 4.598191380500793457e-01 7.090040588378906250e+01
-1.536960029602050781e+01 -1.437980771064758301e+00 6.990000152587890625e+01
-1.416104793548583984e+01 4.003426432609558105e-01 7.089857482910156250e+01
-1.463882732391357422e+01 -3.997225761413574219e-01 7.132210540771484375e+01
-1.415028190612792969e+01 -1.080153703689575195e+00 6.990003967285156250e+01
-1.420571994781494141e+01 4.587499201297760010e-01 7.090071105957031250e+01
-1.423834800720214844e+01 4.006666243076324463e-01 7.089537048339843750e+01
-1.273884963989257812e+01 -3.184641122817993164e+00 6.990009307861328125e+01
-1.429067325592041016e+01 -3.997056186199188232e-01 7.125865936279296875e+01
-1.476640987396240234e+01 -2.680162191390991211e+00 6.990004730224609375e+01
-1.420596694946289062e+01 4.590871334075927734e-01 7.090010833740234375e+01
-1.421738910675048828e+01 4.007253348827362061e-01 7.090499114990234375e+01
-1.420630264282226562e+01 4.003075957298278809e-01 7.090000152587890625e+01
