2.642891693115234375e+01 1.458469390869140625e+01 7.090021514892578125e+01
2.485696220397949219e+01 4.929042816162109375e+00 7.234025573730468750e+01
2.651669692993164062e+01 -2.091258049011230469e+00 6.990000915527343750e+01
2.753643035888671875e+01 -5.278049707412719727e-01 7.234477233886718750e+01
2.077465629577636719e+01 7.887118816375732422e+00 6.990005493164062500e+01
2.800099945068359375e+01 -1.690916299819946289e+00 6.990018463134765625e+01
2.604056549072265625e+01 -2.760607481002807617e+00 7.234486389160156250e+01
2.548055839538574219e+01 -2.069452762603759766e+00 6.907421112060546875e+01
2.888639640808105469e+01 -1.491371393203735352e+00 7.179768371582031250e+01
2.292940139770507812e+01 -1.278890073299407959e-01 7.234476470947265625e+01
2.689368057250976562e+01 -4.063505649566650391e+00 6.990704345703125000e+01
2.688206672668457031e+01 -3.641751289367675781e+00 7.234493255615234375e+01
2.470307159423828125e+01 -3.200321197509765625e+00 6.990005493164062500e+01
2.882784271240234375e+01 -2.834116458892822266e+00 7.037281799316406250e+01
2.541323089599609375e+01 -3.697979450225830078e+00 7.234492492675781250e+01
2.616245460510253906e+01 -3.500109910964965820e+00 6.884394073486328125e+01
2.814311218261718750e+01 -3.454535484313964844e+00 7.234494018554687500e+01
1.963871383666992188e+01 4.003210365772247314e-01 7.118101501464843750e+01
2.743397331237792969e+01 -4.345657348632812500e+00 6.990004730224609375e+01
2.636211395263671875e+01 -4.383989810943603516e+00 7.234487915039062500e+01
2.559428024291992188e+01 -4.548587799072265625e+00 6.990003967285156250e+01
2.883700180053710938e+01 -3.804351329803466797e+00 7.122422027587890625e+01
2.435249900817871094e+01 -3.825233697891235352e+00 7.234493255615234375e+01
2.665393638610839844e+01 -4.865548610687255859e+00 6.989998626708984375e+01
2.725673484802246094e+01 -4.514625549316406250e+00 7.234487152099609375e+01
2.634026336669921875e+01 -5.462367057800292969e+00 7.087193298339843750e+01
2.859365844726562500e+01 -4.229080677032470703e+00 6.990004730224609375e+01
2.582431602478027344e+01 -4.716188907623291016e+00 7.234487915039062500e+01
2.606915473937988281e+01 -5.002808570861816406e+00 6.989998626708984375e+01
2.865770530700683594e+01 -4.369759082794189453e+00 7.207160186767578125e+01
2.624811744689941406e+01 -5.435236454010009766e+00 7.094787597656250000e+01
2.707209205627441406e+01 -5.036193370819091797e+00 6.989993286132812500e+01
2.667718887329101562e+01 -4.961382865905761719e+00 7.234484100341796875e+01
2.625395393371582031e+01 -5.437132835388183594e+00 7.076471710205078125e+01
2.877525711059570312e+01 -4.739104747772216797e+00 7.070582580566406250e+01
2.626589584350585938e+01 -5.441826343536376953e+00 7.107643890380859375e+01
2.643379592895507812e+01 -5.231845855712890625e+00 6.990003967285156250e+01
2.773940086364746094e+01 -5.006335258483886719e+00 7.234483337402343750e+01
2.598884010314941406e+01 -5.409806728363037109e+00 7.085942840576171875e+01
2.774038314819335938e+01 -5.158001422882080078e+00 6.990486145019531250e+01
2.616611099243164062e+01 -5.228235244750976562e+00 7.234483337402343750e+01
2.608256149291992188e+01 -5.402020931243896484e+00 7.034982299804687500e+01
2.875774383544921875e+01 -5.145236492156982422e+00 7.153845214843750000e+01
2.507523918151855469e+01 -5.313832283020019531e+00 7.159490203857421875e+01
2.679970359802246094e+01 -5.396118164062500000e+00 6.990008544921875000e+01
2.701699447631835938e+01 -5.372991561889648438e+00 7.234481048583984375e+01
2.580541229248046875e+01 -5.466464519500732422e+00 7.060472106933593750e+01
2.873422241210937500e+01 -5.393380165100097656e+00 7.018946838378906250e+01
2.602181053161621094e+01 -5.490963459014892578e+00 7.159487152099609375e+01
2.642891693115234375e+01 -5.515373229980468750e+00 7.090021514892578125e+01
2.846255302429199219e+01 -5.540571689605712891e+00 7.234481811523437500e+01
2.506650161743164062e+01 -5.556996822357177734e+00 7.107000732421875000e+01
2.728019523620605469e+01 -5.581789016723632812e+00 6.990010070800781250e+01
2.645424842834472656e+01 -5.564644813537597656e+00 7.159485626220703125e+01
2.561265754699707031e+01 -5.621531486511230469e+00 7.007192230224609375e+01
2.867247200012207031e+01 -5.766538143157958984e+00 7.101493072509765625e+01
2.558810997009277344e+01 -5.659844875335693359e+00 7.159493255615234375e+01
2.656589126586914062e+01 -5.667320251464843750e+00 6.991844940185546875e+01
2.742355155944824219e+01 -5.821077346801757812e+00 7.234473419189453125e+01
2.555984306335449219e+01 -5.689765453338623047e+00 7.070024108886718750e+01
2.819429779052734375e+01 -5.955795764923095703e+00 6.990002441406250000e+01
2.620354270935058594e+01 -5.689826965332031250e+00 7.159493255615234375e+01
2.549833297729492188e+01 -6.100611209869384766e+00 6.885999298095703125e+01
2.859468841552734375e+01 -6.182278156280517578e+00 7.181904602050781250e+01
2.536929893493652344e+01 -5.859766960144042969e+00 7.127551269531250000e+01
2.696081542968750000e+01 -5.888871669769287109e+00 6.990005493164062500e+01
2.660842514038085938e+01 -5.769063472747802734e+00 7.159494018554687500e+01
2.548535346984863281e+01 -5.940681934356689453e+00 7.028698730468750000e+01
2.865300559997558594e+01 -6.423926830291748047e+00 7.052914428710937500e+01
2.588563919067382812e+01 -5.893278121948242188e+00 7.159468841552734375e+01
2.626963233947753906e+01 -6.448073863983154297e+00 6.885649108886718750e+01
2.642957496643066406e+01 -5.515807151794433594e+00 7.090083312988281250e+01
2.547753906250000000e+01 -6.000894069671630859e+00 7.089093017578125000e+01
2.754235839843750000e+01 -6.322716712951660156e+00 6.990001678466796875e+01
2.636111068725585938e+01 -5.912974357604980469e+00 7.159493255615234375e+01
2.559099006652832031e+01 -6.353820800781250000e+00 6.978491973876953125e+01
2.642957878112792969e+01 -5.515799999237060547e+00 7.090033721923828125e+01
2.552264404296875000e+01 -6.228639602661132812e+00 7.146437072753906250e+01
2.666043472290039062e+01 -6.121406078338623047e+00 7.007132720947265625e+01
2.666474533081054688e+01 -5.902392864227294922e+00 7.136532592773437500e+01
2.553575325012207031e+01 -6.261935710906982422e+00 7.056411743164062500e+01
2.650628852844238281e+01 -5.584151268005371094e+00 7.086915588378906250e+01
2.609556579589843750e+01 -6.186036586761474609e+00 7.159483337402343750e+01
2.608881568908691406e+01 -6.593613147735595703e+00 6.977767944335937500e+01
2.656546592712402344e+01 -5.669643402099609375e+00 7.098114013671875000e+01
2.561015319824218750e+01 -6.376273632049560547e+00 7.107186126708984375e+01
2.666528892517089844e+01 -5.957897663116455078e+00 7.057087707519531250e+01
2.651205635070800781e+01 -6.327397346496582031e+00 7.159491729736328125e+01
2.580496025085449219e+01 -6.533548831939697266e+00 7.036384582519531250e+01
2.663298988342285156e+01 -5.785708904266357422e+00 7.089376831054687500e+01
2.589796638488769531e+01 -6.571095466613769531e+00 7.141837310791015625e+01
2.646306991577148438e+01 -6.454527378082275391e+00 7.029057312011718750e+01
2.665966796875000000e+01 -6.125690937042236328e+00 7.118228149414062500e+01
2.586725234985351562e+01 -6.560421943664550781e+00 7.081905364990234375e+01
2.665870475769042969e+01 -6.086133003234863281e+00 7.074363708496093750e+01
2.632821083068847656e+01 -6.541880607604980469e+00 7.132831573486328125e+01
2.624024200439453125e+01 -6.573256492614746094e+00 7.056337738037109375e+01
2.662763977050781250e+01 -6.228983879089355469e+00 7.096575927734375000e+01
2.623123550415039062e+01 -6.577498435974121094e+00 7.098921966552734375e+01
2.642891693115234375e+01 -6.483312129974365234e+00 7.090021514892578125e+01
