1.807485198974609375e+01 -7.789542675018310547e+00 7.090020751953125000e+01
1.768471908569335938e+01 -5.202017307281494141e+00 7.125759887695312500e+01
1.816263008117675781e+01 -4.370094776153564453e+00 6.990001678466796875e+01
1.918253707885742188e+01 -2.805812358856201172e+00 7.234498596191406250e+01
1.242058658599853516e+01 5.608354568481445312e+00 6.990004730224609375e+01
1.964716529846191406e+01 -3.969129800796508789e+00 6.990003204345703125e+01
1.788811302185058594e+01 -6.469516754150390625e+00 7.159486389160156250e+01
1.755534172058105469e+01 -5.906478404998779297e+00 6.989992523193359375e+01
2.203080177307128906e+01 -1.316477060317993164e+00 7.234491729736328125e+01
1.767487716674804688e+01 -7.178389549255371094e+00 7.106530761718750000e+01
1.854289245605468750e+01 -6.332045555114746094e+00 6.990003204345703125e+01
1.852802085876464844e+01 -5.920450687408447266e+00 7.234497833251953125e+01
1.634890747070312500e+01 -5.478964805603027344e+00 6.989998626708984375e+01
2.262393379211425781e+01 -2.709683656692504883e+00 6.990010833740234375e+01
1.767485237121582031e+01 -7.078421115875244141e+00 7.146916198730468750e+01
1.780567741394042969e+01 -5.758373260498046875e+00 6.882299804687500000e+01
1.978908920288085938e+01 -5.733261108398437500e+00 7.234497070312500000e+01
1.807485198974609375e+01 -7.794148921966552734e+00 7.090020751953125000e+01
1.807652664184570312e+01 -7.792198657989501953e+00 7.089853668212890625e+01
1.807458496093750000e+01 -7.789610385894775391e+00 7.090600585937500000e+01
1.724022865295410156e+01 -6.827379703521728516e+00 6.990004730224609375e+01
2.856699371337890625e+01 -3.391434252262115479e-01 7.231191253662109375e+01
1.767487335205078125e+01 -7.468578815460205078e+00 7.117850494384765625e+01
1.829978752136230469e+01 -7.144566059112548828e+00 6.990035247802734375e+01
1.890273666381835938e+01 -6.793321132659912109e+00 7.234497833251953125e+01
1.493985080718994141e+01 -5.919736862182617188e+00 6.990005493164062500e+01
1.807704162597656250e+01 -7.792848110198974609e+00 7.089919281005859375e+01
1.778415870666503906e+01 -7.409899234771728516e+00 7.159480285644531250e+01
1.732721519470214844e+01 -6.728967189788818359e+00 6.882158660888671875e+01
2.082376098632812500e+01 -6.381188392639160156e+00 7.234495544433593750e+01
1.767889022827148438e+01 -7.618643760681152344e+00 7.100458526611328125e+01
1.807714271545410156e+01 -7.792441844940185547e+00 7.089664459228515625e+01
1.832315063476562500e+01 -7.240101814270019531e+00 7.234498596191406250e+01
1.678341102600097656e+01 -7.216638565063476562e+00 6.990003967285156250e+01
2.876534652709960938e+01 -4.257281780242919922e+00 7.001451873779296875e+01
1.767486572265625000e+01 -7.613693714141845703e+00 7.133258056640625000e+01
1.807973098754882812e+01 -7.510616779327392578e+00 6.990000915527343750e+01
1.938546943664550781e+01 -7.285059452056884766e+00 7.234497070312500000e+01
1.794132423400878906e+01 -7.762117862701416016e+00 7.088783264160156250e+01
1.807883644104003906e+01 -7.793063163757324219e+00 7.089718627929687500e+01
1.794847297668457031e+01 -7.656069278717041016e+00 7.159489440917968750e+01
1.744640541076660156e+01 -7.588476657867431641e+00 6.990154266357421875e+01
2.334635925292968750e+01 -6.956310749053955078e+00 7.234490966796875000e+01
1.767485427856445312e+01 -7.734595298767089844e+00 7.110547637939453125e+01
1.807669639587402344e+01 -7.793555736541748047e+00 7.089523315429687500e+01
1.866300392150878906e+01 -7.651749610900878906e+00 7.234498596191406250e+01
1.780623435974121094e+01 -7.773077964782714844e+00 7.077290344238281250e+01
1.808018875122070312e+01 -7.793866634368896484e+00 7.089855957031250000e+01
1.768021011352539062e+01 -7.770486354827880859e+00 7.157359313964843750e+01
1.778916168212890625e+01 -7.780403137207031250e+00 6.956979370117187500e+01
2.010873222351074219e+01 -7.819350242614746094e+00 7.234497833251953125e+01
1.764613723754882812e+01 -7.807246685028076172e+00 7.095363616943359375e+01
1.807902336120605469e+01 -7.794474601745605469e+00 7.089530944824218750e+01
1.810018348693847656e+01 -7.843419075012207031e+00 7.159482574462890625e+01
1.754170417785644531e+01 -7.863487243652343750e+00 7.035919952392578125e+01
2.861392021179199219e+01 -8.973991394042968750e+00 7.143907928466796875e+01
1.749802589416503906e+01 -7.893261909484863281e+00 7.137680816650390625e+01
1.807558822631835938e+01 -7.794966220855712891e+00 7.089492797851562500e+01
1.906968116760253906e+01 -8.099912643432617188e+00 7.234500885009765625e+01
1.747510719299316406e+01 -7.914496421813964844e+00 7.076220703125000000e+01
1.808332252502441406e+01 -7.796262264251708984e+00 7.089540863037109375e+01
1.784952926635742188e+01 -7.968562126159667969e+00 7.159476470947265625e+01
1.728433990478515625e+01 -8.291296005249023438e+00 6.916708374023437500e+01
2.148041534423828125e+01 -8.842822074890136719e+00 7.234502410888671875e+01
1.739031600952148438e+01 -8.016634941101074219e+00 7.114265441894531250e+01
1.807763862609863281e+01 -7.796105384826660156e+00 7.089496612548828125e+01
1.825438690185546875e+01 -8.047878265380859375e+00 7.159503936767578125e+01
1.732078361511230469e+01 -8.134043693542480469e+00 7.041013336181640625e+01
1.810481452941894531e+01 -7.806388854980468750e+00 7.089521026611328125e+01
1.753140068054199219e+01 -8.172175407409667969e+00 7.159490203857421875e+01
1.807485198974609375e+01 -7.794148921966552734e+00 7.090020751953125000e+01
1.826852798461914062e+01 -7.921952247619628906e+00 7.108113861083984375e+01
1.730234336853027344e+01 -8.188386917114257812e+00 7.089266967773437500e+01
1.808034896850585938e+01 -7.798134803771972656e+00 7.089527130126953125e+01
1.800705337524414062e+01 -8.191701889038085938e+00 7.159484100341796875e+01
1.732001113891601562e+01 -8.549459457397460938e+00 6.989550018310546875e+01
1.830038833618164062e+01 -7.939579010009765625e+00 7.094237518310546875e+01
1.728012466430664062e+01 -8.419626235961914062e+00 7.139492034912109375e+01
1.807599067687988281e+01 -7.797131538391113281e+00 7.089612579345703125e+01
1.842519187927246094e+01 -8.369093894958496094e+00 7.159116363525390625e+01
1.728316307067871094e+01 -8.455892562866210938e+00 7.060229492187500000e+01
1.808154678344726562e+01 -7.800100326538085938e+00 7.089752197265625000e+01
1.774141693115234375e+01 -8.464980125427246094e+00 7.159500122070312500e+01
1.771604156494140625e+01 -8.931705474853515625e+00 6.971591949462890625e+01
1.844704818725585938e+01 -8.214650154113769531e+00 7.112078094482421875e+01
1.732121849060058594e+01 -8.586566925048828125e+00 7.105819702148437500e+01
1.807690238952636719e+01 -7.797988414764404297e+00 7.089734649658203125e+01
1.815799713134765625e+01 -8.606225967407226562e+00 7.159495544433593750e+01
1.746273994445800781e+01 -8.792995452880859375e+00 7.037401580810546875e+01
1.807512474060058594e+01 -7.794509410858154297e+00 7.090019989013671875e+01
1.754099464416503906e+01 -8.855649948120117188e+00 7.142120361328125000e+01
1.811532974243164062e+01 -8.907188415527343750e+00 7.017768859863281250e+01
1.839883995056152344e+01 -8.651072502136230469e+00 7.129624176025390625e+01
1.751435470581054688e+01 -8.837025642395019531e+00 7.081922149658203125e+01
1.807578468322753906e+01 -7.796466827392578125e+00 7.089957427978515625e+01
1.796124267578125000e+01 -8.952174186706542969e+00 7.138315582275390625e+01
1.786722755432128906e+01 -8.958277702331542969e+00 7.052953338623046875e+01
1.833834075927734375e+01 -8.740337371826171875e+00 7.098710632324218750e+01
1.785821723937988281e+01 -8.958104133605957031e+00 7.099774169921875000e+01
1.807485198974609375e+01 -8.922894477844238281e+00 7.090020751953125000e+01
