-1.731072235107421875e+01 1.461406898498535156e+01 7.089492034912109375e+01
-1.818106079101562500e+01 1.457640743255615234e+01 7.169222259521484375e+01
-1.722340965270996094e+01 1.219959735870361328e+01 6.990003204345703125e+01
-1.619903373718261719e+01 1.380005550384521484e+01 7.234492492675781250e+01
-1.979430961608886719e+01 1.468061542510986328e+01 7.045561218261718750e+01
-1.574680233001708984e+01 1.259828376770019531e+01 6.990008544921875000e+01
-1.770050048828125000e+01 1.155856990814208984e+01 7.234487152099609375e+01
-1.782742500305175781e+01 1.067115211486816406e+01 6.990003967285156250e+01
-1.378959465026855469e+01 1.455935668945312500e+01 7.218083190917968750e+01
-2.082310676574707031e+01 1.420098114013671875e+01 7.234477996826171875e+01
-1.684514617919921875e+01 1.024808502197265625e+01 6.990000915527343750e+01
-1.685591888427734375e+01 1.067414093017578125e+01 7.234490203857421875e+01
-1.902751922607421875e+01 1.109659767150878906e+01 6.990000152587890625e+01
-1.278582382202148438e+01 1.385111999511718750e+01 6.990013122558593750e+01
-1.833011817932128906e+01 1.061771392822265625e+01 7.234490203857421875e+01
-1.743964958190917969e+01 9.768755912780761719e+00 6.990000152587890625e+01
-1.559029197692871094e+01 1.086201763153076172e+01 7.234490203857421875e+01
-2.407701683044433594e+01 1.468854999542236328e+01 7.117472839355468750e+01
-1.542906284332275391e+01 1.098361873626708984e+01 6.902241516113281250e+01
-1.737777137756347656e+01 9.929253578186035156e+00 7.234493255615234375e+01
-1.814098739624023438e+01 9.755406379699707031e+00 6.989998626708984375e+01
-9.256295204162597656e+00 1.451661491394042969e+01 7.197863006591796875e+01
-1.939472007751464844e+01 1.048999404907226562e+01 7.234490966796875000e+01
-1.708687210083007812e+01 9.440133094787597656e+00 6.989988708496093750e+01
-1.647982978820800781e+01 9.798149108886718750e+00 7.234494018554687500e+01
-1.752178955078125000e+01 8.919880867004394531e+00 7.082758331298828125e+01
-1.515716838836669922e+01 1.007332897186279297e+01 6.989992523193359375e+01
-1.791756820678710938e+01 9.595836639404296875e+00 7.234494781494140625e+01
-1.766853141784667969e+01 9.303465843200683594e+00 6.990011596679687500e+01
-1.455177593231201172e+01 1.021180343627929688e+01 7.234494781494140625e+01
-1.767127227783203125e+01 8.953493118286132812e+00 7.098995971679687500e+01
-1.667114067077636719e+01 9.270186424255371094e+00 6.990022277832031250e+01
-1.706151962280273438e+01 9.349748611450195312e+00 7.234495544433593750e+01
-1.766686248779296875e+01 8.952943801879882812e+00 7.061910247802734375e+01
-5.301716327667236328e+00 1.276677036285400391e+01 6.990000152587890625e+01
-1.765588760375976562e+01 8.949405670166015625e+00 7.126803588867187500e+01
-1.730586814880371094e+01 9.075721740722656250e+00 6.989999389648437500e+01
-1.599531936645507812e+01 9.304632186889648438e+00 7.234496307373046875e+01
-1.789512443542480469e+01 8.933872222900390625e+00 7.084075927734375000e+01
-1.599984836578369141e+01 9.150894165039062500e+00 6.990001678466796875e+01
-1.757451629638671875e+01 9.081901550292968750e+00 7.234497070312500000e+01
-1.779386711120605469e+01 8.951803207397460938e+00 7.012715911865234375e+01
-1.201944732666015625e+01 9.634663581848144531e+00 7.234503936767578125e+01
-1.799166488647460938e+01 8.895065307617187500e+00 7.124436950683593750e+01
-1.694209289550781250e+01 8.912245750427246094e+00 6.990060424804687500e+01
-1.672042465209960938e+01 8.936603546142578125e+00 7.234497070312500000e+01
-1.806135559082031250e+01 8.852564811706542969e+00 7.053918457031250000e+01
-1.408407783508300781e+01 8.964432716369628906e+00 6.990010833740234375e+01
-1.772067260742187500e+01 8.818264007568359375e+00 7.159442901611328125e+01
-1.731072235107421875e+01 8.793684005737304688e+00 7.089492034912109375e+01
-1.526939678192138672e+01 8.768390655517578125e+00 7.234498596191406250e+01
-1.815552330017089844e+01 8.767873764038085938e+00 7.100020599365234375e+01
-1.646389198303222656e+01 8.727615356445312500e+00 6.990003204345703125e+01
-1.728520011901855469e+01 8.744040489196777344e+00 7.159480285644531250e+01
-1.823650932312011719e+01 8.673281669616699219e+00 6.995548248291015625e+01
-1.731072235107421875e+01 8.793684005737304688e+00 7.089492034912109375e+01
-1.815798759460449219e+01 8.648102760314941406e+00 7.159497070312500000e+01
-1.730879211425781250e+01 8.791543960571289062e+00 7.088108825683593750e+01
-1.631226348876953125e+01 8.486804962158203125e+00 7.234499359130859375e+01
-1.827019882202148438e+01 8.601151466369628906e+00 7.067414855957031250e+01
-1.555476856231689453e+01 8.355612754821777344e+00 6.990007019042968750e+01
-1.753698539733886719e+01 8.618542671203613281e+00 7.159237670898437500e+01
-1.826645278930664062e+01 8.192632675170898438e+00 6.879956817626953125e+01
-1.389266300201416016e+01 7.741162776947021484e+00 7.234503936767578125e+01
-1.831116676330566406e+01 8.468522071838378906e+00 7.124925994873046875e+01
-1.678159523010253906e+01 8.422132492065429688e+00 6.989997100830078125e+01
-1.722285079956054688e+01 8.669498443603515625e+00 7.123500061035156250e+01
-1.832125473022460938e+01 8.338188171386718750e+00 7.023816680908203125e+01
-1.134718322753906250e+01 6.357543468475341797e+00 6.989995574951171875e+01
-1.785835266113281250e+01 8.412750244140625000e+00 7.159495544433593750e+01
-1.745854568481445312e+01 7.928091049194335938e+00 6.899824523925781250e+01
-1.575846481323242188e+01 7.769379615783691406e+00 7.234502410888671875e+01
-1.831624984741210938e+01 8.280528068542480469e+00 7.088510894775390625e+01
-1.620331382751464844e+01 7.990714550018310547e+00 6.990013885498046875e+01
-1.737903022766113281e+01 8.393140792846679688e+00 7.159477996826171875e+01
-1.815305519104003906e+01 7.950827121734619141e+00 6.977375793457031250e+01
-9.554915428161621094e+00 3.792611598968505859e+00 7.234498596191406250e+01
-1.824174690246582031e+01 8.060936927795410156e+00 7.147447967529296875e+01
-1.713157081604003906e+01 8.324727058410644531e+00 7.025351715087890625e+01
-1.718200492858886719e+01 8.582445144653320312e+00 7.114878082275390625e+01
-1.822212028503417969e+01 8.031881332397460938e+00 7.055196380615234375e+01
-1.731010437011718750e+01 8.793134689331054688e+00 7.089466857910156250e+01
-1.764478302001953125e+01 8.121591567993164062e+00 7.159101867675781250e+01
-1.763152885437011719e+01 7.776618003845214844e+00 6.983607482910156250e+01
-1.486380100250244141e+01 6.029193878173828125e+00 7.234503173828125000e+01
-1.813460540771484375e+01 7.927400588989257812e+00 7.106764221191406250e+01
-1.715303993225097656e+01 8.498479843139648438e+00 7.067522430419921875e+01
-1.723231315612792969e+01 8.027863502502441406e+00 7.155009460449218750e+01
-1.792206954956054688e+01 7.796085834503173828e+00 7.036939239501953125e+01
-1.721894073486328125e+01 8.672101020812988281e+00 7.089202117919921875e+01
-1.792587089538574219e+01 7.570549011230468750e+00 7.149524688720703125e+01
-1.728054809570312500e+01 7.963954448699951172e+00 7.035630798339843750e+01
-1.713191223144531250e+01 8.320745468139648438e+00 7.111349487304687500e+01
-1.785622596740722656e+01 7.778706073760986328e+00 7.081610107421875000e+01
-1.712988853454589844e+01 8.344522476196289062e+00 7.077170562744140625e+01
-1.740262413024902344e+01 7.856930255889892578e+00 7.128559112548828125e+01
-1.748426246643066406e+01 7.820666313171386719e+00 7.058509826660156250e+01
-1.714800453186035156e+01 8.209367752075195312e+00 7.094858551025390625e+01
-1.749361991882324219e+01 7.810994148254394531e+00 7.097726440429687500e+01
-1.731072235107421875e+01 7.933228969573974609e+00 7.089492034912109375e+01
