9.646628379821777344e+00 1.470069217681884766e+01 7.089995574951171875e+01
8.069341659545898438e+00 1.134017658233642578e+01 7.234487915039062500e+01
9.734388351440429688e+00 4.283663272857666016e+00 6.989997863769531250e+01
1.075441837310791016e+01 5.849149227142333984e+00 7.234487152099609375e+01
3.994043350219726562e+00 1.425885677337646484e+01 6.990009307861328125e+01
1.121856689453125000e+01 4.684444427490234375e+00 6.990001678466796875e+01
9.258210182189941406e+00 3.615581750869750977e+00 7.234485626220703125e+01
9.127250671386718750e+00 2.747527122497558594e+00 6.989992523193359375e+01
1.360344123840332031e+01 7.339422702789306641e+00 7.234497833251953125e+01
6.146255970001220703e+00 6.249141216278076172e+00 7.234485626220703125e+01
1.011406898498535156e+01 2.320564746856689453e+00 6.990106201171875000e+01
1.009983539581298828e+01 2.734192848205566406e+00 7.234484863281250000e+01
7.921024799346923828e+00 3.175065040588378906e+00 6.989993286132812500e+01
1.419515132904052734e+01 5.944178104400634766e+00 6.989997863769531250e+01
8.630815505981445312e+00 2.677957296371459961e+00 7.234484863281250000e+01
9.517040252685546875e+00 1.840411782264709473e+00 6.989993286132812500e+01
1.136103057861328125e+01 2.921423673629760742e+00 7.234485626220703125e+01
-6.099433898925781250e+00 1.457846832275390625e+01 7.155110168457031250e+01
1.150347042083740234e+01 3.021387815475463867e+00 6.905214691162109375e+01
9.646628379821777344e+00 8.603374361991882324e-01 7.089995574951171875e+01
8.812121391296386719e+00 1.826972007751464844e+00 6.989994049072265625e+01
2.038626098632812500e+01 8.491193771362304688e+00 7.234495544433593750e+01
7.569968700408935547e+00 2.550673484802246094e+00 7.234484100341796875e+01
9.871598243713378906e+00 1.510020732879638672e+00 6.989994049072265625e+01
9.646628379821777344e+00 8.603376150131225586e-01 7.089995574951171875e+01
6.512103080749511719e+00 2.734464645385742188e+00 6.989995574951171875e+01
1.360950565338134766e+01 3.215085268020629883e+00 6.906900787353515625e+01
9.646627426147460938e+00 8.603377938270568848e-01 7.089995574951171875e+01
9.288066864013671875e+00 1.371190428733825684e+00 6.990306091308593750e+01
1.239587593078613281e+01 2.273471355438232422e+00 7.234488677978515625e+01
4.165226459503173828e+00 3.289899587631225586e+00 7.234483337402343750e+01
1.028962802886962891e+01 1.339386105537414551e+00 6.989994049072265625e+01
9.646628379821777344e+00 8.603373765945434570e-01 7.089995574951171875e+01
8.355385780334472656e+00 1.437758922576904297e+00 6.989994812011718750e+01
2.171618080139160156e+01 4.853454589843750000e+00 6.990001678466796875e+01
9.646628379821777344e+00 8.603372573852539062e-01 7.089995574951171875e+01
9.651506423950195312e+00 1.143815636634826660e+00 6.989994812011718750e+01
9.646629333496093750e+00 8.603374958038330078e-01 7.089995574951171875e+01
-1.143831968307495117e+00 3.448778390884399414e+00 6.989989471435546875e+01
1.096422672271728516e+01 1.219379901885986328e+00 6.989994812011718750e+01
9.646628379821777344e+00 8.603374958038330078e-01 7.089995574951171875e+01
9.017337799072265625e+00 1.066285371780395508e+00 6.989994812011718750e+01
9.646632194519042969e+00 8.603377342224121094e-01 7.089995574951171875e+01
9.646628379821777344e+00 8.603371381759643555e-01 7.089995574951171875e+01
1.031690216064453125e+01 1.075916290283203125e+00 6.909200286865234375e+01
9.646629333496093750e+00 8.603374958038330078e-01 7.089995574951171875e+01
7.536562442779541016e+00 1.025854706764221191e+00 6.989995574951171875e+01
1.288194751739501953e+01 1.031545400619506836e+00 6.990247344970703125e+01
9.646626472473144531e+00 8.603372573852539062e-01 7.089995574951171875e+01
9.431889533996582031e+00 8.706689476966857910e-01 6.989995574951171875e+01
1.062477397918701172e+01 8.482171893119812012e-01 7.159478759765625000e+01
4.070389270782470703e+00 6.899747252464294434e-01 7.159490966796875000e+01
1.109369087219238281e+01 7.474386096000671387e-01 6.919989013671875000e+01
9.671969413757324219e+00 8.110480308532714844e-01 7.159484100341796875e+01
7.971229553222656250e+00 6.424438357353210449e-01 6.919985961914062500e+01
9.646630287170410156e+00 8.603369593620300293e-01 7.089995574951171875e+01
8.805623054504394531e+00 7.158311009407043457e-01 7.159483337402343750e+01
9.883839607238769531e+00 5.971955657005310059e-01 6.919973754882812500e+01
1.012503814697265625e+01 7.132964134216308594e-01 7.159475708007812500e+01
9.646628379821777344e+00 8.603370189666748047e-01 7.089995574951171875e+01
9.646628379821777344e+00 8.603370785713195801e-01 7.089995574951171875e+01
9.421189308166503906e+00 6.858338713645935059e-01 7.159487152099609375e+01
9.190511703491210938e+00 5.734887719154357910e-01 6.989996337890625000e+01
1.094576930999755859e+01 4.602933526039123535e-01 7.145111846923828125e+01
9.646628379821777344e+00 8.603370189666748047e-01 7.089995574951171875e+01
1.017843818664550781e+01 4.869009256362915039e-01 6.989996337890625000e+01
9.826178550720214844e+00 6.065867543220520020e-01 7.159484863281250000e+01
9.646628379821777344e+00 8.603370785713195801e-01 7.089995574951171875e+01
9.646629333496093750e+00 8.603369593620300293e-01 7.089995574951171875e+01
9.102972984313964844e+00 4.821693599224090576e-01 7.159490966796875000e+01
9.646628379821777344e+00 8.603370785713195801e-01 7.089995574951171875e+01
1.025286006927490234e+01 4.602964818477630615e-01 7.146629333496093750e+01
9.646628379821777344e+00 8.603371381759643555e-01 7.089995574951171875e+01
9.646628379821777344e+00 8.603370785713195801e-01 7.089995574951171875e+01
9.578797340393066406e+00 4.625895321369171143e-01 7.159493255615234375e+01
9.646628379821777344e+00 8.603370785713195801e-01 7.089995574951171875e+01
9.646628379821777344e+00 8.603368997573852539e-01 7.089995574951171875e+01
9.646628379821777344e+00 8.603370189666748047e-01 7.089995574951171875e+01
9.646628379821777344e+00 8.603370785713195801e-01 7.089995574951171875e+01
9.646628379821777344e+00 8.603370189666748047e-01 7.089995574951171875e+01
9.646628379821777344e+00 8.603369593620300293e-01 7.089995574951171875e+01
9.646628379821777344e+00 8.603369593620300293e-01 7.089995574951171875e+01
9.646628379821777344e+00 8.603370189666748047e-01 7.089995574951171875e+01
9.646628379821777344e+00 8.603370189666748047e-01 7.089995574951171875e+01
9.646628379821777344e+00 8.603369593620300293e-01 7.089995574951171875e+01
9.646628379821777344e+00 8.603368997573852539e-01 7.089995574951171875e+01
9.646628379821777344e+00 8.603369593620300293e-01 7.089995574951171875e+01
9.646628379821777344e+00 8.603370189666748047e-01 7.089995574951171875e+01
9.646628379821777344e+00 8.603369593620300293e-01 7.089995574951171875e+01
9.646628379821777344e+00 8.603368997573852539e-01 7.089995574951171875e+01
9.646628379821777344e+00 8.603369593620300293e-01 7.089995574951171875e+01
9.646628379821777344e+00 8.603369593620300293e-01 7.089995574951171875e+01
9.646628379821777344e+00 8.603369593620300293e-01 7.089995574951171875e+01
9.646628379821777344e+00 8.603368997573852539e-01 7.089995574951171875e+01
9.646628379821777344e+00 8.603368997573852539e-01 7.089995574951171875e+01
9.646628379821777344e+00 8.603369593620300293e-01 7.089995574951171875e+01
9.646628379821777344e+00 8.603368997573852539e-01 7.089995574951171875e+01
9.646628379821777344e+00 8.603368997573852539e-01 7.089995574951171875e+01
9.646628379821777344e+00 8.603368997573852539e-01 7.089995574951171875e+01
9.646628379821777344e+00 8.603369593620300293e-01 7.089995574951171875e+01
