2.307799530029296875e+01 -2.437051057815551758e+00 7.090003204345703125e+01
2.287753486633300781e+01 -2.236609935760498047e+00 7.108367156982421875e+01
2.316576004028320312e+01 -1.449594795703887939e-01 6.989999389648437500e+01
2.328358078002929688e+01 -2.642674922943115234e+00 7.116818237304687500e+01
1.824455261230468750e+01 7.888370513916015625e+00 7.004506683349609375e+01
2.465021324157714844e+01 2.562794685363769531e-01 6.989991760253906250e+01
2.289231872558593750e+01 -2.251420021057128906e+00 7.159073638916015625e+01
2.255866813659667969e+01 -1.681498050689697266e+00 6.990010070800781250e+01
2.350697517395019531e+01 -2.866074800491333008e+00 7.105669403076171875e+01
2.139475822448730469e+01 -9.771738052368164062e-01 7.159484863281250000e+01
2.354593467712402344e+01 -2.106725931167602539e+00 6.990007781982421875e+01
2.329591941833496094e+01 -2.667467355728149414e+00 7.159481048583984375e+01
2.135253334045410156e+01 -1.253972172737121582e+00 6.990009307861328125e+01
2.762703514099121094e+01 1.515909790992736816e+00 6.989994049072265625e+01
2.258955574035644531e+01 -2.694532632827758789e+00 7.159478759765625000e+01
2.294842147827148438e+01 -2.588542699813842773e+00 6.990012359619140625e+01
2.359175491333007812e+01 -2.950857162475585938e+00 7.133303070068359375e+01
1.852245330810546875e+01 4.003266096115112305e-01 7.108841705322265625e+01
2.408287048339843750e+01 -2.399003028869628906e+00 6.990004730224609375e+01
2.304586791992187500e+01 -3.024396181106567383e+00 7.159481048583984375e+01
2.224353981018066406e+01 -2.601933479309082031e+00 6.990007781982421875e+01
2.373944664001464844e+01 -3.098526000976562500e+00 7.098902893066406250e+01
2.307799530029296875e+01 -3.568509101867675781e+00 7.090003204345703125e+01
2.330293846130371094e+01 -2.918903827667236328e+00 6.990013885498046875e+01
2.347611618041992188e+01 -3.087222576141357422e+00 7.159480285644531250e+01
1.994370841979980469e+01 -1.694524407386779785e+00 6.990010833740234375e+01
2.524263191223144531e+01 -2.282278537750244141e+00 6.989991760253906250e+01
2.278881454467773438e+01 -3.186259031295776367e+00 7.159101104736328125e+01
2.271834945678710938e+01 -3.056110620498657227e+00 6.990012359619140625e+01
2.382530593872070312e+01 -3.184385538101196289e+00 7.129280090332031250e+01
2.307799530029296875e+01 -3.568509101867675781e+00 7.090003204345703125e+01
2.372091865539550781e+01 -3.089516162872314453e+00 6.990013885498046875e+01
2.319741630554199219e+01 -3.302036046981811523e+00 7.159490966796875000e+01
2.178680419921875000e+01 -2.991109848022460938e+00 6.990006256103515625e+01
2.892345046997070312e+01 -1.634585618972778320e+00 7.041574859619140625e+01
2.307799530029296875e+01 -3.568509101867675781e+00 7.090003204345703125e+01
2.308287239074707031e+01 -3.285074949264526367e+00 6.990018463134765625e+01
2.370832633972167969e+01 -3.323666572570800781e+00 7.159487915039062500e+01
1.228764152526855469e+01 -9.800932407379150391e-01 6.989998626708984375e+01
2.439550590515136719e+01 -3.209490060806274414e+00 6.990008544921875000e+01
2.295159149169921875e+01 -3.430402278900146484e+00 7.159485626220703125e+01
2.244876289367675781e+01 -3.362579822540283203e+00 6.990011596679687500e+01
2.405426788330078125e+01 -3.413343191146850586e+00 7.116758728027343750e+01
2.307799530029296875e+01 -3.568509101867675781e+00 7.090003204345703125e+01
2.344868659973144531e+01 -3.449284553527832031e+00 6.990015411376953125e+01
2.336088752746582031e+01 -3.500017404556274414e+00 7.159494781494140625e+01
2.096795082092285156e+01 -3.402993202209472656e+00 6.990003967285156250e+01
2.879226303100585938e+01 -3.266118764877319336e+00 6.913825988769531250e+01
2.307799530029296875e+01 -3.568509101867675781e+00 7.090003204345703125e+01
2.286328315734863281e+01 -3.558178663253784180e+00 6.990015411376953125e+01
2.405608749389648438e+01 -3.580628395080566406e+00 7.159482574462890625e+01
1.767487144470214844e+01 -3.733582496643066406e+00 7.157341003417968750e+01
2.392906951904296875e+01 -3.634909152984619141e+00 6.990015411376953125e+01
2.308550453186035156e+01 -3.583116769790649414e+00 7.110597229003906250e+01
2.209259986877441406e+01 -3.696664094924926758e+00 6.990010833740234375e+01
2.434381484985351562e+01 -3.710216999053955078e+00 7.096475219726562500e+01
2.307799530029296875e+01 -3.568509101867675781e+00 7.090003204345703125e+01
2.321749496459960938e+01 -3.723256826400756836e+00 6.990016937255859375e+01
2.355642700195312500e+01 -3.715556621551513672e+00 7.159486389160156250e+01
1.873192405700683594e+01 -4.440611362457275391e+00 6.990000915527343750e+01
2.484296417236328125e+01 -4.008829116821289062e+00 6.990007019042968750e+01
2.307799530029296875e+01 -3.568509101867675781e+00 7.090003204345703125e+01
2.262192344665527344e+01 -3.855329751968383789e+00 6.990013122558593750e+01
2.471282958984375000e+01 -4.071922779083251953e+00 7.159361267089843750e+01
2.307799530029296875e+01 -3.568509101867675781e+00 7.090003204345703125e+01
2.360975074768066406e+01 -3.941906452178955078e+00 6.990014648437500000e+01
2.308782386779785156e+01 -3.582398891448974609e+00 7.093807220458984375e+01
2.153932380676269531e+01 -4.262062549591064453e+00 6.990003204345703125e+01
2.868308830261230469e+01 -5.858222484588623047e+00 6.996487426757812500e+01
2.307799530029296875e+01 -3.568509101867675781e+00 7.090003204345703125e+01
2.300006484985351562e+01 -4.024834632873535156e+00 6.990013885498046875e+01
2.382166290283203125e+01 -4.059240818023681641e+00 7.159475708007812500e+01
1.586962938308715820e+00 -1.453612804412841797e+01 7.069034576416015625e+01
2.419110870361328125e+01 -4.375615119934082031e+00 6.990012359619140625e+01
2.307799530029296875e+01 -3.568509101867675781e+00 7.090003204345703125e+01
2.232670974731445312e+01 -4.320261478424072266e+00 6.990005493164062500e+01
2.666083335876464844e+01 -5.878781318664550781e+00 7.156990051269531250e+01
2.307799530029296875e+01 -3.568509101867675781e+00 7.090003204345703125e+01
2.335728454589843750e+01 -4.299595355987548828e+00 6.990010070800781250e+01
2.308672523498535156e+01 -3.582836151123046875e+00 7.091725158691406250e+01
2.042047309875488281e+01 -5.789832115173339844e+00 6.990001678466796875e+01
2.553267097473144531e+01 -5.750569343566894531e+00 6.991469573974609375e+01
2.307799530029296875e+01 -3.568509101867675781e+00 7.090003204345703125e+01
2.277502822875976562e+01 -4.529022216796875000e+00 6.990006256103515625e+01
2.309459877014160156e+01 -3.587266921997070312e+00 7.090987396240234375e+01
2.307799530029296875e+01 -3.568509101867675781e+00 7.090003204345703125e+01
2.379566001892089844e+01 -4.912087440490722656e+00 6.990010833740234375e+01
2.307799530029296875e+01 -3.568509101867675781e+00 7.090003204345703125e+01
2.191474151611328125e+01 -5.466709136962890625e+00 6.990007019042968750e+01
2.856517791748046875e+01 -1.083739757537841797e+01 7.072673034667968750e+01
2.307799530029296875e+01 -3.568509101867675781e+00 7.090003204345703125e+01
2.313401412963867188e+01 -5.108895301818847656e+00 6.990010833740234375e+01
2.308375549316406250e+01 -3.583742380142211914e+00 7.090707397460937500e+01
1.720934867858886719e+01 -1.448787021636962891e+01 7.005204010009765625e+01
2.454539108276367188e+01 -7.213297367095947266e+00 6.990016174316406250e+01
2.307799530029296875e+01 -3.568509101867675781e+00 7.090003204345703125e+01
2.251791763305664062e+01 -6.708795547485351562e+00 6.990013122558593750e+01
2.308202934265136719e+01 -3.582994699478149414e+00 7.090135955810546875e+01
2.307799530029296875e+01 -3.568509101867675781e+00 7.090003204345703125e+01
2.307799530029296875e+01 -1.458617782592773438e+01 7.090003204345703125e+01
