1.774056053161621094e+01 5.598426461219787598e-01 7.090003204345703125e+01
1.767140769958496094e+01 8.597803115844726562e-01 7.096337890625000000e+01
1.782833671569824219e+01 3.824319124221801758e+00 6.989985656738281250e+01
1.807486343383789062e+01 1.905813574790954590e+00 7.133607482910156250e+01
1.212388706207275391e+01 1.371371269226074219e+01 6.990652465820312500e+01
1.931253433227539062e+01 4.224506378173828125e+00 6.990007019042968750e+01
1.767569732666015625e+01 8.604156374931335449e-01 7.114131927490234375e+01
1.722119140625000000e+01 2.287472963333129883e+00 6.990001678466796875e+01
1.807486534118652344e+01 9.477213621139526367e-01 7.102211761474609375e+01
1.744177246093750000e+01 8.602982163429260254e-01 7.102336883544921875e+01
1.820853233337402344e+01 1.862198591232299805e+00 6.990000152587890625e+01
1.795849418640136719e+01 1.301394224166870117e+00 7.159484100341796875e+01
1.601512145996093750e+01 2.714821577072143555e+00 6.990010833740234375e+01
2.225870323181152344e+01 5.450199127197265625e+00 6.990673065185546875e+01
1.748349189758300781e+01 8.602951765060424805e-01 7.126568603515625000e+01
1.761096954345703125e+01 1.380407452583312988e+00 6.989999389648437500e+01
1.807487487792968750e+01 8.022342324256896973e-01 7.118179321289062500e+01
1.721257591247558594e+01 8.602997064590454102e-01 7.092186737060546875e+01
1.874547195434570312e+01 1.569861412048339844e+00 6.990000915527343750e+01
1.770853424072265625e+01 9.427111148834228516e-01 7.159262084960937500e+01
1.690603065490722656e+01 1.366975426673889160e+00 6.989998626708984375e+01
1.807488632202148438e+01 6.378645300865173340e-01 7.094501495361328125e+01
1.717544364929199219e+01 8.603018522262573242e-01 7.129322814941406250e+01
1.796553611755371094e+01 1.050012946128845215e+00 6.989999389648437500e+01
1.807485771179199219e+01 8.044449090957641602e-01 7.148342132568359375e+01
1.460581684112548828e+01 2.274572610855102539e+00 6.989996337890625000e+01
1.990207862854003906e+01 1.684692621231079102e+00 6.990135192871093750e+01
1.744977951049804688e+01 7.846794128417968750e-01 7.159483337402343750e+01
1.738086509704589844e+01 9.127849340438842773e-01 6.989998626708984375e+01
1.807488632202148438e+01 5.721610784530639648e-01 7.107574462890625000e+01
1.670275688171386719e+01 8.603084087371826172e-01 7.117359161376953125e+01
1.838357353210449219e+01 8.793734312057495117e-01 6.990000152587890625e+01
1.785997390747070312e+01 6.667719483375549316e-01 7.159486389160156250e+01
1.528375530242919922e+01 1.498956799507141113e+00 6.899734497070312500e+01
2.882823753356933594e+01 4.068586349487304688e+00 6.998143768310546875e+01
1.709779548645019531e+01 6.902995109558105469e-01 7.159484100341796875e+01
1.774543952941894531e+01 6.838034987449645996e-01 6.989998626708984375e+01
1.807486724853515625e+01 5.301712155342102051e-01 7.126855468750000000e+01
6.949763774871826172e+00 2.988836765289306641e+00 6.989994049072265625e+01
1.905817413330078125e+01 7.593616843223571777e-01 6.990000915527343750e+01
1.761415100097656250e+01 5.384280681610107422e-01 7.159489440917968750e+01
1.711124038696289062e+01 6.062730550765991211e-01 6.989997863769531250e+01
1.807595252990722656e+01 4.536208510398864746e-01 7.099195098876953125e+01
1.638680076599121094e+01 6.018680334091186523e-01 7.159475708007812500e+01
1.811131286621093750e+01 5.195589065551757812e-01 6.989999389648437500e+01
1.802343559265136719e+01 4.688025414943695068e-01 7.159490966796875000e+01
1.563034915924072266e+01 5.658437013626098633e-01 6.989996337890625000e+01
2.098406600952148438e+01 5.719561576843261719e-01 6.990002441406250000e+01
1.774056053161621094e+01 4.003146588802337646e-01 7.090003204345703125e+01
1.752581214904785156e+01 4.106469750404357910e-01 6.989998626708984375e+01
1.871876335144042969e+01 3.881939947605133057e-01 7.159490203857421875e+01
1.217759704589843750e+01 2.303578555583953857e-01 7.159333038330078125e+01
1.918750000000000000e+01 2.874257266521453857e-01 6.920010375976562500e+01
1.776589584350585938e+01 3.510369658470153809e-01 7.159474945068359375e+01
1.774056053161621094e+01 4.003145992755889893e-01 7.090003204345703125e+01
1.774073982238769531e+01 4.002945125102996826e-01 7.090003967285156250e+01
1.689957427978515625e+01 2.558120191097259521e-01 7.159489440917968750e+01
1.774056053161621094e+01 4.003145098686218262e-01 7.090003204345703125e+01
1.821897125244140625e+01 2.532733976840972900e-01 7.159483337402343750e+01
1.774056053161621094e+01 4.003145694732666016e-01 7.090003204345703125e+01
1.774057197570800781e+01 4.003118276596069336e-01 7.090002441406250000e+01
1.751513481140136719e+01 2.258213758468627930e-01 7.159490966796875000e+01
1.774055862426757812e+01 4.003135859966278076e-01 7.090003204345703125e+01
1.937825965881347656e+01 -1.039813533425331116e-01 7.159482574462890625e+01
1.577873039245605469e+01 -2.373131215572357178e-01 7.159487152099609375e+01
1.774056243896484375e+01 4.003126621246337891e-01 7.090002441406250000e+01
1.792009735107421875e+01 1.465828120708465576e-01 7.159487152099609375e+01
1.774056053161621094e+01 4.003145992755889893e-01 7.090003204345703125e+01
1.774056053161621094e+01 4.003143906593322754e-01 7.090003204345703125e+01
1.719696617126464844e+01 2.218952961266040802e-02 7.159490966796875000e+01
1.774056053161621094e+01 4.003116190433502197e-01 7.090002441406250000e+01
1.848438644409179688e+01 -9.052164852619171143e-02 7.159490203857421875e+01
1.774056053161621094e+01 4.003142714500427246e-01 7.090003204345703125e+01
1.774056053161621094e+01 4.003145694732666016e-01 7.090003204345703125e+01
1.767273330688476562e+01 2.586459275335073471e-03 7.159497070312500000e+01
1.774056053161621094e+01 4.003145992755889893e-01 7.090003204345703125e+01
1.774056053161621094e+01 4.003142714500427246e-01 7.090003204345703125e+01
1.672605323791503906e+01 -3.981367349624633789e-01 7.153156280517578125e+01
1.774056053161621094e+01 4.003145992755889893e-01 7.090003204345703125e+01
1.809292030334472656e+01 -1.779466569423675537e-01 7.159497070312500000e+01
1.774056053161621094e+01 4.003143906593322754e-01 7.090003204345703125e+01
1.774056053161621094e+01 4.003143906593322754e-01 7.090003204345703125e+01
1.740707778930664062e+01 -2.706117331981658936e-01 7.159492492675781250e+01
1.774056053161621094e+01 4.003145396709442139e-01 7.090003204345703125e+01
1.774057769775390625e+01 4.002954363822937012e-01 7.090003967285156250e+01
1.774056053161621094e+01 4.003142714500427246e-01 7.090003204345703125e+01
1.774056053161621094e+01 4.003144800662994385e-01 7.090003204345703125e+01
1.782247161865234375e+01 -3.997074663639068604e-01 7.158446502685546875e+01
1.774056053161621094e+01 4.003144204616546631e-01 7.090003204345703125e+01
1.774056053161621094e+01 4.003142714500427246e-01 7.090003204345703125e+01
1.774055099487304688e+01 4.002949893474578857e-01 7.090003967285156250e+01
1.774056053161621094e+01 4.003144502639770508e-01 7.090003204345703125e+01
1.774056816101074219e+01 4.002946019172668457e-01 7.090003967285156250e+01
1.774056053161621094e+01 4.003143012523651123e-01 7.090003204345703125e+01
1.774056053161621094e+01 4.003143310546875000e-01 7.090003204345703125e+01
1.774055862426757812e+01 4.002940356731414795e-01 7.090003967285156250e+01
1.774056053161621094e+01 4.003143608570098877e-01 7.090003204345703125e+01
1.774056053161621094e+01 4.003142714500427246e-01 7.090003204345703125e+01
1.774056053161621094e+01 4.003142714500427246e-01 7.090003204345703125e+01
1.774056053161621094e+01 4.003142714500427246e-01 7.090003204345703125e+01
