5.035461425781250000e+00 -3.997113108634948730e-01 7.089997100830078125e+01
5.026601314544677734e+00 -4.008300602436065674e-01 7.090808868408203125e+01
5.123222827911376953e+00 2.963704347610473633e+00 6.989997100830078125e+01
5.048781871795654297e+00 -3.997119069099426270e-01 7.091734313964843750e+01
5.010293483734130859e+00 -4.000424742698669434e-01 7.089551544189453125e+01
6.607535362243652344e+00 3.364737749099731445e+00 6.989994812011718750e+01
5.027004718780517578e+00 -3.997110128402709961e-01 7.093142700195312500e+01
4.516123294830322266e+00 1.427348375320434570e+00 6.990001678466796875e+01
5.072095394134521484e+00 -3.997128903865814209e-01 7.091335296630859375e+01
4.996494293212890625e+00 -3.997097015380859375e-01 7.091605377197265625e+01
5.503407001495361328e+00 1.002104997634887695e+00 6.990000152587890625e+01
5.049969673156738281e+00 -3.997120261192321777e-01 7.094622802734375000e+01
3.309977531433105469e+00 1.854867696762084961e+00 6.990001678466796875e+01
9.583835601806640625e+00 4.623975753784179688e+00 6.990002441406250000e+01
5.001935005187988281e+00 -3.997099697589874268e-01 7.094766235351562500e+01
4.905882835388183594e+00 5.203057527542114258e-01 6.990002441406250000e+01
5.085357189178466797e+00 -3.997135162353515625e-01 7.094202423095703125e+01
4.966756820678710938e+00 -3.998432457447052002e-01 7.090280914306640625e+01
6.036874294281005859e+00 7.057765126228332520e-01 6.990343475341796875e+01
5.031919479370117188e+00 -3.997113108634948730e-01 7.097657012939453125e+01
4.201026916503906250e+00 5.068519115447998047e-01 6.990003967285156250e+01
5.119883537292480469e+00 -3.997149467468261719e-01 7.091133117675781250e+01
4.961759567260742188e+00 -3.997082710266113281e-01 7.095124816894531250e+01
5.260418891906738281e+00 1.899477094411849976e-01 6.990001678466796875e+01
5.085081577301025391e+00 -3.997136056423187256e-01 7.098656463623046875e+01
1.901103258132934570e+00 1.414328098297119141e+00 6.990002441406250000e+01
7.199866294860839844e+00 8.263934850692749023e-01 6.989996337890625000e+01
4.995005607604980469e+00 -4.062233269214630127e-01 7.099663543701171875e+01
4.675802230834960938e+00 5.271822214126586914e-02 6.990002441406250000e+01
5.152158260345458984e+00 -3.997164070606231689e-01 7.096130371093750000e+01
4.907490253448486328e+00 -4.029778242111206055e-01 7.093370056152343750e+01
5.678433418273925781e+00 1.932922378182411194e-02 6.990000152587890625e+01
5.062344551086425781e+00 -3.997127711772918701e-01 7.105639648437500000e+01
3.744334220886230469e+00 1.176709160208702087e-01 6.990004730224609375e+01
1.710419273376464844e+01 3.533146381378173828e+00 6.990010070800781250e+01
4.907844066619873047e+00 -4.021245837211608887e-01 7.103791809082031250e+01
5.040339469909667969e+00 -1.762358248233795166e-01 6.990001678466796875e+01
5.189878940582275391e+00 -3.997182250022888184e-01 7.107019042968750000e+01
-5.753764152526855469e+00 2.128445863723754883e+00 6.990002441406250000e+01
6.353027820587158203e+00 -1.006652787327766418e-01 6.989998626708984375e+01
4.980543136596679688e+00 -3.996968567371368408e-01 7.120185089111328125e+01
4.406213283538818359e+00 -2.537648975849151611e-01 6.990003204345703125e+01
5.412792205810546875e+00 -3.997276127338409424e-01 7.100337982177734375e+01
4.632476806640625000e+00 -3.997014462947845459e-01 7.110677337646484375e+01
5.406185150146484375e+00 -3.404642641544342041e-01 6.990000915527343750e+01
5.283226490020751953e+00 -3.997121751308441162e-01 7.150859832763671875e+01
2.925602674484252930e+00 -2.941980659961700439e-01 6.990007019042968750e+01
8.278908729553222656e+00 -2.880610525608062744e-01 6.989997863769531250e+01
4.188678264617919922e+00 -4.089265763759613037e-01 7.234485626220703125e+01
4.820734024047851562e+00 -4.493681490421295166e-01 6.990002441406250000e+01
6.013897895812988281e+00 -4.718229770660400391e-01 7.159500885009765625e+01
-5.401150584220886230e-01 -6.300415992736816406e-01 7.159484100341796875e+01
5.035462379455566406e+00 -4.596994817256927490e-01 7.089997100830078125e+01
5.060801506042480469e+00 -5.089876055717468262e-01 7.159484100341796875e+01
5.035459518432617188e+00 -4.596996307373046875e-01 7.089997100830078125e+01
8.573098182678222656e+00 -8.557359576225280762e-01 7.108085632324218750e+01
4.194312572479248047e+00 -6.042300462722778320e-01 7.159497070312500000e+01
5.035461902618408203e+00 -4.596997499465942383e-01 7.089997100830078125e+01
5.513944149017333984e+00 -6.067625284194946289e-01 7.159487915039062500e+01
5.035432338714599609e+00 -4.597052335739135742e-01 7.089996337890625000e+01
5.035470008850097656e+00 -4.597015976905822754e-01 7.089996337890625000e+01
4.810196876525878906e+00 -6.340677142143249512e-01 7.159435272216796875e+01
5.035459995269775391e+00 -4.597004354000091553e-01 7.089997100830078125e+01
6.334462642669677734e+00 -8.597002029418945312e-01 7.145107269287109375e+01
3.804706096649169922e+00 -8.597155213356018066e-01 7.133587646484375000e+01
5.035463809967041016e+00 -4.597010612487792969e-01 7.089996337890625000e+01
5.215004444122314453e+00 -7.134391665458679199e-01 7.159483337402343750e+01
5.035451889038085938e+00 -4.597037732601165771e-01 7.089996337890625000e+01
5.035489559173583984e+00 -4.597109258174896240e-01 7.089996337890625000e+01
4.491788387298583984e+00 -8.378797769546508789e-01 7.159494781494140625e+01
5.035460948944091797e+00 -4.597017467021942139e-01 7.089996337890625000e+01
5.641679763793945312e+00 -8.597311377525329590e-01 7.146629333496093750e+01
5.035435199737548828e+00 -4.597128629684448242e-01 7.089997100830078125e+01
5.035468578338623047e+00 -4.597047269344329834e-01 7.089996337890625000e+01
4.967632770538330078e+00 -8.574327826499938965e-01 7.159491729736328125e+01
5.035456657409667969e+00 -4.597042798995971680e-01 7.089996337890625000e+01
5.655814647674560547e+00 -8.597133159637451172e-01 7.101595306396484375e+01
4.527196407318115234e+00 -8.597207069396972656e-01 7.121636199951171875e+01
5.035463333129882812e+00 -4.597041010856628418e-01 7.089996337890625000e+01
5.279221534729003906e+00 -8.597362041473388672e-01 7.138072967529296875e+01
5.035448074340820312e+00 -4.597105979919433594e-01 7.089996337890625000e+01
5.035473823547363281e+00 -4.597105681896209717e-01 7.089996337890625000e+01
4.836626052856445312e+00 -8.597326278686523438e-01 7.131429290771484375e+01
5.035459518432617188e+00 -4.597058594226837158e-01 7.089996337890625000e+01
5.389530658721923828e+00 -8.597207069396972656e-01 7.110980224609375000e+01
4.655019760131835938e+00 -8.597201108932495117e-01 7.097972869873046875e+01
5.035466194152832031e+00 -4.597080647945404053e-01 7.089996337890625000e+01
5.076419353485107422e+00 -8.597321510314941406e-01 7.124221038818359375e+01
5.035454750061035156e+00 -4.597099423408508301e-01 7.089996337890625000e+01
5.035471439361572266e+00 -4.597128331661224365e-01 7.089997100830078125e+01
4.834276676177978516e+00 -8.597269654273986816e-01 7.109630584716796875e+01
5.035461902618408203e+00 -4.597088694572448730e-01 7.089996337890625000e+01
5.186703205108642578e+00 -8.597230911254882812e-01 7.108484649658203125e+01
5.035454273223876953e+00 -4.597127735614776611e-01 7.089997100830078125e+01
5.035466670989990234e+00 -4.597119092941284180e-01 7.089997100830078125e+01
4.996216297149658203e+00 -8.597247004508972168e-01 7.106680297851562500e+01
5.035459041595458984e+00 -4.597116112709045410e-01 7.089996337890625000e+01
5.146855831146240234e+00 -8.597164154052734375e-01 7.093670654296875000e+01
4.961010456085205078e+00 -8.597186803817749023e-01 7.093349456787109375e+01
5.035461425781250000e+00 -4.597128927707672119e-01 7.089997100830078125e+01
