-2.526126480102539062e+01 1.470191478729248047e+01 7.090005493164062500e+01
-2.526126480102539062e+01 5.901344776153564453e+00 7.090005493164062500e+01
-2.517350578308105469e+01 9.324668884277343750e+00 6.990007781982421875e+01
-2.526126480102539062e+01 5.901344776153564453e+00 7.090005493164062500e+01
-2.533360862731933594e+01 6.072821617126464844e+00 7.088726043701171875e+01
-2.203557014465332031e+01 1.374860000610351562e+01 6.884812927246093750e+01
-2.526126480102539062e+01 5.901344776153564453e+00 7.090005493164062500e+01
-2.578068923950195312e+01 7.788708209991455078e+00 6.989993286132812500e+01
-2.526126480102539062e+01 5.901344776153564453e+00 7.090005493164062500e+01
-2.567419624328613281e+01 6.537051677703857422e+00 7.107051086425781250e+01
-2.479322433471679688e+01 7.363442897796630859e+00 6.989987945556640625e+01
-2.526126480102539062e+01 5.901344776153564453e+00 7.090005493164062500e+01
-2.532632827758789062e+01 5.988621234893798828e+00 7.086235046386718750e+01
-2.071184921264648438e+01 1.098618316650390625e+01 6.989987945556640625e+01
-2.559512519836425781e+01 6.498730659484863281e+00 7.137493896484375000e+01
-2.539073562622070312e+01 6.880526542663574219e+00 6.990094757080078125e+01
-2.526126480102539062e+01 5.901344776153564453e+00 7.090005493164062500e+01
-2.604675102233886719e+01 6.585668563842773438e+00 7.093254089355468750e+01
-2.425631332397460938e+01 7.070939540863037109e+00 6.989999389648437500e+01
-2.526126480102539062e+01 5.901344776153564453e+00 7.090005493164062500e+01
-2.532186889648437500e+01 5.971544265747070312e+00 7.082743072509765625e+01
-2.526126480102539062e+01 5.901344776153564453e+00 7.090005493164062500e+01
-2.608906555175781250e+01 6.575149536132812500e+00 7.147602081298828125e+01
-2.503631591796875000e+01 6.550967216491699219e+00 6.990013885498046875e+01
-2.526126480102539062e+01 5.901344776153564453e+00 7.090005493164062500e+01
-2.625773239135742188e+01 6.497131347656250000e+00 7.058215332031250000e+01
-2.309700393676757812e+01 7.187351703643798828e+00 6.990010833740234375e+01
-2.555208778381347656e+01 6.285765171051025391e+00 7.159496307373046875e+01
-2.532194137573242188e+01 5.987791061401367188e+00 7.073136138916015625e+01
-2.526126480102539062e+01 5.901344776153564453e+00 7.090005493164062500e+01
-2.637301063537597656e+01 6.394112110137939453e+00 7.119310760498046875e+01
-2.461824607849121094e+01 6.380408763885498047e+00 6.990000915527343750e+01
-2.526126480102539062e+01 5.901344776153564453e+00 7.090005493164062500e+01
-2.637052154541015625e+01 6.397385597229003906e+00 7.004098510742187500e+01
-1.830173110961914062e+01 8.203852653503417969e+00 7.032347106933593750e+01
-2.590412521362304688e+01 6.191372871398925781e+00 7.159497070312500000e+01
-2.525638580322265625e+01 6.184832572937011719e+00 6.990001678466796875e+01
-2.526126480102539062e+01 5.901344776153564453e+00 7.090005493164062500e+01
-2.531195640563964844e+01 5.913505077362060547e+00 7.089535522460937500e+01
-2.394373512268066406e+01 6.260368824005126953e+00 6.990009307861328125e+01
-2.538767623901367188e+01 6.039459705352783203e+00 7.159492492675781250e+01
-2.644215011596679688e+01 6.287814140319824219e+00 6.902351379394531250e+01
-2.526126480102539062e+01 5.901344776153564453e+00 7.090005493164062500e+01
-2.651426887512207031e+01 6.087897300720214844e+00 7.154307556152343750e+01
-2.489067459106445312e+01 6.020537376403808594e+00 6.990045166015625000e+01
-2.526126480102539062e+01 5.901344776153564453e+00 7.090005493164062500e+01
-2.652347373962402344e+01 6.000354766845703125e+00 7.030187225341796875e+01
-2.201772880554199219e+01 6.072987556457519531e+00 6.990003967285156250e+01
-2.566850471496582031e+01 5.925762653350830078e+00 7.159494018554687500e+01
-2.526126480102539062e+01 5.901344776153564453e+00 7.090005493164062500e+01
-2.526126480102539062e+01 5.901344776153564453e+00 7.090005493164062500e+01
-2.650733566284179688e+01 5.863275527954101562e+00 7.105535125732421875e+01
-2.441011238098144531e+01 5.834938526153564453e+00 6.990008544921875000e+01
-2.523592376708984375e+01 5.852055549621582031e+00 7.159494018554687500e+01
-2.646096038818359375e+01 5.745318889617919922e+00 6.968267059326171875e+01
-2.526126480102539062e+01 5.901344776153564453e+00 7.090005493164062500e+01
-2.610224151611328125e+01 5.756843566894531250e+00 7.159490966796875000e+01
-2.512174797058105469e+01 5.746578216552734375e+00 6.990007019042968750e+01
-2.526126480102539062e+01 5.901344776153564453e+00 7.090005493164062500e+01
-2.642366790771484375e+01 5.668091773986816406e+00 7.063259124755859375e+01
-2.349643516540527344e+01 5.461059570312500000e+00 6.990016937255859375e+01
-2.548665809631347656e+01 5.726876258850097656e+00 7.159483337402343750e+01
-2.603241539001464844e+01 5.416373729705810547e+00 6.920937347412109375e+01
-2.526126480102539062e+01 5.901344776153564453e+00 7.090005493164062500e+01
-2.632561492919921875e+01 5.555413246154785156e+00 7.127702331542968750e+01
-2.472941780090332031e+01 5.527883052825927734e+00 6.989999389648437500e+01
-2.508173942565917969e+01 5.647629737854003906e+00 7.159484863281250000e+01
-2.621011734008789062e+01 5.473651885986328125e+00 7.028338623046875000e+01
-1.926784896850585938e+01 3.452999114990234375e+00 6.990010833740234375e+01
-2.580482864379882812e+01 5.523240089416503906e+00 7.159489440917968750e+01
-2.533920097351074219e+01 5.444986343383789062e+00 6.990009307861328125e+01
-2.526126480102539062e+01 5.901344776153564453e+00 7.090005493164062500e+01
-2.531238937377929688e+01 5.875254154205322266e+00 7.089955902099609375e+01
-2.414810562133789062e+01 5.094206333160400391e+00 6.990010833740234375e+01
-2.532908058166503906e+01 5.503690719604492188e+00 7.159486389160156250e+01
-2.572402191162109375e+01 5.438300132751464844e+00 7.028411865234375000e+01
-2.526126480102539062e+01 5.901344776153564453e+00 7.090005493164062500e+01
-2.589414787292480469e+01 5.403244495391845703e+00 7.129402160644531250e+01
-2.498188400268554688e+01 5.170019149780273438e+00 6.989980316162109375e+01
-2.490894508361816406e+01 5.323149681091308594e+00 7.159491729736328125e+01
-2.585042953491210938e+01 5.408884525299072266e+00 7.067835235595703125e+01
-2.277023315429687500e+01 3.686966419219970703e+00 6.990012359619140625e+01
-2.559473800659179688e+01 5.230436325073242188e+00 7.159492492675781250e+01
-2.556427574157714844e+01 4.940695762634277344e+00 6.989994049072265625e+01
-2.408876037597656250e+01 4.576669692993164062e+00 7.159491729736328125e+01
-2.581277275085449219e+01 5.321454524993896484e+00 7.101567077636718750e+01
-2.454354095458984375e+01 4.557657718658447266e+00 6.990004730224609375e+01
-2.517810440063476562e+01 5.089118957519531250e+00 7.159493255615234375e+01
-2.642467308044433594e+01 4.002892494201660156e+00 6.989995574951171875e+01
-2.524030494689941406e+01 5.873579502105712891e+00 7.089939117431640625e+01
-2.563985443115234375e+01 5.148570537567138672e+00 7.126952362060546875e+01
-2.520524024963378906e+01 4.360807895660400391e+00 6.990003204345703125e+01
-2.469281387329101562e+01 4.397836685180664062e+00 7.159491729736328125e+01
-2.528345680236816406e+01 5.860052585601806641e+00 7.089685058593750000e+01
-2.379338836669921875e+01 2.255362510681152344e+00 6.989985656738281250e+01
-2.536234092712402344e+01 4.871066093444824219e+00 7.132972717285156250e+01
-2.582146072387695312e+01 2.760396718978881836e+00 6.989994812011718750e+01
-2.482460975646972656e+01 4.333317279815673828e+00 7.104406738281250000e+01
-2.543879318237304688e+01 4.947496414184570312e+00 7.097998809814453125e+01
-2.526126480102539062e+01 5.803953647613525391e+00 7.090005493164062500e+01
