-1.444266223907470703e+01 -7.383399009704589844e-01 7.090000915527343750e+01
-1.450286197662353516e+01 -4.597183763980865479e-01 7.095515441894531250e+01
-1.444263267517089844e+01 -8.585253953933715820e-01 7.089966583251953125e+01
-1.435384559631347656e+01 -4.597199261188507080e-01 7.101585388183593750e+01
-1.444327259063720703e+01 -8.582496643066406250e-01 7.089990234375000000e+01
-1.444221496582031250e+01 -8.586070537567138672e-01 7.089972686767578125e+01
-1.449904918670654297e+01 -4.597169756889343262e-01 7.110976409912109375e+01
-1.444294548034667969e+01 -8.586679697036743164e-01 7.089946746826171875e+01
-1.420034694671630859e+01 -4.629162847995758057e-01 7.098850250244140625e+01
-1.470247554779052734e+01 -4.597150385379791260e-01 7.100725555419921875e+01
-1.444239711761474609e+01 -8.588674664497375488e-01 7.089944458007812500e+01
-1.434592437744140625e+01 -4.597176909446716309e-01 7.120842742919921875e+01
-1.444357872009277344e+01 -8.584664463996887207e-01 7.089947509765625000e+01
-1.444176578521728516e+01 -8.586938977241516113e-01 7.089981079101562500e+01
-1.466619968414306641e+01 -4.597135484218597412e-01 7.121797180175781250e+01
-1.444274234771728516e+01 -8.590915203094482422e-01 7.089939117431640625e+01
-1.410996341705322266e+01 -4.597188830375671387e-01 7.118040466308593750e+01
-1.490176868438720703e+01 -4.597168862819671631e-01 7.091899108886718750e+01
-1.444207286834716797e+01 -8.590101599693298340e-01 7.089942169189453125e+01
-1.446627902984619141e+01 -4.597138166427612305e-01 7.141074371337890625e+01
-1.444314956665039062e+01 -8.591313958168029785e-01 7.089942169189453125e+01
-1.387973785400390625e+01 -4.597198367118835449e-01 7.097574615478515625e+01
-1.493405532836914062e+01 -4.597170352935791016e-01 7.124190521240234375e+01
-1.444253253936767578e+01 -8.593202233314514160e-01 7.089942932128906250e+01
-1.411179828643798828e+01 -4.597150385379791260e-01 7.147740936279296875e+01
-1.444460201263427734e+01 -8.585358262062072754e-01 7.089939117431640625e+01
-1.444153118133544922e+01 -8.590237498283386230e-01 7.089949035644531250e+01
-1.473341274261474609e+01 -4.753703474998474121e-01 7.159474182128906250e+01
-1.444281482696533203e+01 -8.594779372215270996e-01 7.089958190917968750e+01
-1.366450786590576172e+01 -4.597181975841522217e-01 7.130898284912109375e+01
-1.534503078460693359e+01 -4.597320556640625000e-01 7.113787078857421875e+01
-1.444230175018310547e+01 -8.594272136688232422e-01 7.089945220947265625e+01
-1.432326126098632812e+01 -5.932672023773193359e-01 7.159476470947265625e+01
-1.444298267364501953e+01 -8.595523238182067871e-01 7.089975738525390625e+01
-1.444059658050537109e+01 -8.590121269226074219e-01 7.089984130859375000e+01
-1.508545684814453125e+01 -5.696969628334045410e-01 7.159484863281250000e+01
-1.444266033172607422e+01 -8.596059679985046387e-01 7.089969635009765625e+01
-1.381238365173339844e+01 -6.148732304573059082e-01 7.159480285644531250e+01
-2.512870597839355469e+01 1.703698277473449707e+00 6.990962982177734375e+01
-1.444189548492431641e+01 -8.594866991043090820e-01 7.089942932128906250e+01
-1.456906700134277344e+01 -7.215883731842041016e-01 7.159484100341796875e+01
-1.444268512725830078e+01 -8.596881031990051270e-01 7.089997100830078125e+01
-1.192613792419433594e+01 -4.597265720367431641e-01 7.158968353271484375e+01
-1.579659652709960938e+01 -6.581163406372070312e-01 7.159482574462890625e+01
-1.444256782531738281e+01 -8.596652746200561523e-01 7.089975738525390625e+01
-1.415978717803955078e+01 -7.912077307701110840e-01 7.159488677978515625e+01
-1.799977684020996094e+01 -5.806686878204345703e-01 6.921422576904296875e+01
-1.444065570831298828e+01 -8.595893979072570801e-01 7.089939117431640625e+01
-1.484992504119873047e+01 -8.352762460708618164e-01 7.159493255615234375e+01
-1.480774116516113281e+01 -8.421303629875183105e-01 6.919989776611328125e+01
-1.240849399566650391e+01 -8.849004507064819336e-01 7.234498596191406250e+01
-1.752582931518554688e+01 -9.538909196853637695e-01 7.128425598144531250e+01
-1.359152603149414062e+01 -9.261004328727722168e-01 6.990006256103515625e+01
-1.438996696472167969e+01 -9.621921777725219727e-01 7.234501647949218750e+01
-1.542815494537353516e+01 -9.878633618354797363e-01 6.989998626708984375e+01
-1.444266223907470703e+01 -8.596955537796020508e-01 7.090000915527343750e+01
-1.619151496887207031e+01 -1.160192608833312988e+00 7.234500122070312500e+01
-1.430314731597900391e+01 -1.014461517333984375e+00 6.990003204345703125e+01
-1.344769859313964844e+01 -1.165500521659851074e+00 7.234500122070312500e+01
-1.878836631774902344e+01 -1.731724023818969727e+00 6.990007019042968750e+01
-1.267778873443603516e+01 -1.299991607666015625e+00 6.990010070800781250e+01
-1.491144084930419922e+01 -1.222558379173278809e+00 7.234502410888671875e+01
-1.489877986907958984e+01 -1.146544933319091797e+00 6.990000915527343750e+01
-1.103673934936523438e+01 -1.908479571342468262e+00 7.234497833251953125e+01
-1.852235221862792969e+01 -2.185663461685180664e+00 7.234495544433593750e+01
-1.391087150573730469e+01 -1.233118295669555664e+00 6.990005493164062500e+01
-1.406929302215576172e+01 -1.387360811233520508e+00 7.234501647949218750e+01
-1.598067378997802734e+01 -1.552950978279113770e+00 6.990044403076171875e+01
-8.449004173278808594e+00 -3.308140277862548828e+00 6.990002441406250000e+01
-1.557307720184326172e+01 -1.646014928817749023e+00 7.234501647949218750e+01
-1.452059841156005859e+01 -1.316060304641723633e+00 6.990003204345703125e+01
-1.289587306976318359e+01 -1.880391478538513184e+00 7.234500122070312500e+01
-2.879694747924804688e+01 -8.185184478759765625e+00 7.075995635986328125e+01
-1.332952594757080078e+01 -1.666818261146545410e+00 6.990008544921875000e+01
-1.458369922637939453e+01 -1.686706781387329102e+00 7.234502410888671875e+01
-1.519396686553955078e+01 -1.611467599868774414e+00 6.990000915527343750e+01
-6.714754104614257812e+00 -5.842777729034423828e+00 7.234486389160156250e+01
-1.676393699645996094e+01 -2.686615467071533203e+00 7.234499359130859375e+01
-1.416336250305175781e+01 -1.590806126594543457e+00 6.990004730224609375e+01
-1.370999240875244141e+01 -2.062085628509521484e+00 7.234501647949218750e+01
-1.710003089904785156e+01 -3.080889463424682617e+00 6.990005493164062500e+01
-1.195163249969482422e+01 -3.074071407318115234e+00 6.990007781982421875e+01
-1.513613796234130859e+01 -2.254887342453002930e+00 7.234503173828125000e+01
-1.474563312530517578e+01 -1.820217728614807129e+00 6.990003204345703125e+01
-1.200440216064453125e+01 -3.614399433135986328e+00 7.234499359130859375e+01
-1.752585029602050781e+01 -4.101557731628417969e+00 7.154637145996093750e+01
-1.372499275207519531e+01 -2.203283071517944336e+00 6.990007781982421875e+01
-1.426972675323486328e+01 -2.548744440078735352e+00 7.234502410888671875e+01
-1.560593128204345703e+01 -2.757921457290649414e+00 6.990003204345703125e+01
-4.098086833953857422e+00 -1.456318855285644531e+01 7.057328796386718750e+01
-1.592338180541992188e+01 -3.803900003433227539e+00 7.234504699707031250e+01
-1.438664150238037109e+01 -2.400129795074462891e+00 6.990005493164062500e+01
-1.326054382324218750e+01 -3.986309766769409180e+00 7.234500885009765625e+01
-2.136298370361328125e+01 -1.373583126068115234e+01 6.990005493164062500e+01
-1.297505474090576172e+01 -4.505011081695556641e+00 6.989999389648437500e+01
-1.478258609771728516e+01 -4.324558734893798828e+00 7.234501647949218750e+01
-1.500276851654052734e+01 -4.000147819519042969e+00 6.990005493164062500e+01
-1.063220977783203125e+01 -1.454300117492675781e+01 7.215673828125000000e+01
-1.699652862548828125e+01 -1.458140373229980469e+01 7.204985809326171875e+01
-1.444266223907470703e+01 -1.460980701446533203e+01 7.090000915527343750e+01
