3.832964003086090088e-01 1.461248970031738281e+01 7.089992523193359375e+01
-1.194136500358581543e+00 1.134108638763427734e+01 7.234498596191406250e+01
4.710552394390106201e-01 4.283574104309082031e+00 6.989995574951171875e+01
3.832964003086090088e-01 8.602783679962158203e-01 7.089992523193359375e+01
-5.269685268402099609e+00 1.425973796844482422e+01 6.989999389648437500e+01
1.955195784568786621e+00 4.684290885925292969e+00 6.990000915527343750e+01
3.832964003086090088e-01 8.602783679962158203e-01 7.089992523193359375e+01
-1.360651105642318726e-01 2.747411012649536133e+00 6.989992523193359375e+01
3.832964003086090088e-01 8.602783679962158203e-01 7.089992523193359375e+01
3.832964003086090088e-01 8.602783679962158203e-01 7.089992523193359375e+01
1.341802000999450684e+00 3.854532718658447266e+00 6.885165405273437500e+01
3.832964003086090088e-01 8.602783679962158203e-01 7.089992523193359375e+01
-1.342316150665283203e+00 3.175018072128295898e+00 6.989989471435546875e+01
4.931809902191162109e+00 5.944108486175537109e+00 6.989994812011718750e+01
3.832964003086090088e-01 8.602783679962158203e-01 7.089992523193359375e+01
2.537143528461456299e-01 1.840308547019958496e+00 6.989994812011718750e+01
3.832964003086090088e-01 8.602783679962158203e-01 7.089992523193359375e+01
-1.534632396697998047e+01 1.456408596038818359e+01 7.155039215087890625e+01
2.390574932098388672e+00 3.196412086486816406e+00 6.890241241455078125e+01
3.832964003086090088e-01 8.602783679962158203e-01 7.089992523193359375e+01
-4.511909186840057373e-01 1.826890587806701660e+00 6.989993286132812500e+01
3.832964003086090088e-01 8.602783679962158203e-01 7.089992523193359375e+01
3.832964003086090088e-01 8.602783679962158203e-01 7.089992523193359375e+01
6.082517504692077637e-01 1.509920001029968262e+00 6.989997863769531250e+01
3.832964003086090088e-01 8.602783679962158203e-01 7.089992523193359375e+01
-2.751338720321655273e+00 2.734471559524536133e+00 6.989989471435546875e+01
2.547487974166870117e+00 2.146244525909423828e+00 6.990001678466796875e+01
3.832964003086090088e-01 8.602783679962158203e-01 7.089992523193359375e+01
2.362906746566295624e-02 1.372707486152648926e+00 6.989995574951171875e+01
3.832964003086090088e-01 8.602783679962158203e-01 7.089992523193359375e+01
3.832964003086090088e-01 8.602783679962158203e-01 7.089992523193359375e+01
1.606458306312561035e+00 1.771561622619628906e+00 6.899762725830078125e+01
3.832964003086090088e-01 8.602783679962158203e-01 7.089992523193359375e+01
-2.172090053558349609e+00 2.003004312515258789e+00 6.892089080810546875e+01
1.245332813262939453e+01 4.853554248809814453e+00 6.989994812011718750e+01
3.832964003086090088e-01 8.602783679962158203e-01 7.089992523193359375e+01
3.881744742393493652e-01 1.143739819526672363e+00 6.989997863769531250e+01
3.832964003086090088e-01 8.602783679962158203e-01 7.089992523193359375e+01
-1.040604782104492188e+01 3.448451757431030273e+00 6.989997100830078125e+01
1.700750350952148438e+00 1.219281792640686035e+00 6.990002441406250000e+01
3.832964003086090088e-01 8.602783679962158203e-01 7.089992523193359375e+01
-2.452120482921600342e-01 1.065970897674560547e+00 6.990116119384765625e+01
3.832964003086090088e-01 8.602783679962158203e-01 7.089992523193359375e+01
3.832964003086090088e-01 8.602783679962158203e-01 7.089992523193359375e+01
7.540057897567749023e-01 9.795089960098266602e-01 6.990000152587890625e+01
3.832964003086090088e-01 8.602783679962158203e-01 7.089992523193359375e+01
-3.681127548217773438e+00 1.179099559783935547e+00 6.897371673583984375e+01
3.626394510269165039e+00 1.031898260116577148e+00 6.990003967285156250e+01
3.832964003086090088e-01 8.602783679962158203e-01 7.089992523193359375e+01
1.685695797204971313e-01 8.706095814704895020e-01 6.989997863769531250e+01
1.361648678779602051e+00 8.481558561325073242e-01 7.159490203857421875e+01
-5.192233562469482422e+00 6.899376511573791504e-01 7.159479522705078125e+01
1.234394192695617676e+00 7.938765287399291992e-01 6.990002441406250000e+01
4.086450338363647461e-01 8.109735846519470215e-01 7.159503173828125000e+01
-6.021483540534973145e-01 7.321167588233947754e-01 6.989995574951171875e+01
3.956092119216918945e+00 4.603058695793151855e-01 7.108260345458984375e+01
-4.577964544296264648e-01 7.157573699951171875e-01 7.159487915039062500e+01
6.204848289489746094e-01 5.971624255180358887e-01 6.919987487792968750e+01
8.618221879005432129e-01 7.132019996643066406e-01 7.159489440917968750e+01
-3.936621427536010742e+00 -6.575542967766523361e-03 6.990592193603515625e+01
2.148085594177246094e+00 4.200033843517303467e-01 6.990006256103515625e+01
1.578243672847747803e-01 6.857493519783020020e-01 7.159494781494140625e+01
-7.279829680919647217e-02 5.734437108039855957e-01 6.989997863769531250e+01
1.682238578796386719e+00 4.602958261966705322e-01 7.145100402832031250e+01
-8.472983837127685547e-01 4.603144228458404541e-01 7.133577728271484375e+01
9.150621891021728516e-01 4.868732988834381104e-01 6.990001678466796875e+01
5.628921985626220703e-01 6.064641475677490234e-01 7.159499359130859375e+01
-1.155344843864440918e+00 1.667390763759613037e-01 6.989994812011718750e+01
6.376518249511718750e+00 -1.587988138198852539e+00 6.990000915527343750e+01
-1.603531837463378906e-01 4.821143448352813721e-01 7.159487152099609375e+01
3.056801557540893555e-01 4.057891368865966797e-01 6.990405273437500000e+01
9.894226193428039551e-01 4.603074193000793457e-01 7.146616363525390625e+01
-5.176472663879394531e-01 4.004955887794494629e-01 7.089113616943359375e+01
1.496373057365417480e+00 5.319915339350700378e-02 6.990005493164062500e+01
3.154647052288055420e-01 4.625268578529357910e-01 7.159490966796875000e+01
-3.679664134979248047e-01 1.085483208298683167e-01 6.989997863769531250e+01
1.003600716590881348e+00 4.602959156036376953e-01 7.101589965820312500e+01
-1.248873919248580933e-01 4.603208899497985840e-01 7.121627044677734375e+01
6.625804901123046875e-01 1.292076110839843750e-01 6.990001678466796875e+01
6.270230412483215332e-01 4.602966010570526123e-01 7.138061523437500000e+01
-2.256150245666503906e+00 -1.345935821533203125e+00 6.990671539306640625e+01
2.874145984649658203e+00 -1.353937625885009766e+00 6.990007019042968750e+01
1.844975948333740234e-01 4.603184759616851807e-01 7.131417083740234375e+01
8.034288883209228516e-02 -1.001900881528854370e-01 6.990000152587890625e+01
7.373326420783996582e-01 4.602943062782287598e-01 7.110973358154296875e+01
3.031642641872167587e-03 4.604435265064239502e-01 7.097964477539062500e+01
1.302025318145751953e+00 -8.597223162651062012e-01 6.961985778808593750e+01
4.242480397224426270e-01 4.603061974048614502e-01 7.124211120605468750e+01
-7.799383401870727539e-01 -1.037891030311584473e+00 6.989997863769531250e+01
1.199990653991699219e+01 -1.452828311920166016e+01 7.053303527832031250e+01
1.821455657482147217e-01 4.603180885314941406e-01 7.109622955322265625e+01
4.393140375614166260e-01 -6.800785064697265625e-01 6.990002441406250000e+01
5.335799455642700195e-01 4.627895057201385498e-01 7.108362579345703125e+01
-6.535792827606201172e+00 -1.201356410980224609e+01 6.990014648437500000e+01
1.850674986839294434e+00 -2.784469127655029297e+00 6.990006256103515625e+01
3.440570533275604248e-01 4.603098034858703613e-01 7.106673431396484375e+01
-1.767907440662384033e-01 -2.280064105987548828e+00 6.990000915527343750e+01
4.946796894073486328e-01 4.603018760681152344e-01 7.093666076660156250e+01
3.088550567626953125e-01 4.603112637996673584e-01 7.093344116210937500e+01
3.832964003086090088e-01 6.768038868904113770e-01 7.089992523193359375e+01
