3.798727273941040039e+00 -3.997029364109039307e-01 7.089997100830078125e+01
3.789867401123046875e+00 -4.008216559886932373e-01 7.090808868408203125e+01
3.886488199234008789e+00 2.963687181472778320e+00 6.989997863769531250e+01
3.812047243118286133e+00 -3.997039496898651123e-01 7.091734313964843750e+01
3.773560047149658203e+00 -4.000341892242431641e-01 7.089552307128906250e+01
5.370784282684326172e+00 3.364707231521606445e+00 6.989995574951171875e+01
3.790270805358886719e+00 -3.997035026550292969e-01 7.093142700195312500e+01
3.279397010803222656e+00 1.427330374717712402e+00 6.990003204345703125e+01
3.835360050201416016e+00 -3.997047543525695801e-01 7.091335296630859375e+01
3.759761810302734375e+00 -3.997018933296203613e-01 7.091605377197265625e+01
4.266658306121826172e+00 1.002069592475891113e+00 6.990003204345703125e+01
3.813235044479370117e+00 -3.997048139572143555e-01 7.094622039794921875e+01
2.073241710662841797e+00 1.854880213737487793e+00 6.990001678466796875e+01
8.347226142883300781e+00 4.624124526977539062e+00 6.989999389648437500e+01
3.765202760696411133e+00 -3.997029960155487061e-01 7.094765472412109375e+01
3.669152736663818359e+00 5.202847123146057129e-01 6.990005493164062500e+01
3.848620891571044922e+00 -3.997060954570770264e-01 7.094202423095703125e+01
3.730025291442871094e+00 -3.998351097106933594e-01 7.090280914306640625e+01
4.803567409515380859e+00 7.097752094268798828e-01 6.990002441406250000e+01
3.795185565948486328e+00 -3.997049927711486816e-01 7.097656250000000000e+01
2.964313983917236328e+00 5.068374872207641602e-01 6.990006256103515625e+01
3.883146524429321289e+00 -3.997065424919128418e-01 7.091133117675781250e+01
3.725029706954956055e+00 -3.997015357017517090e-01 7.095124816894531250e+01
4.023677825927734375e+00 1.899391263723373413e-01 6.990003967285156250e+01
3.848344087600708008e+00 -3.997073471546173096e-01 7.098655700683593750e+01
6.642320156097412109e-01 1.414420485496520996e+00 6.989997863769531250e+01
5.963068008422851562e+00 8.263657093048095703e-01 6.989999389648437500e+01
3.754989385604858398e+00 -4.018747508525848389e-01 7.100447845458984375e+01
3.439079046249389648e+00 5.271284654736518860e-02 6.990005493164062500e+01
3.915417909622192383e+00 -3.997092247009277344e-01 7.096130371093750000e+01
3.681478977203369141e+00 -4.077202677726745605e-01 7.093087768554687500e+01
4.441679477691650391e+00 1.932487450540065765e-02 6.990003204345703125e+01
3.825607776641845703e+00 -3.997084200382232666e-01 7.105638122558593750e+01
2.507639646530151367e+00 1.176635473966598511e-01 6.990007781982421875e+01
1.586701583862304688e+01 3.533010244369506836e+00 6.990013885498046875e+01
3.665743112564086914e+00 -3.996929824352264404e-01 7.104372406005859375e+01
3.803605318069458008e+00 -1.762341856956481934e-01 6.990004730224609375e+01
3.953129768371582031e+00 -3.997137844562530518e-01 7.107017517089843750e+01
-6.923192024230957031e+00 2.112310409545898438e+00 6.990626525878906250e+01
5.116253376007080078e+00 -1.006659492850303650e-01 6.990001678466796875e+01
3.743817806243896484e+00 -3.996960520744323730e-01 7.120180511474609375e+01
3.169498443603515625e+00 -2.537608742713928223e-01 6.990006256103515625e+01
4.176036834716796875e+00 -3.997205793857574463e-01 7.100337219238281250e+01
3.395799160003662109e+00 -3.996995091438293457e-01 7.110675048828125000e+01
4.169439315795898438e+00 -3.404575586318969727e-01 6.990003967285156250e+01
4.046422958374023438e+00 -3.997185826301574707e-01 7.150843048095703125e+01
1.693003177642822266e+00 -2.945120632648468018e-01 6.990203094482421875e+01
7.042176246643066406e+00 -2.880506515502929688e-01 6.989997863769531250e+01
2.951952695846557617e+00 -4.089167416095733643e-01 7.234484100341796875e+01
3.584006309509277344e+00 -4.493581354618072510e-01 6.990005493164062500e+01
4.776930332183837891e+00 -4.718097448348999023e-01 7.159484100341796875e+01
-1.777517914772033691e+00 -6.300516724586486816e-01 7.159492492675781250e+01
4.649858951568603516e+00 -5.260936021804809570e-01 6.990002441406250000e+01
3.824068307876586914e+00 -5.089792609214782715e-01 7.159487152099609375e+01
2.813355445861816406e+00 -5.878412127494812012e-01 6.990007019042968750e+01
7.337979316711425781e+00 -8.559063673019409180e-01 7.108093261718750000e+01
2.957658052444458008e+00 -6.042060256004333496e-01 7.159490203857421875e+01
3.938235521316528320e+00 -6.144473552703857422e-01 6.990004730224609375e+01
4.277262210845947266e+00 -6.067683100700378418e-01 7.159495544433593750e+01
3.798727035522460938e+00 -4.596891403198242188e-01 7.089997100830078125e+01
3.798727273941040039e+00 -4.596891105175018311e-01 7.089997100830078125e+01
3.573394298553466797e+00 -6.341103911399841309e-01 7.159456634521484375e+01
3.798727273941040039e+00 -4.596891105175018311e-01 7.089997100830078125e+01
5.097889900207519531e+00 -8.597394824028015137e-01 7.145114135742187500e+01
2.567986726760864258e+00 -8.597004413604736328e-01 7.133587646484375000e+01
3.798727273941040039e+00 -4.596891105175018311e-01 7.089997100830078125e+01
3.978281497955322266e+00 -7.134444117546081543e-01 7.159487915039062500e+01
3.798727273941040039e+00 -4.596891105175018311e-01 7.089997100830078125e+01
3.798727512359619141e+00 -4.596891999244689941e-01 7.089997100830078125e+01
3.255186319351196289e+00 -8.377774953842163086e-01 7.159477996826171875e+01
3.798727273941040039e+00 -4.596891105175018311e-01 7.089997100830078125e+01
4.404943943023681641e+00 -8.597197532653808594e-01 7.146629333496093750e+01
3.798727035522460938e+00 -4.596891999244689941e-01 7.089997100830078125e+01
3.798727273941040039e+00 -4.596891403198242188e-01 7.089997100830078125e+01
3.730914592742919922e+00 -8.573296070098876953e-01 7.159475708007812500e+01
3.798727273941040039e+00 -4.596891403198242188e-01 7.089997100830078125e+01
4.419092655181884766e+00 -8.597108721733093262e-01 7.101596069335937500e+01
3.290458440780639648e+00 -8.597134947776794434e-01 7.121636962890625000e+01
3.798727273941040039e+00 -4.596891403198242188e-01 7.089997100830078125e+01
4.042473793029785156e+00 -8.597037792205810547e-01 7.138069915771484375e+01
3.798727035522460938e+00 -4.596891999244689941e-01 7.089997100830078125e+01
3.798727512359619141e+00 -4.596891999244689941e-01 7.089997100830078125e+01
3.599891424179077148e+00 -8.597235679626464844e-01 7.131429290771484375e+01
3.798727273941040039e+00 -4.596891403198242188e-01 7.089997100830078125e+01
4.152787685394287109e+00 -8.597003817558288574e-01 7.110979461669921875e+01
3.418272256851196289e+00 -8.597239851951599121e-01 7.097972869873046875e+01
3.798727273941040039e+00 -4.596891701221466064e-01 7.089997100830078125e+01
3.839684247970581055e+00 -8.597130775451660156e-01 7.124220275878906250e+01
3.798727273941040039e+00 -4.596891999244689941e-01 7.089997100830078125e+01
3.798727273941040039e+00 -4.596891999244689941e-01 7.089997100830078125e+01
3.597539186477661133e+00 -8.597235083580017090e-01 7.109631347656250000e+01
3.798727273941040039e+00 -4.596891701221466064e-01 7.089997100830078125e+01
3.949965953826904297e+00 -8.597043156623840332e-01 7.108484649658203125e+01
3.798727273941040039e+00 -4.596891999244689941e-01 7.089997100830078125e+01
3.798727273941040039e+00 -4.596891999244689941e-01 7.089997100830078125e+01
3.759482383728027344e+00 -8.597148060798645020e-01 7.106680297851562500e+01
3.798727273941040039e+00 -4.596891999244689941e-01 7.089997100830078125e+01
3.910121202468872070e+00 -8.597042560577392578e-01 7.093670654296875000e+01
3.724275112152099609e+00 -8.597146868705749512e-01 7.093349456787109375e+01
3.798727273941040039e+00 -6.098226308822631836e-01 7.089997100830078125e+01
