3.033864736557006836e+00 4.003294706344604492e-01 7.089997100830078125e+01
2.913451671600341797e+00 4.003311693668365479e-01 7.101027679443359375e+01
3.121625661849975586e+00 3.023654937744140625e+00 6.989997863769531250e+01
3.211516857147216797e+00 4.003176093101501465e-01 7.113168334960937500e+01
-2.579205513000488281e+00 1.290513610839843750e+01 6.990709686279296875e+01
4.605917453765869141e+00 3.424665689468383789e+00 6.989996337890625000e+01
2.921078920364379883e+00 4.003252089023590088e-01 7.131952667236328125e+01
2.514536142349243164e+00 1.487293124198913574e+00 6.990003204345703125e+01
3.522442579269409180e+00 4.003024101257324219e-01 7.107839965820312500e+01
2.514180660247802734e+00 4.003312885761260986e-01 7.111448669433593750e+01
3.501789808273315430e+00 1.062021017074584961e+00 6.990003967285156250e+01
3.227355241775512695e+00 4.002972841262817383e-01 7.151684570312500000e+01
-4.864767789840698242e-01 4.322472572326660156e+00 6.885986328125000000e+01
7.582516193389892578e+00 4.684264659881591797e+00 6.989996337890625000e+01
2.586743116378784180e+00 4.003261327743530273e-01 7.153595733642578125e+01
2.904291391372680664e+00 5.802447199821472168e-01 6.990006256103515625e+01
3.699315547943115234e+00 4.002980887889862061e-01 7.146081542968750000e+01
2.115590333938598633e+00 4.002903699874877930e-01 7.093794250488281250e+01
4.038686275482177734e+00 7.697230577468872070e-01 6.990003967285156250e+01
3.001734256744384766e+00 1.444498747587203979e-01 7.159482574462890625e+01
2.199450016021728516e+00 5.668085217475891113e-01 6.990006256103515625e+01
4.159814834594726562e+00 4.003042280673980713e-01 7.105146789550781250e+01
2.050976753234863281e+00 4.003204703330993652e-01 7.158383941650390625e+01
3.258811235427856445e+00 2.498962879180908203e-01 6.990006256103515625e+01
3.432024002075195312e+00 8.161403983831405640e-02 7.159481048583984375e+01
-1.007295399904251099e-01 1.474449038505554199e+00 6.989994812011718750e+01
5.198167324066162109e+00 8.863124847412109375e-01 6.990000915527343750e+01
2.743088722229003906e+00 -1.536065340042114258e-02 7.159476470947265625e+01
2.674223184585571289e+00 1.126725897192955017e-01 6.990007781982421875e+01
4.356134891510009766e+00 2.799373567104339600e-01 7.159491729736328125e+01
1.228913545608520508e+00 4.003022909164428711e-01 7.137574768066406250e+01
3.676804780960083008e+00 7.928524166345596313e-02 6.990005493164062500e+01
3.153275728225708008e+00 -1.332684159278869629e-01 7.159478759765625000e+01
1.742747902870178223e+00 1.776460409164428711e-01 6.990005493164062500e+01
1.510296535491943359e+01 3.593248367309570312e+00 6.990007019042968750e+01
2.391005754470825195e+00 -1.096921861171722412e-01 7.159487915039062500e+01
3.038742542266845703e+00 -1.162701994180679321e-01 6.990007019042968750e+01
3.664209365844726562e+00 -1.548718363046646118e-01 7.159483337402343750e+01
-7.754200458526611328e+00 2.188147068023681641e+00 6.990013885498046875e+01
4.351365566253662109e+00 -4.070340842008590698e-02 6.990003204345703125e+01
2.907474756240844727e+00 -2.616281509399414062e-01 7.159471893310546875e+01
2.404648065567016602e+00 -1.937954127788543701e-01 6.990008544921875000e+01
5.569299221038818359e+00 3.254928626120090485e-03 7.159482574462890625e+01
1.679658055305480957e+00 -1.980998963117599487e-01 7.159492492675781250e+01
3.404569864273071289e+00 -2.804904580116271973e-01 6.990005493164062500e+01
3.316712141036987305e+00 -3.312385380268096924e-01 7.159477996826171875e+01
9.239330291748046875e-01 -2.342126220464706421e-01 6.990003204345703125e+01
6.277295589447021484e+00 -2.280822098255157471e-01 6.989998626708984375e+01
2.626622200012207031e+00 -3.753015398979187012e-01 7.159485626220703125e+01
2.819147825241088867e+00 -3.893889188766479492e-01 6.990007019042968750e+01
3.035269975662231445e+00 -3.997370898723602295e-01 7.090097045898437500e+01
-2.490131855010986328e+00 -5.684860348701477051e-01 7.158841705322265625e+01
3.884726762771606445e+00 -4.661031365394592285e-01 6.990034484863281250e+01
3.034892559051513672e+00 -4.017190635204315186e-01 7.092816162109375000e+01
2.048497676849365234e+00 -5.278711915016174316e-01 6.990007781982421875e+01
3.038322687149047852e+00 -4.002187550067901611e-01 7.090019989013671875e+01
2.192847251892089844e+00 -5.442277193069458008e-01 7.159486389160156250e+01
3.173370361328125000e+00 -5.544750094413757324e-01 6.990006256103515625e+01
3.034077167510986328e+00 -3.997849822044372559e-01 7.090027618408203125e+01
-1.333899021148681641e+00 -1.276174545288085938e+00 6.989495849609375000e+01
4.798812866210937500e+00 -8.400343060493469238e-01 6.990002441406250000e+01
2.808836460113525391e+00 -5.739051699638366699e-01 7.159362030029296875e+01
2.577794313430786133e+00 -6.865391135215759277e-01 6.990007781982421875e+01
3.035900592803955078e+00 -4.003466069698333740e-01 7.090083312988281250e+01
1.619517803192138672e+00 -8.594061136245727539e-01 7.140090179443359375e+01
3.565635204315185547e+00 -7.731279730796813965e-01 6.990005493164062500e+01
3.035382986068725586e+00 -4.018653929233551025e-01 7.090584564208984375e+01
1.495322465896606445e+00 -1.093214273452758789e+00 6.990006256103515625e+01
9.027332305908203125e+00 -2.848086595535278320e+00 6.990001678466796875e+01
2.490190029144287109e+00 -7.779011130332946777e-01 7.159494781494140625e+01
2.955934047698974609e+00 -8.560495376586914062e-01 6.990007019042968750e+01
3.037002801895141602e+00 -4.017903506755828857e-01 7.090290069580078125e+01
2.916362285614013672e+00 -4.596852660179138184e-01 7.089882659912109375e+01
4.147009849548339844e+00 -1.206848502159118652e+00 6.990003967285156250e+01
2.966039180755615234e+00 -7.974357604980468750e-01 7.159488677978515625e+01
2.282644033432006836e+00 -1.151407599449157715e+00 6.990008544921875000e+01
3.037052392959594727e+00 -4.017750918865203857e-01 7.090056610107421875e+01
2.449404239654541016e+00 -8.597094416618347168e-01 7.126379394531250000e+01
3.313150644302368164e+00 -1.130795240402221680e+00 6.990005493164062500e+01
3.035094261169433594e+00 -4.017374217510223389e-01 7.090239715576171875e+01
3.765199184417724609e-01 -2.620894432067871094e+00 6.990002441406250000e+01
5.524895668029785156e+00 -2.614097118377685547e+00 6.990003967285156250e+01
2.805236816406250000e+00 -8.596920967102050781e-01 7.137637329101562500e+01
2.730918645858764648e+00 -1.360164284706115723e+00 6.990007019042968750e+01
3.035849094390869141e+00 -4.019615054130554199e-01 7.090114593505859375e+01
2.596379756927490234e+00 -8.597196340560913086e-01 7.099168395996093750e+01
3.751529455184936523e+00 -1.743297576904296875e+00 6.990004730224609375e+01
3.033914089202880859e+00 -4.002011716365814209e-01 7.090038299560546875e+01
1.870681643486022949e+00 -2.297804832458496094e+00 6.990007019042968750e+01
3.079119205474853516e+00 -4.596683979034423828e-01 7.089854431152343750e+01
2.802523851394653320e+00 -8.597086071968078613e-01 7.112574005126953125e+01
3.089882612228393555e+00 -1.940083503723144531e+00 6.990006256103515625e+01
3.034432649612426758e+00 -4.012219309806823730e-01 7.090066528320312500e+01
3.001818895339965820e+00 -4.593451023101806641e-01 7.089533996582031250e+01
4.501316547393798828e+00 -4.044648170471191406e+00 6.990006256103515625e+01
2.988736867904663086e+00 -8.597114682197570801e-01 7.109181213378906250e+01
2.473788976669311523e+00 -3.539998531341552734e+00 6.990007781982421875e+01
3.034190177917480469e+00 -4.008885025978088379e-01 7.090007781982421875e+01
2.948249816894531250e+00 -8.597211837768554688e-01 7.093851470947265625e+01
3.033864736557006836e+00 -4.597037732601165771e-01 7.089997100830078125e+01
