-4.561777114868164062e+00 -7.767650485038757324e-01 7.089997100830078125e+01
-4.621979236602783203e+00 -4.597136080265045166e-01 7.095512390136718750e+01
-4.474014759063720703e+00 2.563731193542480469e+00 6.989996337890625000e+01
-4.472955703735351562e+00 -4.597115814685821533e-01 7.101582336425781250e+01
-4.598636627197265625e+00 -7.723397612571716309e-01 7.089344787597656250e+01
-2.989622354507446289e+00 2.964925050735473633e+00 6.989989471435546875e+01
-4.618166446685791016e+00 -4.597122371196746826e-01 7.110973358154296875e+01
-5.081147670745849609e+00 1.027456760406494141e+00 6.989995574951171875e+01
-4.317496776580810547e+00 -4.597118496894836426e-01 7.098918151855468750e+01
-4.821598529815673828e+00 -4.597151875495910645e-01 7.100722503662109375e+01
-4.011170864105224609e+00 8.603174090385437012e-01 6.972335815429687500e+01
-4.465034961700439453e+00 -4.597135186195373535e-01 7.120839691162109375e+01
-6.287240028381347656e+00 1.454830050468444824e+00 6.990003204345703125e+01
-1.304629538208246231e-02 4.224364280700683594e+00 6.989994812011718750e+01
-4.785322666168212891e+00 -4.597130119800567627e-01 7.121794128417968750e+01
-4.728382587432861328e+00 4.003297090530395508e-01 6.961428833007812500e+01
-4.229067325592041016e+00 -4.597187042236328125e-01 7.118038177490234375e+01
-5.020903110504150391e+00 -4.597133994102478027e-01 7.091896057128906250e+01
-3.479137897491455078e+00 4.003007411956787109e-01 6.982260131835937500e+01
-4.585394859313964844e+00 -4.597155749797821045e-01 7.141072082519531250e+01
-5.649557113647460938e+00 4.002999365329742432e-01 6.959645080566406250e+01
-3.998830556869506836e+00 -4.597169458866119385e-01 7.097571563720703125e+01
-5.053181171417236328e+00 -4.597211778163909912e-01 7.124187469482421875e+01
-4.179317474365234375e+00 2.447849959135055542e-01 6.919989776611328125e+01
-4.230912685394287109e+00 -4.597277343273162842e-01 7.147737121582031250e+01
-7.695989608764648438e+00 1.014231801033020020e+00 6.990007019042968750e+01
-1.667102575302124023e+00 8.603115677833557129e-01 6.956256103515625000e+01
-4.852662086486816406e+00 -4.752055406570434570e-01 7.159502410888671875e+01
-5.173306465148925781e+00 1.155612710863351822e-02 6.919976043701171875e+01
-3.783603191375732422e+00 -4.597213268280029297e-01 7.130895996093750000e+01
-5.464223384857177734e+00 -4.597106575965881348e-01 7.113785552978515625e+01
-3.468647718429565430e+00 -4.530255869030952454e-02 6.919990539550781250e+01
-4.442338943481445312e+00 -5.931965708732604980e-01 7.159494781494140625e+01
-6.747854232788085938e+00 1.178681179881095886e-01 6.920694732666015625e+01
7.508935451507568359e+00 3.133792400360107422e+00 6.989994049072265625e+01
-5.204659461975097656e+00 -5.696706771850585938e-01 7.159490966796875000e+01
-4.554893493652343750e+00 -4.596987664699554443e-01 6.948888397216796875e+01
-3.931376457214355469e+00 -6.148390769958496094e-01 7.159489440917968750e+01
-1.535123920440673828e+01 1.728493094444274902e+00 6.990000915527343750e+01
-3.102278947830200195e+00 -4.619984924793243408e-01 6.979226684570312500e+01
-4.688229560852050781e+00 -7.215491533279418945e-01 7.159506225585937500e+01
-5.631610870361328125e+00 -5.095834136009216309e-01 6.919989776611328125e+01
-2.045108079910278320e+00 -4.597166776657104492e-01 7.158968353271484375e+01
-5.915991783142089844e+00 -6.580877304077148438e-01 7.159493255615234375e+01
-3.931449174880981445e+00 -6.569774746894836426e-01 6.919976806640625000e+01
-4.278840065002441406e+00 -7.912058830261230469e-01 7.159500122070312500e+01
-8.149407386779785156e+00 -5.782881975173950195e-01 6.919972991943359375e+01
9.524917602539062500e-01 -5.679019093513488770e-01 6.919985961914062500e+01
-4.969047069549560547e+00 -8.352889418601989746e-01 7.159490203857421875e+01
-4.926823616027832031e+00 -8.421450853347778320e-01 6.920001220703125000e+01
-4.561551094055175781e+00 -8.597115278244018555e-01 7.090013122558593750e+01
-1.615650177001953125e+01 -1.213944911956787109e+00 7.234500122070312500e+01
-3.710571289062500000e+00 -9.261190295219421387e-01 6.989994049072265625e+01
-4.509085178375244141e+00 -9.621980786323547363e-01 7.234487152099609375e+01
-5.547249317169189453e+00 -9.878739118576049805e-01 6.989997100830078125e+01
2.369844818115234375e+01 -4.023425579071044922e+00 7.234493255615234375e+01
-6.310559749603271484e+00 -1.160193681716918945e+00 7.234490203857421875e+01
-4.308683395385742188e+00 -1.140468835830688477e+00 6.908591461181640625e+01
-3.566888093948364258e+00 -1.165490865707397461e+00 7.234485626220703125e+01
-8.907528877258300781e+00 -1.731746673583984375e+00 6.990002441406250000e+01
-1.224291324615478516e+00 -1.692335963249206543e+00 6.900908660888671875e+01
-5.030522346496582031e+00 -1.222545862197875977e+00 7.234488677978515625e+01
-5.017901420593261719e+00 -1.146561980247497559e+00 6.989996337890625000e+01
-1.156140923500061035e+00 -1.908404350280761719e+00 7.234481811523437500e+01
-8.641551017761230469e+00 -2.185703754425048828e+00 7.234494018554687500e+01
-4.029949188232421875e+00 -1.233157634735107422e+00 6.989994049072265625e+01
-4.188436031341552734e+00 -1.387333989143371582e+00 7.234486389160156250e+01
-6.100436210632324219e+00 -1.553256034851074219e+00 6.989998626708984375e+01
1.431462049484252930e+00 -3.307982206344604492e+00 6.990005493164062500e+01
-5.692125320434570312e+00 -1.645981669425964355e+00 7.234489440917968750e+01
-4.703989505767822266e+00 -1.692445516586303711e+00 6.907528686523437500e+01
-3.015122652053833008e+00 -1.880316019058227539e+00 7.234484100341796875e+01
-2.879785537719726562e+01 -1.322821903228759766e+01 7.066350555419921875e+01
-3.448519468307495117e+00 -1.666919112205505371e+00 6.989993286132812500e+01
-4.702802658081054688e+00 -1.686655282974243164e+00 7.234487152099609375e+01
-5.313082218170166016e+00 -1.611481308937072754e+00 6.989997100830078125e+01
3.166522979736328125e+00 -5.843043804168701172e+00 7.234489440917968750e+01
-6.882961750030517578e+00 -2.686558008193969727e+00 7.234490203857421875e+01
-4.028804302215576172e+00 -2.254849672317504883e+00 6.899179840087890625e+01
-3.829170942306518555e+00 -2.061994791030883789e+00 7.234484863281250000e+01
-7.219170570373535156e+00 -3.080924272537231445e+00 6.990000152587890625e+01
-2.070504188537597656e+00 -3.074301004409790039e+00 6.989994812011718750e+01
-5.255197048187255859e+00 -2.254787921905517578e+00 7.234487915039062500e+01
-5.157396793365478516e+00 -2.748031139373779297e+00 6.893407440185546875e+01
-2.123729228973388672e+00 -3.614173412322998047e+00 7.234482574462890625e+01
-1.145390605926513672e+01 -8.106536865234375000e+00 7.234484100341796875e+01
-3.844040155410766602e+00 -2.203421831130981445e+00 6.989994812011718750e+01
-4.388857364654541016e+00 -2.548603296279907227e+00 7.234485626220703125e+01
-5.725063323974609375e+00 -2.757961988449096680e+00 6.989997863769531250e+01
5.770195007324218750e+00 -1.454650497436523438e+01 7.057365417480468750e+01
-6.042359352111816406e+00 -3.803639888763427734e+00 7.234487152099609375e+01
-4.447137832641601562e+00 -4.012031078338623047e+00 6.885367584228515625e+01
-3.379775047302246094e+00 -3.986016273498535156e+00 7.234483337402343750e+01
-1.148200130462646484e+01 -1.373566246032714844e+01 6.990003204345703125e+01
-3.094134330749511719e+00 -4.505112171173095703e+00 6.989993286132812500e+01
-4.901669502258300781e+00 -4.324246406555175781e+00 7.234484100341796875e+01
-5.121911525726318359e+00 -4.000316143035888672e+00 6.989997100830078125e+01
-7.607194185256958008e-01 -1.450927829742431641e+01 7.215360260009765625e+01
-7.114588737487792969e+00 -1.457575225830078125e+01 7.204934692382812500e+01
-4.561777114868164062e+00 -1.453791904449462891e+01 7.089997100830078125e+01
