1.749354171752929688e+01 -8.597083687782287598e-01 7.089487457275390625e+01
1.591067981719970703e+01 2.620568513870239258e+00 7.234490203857421875e+01
1.758085441589355469e+01 -4.490396976470947266e+00 6.989998626708984375e+01
1.767229652404785156e+01 -7.091307640075683594e+00 7.112802886962890625e+01
1.186958789825439453e+01 5.434342861175537109e+00 6.990007781982421875e+01
1.905746650695800781e+01 -4.091696739196777344e+00 6.990003204345703125e+01
1.710371971130371094e+01 -5.131105899810791016e+00 7.234499359130859375e+01
1.697682952880859375e+01 -6.018804550170898438e+00 6.989997863769531250e+01
1.766836738586425781e+01 -7.610041618347167969e+00 7.095871734619140625e+01
1.398053741455078125e+01 -2.488059282302856445e+00 7.234499359130859375e+01
1.844733047485351562e+01 -4.916789054870605469e+00 6.885668182373046875e+01
1.766770172119140625e+01 -7.176214694976806641e+00 7.145012664794921875e+01
1.577685642242431641e+01 -5.593545913696289062e+00 6.990001678466796875e+01
2.201852416992187500e+01 -2.838780641555786133e+00 6.990007019042968750e+01
1.647404670715332031e+01 -6.072102069854736328e+00 7.234500122070312500e+01
1.736462402343750000e+01 -6.921311855316162109e+00 6.990003204345703125e+01
1.767485618591308594e+01 -7.678331375122070312e+00 7.104768371582031250e+01
1.749354171752929688e+01 -7.896310329437255859e+00 7.089487457275390625e+01
1.849327468872070312e+01 -6.732789516448974609e+00 6.990000915527343750e+01
1.742648696899414062e+01 -6.760659217834472656e+00 7.234499359130859375e+01
1.666335296630859375e+01 -6.934678077697753906e+00 6.990003204345703125e+01
1.767484664916992188e+01 -7.767487049102783203e+00 7.091926574707031250e+01
1.540933322906494141e+01 -6.199830055236816406e+00 7.234500885009765625e+01
1.795818901062011719e+01 -6.554471969604492188e+00 6.882947540283203125e+01
1.767123413085937500e+01 -7.681497573852539062e+00 7.120497131347656250e+01
1.437530040740966797e+01 -6.031919002532958984e+00 6.990007019042968750e+01
1.759148025512695312e+01 -7.838115215301513672e+00 7.084962463378906250e+01
1.688665580749511719e+01 -7.094105243682861328e+00 7.234499359130859375e+01
1.713571929931640625e+01 -7.386510848999023438e+00 6.990003967285156250e+01
1.767849159240722656e+01 -7.801244735717773438e+00 7.099208068847656250e+01
1.199222373962402344e+01 -5.457920551300048828e+00 7.234500122070312500e+01
1.813097000122070312e+01 -7.421412467956542969e+00 6.990352630615234375e+01
1.774275779724121094e+01 -7.340216159820556641e+00 7.234498596191406250e+01
1.620886993408203125e+01 -7.321826934814453125e+00 6.989995574951171875e+01
1.789567947387695312e+01 -7.763266563415527344e+00 7.086155700683593750e+01
1.615203475952148438e+01 -7.291085720062255859e+00 7.234500122070312500e+01
1.749839591979980469e+01 -7.614287376403808594e+00 6.990000152587890625e+01
1.807485580444335938e+01 -7.670507907867431641e+00 7.153569030761718750e+01
6.760117530822753906e+00 -5.321550846099853516e+00 6.990010070800781250e+01
1.796372222900390625e+01 -7.768187046051025391e+00 7.053802490234375000e+01
1.722973251342773438e+01 -7.608077526092529297e+00 7.234500122070312500e+01
1.686749649047851562e+01 -7.691424369812011719e+00 6.990002441406250000e+01
1.807636260986328125e+01 -7.803678512573242188e+00 7.105460357666015625e+01
1.466776752471923828e+01 -7.475597381591796875e+00 7.234501647949218750e+01
1.790373992919921875e+01 -7.764379024505615234e+00 6.978843688964843750e+01
1.777849197387695312e+01 -7.827320098876953125e+00 7.159484863281250000e+01
1.539439964294433594e+01 -7.731649398803710938e+00 6.990005493164062500e+01
1.820142364501953125e+01 -7.858850479125976562e+00 7.067662811279296875e+01
1.664367675781250000e+01 -7.845352649688720703e+00 7.234501647949218750e+01
1.727990913391113281e+01 -7.886031627655029297e+00 6.990002441406250000e+01
1.826574897766113281e+01 -7.905878543853759766e+00 7.144341278076171875e+01
5.858566284179687500e+00 -8.251775741577148438e+00 7.234491729736328125e+01
1.832234001159667969e+01 -7.960972309112548828e+00 6.992116546630859375e+01
1.751906776428222656e+01 -7.945961475372314453e+00 7.159485626220703125e+01
1.651309013366699219e+01 -8.023822784423828125e+00 6.989997100830078125e+01
1.834636688232421875e+01 -7.991783618927001953e+00 7.093847656250000000e+01
1.573848247528076172e+01 -8.197874069213867188e+00 7.234499359130859375e+01
1.749354171752929688e+01 -7.896310329437255859e+00 7.089487457275390625e+01
1.797554588317871094e+01 -8.044455528259277344e+00 7.159489440917968750e+01
1.316990089416503906e+01 -8.763911247253417969e+00 6.990001678466796875e+01
1.842100906372070312e+01 -8.127692222595214844e+00 7.036940765380859375e+01
1.743280601501464844e+01 -7.943323135375976562e+00 7.108209228515625000e+01
1.703975486755371094e+01 -8.181694030761718750e+00 6.989998626708984375e+01
1.844751548767089844e+01 -8.190067291259765625e+00 7.129959869384765625e+01
1.339940166473388672e+01 -9.226974487304687500e+00 7.234493255615234375e+01
1.843100357055664062e+01 -8.554594993591308594e+00 6.913211059570312500e+01
1.767442893981933594e+01 -8.151949882507324219e+00 7.159494018554687500e+01
1.596279621124267578e+01 -8.586290359497070312e+00 6.990003204345703125e+01
1.846864509582519531e+01 -8.294645309448242188e+00 7.073218536376953125e+01
1.749354171752929688e+01 -7.896310329437255859e+00 7.089487457275390625e+01
1.736309432983398438e+01 -8.660158157348632812e+00 6.922113800048828125e+01
1.824296188354492188e+01 -8.390838623046875000e+00 7.159497833251953125e+01
4.426684379577636719e+00 -1.456478023529052734e+01 7.076737976074218750e+01
1.843268394470214844e+01 -8.577272415161132812e+00 7.005124664306640625e+01
1.742522430419921875e+01 -8.296904563903808594e+00 7.159482574462890625e+01
1.741609573364257812e+01 -7.973804473876953125e+00 7.079179382324218750e+01
1.845221138000488281e+01 -8.514476776123046875e+00 7.107411193847656250e+01
1.749354171752929688e+01 -7.896310329437255859e+00 7.089487457275390625e+01
1.789830207824707031e+01 -8.955836296081542969e+00 6.944573211669921875e+01
1.784853935241699219e+01 -8.478900909423828125e+00 7.159501647949218750e+01
1.741308403015136719e+01 -7.963561058044433594e+00 7.086460113525390625e+01
1.837826919555664062e+01 -8.682780265808105469e+00 7.053973388671875000e+01
1.727729797363281250e+01 -8.331365585327148438e+00 7.134546661376953125e+01
1.730256080627441406e+01 -8.501788139343261719e+00 7.026452636718750000e+01
1.828712844848632812e+01 -8.792890548706054688e+00 7.136517333984375000e+01
1.740516090393066406e+01 -7.989240169525146484e+00 7.091340637207031250e+01
1.804696273803710938e+01 -8.932397842407226562e+00 7.012379455566406250e+01
1.757731056213378906e+01 -8.714483261108398438e+00 7.159484100341796875e+01
1.729230117797851562e+01 -8.224695205688476562e+00 7.072188568115234375e+01
1.821461486816406250e+01 -8.851517677307128906e+00 7.087210083007812500e+01
1.727784347534179688e+01 -8.325197219848632812e+00 7.110537719726562500e+01
1.752791786193847656e+01 -8.841586112976074219e+00 7.028125762939453125e+01
1.789501190185546875e+01 -8.958167076110839844e+00 7.138562774658203125e+01
1.728090667724609375e+01 -8.291943550109863281e+00 7.086415100097656250e+01
1.792012786865234375e+01 -8.955884933471679688e+00 7.060420227050781250e+01
1.741084289550781250e+01 -8.739257812500000000e+00 7.124642181396484375e+01
1.735747337341308594e+01 -8.659234046936035156e+00 7.065195465087890625e+01
1.778757476806640625e+01 -8.952180862426757812e+00 7.099185180664062500e+01
1.735330009460449219e+01 -8.649813652038574219e+00 7.095801544189453125e+01
1.749354171752929688e+01 -8.818810462951660156e+00 7.089487457275390625e+01
