-4.886556625366210938e+00 6.149678230285644531e-01 7.089994812011718750e+01
-4.946757793426513672e+00 8.603168129920959473e-01 7.095510101318359375e+01
-4.798803329467773438e+00 3.883402109146118164e+00 6.990004730224609375e+01
-4.797737121582031250e+00 8.603155612945556641e-01 7.101580047607421875e+01
-1.053892040252685547e+01 1.385832214355468750e+01 6.990012359619140625e+01
-3.314516067504882812e+00 4.284682273864746094e+00 6.989994812011718750e+01
-4.942944526672363281e+00 8.603133559226989746e-01 7.110971069335937500e+01
-5.405883789062500000e+00 2.347333908081054688e+00 6.990001678466796875e+01
-4.642280578613281250e+00 8.603162765502929688e-01 7.098915863037109375e+01
-5.146375179290771484e+00 8.603154420852661133e-01 7.100719451904296875e+01
-4.418590545654296875e+00 1.922195196151733398e+00 6.989993286132812500e+01
-4.789816856384277344e+00 8.603129982948303223e-01 7.120837402343750000e+01
-6.611824035644531250e+00 2.774602651596069336e+00 6.990012359619140625e+01
-3.382062911987304688e-01 5.543973922729492188e+00 6.990000915527343750e+01
-5.110095977783203125e+00 8.603107929229736328e-01 7.121791076660156250e+01
-5.016141891479492188e+00 1.440379738807678223e+00 6.989994812011718750e+01
-4.556313991546630859e+00 8.573499917984008789e-01 7.117827606201171875e+01
-5.345681190490722656e+00 8.603200316429138184e-01 7.091893768310546875e+01
-3.885752201080322266e+00 1.625093460083007812e+00 6.990401458740234375e+01
-4.910173892974853516e+00 8.603106141090393066e-01 7.141069030761718750e+01
-5.721013545989990234e+00 1.426903367042541504e+00 6.989998626708984375e+01
-4.323614597320556641e+00 8.603144288063049316e-01 7.097569274902343750e+01
-5.377964496612548828e+00 8.603168725967407227e-01 7.124185943603515625e+01
-4.661579608917236328e+00 1.110030770301818848e+00 6.989990234375000000e+01
-4.556598663330078125e+00 8.592116236686706543e-01 7.147576904296875000e+01
-8.020453453063964844e+00 2.334077596664428711e+00 6.990014648437500000e+01
-2.722070455551147461e+00 1.746467232704162598e+00 6.989990234375000000e+01
-5.177363395690917969e+00 8.447255492210388184e-01 7.159481811523437500e+01
-5.246232509613037109e+00 9.727675914764404297e-01 6.989995574951171875e+01
-4.108381271362304688e+00 8.603140711784362793e-01 7.130893707275390625e+01
-5.789004802703857422e+00 8.603248000144958496e-01 7.113783264160156250e+01
-4.243559360504150391e+00 9.393736124038696289e-01 6.989994049072265625e+01
-4.767143726348876953e+00 7.267813682556152344e-01 7.159477996826171875e+01
-6.177716732025146484e+00 1.037711262702941895e+00 6.990000152587890625e+01
7.183768272399902344e+00 4.453699111938476562e+00 6.989994812011718750e+01
-5.529357910156250000e+00 7.503274679183959961e-01 7.159479522705078125e+01
-4.879673004150390625e+00 8.603242635726928711e-01 6.948890686035156250e+01
-4.256184101104736328e+00 7.051848173141479492e-01 7.159484100341796875e+01
-4.894709587097167969e+00 4.622817337512969971e-01 7.089919281005859375e+01
-3.418717145919799805e+00 8.603092432022094727e-01 6.978591156005859375e+01
-5.012957572937011719e+00 5.984297394752502441e-01 7.159475708007812500e+01
-5.956394195556640625e+00 8.104526400566101074e-01 6.919986724853515625e+01
-2.369812965393066406e+00 8.603299856185913086e-01 7.158968353271484375e+01
-6.240541934967041016e+00 6.619128584861755371e-01 7.159478759765625000e+01
-4.256268024444580078e+00 6.630446314811706543e-01 6.919985198974609375e+01
-4.603718280792236328e+00 5.288050770759582520e-01 7.159473419189453125e+01
-8.473875999450683594e+00 7.417222261428833008e-01 6.919985198974609375e+01
6.277601718902587891e-01 7.521353960037231445e-01 6.919982910156250000e+01
-5.293813705444335938e+00 4.847450256347656250e-01 7.159485626220703125e+01
-5.251633644104003906e+00 4.778911471366882324e-01 6.919985198974609375e+01
-4.130608081817626953e+00 4.509592652320861816e-01 7.143693542480468750e+01
-1.046164703369140625e+01 2.899987101554870605e-01 7.159476470947265625e+01
-4.035602569580078125e+00 3.939353823661804199e-01 6.990021514892578125e+01
-4.886556625366210938e+00 4.603260457515716553e-01 7.089994812011718750e+01
-5.871999740600585938e+00 3.321646451950073242e-01 6.989997863769531250e+01
2.761463403701782227e+00 -3.958655893802642822e-01 7.129099273681640625e+01
-5.727683067321777344e+00 3.157992959022521973e-01 7.159492492675781250e+01
-4.747039318084716797e+00 3.055576980113983154e-01 6.989995574951171875e+01
-4.408006191253662109e+00 3.132421374320983887e-01 7.159494781494140625e+01
-9.232085227966308594e+00 -4.116671085357666016e-01 6.990005493164062500e+01
-3.121477603912353516e+00 1.997874490916728973e-02 6.989992523193359375e+01
-5.112009048461914062e+00 2.858121693134307861e-01 7.159490966796875000e+01
-5.342667579650878906e+00 1.734812706708908081e-01 6.989996337890625000e+01
-3.248475313186645508e+00 -4.408743977546691895e-02 7.159490203857421875e+01
-6.848574161529541016e+00 -1.773625314235687256e-01 7.159485626220703125e+01
-4.354742527008056641e+00 8.688709139823913574e-02 6.989994812011718750e+01
-4.706993579864501953e+00 2.065578252077102661e-01 7.159488677978515625e+01
-6.425178050994873047e+00 -2.332043200731277466e-01 6.989998626708984375e+01
1.106587409973144531e+00 -1.987908601760864258e+00 6.990004730224609375e+01
-5.430221557617187500e+00 8.215129375457763672e-02 7.159491729736328125e+01
-4.964493751525878906e+00 3.956711385399103165e-03 6.989995574951171875e+01
-4.142639636993408203e+00 -3.057023324072360992e-02 7.159490966796875000e+01
-5.004121303558349609e+00 4.003286361694335938e-01 7.089880371093750000e+01
-3.778333902359008789e+00 -3.432337045669555664e-01 6.990443420410156250e+01
-4.954386711120605469e+00 6.258269399404525757e-02 7.159491729736328125e+01
-5.637842178344726562e+00 -2.914268374443054199e-01 6.989997100830078125e+01
-3.552781581878662109e+00 -3.997140228748321533e-01 7.114931488037109375e+01
-5.979310989379882812e+00 -3.997078835964202881e-01 7.158018493652343750e+01
-4.607247352600097656e+00 -2.708111405372619629e-01 6.989994812011718750e+01
-4.534190654754638672e+00 -1.179445385932922363e-01 7.159490203857421875e+01
-7.543885231018066406e+00 -1.760835051536560059e+00 6.990000915527343750e+01
-2.395287752151489258e+00 -1.754262685775756836e+00 6.989992523193359375e+01
-5.220069408416748047e+00 -2.106627672910690308e-01 7.159490203857421875e+01
-5.189527988433837891e+00 -5.001990795135498047e-01 6.989996337890625000e+01
-4.125337123870849609e+00 -3.996864557266235352e-01 7.135106658935546875e+01
-5.704494476318359375e+00 -3.997066617012023926e-01 7.107141876220703125e+01
-3.534785032272338867e+00 -2.070396661758422852e+00 6.901651763916015625e+01
-4.803386211395263672e+00 -3.519958257675170898e-01 7.159490966796875000e+01
-6.049812793731689453e+00 -1.437878370285034180e+00 6.989997863769531250e+01
-4.841273784637451172e+00 4.003400206565856934e-01 7.089852142333984375e+01
-5.319090843200683594e+00 -3.997079432010650635e-01 7.132205963134765625e+01
-4.830533981323242188e+00 -1.080167055130004883e+00 6.989995574951171875e+01
-4.561389923095703125e+00 -3.997153937816619873e-01 7.129742431640625000e+01
-4.918621063232421875e+00 4.006662368774414062e-01 7.089531707763671875e+01
-3.418973684310913086e+00 -3.184929132461547852e+00 6.989994812011718750e+01
-4.970932006835937500e+00 -3.997185528278350830e-01 7.125862884521484375e+01
-5.446675300598144531e+00 -2.680193662643432617e+00 6.989997100830078125e+01
-4.869982242584228516e+00 4.008080065250396729e-01 7.090541076660156250e+01
-4.897649765014648438e+00 4.007245600223541260e-01 7.090494537353515625e+01
-4.886556625366210938e+00 4.003061354160308838e-01 7.089994812011718750e+01
