1.613917112350463867e+00 8.602911233901977539e-01 7.089994812011718750e+01
1.613917112350463867e+00 8.602911233901977539e-01 7.089994812011718750e+01
1.701675772666931152e+00 4.283581733703613281e+00 6.989998626708984375e+01
1.613917112350463867e+00 8.602911233901977539e-01 7.089994812011718750e+01
-4.005150318145751953e+00 1.417936325073242188e+01 6.990601348876953125e+01
3.185918092727661133e+00 4.684550762176513672e+00 6.989997100830078125e+01
1.613917112350463867e+00 8.602911233901977539e-01 7.089994812011718750e+01
1.094556450843811035e+00 2.747420549392700195e+00 6.989994812011718750e+01
1.613917112350463867e+00 8.602911233901977539e-01 7.089994812011718750e+01
1.613917112350463867e+00 8.602911233901977539e-01 7.089994812011718750e+01
2.081850290298461914e+00 2.322057247161865234e+00 6.990000152587890625e+01
1.613917112350463867e+00 8.602911233901977539e-01 7.089994812011718750e+01
-1.116928383708000183e-01 3.175027370452880859e+00 6.989992523193359375e+01
6.186192035675048828e+00 5.970679283142089844e+00 6.989474487304687500e+01
1.613917112350463867e+00 8.602911233901977539e-01 7.089994812011718750e+01
1.484338164329528809e+00 1.840297460556030273e+00 6.989999389648437500e+01
1.613917112350463867e+00 8.602911233901977539e-01 7.089994812011718750e+01
1.613917112350463867e+00 8.602911233901977539e-01 7.089994812011718750e+01
2.618737936019897461e+00 2.029733180999755859e+00 6.990001678466796875e+01
1.613917112350463867e+00 8.602911233901977539e-01 7.089994812011718750e+01
7.794440388679504395e-01 1.826886892318725586e+00 6.989997100830078125e+01
1.613917112350463867e+00 8.602911233901977539e-01 7.089994812011718750e+01
1.613917112350463867e+00 8.602911233901977539e-01 7.089994812011718750e+01
1.838867783546447754e+00 1.509919166564941406e+00 6.990001678466796875e+01
1.613917112350463867e+00 8.602911233901977539e-01 7.089994812011718750e+01
-1.520765423774719238e+00 2.734512567520141602e+00 6.989990234375000000e+01
3.778177261352539062e+00 2.146297931671142578e+00 6.990000152587890625e+01
1.613917112350463867e+00 8.602911233901977539e-01 7.089994812011718750e+01
9.181935787200927734e-01 1.851509928703308105e+00 6.896566009521484375e+01
1.613917112350463867e+00 8.602911233901977539e-01 7.089994812011718750e+01
1.613917112350463867e+00 8.602911233901977539e-01 7.089994812011718750e+01
2.256849765777587891e+00 1.339290499687194824e+00 6.990003967285156250e+01
1.862231254577636719e+00 1.414374113082885742e+00 7.234481811523437500e+01
3.227136731147766113e-01 1.437695622444152832e+00 6.989997100830078125e+01
1.368438911437988281e+01 4.853712558746337891e+00 6.989993286132812500e+01
2.772932350635528564e-01 1.463312506675720215e+00 7.234480285644531250e+01
1.618795037269592285e+00 1.143746256828308105e+00 6.990002441406250000e+01
2.924632072448730469e+00 1.369418621063232422e+00 7.234481811523437500e+01
-9.174751281738281250e+00 3.448302507400512695e+00 6.990005493164062500e+01
2.931379318237304688e+00 1.219296813011169434e+00 6.990003967285156250e+01
1.351065278053283691e+00 1.147478461265563965e+00 7.234481048583984375e+01
4.414207339286804199e-01 1.244014978408813477e+00 6.903673553466796875e+01
1.613917112350463867e+00 8.602911233901977539e-01 7.089994812011718750e+01
-1.201637029647827148e+00 1.279482245445251465e+00 7.234484100341796875e+01
1.984619379043579102e+00 9.795194864273071289e-01 6.990003967285156250e+01
2.202104568481445312e+00 1.002699136734008789e+00 7.234481811523437500e+01
-2.417382478713989258e+00 1.176513910293579102e+00 6.898944091796875000e+01
4.857182979583740234e+00 1.031919836997985840e+00 6.990001678466796875e+01
7.671481966972351074e-01 9.110631346702575684e-01 7.234481048583984375e+01
1.399430990219116211e+00 8.706107735633850098e-01 6.990112304687500000e+01
2.592363357543945312e+00 8.481674194335937500e-01 7.159499359130859375e+01
-3.962663412094116211e+00 6.899182796478271484e-01 7.159494781494140625e+01
3.060986518859863281e+00 7.473921179771423340e-01 6.919987487792968750e+01
1.639261484146118164e+00 8.109946250915527344e-01 7.159493255615234375e+01
-6.160997226834297180e-02 6.423811316490173340e-01 6.919972229003906250e+01
5.186789512634277344e+00 4.603100419044494629e-01 7.108263397216796875e+01
7.727984786033630371e-01 7.157657146453857422e-01 7.159492492675781250e+01
1.851110696792602539e+00 5.971695184707641602e-01 6.919985961914062500e+01
2.092453002929687500e+00 7.132117152214050293e-01 7.159493255615234375e+01
-4.665161132812500000e+00 -3.996966779232025146e-01 6.945514678955078125e+01
3.376912832260131836e+00 4.204635620117187500e-01 6.990110778808593750e+01
1.388443708419799805e+00 6.857610344886779785e-01 7.159497070312500000e+01
9.779164791107177734e-01 4.603148698806762695e-01 6.950557708740234375e+01
2.912857532501220703e+00 4.603091180324554443e-01 7.145102691650390625e+01
3.832649886608123779e-01 4.603085517883300781e-01 7.133582305908203125e+01
2.183528423309326172e+00 4.603109657764434814e-01 6.982887268066406250e+01
1.793479561805725098e+00 6.065239906311035156e-01 7.159488677978515625e+01
-9.976863861083984375e-01 -3.168835937976837158e-01 6.920264434814453125e+01
1.613917112350463867e+00 8.602911233901977539e-01 7.089994812011718750e+01
1.070175766944885254e+00 4.820632934570312500e-01 7.159500885009765625e+01
1.535986304283142090e+00 4.039600491523742676e-01 6.990003967285156250e+01
2.220079421997070312e+00 4.602964520454406738e-01 7.146621704101562500e+01
1.613917112350463867e+00 8.602911233901977539e-01 7.089994812011718750e+01
3.351639032363891602e+00 -3.997113108634948730e-01 6.933895874023437500e+01
1.546080946922302246e+00 4.625130593776702881e-01 7.159497833251953125e+01
3.546798229217529297e-01 -3.997293412685394287e-01 6.922387695312500000e+01
2.234218835830688477e+00 4.603103697299957275e-01 7.101592254638671875e+01
1.105697512626647949e+00 4.603054225444793701e-01 7.121631622314453125e+01
2.088744163513183594e+00 -3.826443552970886230e-01 6.919995117187500000e+01
1.857653260231018066e+00 4.602936506271362305e-01 7.138065338134765625e+01
-1.043509602546691895e+00 -1.360951900482177734e+00 6.989997100830078125e+01
4.104899883270263672e+00 -1.354043126106262207e+00 6.990003967285156250e+01
1.415104627609252930e+00 4.603036940097808838e-01 7.131422424316406250e+01
1.216488599777221680e+00 -3.996959626674652100e-01 6.958820343017578125e+01
1.967953085899353027e+00 4.603073298931121826e-01 7.110975646972656250e+01
1.233496904373168945e+00 4.602927863597869873e-01 7.097969818115234375e+01
2.532655000686645508e+00 -8.597266077995300293e-01 6.961986541748046875e+01
1.654871702194213867e+00 4.602898955345153809e-01 7.124215698242187500e+01
4.507096409797668457e-01 -1.037833929061889648e+00 6.990002441406250000e+01
1.842657566070556641e+00 5.572779178619384766e-01 7.089272308349609375e+01
1.412747144699096680e+00 4.602928459644317627e-01 7.109626770019531250e+01
1.676467895507812500e+00 -8.597120642662048340e-01 6.978343200683593750e+01
1.765146493911743164e+00 4.603007435798645020e-01 7.108480834960937500e+01
-5.305754184722900391e+00 -1.201463413238525391e+01 6.990008544921875000e+01
3.081337451934814453e+00 -2.784559726715087891e+00 6.990006256103515625e+01
1.574674844741821289e+00 4.602929949760437012e-01 7.106676483154296875e+01
1.053752899169921875e+00 -2.280483245849609375e+00 6.989989471435546875e+01
1.725303173065185547e+00 4.603045880794525146e-01 7.093668365478515625e+01
1.539470672607421875e+00 4.602964818477630615e-01 7.093346405029296875e+01
1.613917112350463867e+00 6.045904159545898438e-01 7.089994812011718750e+01
