-1.133682632446289062e+01 -9.770558774471282959e-02 7.090010833740234375e+01
-1.145723342895507812e+01 4.002984762191772461e-01 7.101041412353515625e+01
-1.124905014038085938e+01 3.024263143539428711e+00 6.989994049072265625e+01
-1.115918064117431641e+01 4.002943933010101318e-01 7.113181304931640625e+01
-1.699054145812988281e+01 1.300148200988769531e+01 6.990004730224609375e+01
-9.764648437500000000e+00 3.424974679946899414e+00 6.990001678466796875e+01
-1.144960784912109375e+01 4.002974629402160645e-01 7.131964874267578125e+01
-1.185632705688476562e+01 1.487923264503479004e+00 6.989984130859375000e+01
-1.084825706481933594e+01 4.002931714057922363e-01 7.107852935791015625e+01
-1.185649681091308594e+01 4.003142714500427246e-01 7.111462402343750000e+01
-1.086913013458251953e+01 1.061310291290283203e+00 6.990066528320312500e+01
-1.114333629608154297e+01 4.002986848354339600e-01 7.151698303222656250e+01
-1.133974647521972656e+01 -3.957980275154113770e-01 7.089841461181640625e+01
-6.788513660430908203e+00 4.683889865875244141e+00 6.990017700195312500e+01
-1.178393650054931641e+01 4.003094732761383057e-01 7.153607940673828125e+01
-1.150343132019042969e+01 8.603166937828063965e-01 6.961443328857421875e+01
-1.067138099670410156e+01 4.002955555915832520e-01 7.146094512939453125e+01
-1.225512504577636719e+01 4.003158509731292725e-01 7.093807983398437500e+01
-1.025416946411132812e+01 8.603147864341735840e-01 6.982272338867187500e+01
-1.136895751953125000e+01 1.444682925939559937e-01 7.159497833251953125e+01
-1.242461204528808594e+01 8.603003621101379395e-01 6.959658050537109375e+01
-1.021090126037597656e+01 4.002908170223236084e-01 7.105159759521484375e+01
-1.231972885131835938e+01 4.003366827964782715e-01 7.158398437500000000e+01
-1.105980300903320312e+01 4.002906978130340576e-01 6.966871643066406250e+01
-1.093877983093261719e+01 8.148139715194702148e-02 7.159474945068359375e+01
-1.134199428558349609e+01 -3.966255486011505127e-01 7.089846038818359375e+01
-9.172439575195312500e+00 8.863663673400878906e-01 6.990010833740234375e+01
-1.162763881683349609e+01 -1.530808489769697189e-02 7.159499359130859375e+01
-1.189834690093994141e+01 4.002997577190399170e-01 6.933893585205078125e+01
-1.001495552062988281e+01 2.797362506389617920e-01 7.159484863281250000e+01
-1.314178752899169922e+01 4.003109931945800781e-01 7.137589263916015625e+01
-1.026296806335449219e+01 4.003328680992126465e-01 6.923001098632812500e+01
-1.121741008758544922e+01 -1.332535445690155029e-01 7.159495544433593750e+01
-1.133946228027343750e+01 -3.985365927219390869e-01 7.089806365966796875e+01
7.355824708938598633e-01 3.594347000122070312e+00 6.989993286132812500e+01
-1.197964668273925781e+01 -1.097054928541183472e-01 7.159497833251953125e+01
-1.132853221893310547e+01 8.224393427371978760e-02 6.919993591308593750e+01
-1.070667171478271484e+01 -1.549414843320846558e-01 7.159476470947265625e+01
-1.134194183349609375e+01 -3.984884023666381836e-01 7.089963531494140625e+01
-9.096635818481445312e+00 2.107318043708801270e-01 6.919988250732421875e+01
-1.146324539184570312e+01 -2.615922689437866211e-01 7.159501647949218750e+01
-1.240672111511230469e+01 -4.957026243209838867e-02 6.919993591308593750e+01
-8.801733970642089844e+00 3.204740351065993309e-03 7.159487152099609375e+01
-1.269066524505615234e+01 -1.981504261493682861e-01 7.159487915039062500e+01
-1.070649433135986328e+01 -1.969829052686691284e-01 6.919989776611328125e+01
-1.105397987365722656e+01 -3.312345147132873535e-01 7.159491729736328125e+01
-1.492457103729248047e+01 -1.182859316468238831e-01 6.919980621337890625e+01
-5.822049140930175781e+00 -1.078817695379257202e-01 6.919984436035156250e+01
-1.174411106109619141e+01 -3.752948343753814697e-01 7.159506988525390625e+01
-1.170164203643798828e+01 -3.821629583835601807e-01 6.920122528076171875e+01
-9.302865982055664062e+00 -4.249177873134613037e-01 7.234494018554687500e+01
-1.316746520996093750e+01 -4.556442201137542725e-01 7.112825775146484375e+01
-1.048568153381347656e+01 -4.661209881305694580e-01 6.990014648437500000e+01
-1.128413581848144531e+01 -5.022016763687133789e-01 7.234497070312500000e+01
-1.232230377197265625e+01 -5.278813242912292480e-01 6.990010070800781250e+01
-1.133682632446289062e+01 -3.997154831886291504e-01 7.090010833740234375e+01
-1.168592357635498047e+01 -4.596992731094360352e-01 7.118855285644531250e+01
-1.119730758666992188e+01 -5.544854998588562012e-01 6.990010833740234375e+01
-1.114164733886718750e+01 -4.597043097019195557e-01 7.118357086181640625e+01
-1.568333148956298828e+01 -1.271904587745666504e+00 6.989998626708984375e+01
-9.571693420410156250e+00 -8.400762081146240234e-01 6.990005493164062500e+01
-1.141433525085449219e+01 -4.597121179103851318e-01 7.113903045654296875e+01
-1.179294109344482422e+01 -6.865630745887756348e-01 6.990011596679687500e+01
-1.116463756561279297e+01 -4.527375102043151855e-01 7.097315979003906250e+01
-1.152135658264160156e+01 -4.596909582614898682e-01 7.096546173095703125e+01
-1.080500316619873047e+01 -7.731609940528869629e-01 6.990009307861328125e+01
-1.129437255859375000e+01 -4.597133696079254150e-01 7.106441497802734375e+01
-1.287553119659423828e+01 -1.093283414840698242e+00 6.990009307861328125e+01
-5.342291831970214844e+00 -2.848518133163452148e+00 6.989997100830078125e+01
-1.142306137084960938e+01 -4.597008526325225830e-01 7.101034545898437500e+01
-1.141476440429687500e+01 -8.560904264450073242e-01 6.990010833740234375e+01
-1.124590969085693359e+01 -4.597097933292388916e-01 7.098503875732421875e+01
-1.145430278778076172e+01 -4.596677720546722412e-01 7.089896392822265625e+01
-1.022356128692626953e+01 -1.206931233406066895e+00 6.990007019042968750e+01
-1.134705638885498047e+01 -4.597051441669464111e-01 7.100492858886718750e+01
-1.208777618408203125e+01 -1.151132345199584961e+00 6.990058135986328125e+01
-1.124379348754882812e+01 -4.597042798995971680e-01 7.091750335693359375e+01
-1.141303730010986328e+01 -4.596962332725524902e-01 7.094754791259765625e+01
-1.105751132965087891e+01 -1.130867004394531250e+00 6.990009307861328125e+01
-1.130027198791503906e+01 -4.597053229808807373e-01 7.097220611572265625e+01
-1.399439907073974609e+01 -2.621080398559570312e+00 6.990007781982421875e+01
-8.845411300659179688e+00 -2.614434480667114258e+00 6.990002441406250000e+01
-1.136664199829101562e+01 -4.597003459930419922e-01 7.096223449707031250e+01
-1.163980484008789062e+01 -1.360262274742126465e+00 6.990010070800781250e+01
-1.128372955322265625e+01 -4.597029685974121094e-01 7.093157196044921875e+01
-1.139386940002441406e+01 -4.596944749355316162e-01 7.091206359863281250e+01
-1.061907958984375000e+01 -1.743446707725524902e+00 6.990007019042968750e+01
-1.133068466186523438e+01 -4.597016870975494385e-01 7.095143127441406250e+01
-1.250012874603271484e+01 -2.297996044158935547e+00 6.990010070800781250e+01
-1.129157066345214844e+01 -4.596658945083618164e-01 7.089868164062500000e+01
-1.136699295043945312e+01 -4.596976041793823242e-01 7.092955017089843750e+01
-1.128080177307128906e+01 -1.940255880355834961e+00 6.990008544921875000e+01
-1.131414699554443359e+01 -4.597007632255554199e-01 7.092783355712890625e+01
-1.136886978149414062e+01 -4.593356549739837646e-01 7.089547729492187500e+01
-9.869129180908203125e+00 -4.045254707336425781e+00 6.990003204345703125e+01
-1.134271144866943359e+01 -4.596987366676330566e-01 7.092512512207031250e+01
-1.189698028564453125e+01 -3.540432691574096680e+00 6.990007019042968750e+01
-1.132012271881103516e+01 -4.596985280513763428e-01 7.090561676025390625e+01
-1.134799003601074219e+01 -4.596967399120330811e-01 7.090513610839843750e+01
-1.133682632446289062e+01 -4.823214411735534668e-01 7.090010833740234375e+01
