-2.423068618774414062e+01 4.870802879333496094e+00 7.090010833740234375e+01
-2.426308822631835938e+01 4.903202056884765625e+00 7.092979431152343750e+01
-2.414291000366210938e+01 8.111869812011718750e+00 6.989994812011718750e+01
-2.419745254516601562e+01 4.837576866149902344e+00 7.094345855712890625e+01
-2.849362182617187500e+01 1.479250335693359375e+01 7.014605712890625000e+01
-2.265856742858886719e+01 8.512461662292480469e+00 6.990005493164062500e+01
-2.426070022583007812e+01 4.900818347930908203e+00 7.101175689697265625e+01
-2.474745559692382812e+01 6.565627098083496094e+00 6.990510559082031250e+01
-2.416133880615234375e+01 4.801467895507812500e+00 7.092543029785156250e+01
-2.456961059570312500e+01 5.209687232971191406e+00 7.104000854492187500e+01
-2.376272583007812500e+01 6.149768829345703125e+00 6.990010070800781250e+01
-2.419520950317382812e+01 4.834597587585449219e+00 7.101321411132812500e+01
-2.536512374877929688e+01 6.209652423858642578e+00 7.024267578125000000e+01
-1.968132972717285156e+01 9.772688865661621094e+00 6.989994812011718750e+01
-2.445756340026855469e+01 5.093874454498291016e+00 7.122281646728515625e+01
-2.436027145385742188e+01 5.667966365814208984e+00 6.990010833740234375e+01
-2.414763259887695312e+01 4.787764072418212891e+00 7.097010803222656250e+01
-2.628308296203613281e+01 6.475985050201416016e+00 7.098497772216796875e+01
-2.322583961486816406e+01 5.857388019561767578e+00 6.990015411376953125e+01
-2.424216270446777344e+01 4.882288932800292969e+00 7.114830017089843750e+01
-2.532845878601074219e+01 5.959499835968017578e+00 6.958460998535156250e+01
-2.412376022338867188e+01 4.763890266418457031e+00 7.091449737548828125e+01
-2.522922706604003906e+01 5.500698089599609375e+00 7.159486389160156250e+01
-2.400572776794433594e+01 5.337567806243896484e+00 6.990014648437500000e+01
-2.414788436889648438e+01 4.788015365600585938e+00 7.104460906982421875e+01
-2.559467506408691406e+01 5.503443241119384766e+00 7.046495819091796875e+01
-2.206620597839355469e+01 5.974053859710693359e+00 6.990006256103515625e+01
-2.452147674560546875e+01 5.072295665740966797e+00 7.159494018554687500e+01
-2.459040451049804688e+01 5.200419425964355469e+00 6.989999389648437500e+01
-2.410988235473632812e+01 4.750010490417480469e+00 7.096360015869140625e+01
-2.641033172607421875e+01 5.654016494750976562e+00 7.147465515136718750e+01
-2.358769607543945312e+01 5.166958332061767578e+00 6.990010833740234375e+01
-2.417408370971679688e+01 4.814216136932373047e+00 7.122945404052734375e+01
-2.551250648498535156e+01 5.261124610900878906e+00 6.990739440917968750e+01
-1.215893554687500000e+01 8.681760787963867188e+00 6.989998626708984375e+01
-2.487345314025878906e+01 4.977902412414550781e+00 7.159491729736328125e+01
-2.422580718994140625e+01 4.971391201019287109e+00 6.990011596679687500e+01
-2.409895706176757812e+01 4.739084243774414062e+00 7.104531860351562500e+01
-2.885026550292968750e+01 5.796072006225585938e+00 7.047196960449218750e+01
-2.291304206848144531e+01 5.046971321105957031e+00 6.990006256103515625e+01
-2.435708427429199219e+01 4.826015949249267578e+00 7.159490203857421875e+01
-2.486003303527832031e+01 4.893883228302001953e+00 6.990001678466796875e+01
-2.407287597656250000e+01 4.712998390197753906e+00 7.094335937500000000e+01
-2.534510040283203125e+01 4.853834629058837891e+00 7.147200775146484375e+01
-2.385992622375488281e+01 4.807163238525390625e+00 6.990004730224609375e+01
-2.409075927734375000e+01 4.721794605255126953e+00 7.124383544921875000e+01
-2.633706665039062500e+01 4.853144645690917969e+00 6.990185546875000000e+01
-2.098716545104980469e+01 4.859558582305908203e+00 6.990009307861328125e+01
-2.463789939880371094e+01 4.712332725524902344e+00 7.159494781494140625e+01
-2.444543647766113281e+01 4.698248863220214844e+00 6.990005493164062500e+01
-2.404550170898437500e+01 4.685621738433837891e+00 7.103165435791015625e+01
-2.515108871459960938e+01 4.659796714782714844e+00 7.101481628417968750e+01
-2.337941741943359375e+01 4.621500968933105469e+00 6.990000152587890625e+01
-2.420534896850585938e+01 4.638632297515869141e+00 7.159491729736328125e+01
-2.521625137329101562e+01 4.559739112854003906e+00 6.990000915527343750e+01
-2.423068618774414062e+01 4.687916278839111328e+00 7.090010833740234375e+01
-2.504011535644531250e+01 4.548835754394531250e+00 7.156890106201171875e+01
-2.409115600585937500e+01 4.533133983612060547e+00 6.990002441406250000e+01
-2.396665191650390625e+01 4.606764793395996094e+00 7.128356933593750000e+01
-2.857762908935546875e+01 3.815639495849609375e+00 6.989988708496093750e+01
-2.246557235717773438e+01 4.247560024261474609e+00 6.990006256103515625e+01
-2.445610427856445312e+01 4.513429641723632812e+00 7.159496307373046875e+01
-2.468683242797851562e+01 4.401049137115478516e+00 6.990004730224609375e+01
-2.396643638610839844e+01 4.606545925140380859e+00 7.101221466064453125e+01
-2.494655227661132812e+01 4.455247879028320312e+00 7.115365600585937500e+01
-2.369881248474121094e+01 4.314435958862304688e+00 6.989999389648437500e+01
-2.405115509033203125e+01 4.434192657470703125e+00 7.159492492675781250e+01
-2.576951408386230469e+01 3.994292736053466797e+00 6.990000915527343750e+01
-1.823666763305664062e+01 2.239324092864990234e+00 6.990006256103515625e+01
-2.477419281005859375e+01 4.309852123260498047e+00 7.159487152099609375e+01
-2.430863189697265625e+01 4.231501102447509766e+00 6.990001678466796875e+01
-2.369315338134765625e+01 4.333208560943603516e+00 7.140226745605468750e+01
-2.884272003173828125e+01 2.334235668182373047e+00 7.085511016845703125e+01
-2.311745834350585938e+01 3.880727767944335938e+00 6.990010070800781250e+01
-2.429849624633789062e+01 4.290297031402587891e+00 7.159485626220703125e+01
-2.498203849792480469e+01 3.936097145080566406e+00 6.990004730224609375e+01
-2.374281120300292969e+01 4.373325824737548828e+00 7.099132537841796875e+01
-2.476147460937500000e+01 4.270168781280517578e+00 7.123052215576171875e+01
-2.395134353637695312e+01 3.956691026687622070e+00 6.989999389648437500e+01
-2.387846755981445312e+01 4.109887123107910156e+00 7.159477233886718750e+01
-2.848841094970703125e+01 1.129045009613037109e+00 6.929794311523437500e+01
-2.173948097229003906e+01 2.473383426666259766e+00 6.990010833740234375e+01
-2.454561996459960938e+01 4.054306983947753906e+00 7.155635070800781250e+01
-2.453369331359863281e+01 3.727274894714355469e+00 6.990000152587890625e+01
-2.305811119079589844e+01 3.363160848617553711e+00 7.159500885009765625e+01
-2.469304275512695312e+01 4.201764583587646484e+00 7.099703979492187500e+01
-2.351292419433593750e+01 3.344156980514526367e+00 6.990004730224609375e+01
-2.414754104614257812e+01 3.875837326049804688e+00 7.159485626220703125e+01
-2.538860511779785156e+01 2.798420667648315430e+00 6.990473175048828125e+01
-9.657192230224609375e+00 -1.461763763427734375e+01 7.043982696533203125e+01
-2.454808807373046875e+01 4.056807994842529297e+00 7.120986175537109375e+01
-2.417465591430664062e+01 3.147221803665161133e+00 6.989998626708984375e+01
-2.366226768493652344e+01 3.184493780136108398e+00 7.159493255615234375e+01
-2.881926727294921875e+01 -3.849720239639282227e+00 7.023708343505859375e+01
-2.276295089721679688e+01 1.042284965515136719e+00 6.990000915527343750e+01
-2.431542778015136719e+01 3.824141502380371094e+00 7.126034545898437500e+01
-2.479090309143066406e+01 1.546847701072692871e+00 6.989996337890625000e+01
-2.386458396911621094e+01 3.373244762420654297e+00 7.102085113525390625e+01
-2.437952423095703125e+01 3.888220787048339844e+00 7.096711730957031250e+01
-2.423068618774414062e+01 3.750361680984497070e+00 7.090010833740234375e+01
