2.567415237426757812e+01 -5.156080722808837891e+00 7.090012359619140625e+01
2.561086463928222656e+01 -4.969932556152343750e+00 7.095809936523437500e+01
2.576193237304687500e+01 -1.966296672821044922e+00 6.989990997314453125e+01
2.573905944824218750e+01 -5.098133563995361328e+00 7.098478698730468750e+01
2.002068901062011719e+01 8.010166168212890625e+00 6.990010833740234375e+01
2.724620628356933594e+01 -1.566044449806213379e+00 6.990010833740234375e+01
2.561738395690917969e+01 -4.987749576568603516e+00 7.111129760742187500e+01
2.515473365783691406e+01 -3.503095149993896484e+00 6.990001678466796875e+01
2.580958747863769531e+01 -5.168666362762451172e+00 7.094958496093750000e+01
2.501206970214843750e+01 -4.371163368225097656e+00 7.117342376708984375e+01
2.658352088928222656e+01 -2.549681663513183594e+00 6.895685577392578125e+01
2.574372100830078125e+01 -5.102796077728271484e+00 7.112191772460937500e+01
2.394858360290527344e+01 -3.075754880905151367e+00 6.990012359619140625e+01
2.891289710998535156e+01 -1.770521640777587891e+00 7.018809509277343750e+01
2.523148536682128906e+01 -4.598358631134033203e+00 7.152976989746093750e+01
2.554455566406250000e+01 -4.410298824310302734e+00 6.990003967285156250e+01
2.583635330200195312e+01 -5.195434093475341797e+00 7.103682708740234375e+01
1.902737998962402344e+01 4.003006517887115479e-01 7.117498779296875000e+01
2.791780090332031250e+01 -2.779206752777099609e+00 6.866739654541015625e+01
2.565196609497070312e+01 -5.014687061309814453e+00 7.137992095947265625e+01
2.483961486816406250e+01 -4.423764228820800781e+00 6.990007019042968750e+01
2.588297653198242188e+01 -5.242059230804443359e+00 7.092822265625000000e+01
2.467583656311035156e+01 -4.577836990356445312e+00 7.159472656250000000e+01
2.589915847778320312e+01 -4.740648269653320312e+00 6.989994812011718750e+01
2.583586311340332031e+01 -5.194944381713867188e+00 7.118232727050781250e+01
2.253964996337890625e+01 -3.516321659088134766e+00 6.990013122558593750e+01
2.783872795104980469e+01 -4.104240417480468750e+00 6.990003204345703125e+01
2.538339996337890625e+01 -5.006106853485107422e+00 7.159486389160156250e+01
2.531446456909179688e+01 -4.877975940704345703e+00 6.990010070800781250e+01
2.591007995605468750e+01 -5.269166469573974609e+00 7.102412414550781250e+01
2.428467178344726562e+01 -4.774565219879150391e+00 7.126638793945312500e+01
2.631574440002441406e+01 -4.912434577941894531e+00 6.990229797363281250e+01
2.578469467163085938e+01 -5.143774509429931641e+00 7.154333496093750000e+01
2.438290596008300781e+01 -4.813011646270751953e+00 6.990010833740234375e+01
2.876350975036621094e+01 -4.368345737457275391e+00 7.064418029785156250e+01
2.503231430053710938e+01 -5.100868701934814453e+00 7.159393310546875000e+01
2.567903137207031250e+01 -5.106935977935791016e+00 6.990004730224609375e+01
2.593141746520996094e+01 -5.290504932403564453e+00 7.118372344970703125e+01
1.488276672363281250e+01 -2.801771879196166992e+00 6.989997863769531250e+01
2.699198913574218750e+01 -5.031327247619628906e+00 6.989993286132812500e+01
2.554794692993164062e+01 -5.252544879913330078e+00 7.159386444091796875e+01
2.504486274719238281e+01 -5.184486865997314453e+00 6.990011596679687500e+01
2.598235893249511719e+01 -5.341449737548828125e+00 7.098458862304687500e+01
2.476448631286621094e+01 -5.255000591278076172e+00 7.136695098876953125e+01
2.604493331909179688e+01 -5.271181583404541016e+00 6.990000152587890625e+01
2.595691108703613281e+01 -5.321975708007812500e+00 7.159471130371093750e+01
2.356410026550292969e+01 -5.224918842315673828e+00 6.990013122558593750e+01
2.871116638183593750e+01 -5.229721069335937500e+00 6.996378326416015625e+01
2.526698493957519531e+01 -5.366021633148193359e+00 7.159488677978515625e+01
2.545941734313964844e+01 -5.380103588104248047e+00 6.990013885498046875e+01
2.603582382202148438e+01 -5.394916534423828125e+00 7.115703582763671875e+01
2.492288398742675781e+01 -5.413387775421142578e+00 7.099375152587890625e+01
2.596824645996093750e+01 -5.413380146026611328e+00 7.055461120605468750e+01
2.569948577880859375e+01 -5.439710140228271484e+00 7.159480285644531250e+01
2.468867301940917969e+01 -5.518601417541503906e+00 6.990011596679687500e+01
2.634026908874511719e+01 -5.465006351470947266e+00 7.093418121337890625e+01
2.501348304748535156e+01 -5.503954887390136719e+00 7.144599914550781250e+01
2.576127433776855469e+01 -5.487081527709960938e+00 7.027567291259765625e+01
2.615251159667968750e+01 -5.537460327148437500e+00 7.159484863281250000e+01
2.132785034179687500e+01 -6.262583255767822266e+00 6.990004730224609375e+01
2.586795043945312500e+01 -5.438783645629882812e+00 7.079032135009765625e+01
2.544875907897949219e+01 -5.564903736114501953e+00 7.159490203857421875e+01
2.521802520751953125e+01 -5.677290916442871094e+00 6.990010070800781250e+01
2.657119178771972656e+01 -5.666659832000732422e+00 7.128069305419921875e+01
2.508985137939453125e+01 -5.580342769622802734e+00 7.110707092285156250e+01
2.579131698608398438e+01 -5.472707271575927734e+00 7.067981719970703125e+01
2.585339546203613281e+01 -5.643750667572021484e+00 7.159382629394531250e+01
2.413525390625000000e+01 -6.084090232849121094e+00 6.989997863769531250e+01
2.583174896240234375e+01 -5.454813957214355469e+00 7.087383270263671875e+01
2.521757125854492188e+01 -5.708034515380859375e+00 7.148377227783203125e+01
2.564294815063476562e+01 -5.573154926300048828e+00 7.049974822998046875e+01
2.641787338256835938e+01 -5.881202697753906250e+00 7.159490203857421875e+01
7.804385185241699219e+00 -1.450999641418457031e+01 7.072576904296875000e+01
2.578902244567871094e+01 -5.473726749420166016e+00 7.079693603515625000e+01
2.560634040832519531e+01 -5.788073539733886719e+00 7.159490966796875000e+01
2.492361068725585938e+01 -6.141443252563476562e+00 6.990113830566406250e+01
2.667251586914062500e+01 -6.034195899963378906e+00 7.108678436279296875e+01
2.524092102050781250e+01 -5.731402873992919922e+00 7.116980743408203125e+01
2.572259902954101562e+01 -5.517254352569580078e+00 7.072666931152343750e+01
2.602635765075683594e+01 -5.968440532684326172e+00 7.159475708007812500e+01
2.301674652099609375e+01 -7.611660003662109375e+00 6.990015411376953125e+01
2.577489089965820312e+01 -5.479985237121582031e+00 7.085968780517578125e+01
2.541711235046386719e+01 -5.907570838928222656e+00 7.143572998046875000e+01
2.559353828430175781e+01 -5.646011829376220703e+00 7.063404846191406250e+01
2.654300689697265625e+01 -6.372053146362304688e+00 7.141503143310546875e+01
2.529676246643066406e+01 -5.787247657775878906e+00 7.097924041748046875e+01
2.573621940612792969e+01 -5.506635665893554688e+00 7.081364440917968750e+01
2.575640106201171875e+01 -6.193748950958251953e+00 7.158737182617187500e+01
2.451759719848632812e+01 -7.277704238891601562e+00 6.990592193603515625e+01
2.575236701965332031e+01 -5.494046688079833984e+00 7.089765167236328125e+01
2.541508483886718750e+01 -5.905554294586181641e+00 7.115294647216796875e+01
2.567997360229492188e+01 -5.550496578216552734e+00 7.079621887207031250e+01
2.613033866882324219e+01 -6.597014904022216797e+00 7.145775604248046875e+01
2.074178314208984375e+01 -1.456773376464843750e+01 7.018742370605468750e+01
2.572458839416503906e+01 -5.515708446502685547e+00 7.086576080322265625e+01
2.558118438720703125e+01 -6.338066101074218750e+00 7.129532623291015625e+01
2.564161682128906250e+01 -5.572860240936279297e+00 7.084204101562500000e+01
2.600953102111816406e+01 -6.594778537750244141e+00 7.101073455810546875e+01
2.551996421813964844e+01 -6.218877792358398438e+00 7.096954345703125000e+01
2.567415237426757812e+01 -6.444394588470458984e+00 7.090012359619140625e+01
