1.734408760070800781e+01 -8.597157597541809082e-01 7.090010833740234375e+01
1.576693248748779297e+01 2.393982648849487305e+00 7.234490966796875000e+01
1.743186187744140625e+01 -4.661093711853027344e+00 6.989997100830078125e+01
1.766539955139160156e+01 -6.637989997863769531e+00 7.131919860839843750e+01
1.169054985046386719e+01 5.315796852111816406e+00 6.990007781982421875e+01
1.891625595092773438e+01 -4.260314941406250000e+00 6.990002441406250000e+01
1.695567131042480469e+01 -5.329753875732421875e+00 7.234499359130859375e+01
1.682467079162597656e+01 -6.197648525238037109e+00 6.990000152587890625e+01
1.736064529418945312e+01 -8.057868003845214844e+00 7.090615844726562500e+01
1.384376144409179688e+01 -2.696247339248657227e+00 7.234499359130859375e+01
1.829636955261230469e+01 -5.110166072845458984e+00 6.886513519287109375e+01
1.779728889465332031e+01 -6.211144447326660156e+00 7.234498596191406250e+01
1.561838817596435547e+01 -5.770124912261962891e+00 6.990003204345703125e+01
1.754313278198242188e+01 -7.862509727478027344e+00 7.085634613037109375e+01
1.632827186584472656e+01 -6.267354488372802734e+00 7.234500122070312500e+01
1.721462631225585938e+01 -7.105857372283935547e+00 6.990105438232421875e+01
1.749795913696289062e+01 -7.899993896484375000e+00 7.102979278564453125e+01
1.734408760070800781e+01 -8.084980964660644531e+00 7.090010833740234375e+01
1.750082015991210938e+01 -7.902569770812988281e+00 7.074414062500000000e+01
1.727727508544921875e+01 -6.953427314758300781e+00 7.234499359130859375e+01
1.650954627990722656e+01 -7.118306636810302734e+00 6.990004730224609375e+01
1.807486915588378906e+01 -7.565736770629882812e+00 7.099843597412109375e+01
1.526739978790283203e+01 -6.394621849060058594e+00 7.234501647949218750e+01
1.756813812255859375e+01 -7.437950134277343750e+00 6.990417480468750000e+01
1.749745941162109375e+01 -7.899569988250732422e+00 7.116776275634765625e+01
1.420944309234619141e+01 -6.210782051086425781e+00 6.990007019042968750e+01
1.788552284240722656e+01 -7.763258934020996094e+00 7.064994812011718750e+01
1.673939132690429688e+01 -7.285670280456542969e+00 7.234500122070312500e+01
1.698501777648925781e+01 -7.573402404785156250e+00 6.990180206298828125e+01
1.807485389709472656e+01 -7.709361076354980469e+00 7.128417968750000000e+01
1.186262702941894531e+01 -5.655392646789550781e+00 7.234500122070312500e+01
1.776172256469726562e+01 -7.773833274841308594e+00 7.025058746337890625e+01
1.759240341186523438e+01 -7.530892372131347656e+00 7.234499359130859375e+01
1.605262947082519531e+01 -7.507462978363037109e+00 6.989993286132812500e+01
1.813743591308593750e+01 -7.822507381439208984e+00 7.083438110351562500e+01
1.600742149353027344e+01 -7.481940269470214844e+00 7.234500885009765625e+01
1.734896659851074219e+01 -7.801484107971191406e+00 6.990003967285156250e+01
1.797426605224609375e+01 -7.840197563171386719e+00 7.159478759765625000e+01
6.554150104522705078e+00 -5.496665000915527344e+00 6.990010070800781250e+01
1.819352340698242188e+01 -7.853511333465576172e+00 7.025541687011718750e+01
1.708122825622558594e+01 -7.797786235809326172e+00 7.234500885009765625e+01
1.671469116210937500e+01 -7.878998279571533203e+00 6.989993286132812500e+01
1.829456329345703125e+01 -7.933915138244628906e+00 7.116059112548828125e+01
1.452852821350097656e+01 -7.665789127349853516e+00 7.234500885009765625e+01
1.809513092041015625e+01 -7.843424320220947266e+00 6.887429809570312500e+01
1.762693786621093750e+01 -8.016498565673828125e+00 7.159492492675781250e+01
1.523390579223632812e+01 -7.919454097747802734e+00 6.990005493164062500e+01
1.837420463562011719e+01 -8.030468940734863281e+00 7.058251190185546875e+01
1.649729347229003906e+01 -8.034207344055175781e+00 7.234500885009765625e+01
1.712933731079101562e+01 -8.074648857116699219e+00 6.990005493164062500e+01
1.832223701477050781e+01 -8.097101211547851562e+00 7.159494018554687500e+01
5.751196384429931641e+00 -8.439161300659179688e+00 7.234490966796875000e+01
1.843429756164550781e+01 -8.170038223266601562e+00 6.961928558349609375e+01
1.736942672729492188e+01 -8.134266853332519531e+00 7.159494781494140625e+01
1.635851287841796875e+01 -8.213159561157226562e+00 6.990000152587890625e+01
1.845291328430175781e+01 -8.209113121032714844e+00 7.095680236816406250e+01
1.559535980224609375e+01 -8.385457038879394531e+00 7.234499359130859375e+01
1.734408760070800781e+01 -8.084980964660644531e+00 7.090010833740234375e+01
1.782086753845214844e+01 -8.231520652770996094e+00 7.159253692626953125e+01
1.299782848358154297e+01 -8.957120895385742188e+00 6.990004730224609375e+01
1.847346687316894531e+01 -8.366735458374023438e+00 7.026024627685546875e+01
1.687535095214843750e+01 -8.447812080383300781e+00 7.234499359130859375e+01
1.688794708251953125e+01 -8.371844291687011719e+00 6.990006256103515625e+01
1.846790504455566406e+01 -8.431037902832031250e+00 7.137689208984375000e+01
1.326474380493164062e+01 -9.410836219787597656e+00 7.234492492675781250e+01
1.830859756469726562e+01 -8.762257575988769531e+00 6.908648681640625000e+01
1.752358055114746094e+01 -8.338650703430175781e+00 7.159477996826171875e+01
1.581537628173828125e+01 -8.774044036865234375e+00 6.990658569335937500e+01
1.844677352905273438e+01 -8.535434722900390625e+00 7.071613311767578125e+01
1.621378517150878906e+01 -8.871222496032714844e+00 7.234497070312500000e+01
1.728235626220703125e+01 -8.446455955505371094e+00 7.010804748535156250e+01
1.808449935913085938e+01 -8.573564529418945312e+00 7.159179687500000000e+01
4.648018360137939453e+00 -1.456422519683837891e+01 7.077623748779296875e+01
1.830102539062500000e+01 -8.778845787048339844e+00 7.004049682617187500e+01
1.728239822387695312e+01 -8.446715354919433594e+00 7.153215789794921875e+01
1.659271621704101562e+01 -8.836819648742675781e+00 6.990001678466796875e+01
1.834516525268554688e+01 -8.730492591857910156e+00 7.108727264404296875e+01
1.502294254302978516e+01 -9.911798477172851562e+00 7.234501647949218750e+01
1.766292953491210938e+01 -8.919601440429687500e+00 6.975857543945312500e+01
1.769469451904296875e+01 -8.660365104675292969e+00 7.159159088134765625e+01
1.468659782409667969e+01 -1.030627632141113281e+01 6.990010833740234375e+01
1.821002578735351562e+01 -8.854748725891113281e+00 7.055251312255859375e+01
1.665069580078125000e+01 -9.480004310607910156e+00 7.234495544433593750e+01
1.729541587829589844e+01 -8.239285469055175781e+00 7.073946380615234375e+01
1.808411216735839844e+01 -8.921047210693359375e+00 7.133866882324218750e+01
1.127641105651855469e+01 -1.446492576599121094e+01 7.217214202880859375e+01
1.780826187133789062e+01 -8.953987121582031250e+00 7.025337219238281250e+01
1.741111373901367188e+01 -8.739627838134765625e+00 7.146017456054687500e+01
1.521174049377441406e+01 -1.156455039978027344e+01 6.906708526611328125e+01
1.799455451965332031e+01 -8.946656227111816406e+00 7.087956237792968750e+01
1.586353111267089844e+01 -1.102886009216308594e+01 7.234498596191406250e+01
1.736534309387207031e+01 -8.669460296630859375e+00 7.052069854736328125e+01
1.765929794311523438e+01 -8.918690681457519531e+00 7.128541564941406250e+01
1.387215042114257812e+01 -1.454496097564697266e+01 7.039842987060546875e+01
1.768316078186035156e+01 -8.927187919616699219e+00 7.066906738281250000e+01
1.730076408386230469e+01 -8.526583671569824219e+00 7.108427429199218750e+01
1.728148460388183594e+01 -8.435988426208496094e+00 7.078834533691406250e+01
1.756298637390136719e+01 -8.871046066284179688e+00 7.097230529785156250e+01
1.728063201904296875e+01 -8.425920486450195312e+00 7.092868041992187500e+01
1.734408760070800781e+01 -8.635906219482421875e+00 7.090010833740234375e+01
