1.365908813476562500e+01 2.287934869527816772e-01 7.089998626708984375e+01
1.353868007659912109e+01 4.003065526485443115e-01 7.101029205322265625e+01
1.374685192108154297e+01 3.023773431777954102e+00 6.989996337890625000e+01
1.383673286437988281e+01 4.002919793128967285e-01 7.113169097900390625e+01
8.026949882507324219e+00 1.295033931732177734e+01 6.990373992919921875e+01
1.523098659515380859e+01 3.424297332763671875e+00 6.990007019042968750e+01
1.354630470275878906e+01 4.003132581710815430e-01 7.131953430175781250e+01
1.313971614837646484e+01 1.487457633018493652e+00 6.989996337890625000e+01
1.414765357971191406e+01 4.002885520458221436e-01 7.107840728759765625e+01
1.313942527770996094e+01 4.003039002418518066e-01 7.111449432373046875e+01
1.412705707550048828e+01 1.062164425849914551e+00 6.989996337890625000e+01
1.385257530212402344e+01 4.002901315689086914e-01 7.151685333251953125e+01
1.026460361480712891e+01 4.153654098510742188e+00 6.893281555175781250e+01
1.820764541625976562e+01 4.684165954589843750e+00 6.990000152587890625e+01
1.321197509765625000e+01 4.003168642520904541e-01 7.153595733642578125e+01
1.352950000762939453e+01 5.803601145744323730e-01 6.989996337890625000e+01
1.432453155517578125e+01 4.002948105335235596e-01 7.146082305908203125e+01
1.274080181121826172e+01 4.003062546253204346e-01 7.093795776367187500e+01
1.466400146484375000e+01 7.698355913162231445e-01 6.989996337890625000e+01
1.362695693969726562e+01 1.444597393274307251e-01 7.159484100341796875e+01
1.282458209991455078e+01 5.669203996658325195e-01 6.989997100830078125e+01
1.478503513336181641e+01 4.003076851367950439e-01 7.105148315429687500e+01
1.267624950408935547e+01 4.002858102321624756e-01 7.158381652832031250e+01
1.388405895233154297e+01 2.499730736017227173e-01 6.989997100830078125e+01
1.405725288391113281e+01 8.162650465965270996e-02 7.159483337402343750e+01
1.052441692352294922e+01 1.474501013755798340e+00 6.989994049072265625e+01
1.681814765930175781e+01 1.477404356002807617e+00 6.944042205810546875e+01
1.336826419830322266e+01 -1.529233902692794800e-02 7.159489440917968750e+01
1.329940223693847656e+01 1.127414405345916748e-01 6.989997100830078125e+01
1.498106861114501953e+01 2.797940373420715332e-01 7.159477996826171875e+01
1.185408496856689453e+01 4.003309011459350586e-01 7.137577819824218750e+01
1.430209255218505859e+01 7.933891564607620239e-02 6.989996337890625000e+01
1.377850532531738281e+01 -1.332495063543319702e-01 7.159484100341796875e+01
1.236783790588378906e+01 1.777112483978271484e-01 6.989997100830078125e+01
2.572748374938964844e+01 3.593020915985107422e+00 6.990014648437500000e+01
1.301617908477783203e+01 -1.096636876463890076e-01 7.159495544433593750e+01
1.366396617889404297e+01 -1.162318214774131775e-01 6.989996337890625000e+01
1.428940010070800781e+01 -1.548786312341690063e-01 7.159481048583984375e+01
2.869505405426025391e+00 2.188516855239868164e+00 6.990000915527343750e+01
1.497670078277587891e+01 -4.066725447773933411e-02 6.989996337890625000e+01
1.353267002105712891e+01 -2.615917921066284180e-01 7.159489440917968750e+01
1.302979183197021484e+01 -1.937636286020278931e-01 6.989997100830078125e+01
1.619511795043945312e+01 3.355173394083976746e-03 7.159500885009765625e+01
1.230479907989501953e+01 -1.980819255113601685e-01 7.159498596191406250e+01
1.402930641174316406e+01 -2.806413173675537109e-01 6.990139007568359375e+01
1.394194793701171875e+01 -3.312297165393829346e-01 7.159482574462890625e+01
1.154898738861083984e+01 -2.341936230659484863e-01 6.989997100830078125e+01
1.690256118774414062e+01 -2.280742377042770386e-01 6.989998626708984375e+01
1.325180149078369141e+01 -3.752931952476501465e-01 7.159494781494140625e+01
1.344434738159179688e+01 -3.893820345401763916e-01 6.989997863769531250e+01
1.365936946868896484e+01 -3.997174501419067383e-01 7.090018463134765625e+01
8.083751678466796875e+00 -5.700488090515136719e-01 7.159483337402343750e+01
1.451005458831787109e+01 -4.661055803298950195e-01 6.990023803710937500e+01
1.366016292572021484e+01 -4.018039405345916748e-01 7.092945098876953125e+01
1.267360877990722656e+01 -5.278801321983337402e-01 6.989997863769531250e+01
1.366373538970947266e+01 -4.002342522144317627e-01 7.090022277832031250e+01
1.281814861297607422e+01 -5.442086458206176758e-01 7.159481048583984375e+01
1.379860782623291016e+01 -5.544852614402770996e-01 6.989997863769531250e+01
1.366335391998291016e+01 -4.010251164436340332e-01 7.090618133544921875e+01
9.313176155090332031e+00 -1.271783947944641113e+00 6.990000152587890625e+01
1.542414474487304688e+01 -8.400556445121765137e-01 6.989997863769531250e+01
1.343366527557373047e+01 -5.742046833038330078e-01 7.159485626220703125e+01
1.320296573638916016e+01 -6.865663528442382812e-01 6.989997863769531250e+01
1.366337776184082031e+01 -4.010348021984100342e-01 7.090180969238281250e+01
1.224374294281005859e+01 -8.597248196601867676e-01 7.140127563476562500e+01
1.419090747833251953e+01 -7.731565237045288086e-01 6.989997863769531250e+01
1.366067123413085938e+01 -4.019516408443450928e-01 7.090611267089843750e+01
1.212040424346923828e+01 -1.093272686004638672e+00 6.989997863769531250e+01
1.960071563720703125e+01 -2.826903581619262695e+00 6.990867614746093750e+01
1.311548900604248047e+01 -7.778426408767700195e-01 7.159486389160156250e+01
1.358114910125732422e+01 -8.560914397239685059e-01 6.989997863769531250e+01
1.366235923767089844e+01 -4.018724262714385986e-01 7.090304565429687500e+01
1.354156017303466797e+01 -4.596923887729644775e-01 7.089884185791015625e+01
1.477231121063232422e+01 -1.206899166107177734e+00 6.989998626708984375e+01
1.359126663208007812e+01 -7.974060177803039551e-01 7.159486389160156250e+01
1.290778350830078125e+01 -1.151485919952392578e+00 6.989998626708984375e+01
1.366241168975830078e+01 -4.018567800521850586e-01 7.090060424804687500e+01
1.307459735870361328e+01 -8.597272634506225586e-01 7.126383209228515625e+01
1.393840026855468750e+01 -1.130857586860656738e+00 6.989997863769531250e+01
1.366036987304687500e+01 -4.018181562423706055e-01 7.090251159667968750e+01
1.100154876708984375e+01 -2.621051311492919922e+00 6.989996337890625000e+01
1.613907623291015625e+01 -2.604274988174438477e+00 6.990448760986328125e+01
1.343043613433837891e+01 -8.597346544265747070e-01 7.137643432617187500e+01
1.335655021667480469e+01 -1.358863353729248047e+00 6.990143585205078125e+01
1.366115665435791016e+01 -4.020512700080871582e-01 7.090121459960937500e+01
1.322160053253173828e+01 -8.597161173820495605e-01 7.099169921875000000e+01
1.437680339813232422e+01 -1.743387222290039062e+00 6.989999389648437500e+01
1.365913963317871094e+01 -4.002174735069274902e-01 7.090041351318359375e+01
1.249578666687011719e+01 -2.297991991043090820e+00 6.989997863769531250e+01
1.370435047149658203e+01 -4.596730470657348633e-01 7.089855957031250000e+01
1.342773723602294922e+01 -8.597220778465270996e-01 7.112576293945312500e+01
1.371511077880859375e+01 -1.940205335617065430e+00 6.989999389648437500e+01
1.365968036651611328e+01 -4.012807905673980713e-01 7.090071105957031250e+01
1.362703609466552734e+01 -4.593504369258880615e-01 7.089535522460937500e+01
1.512668418884277344e+01 -4.045001983642578125e+00 6.989997863769531250e+01
1.361395931243896484e+01 -8.597185015678405762e-01 7.109182739257812500e+01
1.309895515441894531e+01 -3.540311098098754883e+00 6.989998626708984375e+01
1.365942764282226562e+01 -4.009329080581665039e-01 7.090010070800781250e+01
1.357347297668457031e+01 -8.597183823585510254e-01 7.093852996826171875e+01
1.365908813476562500e+01 -4.597092866897583008e-01 7.089998626708984375e+01
