-2.555779647827148438e+01 1.471011161804199219e+01 7.090003204345703125e+01
-2.679306793212890625e+01 1.467511272430419922e+01 7.203163909912109375e+01
-2.547004127502441406e+01 9.890857696533203125e+00 6.990010833740234375e+01
-2.445008277893066406e+01 1.145617008209228516e+01 7.234484863281250000e+01
-2.883142280578613281e+01 1.422729301452636719e+01 7.032097625732421875e+01
-2.240832901000976562e+01 1.412951946258544922e+01 6.889659881591796875e+01
-2.594619750976562500e+01 9.222823143005371094e+00 7.234486389160156250e+01
-2.607716178894042969e+01 8.354849815368652344e+00 6.990002441406250000e+01
-2.160142135620117188e+01 1.294607162475585938e+01 7.234489440917968750e+01
-2.882664871215820312e+01 1.150008296966552734e+01 7.224936676025390625e+01
-2.508978462219238281e+01 7.929715633392333984e+00 6.989991760253906250e+01
-2.510461616516113281e+01 8.341450691223144531e+00 7.234484100341796875e+01
-2.727830314636230469e+01 8.775594711303710938e+00 6.990296173095703125e+01
-2.555729675292968750e+01 6.468261718750000000e+00 7.089992523193359375e+01
-2.657354164123535156e+01 8.285201072692871094e+00 7.234482574462890625e+01
-2.568739891052246094e+01 7.447882652282714844e+00 6.989990234375000000e+01
-2.384342765808105469e+01 8.528750419616699219e+00 7.234490203857421875e+01
-2.887668228149414062e+01 9.359149932861328125e+00 7.103727722167968750e+01
-2.555624771118164062e+01 6.469504356384277344e+00 7.089849090576171875e+01
-2.562460517883300781e+01 7.599176883697509766e+00 7.234481811523437500e+01
-2.639239120483398438e+01 7.434438705444335938e+00 6.989990997314453125e+01
-1.483590984344482422e+01 1.408594989776611328e+01 7.234264373779296875e+01
-2.555782318115234375e+01 6.467723846435546875e+00 7.090004730224609375e+01
-2.533285331726074219e+01 7.117311477661132812e+00 6.990013122558593750e+01
-2.472985839843750000e+01 7.468594074249267578e+00 7.234489440917968750e+01
-2.568938636779785156e+01 6.546380519866943359e+00 7.085804748535156250e+01
-2.555604934692382812e+01 6.468740463256835938e+00 7.089922332763671875e+01
-2.616244125366210938e+01 7.266946315765380859e+00 7.234480285644531250e+01
-2.591746902465820312e+01 6.980140209197998047e+00 6.990004730224609375e+01
-2.280843734741210938e+01 7.880894660949707031e+00 7.234501647949218750e+01
-2.582638359069824219e+01 6.586750507354736328e+00 7.097083282470703125e+01
-2.555570220947265625e+01 6.469263553619384766e+00 7.089677429199218750e+01
-2.530948448181152344e+01 7.021781444549560547e+00 7.234488677978515625e+01
-2.582593154907226562e+01 6.587607860565185547e+00 7.069237518310546875e+01
-2.555722808837890625e+01 6.467891216278076172e+00 7.089998626708984375e+01
-2.581635093688964844e+01 6.584350585937500000e+00 7.117951965332031250e+01
-2.555291938781738281e+01 6.751146793365478516e+00 6.990014648437500000e+01
-2.424701690673828125e+01 6.976855754852294922e+00 7.234497833251953125e+01
-2.604334831237792969e+01 6.584177970886230469e+00 7.085503387451171875e+01
-2.555464363098144531e+01 6.468562126159667969e+00 7.089763641357421875e+01
-2.582064437866210938e+01 6.754885673522949219e+00 7.234487152099609375e+01
-2.593937110900878906e+01 6.592580795288085938e+00 7.029367065429687500e+01
-2.028512573242187500e+01 7.305725574493408203e+00 7.234505462646484375e+01
-2.613276290893554688e+01 6.553306102752685547e+00 7.119509887695312500e+01
-2.555605125427246094e+01 6.468264579772949219e+00 7.089532470703125000e+01
-2.496958732604980469e+01 6.610116481781005859e+00 7.234495544433593750e+01
-2.622217941284179688e+01 6.519818305969238281e+00 7.058516693115234375e+01
-2.555466461181640625e+01 6.467868804931640625e+00 7.089906311035156250e+01
-2.596500015258789062e+01 6.492118835449218750e+00 7.159485626220703125e+01
-2.555779647827148438e+01 6.467702865600585938e+00 7.090003204345703125e+01
-2.352360153198242188e+01 6.442497730255126953e+00 7.234503173828125000e+01
-2.632591438293457031e+01 6.444235801696777344e+00 7.099575805664062500e+01
-2.555415344238281250e+01 6.467418670654296875e+00 7.089575195312500000e+01
-2.555779647827148438e+01 6.467701435089111328e+00 7.090005493164062500e+01
-2.640141296386718750e+01 6.357986927032470703e+00 7.004397583007812500e+01
-2.555779647827148438e+01 6.467702865600585938e+00 7.090003204345703125e+01
-2.639872741699218750e+01 6.323209762573242188e+00 7.159484863281250000e+01
-2.541829490661621094e+01 6.312952995300292969e+00 6.990016174316406250e+01
-2.456285285949707031e+01 6.161903858184814453e+00 7.234500122070312500e+01
-2.645166587829589844e+01 6.288334846496582031e+00 7.069435119628906250e+01
-2.555172348022460938e+01 6.466187953948974609e+00 7.089659118652343750e+01
-2.578277397155761719e+01 6.293557167053222656e+00 7.159352874755859375e+01
-2.650496292114257812e+01 5.872036457061767578e+00 6.882345581054687500e+01
-2.215177154541015625e+01 5.418887615203857422e+00 7.234503936767578125e+01
-2.650409507751464844e+01 6.160139560699462891e+00 7.123519134521484375e+01
-2.555504035949707031e+01 6.465766906738281250e+00 7.089485168457031250e+01
-2.555779266357421875e+01 6.467696666717529297e+00 7.090004730224609375e+01
-2.652028083801269531e+01 6.033864974975585938e+00 7.027450561523437500e+01
-2.554949760437011719e+01 6.464312553405761719e+00 7.089865112304687500e+01
-2.610142898559570312e+01 6.089550495147705078e+00 7.159495544433593750e+01
-2.572181892395019531e+01 5.507258892059326172e+00 6.879552459716796875e+01
-2.401102066040039062e+01 5.447015762329101562e+00 7.234500885009765625e+01
-2.652244377136230469e+01 5.975409507751464844e+00 7.089061737060546875e+01
-2.555202865600585938e+01 6.463521003723144531e+00 7.089485168457031250e+01
-2.562561035156250000e+01 6.070052146911621094e+00 7.159483337402343750e+01
-2.639549636840820312e+01 5.629482746124267578e+00 6.978504180908203125e+01
-1.782957077026367188e+01 1.484416007995605469e+00 7.234494018554687500e+01
-2.646652603149414062e+01 5.752502918243408203e+00 7.146571350097656250e+01
-2.533956718444824219e+01 5.896452426910400391e+00 7.011871337890625000e+01
-2.534700202941894531e+01 6.121765136718750000e+00 7.131577301025390625e+01
-2.645028686523437500e+01 5.721703529357910156e+00 7.056419372558593750e+01
-2.550744056701660156e+01 6.422939777374267578e+00 7.087982177734375000e+01
-2.589124679565429688e+01 5.796841144561767578e+00 7.159485626220703125e+01
-2.589401435852050781e+01 5.401776313781738281e+00 6.979032135009765625e+01
-2.544760894775390625e+01 6.343214035034179688e+00 7.096533203125000000e+01
-2.637428092956542969e+01 5.609198570251464844e+00 7.107119750976562500e+01
-2.533190536499023438e+01 6.044800758361816406e+00 7.058529663085937500e+01
-2.547464370727539062e+01 5.655558586120605469e+00 7.159484100341796875e+01
-2.617642211914062500e+01 5.458227634429931641e+00 7.036824798583984375e+01
-2.537982749938964844e+01 6.231947422027587891e+00 7.089440917968750000e+01
-2.608241653442382812e+01 5.424568653106689453e+00 7.141201019287109375e+01
-2.552471923828125000e+01 5.558150768280029297e+00 7.030960845947265625e+01
-2.498932838439941406e+01 4.964147090911865234e+00 7.159491729736328125e+01
-2.611238098144531250e+01 5.435827732086181641e+00 7.081990051269531250e+01
-2.533596229553222656e+01 5.916698455810546875e+00 7.074887847900390625e+01
-2.568297958374023438e+01 5.191699028015136719e+00 7.143218231201171875e+01
-2.574289703369140625e+01 5.429864406585693359e+00 7.056957244873046875e+01
-2.501699829101562500e+01 4.525703430175781250e+00 7.107839202880859375e+01
-2.577766799926757812e+01 5.286351680755615234e+00 7.099902343750000000e+01
-2.555779647827148438e+01 5.532262802124023438e+00 7.090003204345703125e+01
