-2.589265632629394531e+01 6.595253944396972656e+00 7.090007781982421875e+01
-2.607042312622070312e+01 6.582427024841308594e+00 7.106292724609375000e+01
-2.586213874816894531e+01 6.591750621795654297e+00 7.055234527587890625e+01
-2.564312553405761719e+01 6.525045394897460938e+00 7.122554779052734375e+01
-2.633019447326660156e+01 6.438422203063964844e+00 7.082268524169921875e+01
-2.548328018188476562e+01 6.397214412689208984e+00 7.063966369628906250e+01
-2.605942916870117188e+01 6.584313392639160156e+00 7.152046203613281250e+01
-2.620268630981445312e+01 6.527822494506835938e+00 7.030313110351562500e+01
-2.538277244567871094e+01 6.236221313476562500e+00 7.108628845214843750e+01
-2.645738983154296875e+01 6.270715713500976562e+00 7.113319396972656250e+01
-2.555255126953125000e+01 6.463756561279296875e+00 7.017329406738281250e+01
-2.567469215393066406e+01 6.302515983581542969e+00 7.159497833251953125e+01
-2.648694038391113281e+01 6.198485374450683594e+00 7.055567932128906250e+01
-2.532995796203613281e+01 6.030232906341552734e+00 7.077636718750000000e+01
-2.638112640380859375e+01 6.275341033935546875e+00 7.159487152099609375e+01
-2.604882431030273438e+01 6.582408428192138672e+00 6.969493865966796875e+01
-2.533504104614257812e+01 6.071687221527099609e+00 7.137004089355468750e+01
-2.651869583129882812e+01 5.946722507476806641e+00 7.092596435546875000e+01
-2.533296585083007812e+01 6.052695274353027344e+00 7.034310913085937500e+01
-2.592478561401367188e+01 5.945474624633789062e+00 7.159492492675781250e+01
-2.651174354553222656e+01 6.118418216705322266e+00 7.015820312500000000e+01
-2.523167991638183594e+01 5.870955467224121094e+00 7.098901367187500000e+01
-2.651319313049316406e+01 5.906407833099365234e+00 7.133183288574218750e+01
-2.553265762329101562e+01 6.440939426422119141e+00 6.929985046386718750e+01
-2.549449539184570312e+01 5.882645606994628906e+00 7.159491729736328125e+01
-2.646151351928710938e+01 5.741429805755615234e+00 7.071859741210937500e+01
-2.543506813049316406e+01 5.673210620880126953e+00 7.068865966796875000e+01
-2.618346023559570312e+01 5.785705566406250000e+00 7.159494018554687500e+01
-2.647536277770996094e+01 6.231510639190673828e+00 6.928000640869140625e+01
-2.514972496032714844e+01 5.783182621002197266e+00 7.129054260253906250e+01
-2.638127326965332031e+01 5.617883682250976562e+00 7.102887725830078125e+01
-2.536604309082031250e+01 5.793649673461914062e+00 7.008106994628906250e+01
-2.577382850646972656e+01 5.666460037231445312e+00 7.159149932861328125e+01
-2.636600303649902344e+01 5.612983226776123047e+00 7.053349304199218750e+01
-2.562138557434082031e+01 5.491058349609375000e+00 7.087760162353515625e+01
-2.638613319396972656e+01 5.623943805694580078e+00 7.143350982666015625e+01
-2.589265632629394531e+01 5.401310443878173828e+00 7.090007781982421875e+01
-2.526240730285644531e+01 5.646121025085449219e+00 7.159483337402343750e+01
-2.590188026428222656e+01 5.403522968292236328e+00 7.089922332763671875e+01
-2.567276382446289062e+01 5.461230278015136719e+00 7.073318481445312500e+01
-2.601907730102539062e+01 5.539435863494873047e+00 7.159500122070312500e+01
-2.627855300903320312e+01 5.527603149414062500e+00 7.028684997558593750e+01
-2.491638946533203125e+01 5.556475639343261719e+00 7.116763305664062500e+01
-2.609529113769531250e+01 5.431479454040527344e+00 7.100406646728515625e+01
-2.561751365661621094e+01 5.489803791046142578e+00 7.015792846679687500e+01
-2.560981369018554688e+01 5.469790458679199219e+00 7.159487152099609375e+01
-2.590223312377929688e+01 5.402061939239501953e+00 7.089553833007812500e+01
-2.264945602416992188e+01 5.572935581207275391e+00 6.990016174316406250e+01
-2.605445861816406250e+01 5.411012172698974609e+00 7.117616271972656250e+01
-2.610727119445800781e+01 5.411636352539062500e+00 6.990065002441406250e+01
-2.491452789306640625e+01 5.389190673828125000e+00 7.159489440917968750e+01
-2.589265632629394531e+01 5.401310443878173828e+00 7.090007781982421875e+01
-2.504147529602050781e+01 5.334902286529541016e+00 6.990007781982421875e+01
-2.583996582031250000e+01 5.298822402954101562e+00 7.234496307373046875e+01
-2.687830162048339844e+01 5.273122787475585938e+00 6.989990234375000000e+01
-2.589265632629394531e+01 5.401310443878173828e+00 7.090007781982421875e+01
-2.589265632629394531e+01 5.401310443878173828e+00 7.090007781982421875e+01
-2.575315093994140625e+01 5.246555328369140625e+00 6.990016937255859375e+01
-2.541420745849609375e+01 5.254258155822753906e+00 7.159493255615234375e+01
-2.882874298095703125e+01 4.812142372131347656e+00 7.022449493408203125e+01
-2.412763023376464844e+01 4.960976123809814453e+00 6.990008544921875000e+01
-2.636138916015625000e+01 5.038482666015625000e+00 7.234495544433593750e+01
-2.634879684448242188e+01 5.114446640014648438e+00 6.990003204345703125e+01
-2.425774192810058594e+01 4.897872447967529297e+00 7.159368896484375000e+01
-2.883012390136718750e+01 4.446584224700927734e+00 7.194046783447265625e+01
-2.536084365844726562e+01 5.027872562408447266e+00 6.990007781982421875e+01
-2.551931571960449219e+01 4.873685836791992188e+00 7.234497070312500000e+01
-2.849427223205566406e+01 4.228637218475341797e+00 6.920926666259765625e+01
-1.989930152893066406e+01 2.952990055084228516e+00 6.990013885498046875e+01
-2.702299308776855469e+01 4.615046024322509766e+00 7.234498596191406250e+01
-2.597055053710937500e+01 4.945188522338867188e+00 6.990062713623046875e+01
-2.514886474609375000e+01 4.910497188568115234e+00 7.159491729736328125e+01
-2.885431289672851562e+01 3.889874458312988281e+00 7.087117767333984375e+01
-2.477942085266113281e+01 4.594116687774658203e+00 6.990006256103515625e+01
-2.603367996215820312e+01 4.574376106262207031e+00 7.234495544433593750e+01
-2.664391326904296875e+01 4.649586677551269531e+00 6.990013885498046875e+01
-2.270711898803710938e+01 3.347223758697509766e+00 7.149566650390625000e+01
-2.821367835998535156e+01 3.574588537216186523e+00 7.234490966796875000e+01
-2.561331558227539062e+01 4.670092105865478516e+00 6.989997100830078125e+01
-2.589030838012695312e+01 5.397456645965576172e+00 7.090470886230468750e+01
-2.855057907104492188e+01 3.179652452468872070e+00 6.989990997314453125e+01
-2.340138816833496094e+01 3.186721563339233398e+00 6.990005493164062500e+01
-2.658606910705566406e+01 4.006246089935302734e+00 7.234497070312500000e+01
-2.619565963745117188e+01 4.440683364868164062e+00 6.989998626708984375e+01
-2.588842391967773438e+01 5.396528720855712891e+00 7.090258789062500000e+01
-2.885900115966796875e+01 2.282303810119628906e+00 7.152194213867187500e+01
-2.517492675781250000e+01 4.057612419128417969e+00 6.990006256103515625e+01
-2.571973991394042969e+01 3.712444067001342773e+00 7.234494018554687500e+01
-2.705614280700683594e+01 3.502729654312133789e+00 6.989990997314453125e+01
-1.080474090576171875e+01 -1.458569908142089844e+01 7.042354583740234375e+01
-2.737308692932128906e+01 2.457680940628051758e+00 7.234483337402343750e+01
-2.583662986755371094e+01 3.860698223114013672e+00 6.990000915527343750e+01
-2.589123153686523438e+01 5.397542953491210938e+00 7.090181732177734375e+01
-2.882778549194335938e+01 -5.986969918012619019e-02 7.047596740722656250e+01
-2.442491340637207031e+01 1.755656480789184570e+00 6.989997100830078125e+01
-2.623251533508300781e+01 1.937118530273437500e+00 7.234481048583984375e+01
-2.707903480529785156e+01 -1.250568747520446777e+00 6.878205108642578125e+01
-2.151175308227539062e+01 -1.033048152923583984e+01 7.234494781494140625e+01
-2.876590156555175781e+01 -1.003639793395996094e+01 7.219372558593750000e+01
-2.589265632629394531e+01 -1.462753963470458984e+01 7.090007781982421875e+01
