8.148164749145507812e+00 -3.997184038162231445e-01 7.089997100830078125e+01
8.139310836791992188e+00 -4.008376002311706543e-01 7.090808105468750000e+01
8.235929489135742188e+00 2.963875770568847656e+00 6.989993286132812500e+01
8.161476135253906250e+00 -3.997176289558410645e-01 7.091733551025390625e+01
8.123015403747558594e+00 -4.000529050827026367e-01 7.089552307128906250e+01
9.720290184020996094e+00 3.364897012710571289e+00 6.989990997314453125e+01
8.139714241027832031e+00 -3.997203111648559570e-01 7.093140411376953125e+01
7.628792762756347656e+00 1.427504897117614746e+00 6.989994812011718750e+01
8.184777259826660156e+00 -3.997151255607604980e-01 7.091334533691406250e+01
8.109228134155273438e+00 -3.997229039669036865e-01 7.091604614257812500e+01
8.616132736206054688e+00 1.002207398414611816e+00 6.989994812011718750e+01
8.162663459777832031e+00 -3.997184932231903076e-01 7.094619750976562500e+01
6.422595500946044922e+00 1.855015873908996582e+00 6.989997100830078125e+01
1.269707107543945312e+01 4.624603748321533203e+00 6.989990997314453125e+01
8.114665031433105469e+00 -3.997234106063842773e-01 7.094762420654296875e+01
8.018578529357910156e+00 5.203975439071655273e-01 6.989996337890625000e+01
8.198032379150390625e+00 -3.997147381305694580e-01 7.094200134277343750e+01
8.079517364501953125e+00 -3.998601138591766357e-01 7.090280914306640625e+01
9.153067588806152344e+00 7.098715305328369141e-01 6.989995574951171875e+01
8.144625663757324219e+00 -3.997213542461395264e-01 7.097651672363281250e+01
7.313666343688964844e+00 5.069590806961059570e-01 6.989996337890625000e+01
8.232546806335449219e+00 -3.997101783752441406e-01 7.091132354736328125e+01
8.078692436218261719e+00 -4.031179845333099365e-01 7.094831085205078125e+01
8.373132705688476562e+00 1.900108158588409424e-01 6.989997100830078125e+01
8.197754859924316406e+00 -3.997162580490112305e-01 7.098651123046875000e+01
5.013741493225097656e+00 1.414400219917297363e+00 6.990000152587890625e+01
1.030540752410888672e+01 8.221707940101623535e-01 6.990326690673828125e+01
8.102818489074707031e+00 -3.997254371643066406e-01 7.100832366943359375e+01
7.788485050201416016e+00 5.278056114912033081e-02 6.989997100830078125e+01
8.264811515808105469e+00 -3.997085988521575928e-01 7.096128082275390625e+01
8.030510902404785156e+00 -4.075173735618591309e-01 7.093098449707031250e+01
8.791156768798828125e+00 1.937750913202762604e-02 6.989997100830078125e+01
8.174537658691406250e+00 -4.008171856403350830e-01 7.105342864990234375e+01
6.856937408447265625e+00 1.177491694688796997e-01 6.989997100830078125e+01
2.021691322326660156e+01 3.533185482025146484e+00 6.990010070800781250e+01
8.033955574035644531e+00 -4.081402122974395752e-01 7.102342987060546875e+01
8.153042793273925781e+00 -1.761911958456039429e-01 6.989997863769531250e+01
8.302521705627441406e+00 -3.997084200382232666e-01 7.107012939453125000e+01
-2.543418645858764648e+00 2.105056524276733398e+00 6.990908050537109375e+01
9.465744972229003906e+00 -1.006283089518547058e-01 6.989997863769531250e+01
8.093303680419921875e+00 -3.997259140014648438e-01 7.120153808593750000e+01
7.518883228302001953e+00 -2.537206411361694336e-01 6.989997863769531250e+01
8.525563240051269531e+00 -3.996834456920623779e-01 7.100340270996093750e+01
7.745442390441894531e+00 -3.997071683406829834e-01 7.110664367675781250e+01
8.518897056579589844e+00 -3.404279649257659912e-01 6.989998626708984375e+01
8.395814895629882812e+00 -3.997066020965576172e-01 7.150831604003906250e+01
6.038143157958984375e+00 -2.941519618034362793e-01 6.989999389648437500e+01
1.139164066314697266e+01 -2.880262434482574463e-01 6.989997100830078125e+01
7.301360607147216797e+00 -4.088919460773468018e-01 7.234489440917968750e+01
7.933448314666748047e+00 -4.493353366851806641e-01 6.990007019042968750e+01
9.126429557800292969e+00 -4.717875123023986816e-01 7.159488677978515625e+01
2.571624755859375000e+00 -6.300376653671264648e-01 7.159496307373046875e+01
8.148170471191406250e+00 -4.596665501594543457e-01 7.089996337890625000e+01
8.173501014709472656e+00 -5.089460611343383789e-01 7.159472656250000000e+01
8.148154258728027344e+00 -4.596673846244812012e-01 7.089996337890625000e+01
8.148536682128906250e+00 -4.597077369689941406e-01 7.089998626708984375e+01
7.307065963745117188e+00 -6.041881442070007324e-01 7.159493255615234375e+01
8.148166656494140625e+00 -4.596678614616394043e-01 7.089995574951171875e+01
8.626578330993652344e+00 -6.067080497741699219e-01 7.159477233886718750e+01
8.148043632507324219e+00 -4.596904516220092773e-01 7.089994049072265625e+01
8.148203849792480469e+00 -4.596759378910064697e-01 7.089994812011718750e+01
7.922709941864013672e+00 -6.341819167137145996e-01 7.159494018554687500e+01
8.148157119750976562e+00 -4.596710503101348877e-01 7.089995574951171875e+01
9.447248458862304688e+00 -8.596921563148498535e-01 7.145111083984375000e+01
6.938362598419189453e+00 -8.528721332550048828e-01 7.132846069335937500e+01
8.148175239562988281e+00 -4.596737027168273926e-01 7.089994812011718750e+01
8.327710151672363281e+00 -7.134085297584533691e-01 7.159484100341796875e+01
8.148123741149902344e+00 -4.596847593784332275e-01 7.089994049072265625e+01
8.148277282714843750e+00 -4.597120285034179688e-01 7.089995574951171875e+01
7.604459762573242188e+00 -8.378687500953674316e-01 7.159498596191406250e+01
8.148162841796875000e+00 -4.596764743328094482e-01 7.089994812011718750e+01
8.754374504089355469e+00 -8.596920371055603027e-01 7.146628570556640625e+01
8.148163795471191406e+00 -4.596666097640991211e-01 7.089997100830078125e+01
8.148195266723632812e+00 -4.596884846687316895e-01 7.089994049072265625e+01
8.080329895019531250e+00 -8.574351668357849121e-01 7.159498596191406250e+01
8.148143768310546875e+00 -4.596866965293884277e-01 7.089994049072265625e+01
8.148237228393554688e+00 -4.597131013870239258e-01 7.089998626708984375e+01
8.148126602172851562e+00 -4.596962630748748779e-01 7.089999389648437500e+01
8.148172378540039062e+00 -4.596860110759735107e-01 7.089994049072265625e+01
8.391931533813476562e+00 -8.597140908241271973e-01 7.138073730468750000e+01
8.148111343383789062e+00 -4.597108066082000732e-01 7.089994812011718750e+01
8.148215293884277344e+00 -4.597107470035552979e-01 7.089994812011718750e+01
7.949313163757324219e+00 -8.597321510314941406e-01 7.131432342529296875e+01
8.148156166076660156e+00 -4.596929550170898438e-01 7.089994049072265625e+01
8.148199081420898438e+00 -4.597053527832031250e-01 7.089999389648437500e+01
8.148118019104003906e+00 -4.597154259681701660e-01 7.089997863769531250e+01
8.148183822631835938e+00 -4.597014188766479492e-01 7.089994812011718750e+01
8.148167610168457031e+00 -4.596942663192749023e-01 7.089999389648437500e+01
8.148138999938964844e+00 -4.597083926200866699e-01 7.089994812011718750e+01
8.148164749145507812e+00 -4.596666693687438965e-01 7.089997100830078125e+01
8.148144721984863281e+00 -4.597065448760986328e-01 7.089999389648437500e+01
8.148165702819824219e+00 -4.597044587135314941e-01 7.089994812011718750e+01
8.148180007934570312e+00 -4.597075283527374268e-01 7.089999389648437500e+01
8.148137092590332031e+00 -4.597181379795074463e-01 7.089996337890625000e+01
8.148184776306152344e+00 -4.597154855728149414e-01 7.089995574951171875e+01
8.148160934448242188e+00 -4.597090780735015869e-01 7.089998626708984375e+01
8.148156166076660156e+00 -4.597144424915313721e-01 7.089995574951171875e+01
8.148179054260253906e+00 -4.597173631191253662e-01 7.089997863769531250e+01
8.148155212402343750e+00 -4.597174823284149170e-01 7.089997863769531250e+01
8.148164749145507812e+00 -4.596662223339080811e-01 7.089997100830078125e+01
