1.832955169677734375e+01 8.743574142456054688e+00 7.089469146728515625e+01
1.819440269470214844e+01 8.866415023803710938e+00 7.101850128173828125e+01
1.834893035888671875e+01 8.724370002746582031e+00 7.067388153076171875e+01
1.844971847534179688e+01 8.509613990783691406e+00 7.105142974853515625e+01
1.791242980957031250e+01 8.957175254821777344e+00 7.082090759277343750e+01
1.847040748596191406e+01 8.311120986938476562e+00 7.080509185791015625e+01
1.820391082763671875e+01 8.859687805175781250e+00 7.136206817626953125e+01
1.806548500061035156e+01 8.927958488464355469e+00 7.038624572753906250e+01
1.842269134521484375e+01 8.120966911315917969e+00 7.092870330810546875e+01
1.770382118225097656e+01 8.931762695312500000e+00 7.115298461914062500e+01
1.847042655944824219e+01 8.408528327941894531e+00 7.059365081787109375e+01
1.845507049560546875e+01 8.487432479858398438e+00 7.129486846923828125e+01
1.763066864013671875e+01 8.905938148498535156e+00 7.048967742919921875e+01
2.285387039184570312e+01 1.302524280548095703e+01 6.990003204345703125e+01
1.783729934692382812e+01 8.849254608154296875e+00 7.159487152099609375e+01
1.821251869201660156e+01 8.853575706481933594e+00 6.999155426025390625e+01
1.839106941223144531e+01 8.042413711547851562e+00 7.094654083251953125e+01
1.742538261413574219e+01 8.756175994873046875e+00 7.093208312988281250e+01
1.839255142211914062e+01 8.041774749755859375e+00 7.083200073242187500e+01
1.829717445373535156e+01 8.516794204711914062e+00 7.159487152099609375e+01
1.755477905273437500e+01 8.865897178649902344e+00 6.996625518798828125e+01
2.774483299255371094e+01 1.465831661224365234e+01 7.216150665283203125e+01
1.740030670166015625e+01 8.724830627441406250e+00 7.154123687744140625e+01
1.846772575378417969e+01 8.367484092712402344e+00 7.028049468994140625e+01
1.838641548156738281e+01 8.037198066711425781e+00 7.099392700195312500e+01
1.731551933288574219e+01 8.574742317199707031e+00 7.057118988037109375e+01
2.048207664489746094e+01 9.247488975524902344e+00 6.990016937255859375e+01
1.803697013854980469e+01 8.355200767517089844e+00 7.159380340576171875e+01
1.766243743896484375e+01 8.918913841247558594e+00 6.903993988037109375e+01
2.108890151977539062e+01 9.386781692504882812e+00 7.234492492675781250e+01
1.728128814697265625e+01 8.433084487915039062e+00 7.117101287841796875e+01
1.896731376647949219e+01 8.443602561950683594e+00 6.990282440185546875e+01
1.844988441467285156e+01 8.236964225769042969e+00 7.159487915039062500e+01
1.728164291381835938e+01 8.437062263488769531e+00 7.008312988281250000e+01
2.872772216796875000e+01 1.140860843658447266e+01 7.003322601318359375e+01
1.768179130554199219e+01 8.260693550109863281e+00 7.159490203857421875e+01
1.832955169677734375e+01 7.968454837799072266e+00 7.089469146728515625e+01
1.964515876770019531e+01 8.479482650756835938e+00 7.234495544433593750e+01
1.729459190368652344e+01 8.216723442077636719e+00 7.079877471923828125e+01
1.964010620117187500e+01 8.325578689575195312e+00 6.990002441406250000e+01
1.820218086242675781e+01 8.107618331909179688e+00 7.159484100341796875e+01
1.728437042236328125e+01 8.310512542724609375e+00 6.923379516601562500e+01
2.362141227722167969e+01 8.809527397155761719e+00 7.234497070312500000e+01
1.732881546020507812e+01 8.117448806762695312e+00 7.140825653076171875e+01
1.869835090637207031e+01 8.087071418762207031e+00 6.989991760253906250e+01
1.891994667053222656e+01 8.111396789550781250e+00 7.234497833251953125e+01
1.736657333374023438e+01 8.043992996215820312e+00 7.043831634521484375e+01
2.155550575256347656e+01 8.139167785644531250e+00 6.990009307861328125e+01
1.791918563842773438e+01 7.993060111999511719e+00 7.159490966796875000e+01
1.832955169677734375e+01 7.968454837799072266e+00 7.089469146728515625e+01
2.037122154235839844e+01 7.943157196044921875e+00 7.234500122070312500e+01
1.744804954528808594e+01 7.941523551940917969e+00 7.100455474853515625e+01
1.917609786987304688e+01 7.902408123016357422e+00 6.990013122558593750e+01
1.838244056701660156e+01 7.865582466125488281e+00 7.234499359130859375e+01
1.753937721252441406e+01 7.865688800811767578e+00 7.009286499023437500e+01
2.886631393432617188e+01 6.788869857788085938e+00 7.143344116210937500e+01
1.758936691284179688e+01 7.841272354125976562e+00 7.150627136230468750e+01
1.846821212768554688e+01 7.814636230468750000e+00 6.990083312988281250e+01
1.932818412780761719e+01 7.661521911621093750e+00 7.234501647949218750e+01
1.761181640625000000e+01 7.824430942535400391e+00 7.072954559326171875e+01
2.008522224426269531e+01 7.530454635620117188e+00 6.990000152587890625e+01
1.820135498046875000e+01 7.869222640991210938e+00 7.128985595703125000e+01
1.804045867919921875e+01 7.786645889282226562e+00 7.026087951660156250e+01
2.174807357788085938e+01 6.915791034698486328e+00 7.234500122070312500e+01
1.767483520507812500e+01 7.755661010742187500e+00 7.112657928466796875e+01
1.885848999023437500e+01 7.597034931182861328e+00 6.990010070800781250e+01
1.870429611206054688e+01 7.438845634460449219e+00 7.234502410888671875e+01
1.787500000000000000e+01 7.763566493988037109e+00 7.059927368164062500e+01
2.429142761230468750e+01 5.532993316650390625e+00 6.990000915527343750e+01
1.812929725646972656e+01 7.829157829284667969e+00 7.115067291259765625e+01
1.825203514099121094e+01 7.514544963836669922e+00 6.990009307861328125e+01
1.988202857971191406e+01 6.944005966186523438e+00 7.234499359130859375e+01
1.832955169677734375e+01 7.968454837799072266e+00 7.089469146728515625e+01
1.943678283691406250e+01 7.165614128112792969e+00 6.990007019042968750e+01
1.818799781799316406e+01 7.138413429260253906e+00 7.234500122070312500e+01
1.824789619445800781e+01 7.886748790740966797e+00 7.078601074218750000e+01
2.608607864379882812e+01 2.966918945312500000e+00 7.234489440917968750e+01
1.816694068908691406e+01 7.840474605560302734e+00 7.099591827392578125e+01
1.860733032226562500e+01 7.241326332092285156e+00 6.990017700195312500e+01
1.906490135192871094e+01 6.761666297912597656e+00 7.234498596191406250e+01
1.824712753295898438e+01 7.899559497833251953e+00 7.086367797851562500e+01
2.080758094787597656e+01 5.765634536743164062e+00 6.989997863769531250e+01
1.807487869262695312e+01 7.456083774566650391e+00 7.142536163330078125e+01
1.802823638916015625e+01 7.013179302215576172e+00 6.990017700195312500e+01
2.077666282653808594e+01 5.203750133514404297e+00 7.234491729736328125e+01
1.825794982910156250e+01 7.893167972564697266e+00 7.090969848632812500e+01
1.904338073730468750e+01 6.632058620452880859e+00 6.990010833740234375e+01
1.850311470031738281e+01 6.273267745971679688e+00 7.234496307373046875e+01
1.717244148254394531e+01 6.080279350280761719e+00 6.990000915527343750e+01
2.867988586425781250e+01 -5.742666721343994141e+00 7.056779479980468750e+01
1.807487487792968750e+01 7.462067127227783203e+00 7.114322662353515625e+01
1.838527488708496094e+01 6.436217308044433594e+00 6.990005493164062500e+01
1.951593589782714844e+01 4.830558300018310547e+00 7.234490966796875000e+01
1.143505001068115234e+01 -4.859639644622802734e+00 6.989846801757812500e+01
1.978920555114746094e+01 4.342892646789550781e+00 6.990009307861328125e+01
1.798892021179199219e+01 4.496386051177978516e+00 7.234270477294921875e+01
1.777548027038574219e+01 4.861846446990966797e+00 6.990551757812500000e+01
2.272679901123046875e+01 -7.822029113769531250e+00 7.234494781494140625e+01
1.807489204406738281e+01 6.600185394287109375e+00 7.100934600830078125e+01
1.832955169677734375e+01 4.003359079360961914e-01 7.089469146728515625e+01
