-1.259142494201660156e+01 -3.399785757064819336e-01 7.090008544921875000e+01
-1.271183300018310547e+01 4.003072381019592285e-01 7.101039123535156250e+01
-1.250365543365478516e+01 3.023989439010620117e+00 6.990000152587890625e+01
-1.241377544403076172e+01 4.003147780895233154e-01 7.113179779052734375e+01
-1.824540901184082031e+01 1.300212764739990234e+01 6.989997863769531250e+01
-1.101914596557617188e+01 3.425227403640747070e+00 6.989993286132812500e+01
-1.270420646667480469e+01 4.003084003925323486e-01 7.131962585449218750e+01
-1.311079502105712891e+01 1.487454771995544434e+00 6.990007019042968750e+01
-1.210284423828125000e+01 4.003179669380187988e-01 7.107851409912109375e+01
-1.311108875274658203e+01 4.003109037876129150e-01 7.111459350585937500e+01
-1.212347316741943359e+01 1.062116503715515137e+00 6.990010070800781250e+01
-1.239792919158935547e+01 4.003299176692962646e-01 7.151698303222656250e+01
-1.431709384918212891e+01 1.915107131004333496e+00 6.990002441406250000e+01
-8.042943000793457031e+00 4.684086799621582031e+00 6.990011596679687500e+01
-1.303853034973144531e+01 4.003093540668487549e-01 7.153604888916015625e+01
-1.272101116180419922e+01 5.803505778312683105e-01 6.990007781982421875e+01
-1.192596626281738281e+01 4.003189504146575928e-01 7.146093750000000000e+01
-1.350975036621093750e+01 4.003457427024841309e-01 7.093806457519531250e+01
-1.158652496337890625e+01 7.698253989219665527e-01 6.990007781982421875e+01
-1.262355899810791016e+01 1.445277482271194458e-01 7.159502410888671875e+01
-1.342594432830810547e+01 5.669411420822143555e-01 6.990005493164062500e+01
-1.146549892425537109e+01 4.002984762191772461e-01 7.105157470703125000e+01
-1.357429409027099609e+01 4.003162384033203125e-01 7.158393859863281250e+01
-1.236645984649658203e+01 2.499618083238601685e-01 6.990009307861328125e+01
-1.219326305389404297e+01 8.162838965654373169e-02 7.159493255615234375e+01
-1.572617149353027344e+01 1.474551558494567871e+00 6.990001678466796875e+01
-1.042715835571289062e+01 8.863023519515991211e-01 6.990013885498046875e+01
-1.288220119476318359e+01 -1.534971874207258224e-02 7.159487915039062500e+01
-1.295110988616943359e+01 1.127463281154632568e-01 6.990007019042968750e+01
-1.126944637298583984e+01 2.797984480857849121e-01 7.159487915039062500e+01
-1.439634704589843750e+01 4.003004729747772217e-01 7.137585449218750000e+01
-1.194844722747802734e+01 7.932419329881668091e-02 6.990010833740234375e+01
-1.247200012207031250e+01 -1.332263946533203125e-01 7.159498596191406250e+01
-1.388272190093994141e+01 1.777379959821701050e-01 6.990003204345703125e+01
-5.189920067787170410e-01 3.594362020492553711e+00 6.989990997314453125e+01
-1.323416805267333984e+01 -1.097331047058105469e-01 7.159487152099609375e+01
-1.258654689788818359e+01 -1.162313818931579590e-01 6.990008544921875000e+01
-1.196103858947753906e+01 -1.548442989587783813e-01 7.159499359130859375e+01
-2.338210487365722656e+01 2.188785552978515625e+00 6.990000915527343750e+01
-1.127388000488281250e+01 -4.068012163043022156e-02 6.990011596679687500e+01
-1.271781730651855469e+01 -2.616145312786102295e-01 7.159484863281250000e+01
-1.322072792053222656e+01 -1.937560439109802246e-01 6.990006256103515625e+01
-1.005640506744384766e+01 3.200240433216094971e-03 7.159482574462890625e+01
-1.394510078430175781e+01 -1.981677412986755371e-01 7.159477233886718750e+01
-1.222069358825683594e+01 -2.804708480834960938e-01 6.990010070800781250e+01
-1.230854225158691406e+01 -3.312188088893890381e-01 7.159497833251953125e+01
-1.470166683197021484e+01 -2.341770827770233154e-01 6.990000152587890625e+01
-9.347855567932128906e+00 -2.280636727809906006e-01 6.990005493164062500e+01
-1.299861431121826172e+01 -3.752935230731964111e-01 7.159487915039062500e+01
-1.280616474151611328e+01 -3.893766105175018311e-01 6.990007781982421875e+01
-1.257927036285400391e+01 -3.998591005802154541e-01 7.090872192382812500e+01
-1.792585372924804688e+01 -5.626832246780395508e-01 7.156490325927734375e+01
-1.174052619934082031e+01 -4.660948216915130615e-01 6.990041351318359375e+01
-1.259142494201660156e+01 -3.997084796428680420e-01 7.090008544921875000e+01
-1.357692909240722656e+01 -5.278777480125427246e-01 6.990005493164062500e+01
-1.259142494201660156e+01 -3.997084796428680420e-01 7.090008544921875000e+01
-1.343220615386962891e+01 -5.441759824752807617e-01 7.159477996826171875e+01
-1.245190811157226562e+01 -5.544761419296264648e-01 6.990010070800781250e+01
-1.211304473876953125e+01 -5.467402338981628418e-01 7.159484100341796875e+01
-1.693005752563476562e+01 -1.270317673683166504e+00 6.990177917480468750e+01
-1.082639503479003906e+01 -8.400436043739318848e-01 6.990009307861328125e+01
-1.281680488586425781e+01 -5.741664767265319824e-01 7.159482574462890625e+01
-1.304754829406738281e+01 -6.865610480308532715e-01 6.990007781982421875e+01
-1.258645057678222656e+01 -4.012401401996612549e-01 7.090219879150390625e+01
-1.399610710144042969e+01 -8.562536239624023438e-01 7.139759826660156250e+01
-1.205962753295898438e+01 -7.731354832649230957e-01 6.990011596679687500e+01
-1.241190242767333984e+01 -6.534190177917480469e-01 7.159487152099609375e+01
-1.413017082214355469e+01 -1.093295097351074219e+00 6.990003967285156250e+01
-6.597149848937988281e+00 -2.848405122756958008e+00 6.989999389648437500e+01
-1.313501453399658203e+01 -7.778304815292358398e-01 7.159495544433593750e+01
-1.266936206817626953e+01 -8.560783863067626953e-01 6.990009307861328125e+01
-1.189435482025146484e+01 -8.596918582916259766e-01 7.155127716064453125e+01
-1.270891952514648438e+01 -4.596699774265289307e-01 7.089894104003906250e+01
-1.147822475433349609e+01 -1.206877231597900391e+00 6.990010070800781250e+01
-1.265923881530761719e+01 -7.973572015762329102e-01 7.159488677978515625e+01
-1.334273815155029297e+01 -1.151489377021789551e+00 6.990007019042968750e+01
-1.187802314758300781e+01 -8.597218394279479980e-01 7.103347015380859375e+01
-1.317591857910156250e+01 -8.597244620323181152e-01 7.126393127441406250e+01
-1.231212234497070312e+01 -1.130827307701110840e+00 6.990011596679687500e+01
-1.231113243103027344e+01 -8.596988916397094727e-01 7.145288848876953125e+01
-1.524903774261474609e+01 -2.621107101440429688e+00 6.990003967285156250e+01
-1.011783409118652344e+01 -2.598582744598388672e+00 6.990715789794921875e+01
-1.282006549835205078e+01 -8.597069382667541504e-01 7.137651062011718750e+01
-1.289340305328369141e+01 -1.357083320617675781e+00 6.990338134765625000e+01
-1.218458652496337891e+01 -8.593475222587585449e-01 7.114118957519531250e+01
-1.302892303466796875e+01 -8.597218394279479980e-01 7.099180603027343750e+01
-1.187371730804443359e+01 -1.743366718292236328e+00 6.990010070800781250e+01
-1.254432773590087891e+01 -8.597054481506347656e-01 7.129362487792968750e+01
-1.375472927093505859e+01 -2.297991752624511719e+00 6.990007781982421875e+01
-1.254617118835449219e+01 -4.596566855907440186e-01 7.089865875244140625e+01
-1.282277393341064453e+01 -8.597142100334167480e-01 7.112586212158203125e+01
-1.253540325164794922e+01 -1.940177083015441895e+00 6.990010833740234375e+01
-1.241750526428222656e+01 -8.597131371498107910e-01 7.111267852783203125e+01
-1.262346935272216797e+01 -4.593319594860076904e-01 7.089545440673828125e+01
-1.112378597259521484e+01 -4.045103549957275391e+00 6.990004730224609375e+01
-1.263655376434326172e+01 -8.597126603126525879e-01 7.109192657470703125e+01
-1.315155410766601562e+01 -3.540288686752319336e+00 6.990009307861328125e+01
-1.257486057281494141e+01 -4.591894745826721191e-01 7.090554809570312500e+01
-1.260251140594482422e+01 -4.592727422714233398e-01 7.090507507324218750e+01
-1.259142494201660156e+01 -4.596911072731018066e-01 7.090008544921875000e+01
