-2.567300224304199219e+01 5.181685924530029297e+00 7.089993286132812500e+01
-2.588593101501464844e+01 6.596429347991943359e+00 7.109499359130859375e+01
-2.566575622558593750e+01 5.464366436004638672e+00 7.081735992431640625e+01
-2.542109680175781250e+01 6.316111087799072266e+00 7.122850036621093750e+01
-2.577458381652832031e+01 5.422469139099121094e+00 7.088196563720703125e+01
-2.551520347595214844e+01 5.565569400787353516e+00 7.079955291748046875e+01
-2.585980606079101562e+01 6.506778240203857422e+00 7.159483337402343750e+01
-2.574113464355468750e+01 5.429246902465820312e+00 7.076874542236328125e+01
-2.524404144287109375e+01 5.884088516235351562e+00 7.105658721923828125e+01
-2.642093467712402344e+01 6.333121776580810547e+00 7.120867156982421875e+01
-2.556176757812500000e+01 5.529168128967285156e+00 7.066223144531250000e+01
-2.545688247680664062e+01 6.075265884399414062e+00 7.158895874023437500e+01
-2.584332275390625000e+01 5.410153865814208984e+00 7.080123138427734375e+01
-2.112425804138183594e+01 1.026577377319335938e+01 6.989990234375000000e+01
-2.616163635253906250e+01 6.056010723114013672e+00 7.159496307373046875e+01
-2.570788764953613281e+01 5.445521831512451172e+00 7.063072967529296875e+01
-2.515923309326171875e+01 5.799346923828125000e+00 7.133293914794921875e+01
-2.651078796386718750e+01 5.911572456359863281e+00 7.093457794189453125e+01
-2.466817474365234375e+01 6.351135253906250000e+00 6.989999389648437500e+01
-2.570513534545898438e+01 5.725912570953369141e+00 7.159485626220703125e+01
-2.586663818359375000e+01 5.405980110168457031e+00 7.066789245605468750e+01
-2.501156044006347656e+01 5.651661396026611328e+00 7.098892974853515625e+01
-2.650692749023437500e+01 5.860474109649658203e+00 7.148015594482421875e+01
-2.555080986022949219e+01 5.534563064575195312e+00 7.035677337646484375e+01
-2.527480888366699219e+01 5.663060665130615234e+00 7.159483337402343750e+01
-2.605327224731445312e+01 5.409047603607177734e+00 7.077861785888671875e+01
-2.350885772705078125e+01 6.467623233795166016e+00 6.990003967285156250e+01
-2.596388053894042969e+01 5.566177845001220703e+00 7.159497070312500000e+01
-2.583447647094726562e+01 5.411742210388183594e+00 7.045099639892578125e+01
-2.492758369445800781e+01 5.564835548400878906e+00 7.129170227050781250e+01
-2.567300224304199219e+01 5.181684970855712891e+00 7.089993286132812500e+01
-2.432892990112304688e+01 6.183048725128173828e+00 6.880959320068359375e+01
-2.555356597900390625e+01 5.448192119598388672e+00 7.159489440917968750e+01
-2.696411132812500000e+01 5.759047031402587891e+00 6.990002441406250000e+01
-1.783675575256347656e+01 7.774246215820312500e+00 7.025071716308593750e+01
-2.567300224304199219e+01 5.181684970855712891e+00 7.089993286132812500e+01
-2.566815567016601562e+01 5.463297843933105469e+00 6.990650939941406250e+01
-2.504257583618164062e+01 5.426564693450927734e+00 7.159488677978515625e+01
-2.885762596130371094e+01 5.945620059967041016e+00 7.060478210449218750e+01
-2.435564804077148438e+01 5.540661334991455078e+00 6.990010833740234375e+01
-2.579943656921386719e+01 5.319824218750000000e+00 7.159492492675781250e+01
-2.702926063537597656e+01 5.625548839569091797e+00 6.874470520019531250e+01
-2.469677162170410156e+01 5.336843967437744141e+00 7.116748046875000000e+01
-2.567300224304199219e+01 5.181684970855712891e+00 7.089993286132812500e+01
-2.530233383178710938e+01 5.300902366638183594e+00 6.990012359619140625e+01
-2.539007568359375000e+01 5.250185012817382812e+00 7.159493255615234375e+01
-2.778299713134765625e+01 5.347197055816650391e+00 6.989996337890625000e+01
-2.243007469177246094e+01 5.353295803070068359e+00 6.990010070800781250e+01
-2.567300224304199219e+01 5.181684970855712891e+00 7.089993286132812500e+01
-2.588773918151855469e+01 5.192016601562500000e+00 6.989994049072265625e+01
-2.469459152221679688e+01 5.169561862945556641e+00 7.159494781494140625e+01
-2.567300224304199219e+01 5.181684970855712891e+00 7.089993286132812500e+01
-2.482181930541992188e+01 5.115276336669921875e+00 6.989992523193359375e+01
-2.565826034545898438e+01 5.153012752532958984e+00 7.130415344238281250e+01
-2.665830802917480469e+01 5.053541183471679688e+00 6.990010070800781250e+01
-2.567300224304199219e+01 5.181684970855712891e+00 7.089993286132812500e+01
-2.567300224304199219e+01 5.181684970855712891e+00 7.089993286132812500e+01
-2.553355216979980469e+01 5.026991844177246094e+00 6.990042877197265625e+01
-2.519606018066406250e+01 5.035095691680908203e+00 7.159259796142578125e+01
-2.882239151000976562e+01 4.549714565277099609e+00 7.017526245117187500e+01
-2.390814781188964844e+01 4.741393566131591797e+00 6.990003967285156250e+01
-2.567300224304199219e+01 5.181684970855712891e+00 7.089993286132812500e+01
-2.612909889221191406e+01 4.894848346710205078e+00 6.989997863769531250e+01
-2.403815078735351562e+01 4.678266525268554688e+00 7.159352111816406250e+01
-2.567300224304199219e+01 5.181684970855712891e+00 7.089993286132812500e+01
-2.514122581481933594e+01 4.808272838592529297e+00 6.990000152587890625e+01
-2.567300224304199219e+01 5.181684970855712891e+00 7.089993286132812500e+01
-2.840733337402343750e+01 3.949190855026245117e+00 6.912286376953125000e+01
-1.970120239257812500e+01 2.742169380187988281e+00 6.990359497070312500e+01
-2.567300224304199219e+01 5.181684970855712891e+00 7.089993286132812500e+01
-2.575093841552734375e+01 4.725324630737304688e+00 6.989996337890625000e+01
-2.492899894714355469e+01 4.690732002258300781e+00 7.159497070312500000e+01
-2.884732055664062500e+01 3.561720609664916992e+00 7.086896514892578125e+01
-2.455990219116210938e+01 4.374588489532470703e+00 6.990003967285156250e+01
-2.567300224304199219e+01 5.181684970855712891e+00 7.089993286132812500e+01
-2.642419624328613281e+01 4.430023670196533203e+00 6.990007781982421875e+01
-2.248756980895996094e+01 3.127665519714355469e+00 7.149549865722656250e+01
-2.567300224304199219e+01 5.181684970855712891e+00 7.089993286132812500e+01
-2.539370918273925781e+01 4.450590133666992188e+00 6.989999389648437500e+01
-2.567300224304199219e+01 5.181684970855712891e+00 7.089993286132812500e+01
-2.831196403503417969e+01 2.975876092910766602e+00 6.990689849853515625e+01
-2.318212890625000000e+01 2.967447280883789062e+00 6.990007019042968750e+01
-2.567300224304199219e+01 5.181684970855712891e+00 7.089993286132812500e+01
-2.597596549987792969e+01 4.221187114715576172e+00 6.989997863769531250e+01
-2.567300224304199219e+01 5.181684970855712891e+00 7.089993286132812500e+01
-2.567300224304199219e+01 5.181684970855712891e+00 7.089993286132812500e+01
-2.495535850524902344e+01 3.838148117065429688e+00 6.990003967285156250e+01
-2.567300224304199219e+01 5.181684970855712891e+00 7.089993286132812500e+01
-2.683629798889160156e+01 3.283415079116821289e+00 6.989993286132812500e+01
-1.075027465820312500e+01 -1.458650112152099609e+01 7.042861938476562500e+01
-2.567300224304199219e+01 5.181684970855712891e+00 7.089993286132812500e+01
-2.561698532104492188e+01 3.641328811645507812e+00 6.990003204345703125e+01
-2.567300224304199219e+01 5.181684970855712891e+00 7.089993286132812500e+01
-2.882734489440917969e+01 -6.873692274093627930e-01 7.044414520263671875e+01
-2.420548820495605469e+01 1.536600470542907715e+00 6.989997863769531250e+01
-2.567300224304199219e+01 5.181684970855712891e+00 7.089993286132812500e+01
-2.685070419311523438e+01 -1.421552062034606934e+00 6.879739379882812500e+01
-2.567300224304199219e+01 5.181684970855712891e+00 7.089993286132812500e+01
-2.567300224304199219e+01 5.181684970855712891e+00 7.089993286132812500e+01
-2.567300224304199219e+01 -1.463479804992675781e+01 7.089993286132812500e+01
