6.923793315887451172e+00 4.603210091590881348e-01 7.089995574951171875e+01
6.854557514190673828e+00 8.603264093399047852e-01 7.096337890625000000e+01
7.099684238433837891e+00 7.261455535888671875e+00 6.889576721191406250e+01
7.025943756103515625e+00 8.603330254554748535e-01 7.103319549560546875e+01
6.898615360260009766e+00 4.599891006946563721e-01 7.089550018310546875e+01
8.495784759521484375e+00 4.224546432495117188e+00 6.989998626708984375e+01
6.858942508697509766e+00 8.603267073631286621e-01 7.114119720458984375e+01
6.404435634613037109e+00 2.287427425384521484e+00 6.989996337890625000e+01
7.204734802246093750e+00 8.603370189666748047e-01 7.100255584716796875e+01
6.624988555908203125e+00 8.603177666664123535e-01 7.102330017089843750e+01
7.391754627227783203e+00 1.862162709236145020e+00 6.989994812011718750e+01
7.035054206848144531e+00 8.603355884552001953e-01 7.125467681884765625e+01
5.198271751403808594e+00 2.714926719665527344e+00 6.989997863769531250e+01
1.147168636322021484e+01 5.483446121215820312e+00 6.990011596679687500e+01
6.666707515716552734e+00 8.603194952011108398e-01 7.126563262939453125e+01
6.794209003448486328e+00 1.380356907844543457e+00 6.989996337890625000e+01
7.306435585021972656e+00 8.603293895721435547e-01 7.122245025634765625e+01
6.395789146423339844e+00 8.603118062019348145e-01 7.092179107666015625e+01
7.928691387176513672e+00 1.569841384887695312e+00 6.989994812011718750e+01
6.896631240844726562e+00 8.603312969207763672e-01 7.148735809326171875e+01
6.090126991271972656e+00 1.365970730781555176e+00 6.990094757080078125e+01
7.571193695068359375e+00 8.603080511093139648e-01 7.098706054687500000e+01
6.358659267425537109e+00 8.603108525276184082e-01 7.129315948486328125e+01
7.148759365081787109e+00 1.049981474876403809e+00 6.989995574951171875e+01
7.304325103759765625e+00 8.603334426879882812e-01 7.156403350830078125e+01
3.789406061172485352e+00 2.274354219436645508e+00 6.990000152587890625e+01
9.088216781616210938e+00 1.686412930488586426e+00 6.989994049072265625e+01
6.633076190948486328e+00 7.845904827117919922e-01 7.159461212158203125e+01
6.564120292663574219e+00 9.127466082572937012e-01 6.989997100830078125e+01
7.818682193756103516e+00 8.602889180183410645e-01 7.137028503417968750e+01
5.885982990264892578e+00 8.603056073188781738e-01 7.117352294921875000e+01
7.566783905029296875e+00 8.793519139289855957e-01 6.989995574951171875e+01
7.043233871459960938e+00 6.668266654014587402e-01 7.159494781494140625e+01
5.632740497589111328e+00 9.776464104652404785e-01 6.990009307861328125e+01
1.899284553527832031e+01 4.393261432647705078e+00 6.990006256103515625e+01
6.280892372131347656e+00 6.903557181358337402e-01 7.159490966796875000e+01
6.928671360015869141e+00 6.837766766548156738e-01 6.989998626708984375e+01
7.554241180419921875e+00 6.451972723007202148e-01 7.159493255615234375e+01
-3.866177797317504883e+00 2.988633155822753906e+00 6.989994049072265625e+01
8.241377830505371094e+00 7.593482136726379395e-01 6.989995574951171875e+01
6.797350883483886719e+00 5.384582877159118652e-01 7.159499359130859375e+01
6.294523715972900391e+00 6.062508225440979004e-01 6.989998626708984375e+01
9.459278106689453125e+00 8.032917976379394531e-01 7.159482574462890625e+01
5.569814682006835938e+00 6.018950939178466797e-01 7.159479522705078125e+01
7.294528007507324219e+00 5.195479393005371094e-01 6.989996337890625000e+01
7.206723690032958984e+00 4.688104987144470215e-01 7.159497070312500000e+01
4.813868045806884766e+00 5.658158063888549805e-01 6.990002441406250000e+01
1.016725730895996094e+01 5.719484686851501465e-01 6.989996337890625000e+01
6.923793315887451172e+00 4.003092348575592041e-01 7.089995574951171875e+01
6.709268569946289062e+00 4.106307327747344971e-01 6.990095520019531250e+01
7.902091026306152344e+00 3.881873786449432373e-01 7.159489440917968750e+01
1.347503185272216797e+00 2.299452573060989380e-01 7.159491729736328125e+01
8.370779037475585938e+00 2.874167263507843018e-01 6.919997406005859375e+01
6.949134349822998047e+00 3.510190844535827637e-01 7.159485626220703125e+01
5.938361167907714844e+00 2.721492350101470947e-01 6.989999389648437500e+01
1.398818111419677734e+01 -3.905450403690338135e-01 7.126116180419921875e+01
6.082657814025878906e+00 2.557809054851531982e-01 7.159494018554687500e+01
7.160978317260742188e+00 1.371969282627105713e-01 6.919992828369140625e+01
7.402301788330078125e+00 2.532382011413574219e-01 7.159489440917968750e+01
2.603567838668823242e+00 -4.666064083576202393e-01 6.990588378906250000e+01
9.924310684204101562e+00 -3.482519686222076416e-01 6.919998168945312500e+01
6.698376655578613281e+00 2.258232533931732178e-01 7.159480285644531250e+01
6.467686653137207031e+00 1.134668886661529541e-01 6.989997863769531250e+01
8.551704406738281250e+00 -1.009725555777549744e-01 7.159059906005859375e+01
4.961717605590820312e+00 -2.373982220888137817e-01 7.159487915039062500e+01
7.827848434448242188e+00 -2.345166951417922974e-01 6.920001220703125000e+01
7.103358745574951172e+00 1.465377807617187500e-01 7.159490966796875000e+01
5.385197162628173828e+00 -2.932097911834716797e-01 6.990000915527343750e+01
1.289332294464111328e+01 -2.038278818130493164e+00 6.990399169921875000e+01
6.380147933959960938e+00 2.214808203279972076e-02 7.159489440917968750e+01
6.845856666564941406e+00 -5.605695769190788269e-02 6.989997100830078125e+01
7.667707443237304688e+00 -9.058530628681182861e-02 7.159490966796875000e+01
6.923793315887451172e+00 4.003092348575592041e-01 7.089995574951171875e+01
8.033235549926757812e+00 -4.041346013545989990e-01 6.990335083007812500e+01
6.855969429016113281e+00 2.602223074063658714e-03 7.159485626220703125e+01
6.172513961791992188e+00 -3.514374196529388428e-01 6.989998626708984375e+01
8.164504051208496094e+00 -3.997214436531066895e-01 7.113192749023437500e+01
5.907294750213623047e+00 -3.997088670730590820e-01 7.153272247314453125e+01
7.229418754577636719e+00 -3.997140824794769287e-01 6.980574035644531250e+01
7.276192665100097656e+00 -1.780159920454025269e-01 7.159497070312500000e+01
4.266517639160156250e+00 -1.820807695388793945e+00 6.990003204345703125e+01
9.414857864379882812e+00 -1.814098238945007324e+00 6.990000915527343750e+01
6.590293884277343750e+00 -2.706528306007385254e-01 7.159487915039062500e+01
6.620826721191406250e+00 -5.602013468742370605e-01 6.989998626708984375e+01
7.631907463073730469e+00 -3.997059166431427002e-01 7.131960296630859375e+01
6.162950992584228516e+00 -3.996891975402832031e-01 7.105945587158203125e+01
7.641497135162353516e+00 -9.433415532112121582e-01 6.989997863769531250e+01
7.005703926086425781e+00 -3.997059166431427002e-01 7.158438873291015625e+01
5.760566234588623047e+00 -1.497848033905029297e+00 6.990001678466796875e+01
1.818138694763183594e+01 -1.451266098022460938e+01 7.054440307617187500e+01
6.521448612213134766e+00 -3.996966779232025146e-01 7.129260253906250000e+01
6.979818820953369141e+00 -1.140270471572875977e+00 6.989990997314453125e+01
7.226264953613281250e+00 -3.997055888175964355e-01 7.126969146728515625e+01
4.524749703705310822e-03 -1.247386741638183594e+01 6.990015411376953125e+01
8.391272544860839844e+00 -3.244688749313354492e+00 6.990002441406250000e+01
6.845306873321533203e+00 -3.997069001197814941e-01 7.123359680175781250e+01
6.363707065582275391e+00 -2.740029096603393555e+00 6.990003967285156250e+01
7.146574497222900391e+00 -3.996962308883666992e-01 7.097343444824218750e+01
6.775198936462402344e+00 -3.980770409107208252e-01 7.096685791015625000e+01
6.923793315887451172e+00 2.910609764512628317e-04 7.089995574951171875e+01
