1.731253051757812500e+01 8.547260284423828125e+00 7.090002441406250000e+01
1.728142929077148438e+01 8.358606338500976562e+00 7.092851257324218750e+01
1.731253051757812500e+01 8.151997566223144531e+00 7.090001678466796875e+01
1.745102310180664062e+01 8.775650978088378906e+00 7.108066558837890625e+01
1.457327365875244141e+01 1.464491939544677734e+01 7.041548919677734375e+01
1.731253623962402344e+01 8.151978492736816406e+00 7.090001678466796875e+01
1.728336906433105469e+01 8.358820915222167969e+00 7.100850677490234375e+01
1.731111907958984375e+01 8.157090187072753906e+00 7.089730834960937500e+01
1.780139732360839844e+01 8.952458381652832031e+00 7.107855987548828125e+01
1.381206321716308594e+01 1.354091453552246094e+01 7.234496307373046875e+01
1.731253623962402344e+01 8.151981353759765625e+00 7.090000915527343750e+01
1.746899223327636719e+01 8.798876762390136719e+00 7.139884948730468750e+01
1.558711624145507812e+01 1.046643829345703125e+01 6.990010833740234375e+01
1.731253814697265625e+01 8.151972770690917969e+00 7.090002441406250000e+01
1.629664039611816406e+01 9.969720840454101562e+00 7.234502410888671875e+01
1.731252098083496094e+01 8.152033805847167969e+00 7.089995574951171875e+01
1.797578239440917969e+01 8.949337005615234375e+00 7.145901489257812500e+01
9.822838783264160156e+00 1.467706108093261719e+01 7.120974731445312500e+01
1.731253814697265625e+01 8.151972770690917969e+00 7.090001678466796875e+01
1.729228401184082031e+01 8.494848251342773438e+00 7.133785247802734375e+01
1.647803497314453125e+01 9.118585586547851562e+00 6.990001678466796875e+01
1.825640296936035156e+01 8.822615623474121094e+00 7.102702331542968750e+01
1.523568630218505859e+01 9.842450141906738281e+00 7.234503936767578125e+01
1.731253623962402344e+01 8.151980400085449219e+00 7.090000152587890625e+01
1.771074295043945312e+01 8.633363723754882812e+00 7.159496307373046875e+01
1.417793750762939453e+01 1.002613162994384766e+01 6.990000152587890625e+01
1.731254005432128906e+01 8.151968955993652344e+00 7.090001678466796875e+01
1.670779800415039062e+01 8.951322555541992188e+00 7.234500122070312500e+01
1.695283699035644531e+01 8.664429664611816406e+00 6.989998626708984375e+01
1.836986160278320312e+01 8.695440292358398438e+00 7.145572662353515625e+01
1.183159446716308594e+01 1.058131980895996094e+01 7.234477996826171875e+01
1.731253814697265625e+01 8.151970863342285156e+00 7.090000915527343750e+01
1.743158149719238281e+01 8.417613983154296875e+00 7.159275054931640625e+01
1.602136611938476562e+01 8.729351043701171875e+00 6.990007781982421875e+01
1.844875907897949219e+01 8.527876853942871094e+00 7.080589294433593750e+01
1.597578144073486328e+01 8.755042076110839844e+00 7.234500885009765625e+01
1.731253051757812500e+01 8.151998519897460938e+00 7.089990234375000000e+01
1.794291496276855469e+01 8.396827697753906250e+00 7.159493255615234375e+01
6.522940635681152344e+00 1.074019718170166016e+01 6.990004730224609375e+01
1.731254005432128906e+01 8.151967048645019531e+00 7.090001678466796875e+01
1.704966163635253906e+01 8.439170837402343750e+00 7.234498596191406250e+01
1.668329620361328125e+01 8.357893943786621094e+00 6.990010833740234375e+01
1.847291755676269531e+01 8.336392402648925781e+00 7.121804046630859375e+01
1.449686050415039062e+01 8.571172714233398438e+00 7.234497833251953125e+01
1.731254005432128906e+01 8.151967048645019531e+00 7.090000152587890625e+01
1.759539222717285156e+01 8.220448493957519531e+00 7.159487152099609375e+01
1.520274353027343750e+01 8.317460060119628906e+00 6.990015411376953125e+01
1.731254005432128906e+01 8.151965141296386719e+00 7.090002441406250000e+01
1.646569824218750000e+01 8.202739715576171875e+00 7.234499359130859375e+01
1.709786033630371094e+01 8.162292480468750000e+00 6.990034484863281250e+01
1.829066085815429688e+01 8.139843940734863281e+00 7.159484100341796875e+01
5.719375133514404297e+00 7.797776222229003906e+00 7.234485626220703125e+01
1.731254005432128906e+01 8.151963233947753906e+00 7.090000915527343750e+01
1.733787345886230469e+01 8.102670669555664062e+00 7.159496307373046875e+01
1.632717323303222656e+01 8.023814201354980469e+00 6.990013885498046875e+01
1.837563133239746094e+01 8.032950401306152344e+00 7.095438385009765625e+01
1.556368923187255859e+01 7.851469039916992188e+00 7.234500122070312500e+01
1.731254577636718750e+01 8.151947975158691406e+00 7.089991760253906250e+01
1.779104232788085938e+01 8.004892349243164062e+00 7.159497070312500000e+01
1.296665954589843750e+01 7.279902458190917969e+00 6.990004730224609375e+01
1.731254196166992188e+01 8.151961326599121094e+00 7.090001678466796875e+01
1.684376716613769531e+01 7.789112567901611328e+00 7.234499359130859375e+01
1.685677146911621094e+01 7.865340232849121094e+00 6.990081024169921875e+01
1.822077941894531250e+01 7.872287750244140625e+00 7.128534698486328125e+01
1.323288345336914062e+01 6.826010227203369141e+00 7.234495544433593750e+01
1.731254386901855469e+01 8.151955604553222656e+00 7.090000152587890625e+01
1.749208068847656250e+01 7.898213386535644531e+00 7.159491729736328125e+01
1.577411079406738281e+01 7.458524703979492188e+00 6.990019226074218750e+01
1.731254196166992188e+01 8.151959419250488281e+00 7.090002441406250000e+01
1.618213653564453125e+01 7.365658760070800781e+00 7.234500885009765625e+01
1.715204811096191406e+01 7.212242603302001953e+00 6.884091949462890625e+01
1.805632019042968750e+01 7.661151885986328125e+00 7.159486389160156250e+01
1.731254386901855469e+01 8.151954650878906250e+00 7.090001678466796875e+01
1.717149734497070312e+01 7.324971199035644531e+00 7.234500885009765625e+01
1.656121444702148438e+01 7.400180816650390625e+00 6.990000915527343750e+01
1.807487106323242188e+01 7.660394191741943359e+00 7.104255676269531250e+01
1.499822235107421875e+01 6.330526828765869141e+00 7.234067535400390625e+01
1.731256675720214844e+01 8.151867866516113281e+00 7.089989471435546875e+01
1.740686988830566406e+01 7.997143745422363281e+00 7.108608245849609375e+01
1.465670871734619141e+01 5.932062149047851562e+00 6.990065002441406250e+01
1.731254386901855469e+01 8.151952743530273438e+00 7.090001678466796875e+01
1.661908721923828125e+01 6.756836891174316406e+00 7.234497833251953125e+01
1.700952911376953125e+01 7.191341876983642578e+00 6.989994049072265625e+01
1.758546829223632812e+01 7.843603610992431641e+00 7.106177520751953125e+01
1.042038059234619141e+01 9.051139354705810547e-01 7.234490203857421875e+01
1.731255149841308594e+01 8.151925086975097656e+00 7.089999389648437500e+01
1.748545646667480469e+01 6.463001728057861328e+00 7.234497070312500000e+01
1.615244483947753906e+01 6.258933067321777344e+00 6.990278625488281250e+01
1.750029563903808594e+01 7.903230667114257812e+00 7.089409637451171875e+01
1.583195114135742188e+01 5.208038330078125000e+00 7.234492492675781250e+01
1.736854934692382812e+01 6.611559867858886719e+00 6.990008544921875000e+01
1.731253051757812500e+01 8.151962280273437500e+00 7.090002441406250000e+01
1.045016193389892578e+01 -4.616343021392822266e+00 6.990844726562500000e+01
1.731256294250488281e+01 8.151884078979492188e+00 7.090000152587890625e+01
1.697263717651367188e+01 4.687413215637207031e+00 7.234490203857421875e+01
1.675242424011230469e+01 5.011514186859130859e+00 6.990007019042968750e+01
1.731274604797363281e+01 8.151193618774414062e+00 7.090009307861328125e+01
1.595541477203369141e+01 8.602926731109619141e-01 7.151104736328125000e+01
1.731253051757812500e+01 8.602998852729797363e-01 7.090002441406250000e+01
