3.466587305068969727e+00 1.461159229278564453e+01 7.089995574951171875e+01
1.889168262481689453e+00 1.134103012084960938e+01 7.234500122070312500e+01
3.554349184036254883e+00 4.283725261688232422e+00 6.989995574951171875e+01
4.574351787567138672e+00 5.849010944366455078e+00 7.234484100341796875e+01
-2.186357259750366211e+00 1.425968551635742188e+01 6.990003204345703125e+01
5.038637638092041016e+00 4.684693813323974609e+00 6.989994812011718750e+01
3.466587305068969727e+00 8.603135943412780762e-01 7.089995574951171875e+01
2.947243690490722656e+00 2.747380733489990234e+00 6.989999389648437500e+01
7.423106670379638672e+00 7.338919162750244141e+00 7.234487152099609375e+01
-3.357636556029319763e-02 6.248796463012695312e+00 7.234477233886718750e+01
3.934525966644287109e+00 2.322096586227416992e+00 6.990000152587890625e+01
3.919788122177124023e+00 2.734144926071166992e+00 7.234483337402343750e+01
1.741031408309936523e+00 3.174977302551269531e+00 6.989996337890625000e+01
8.015091896057128906e+00 5.944133758544921875e+00 6.989997863769531250e+01
3.466587305068969727e+00 8.603135943412780762e-01 7.089995574951171875e+01
3.337010145187377930e+00 1.840306282043457031e+00 6.990001678466796875e+01
5.180966854095458984e+00 2.921373367309570312e+00 7.234483337402343750e+01
-1.233278560638427734e+01 1.462489032745361328e+01 7.155330657958984375e+01
4.471426010131835938e+00 2.029776573181152344e+00 6.990000915527343750e+01
3.399775266647338867e+00 1.991855144500732422e+00 7.234482574462890625e+01
2.632152318954467773e+00 1.826865315437316895e+00 6.990002441406250000e+01
1.420618534088134766e+01 8.491145133972167969e+00 7.234495544433593750e+01
3.466587305068969727e+00 8.603135943412780762e-01 7.089995574951171875e+01
3.691538333892822266e+00 1.509942412376403809e+00 6.990002441406250000e+01
4.294530868530273438e+00 1.861212372779846191e+00 7.234482574462890625e+01
3.319985866546630859e-01 2.734478950500488281e+00 6.989993286132812500e+01
5.630911350250244141e+00 2.146358489990234375e+00 6.989998626708984375e+01
2.861901521682739258e+00 1.659610629081726074e+00 7.234481811523437500e+01
3.107455730438232422e+00 1.371979594230651855e+00 6.990148162841796875e+01
6.215744495391845703e+00 2.273401498794555664e+00 7.234483337402343750e+01
-2.014929771423339844e+00 3.289927244186401367e+00 7.234486389160156250e+01
4.109532356262207031e+00 1.339322090148925781e+00 6.990003204345703125e+01
3.714901208877563477e+00 1.414395809173583984e+00 7.234482574462890625e+01
2.175459861755371094e+00 1.437684059143066406e+00 6.990003204345703125e+01
1.553659820556640625e+01 4.853582859039306641e+00 6.989997863769531250e+01
2.129952907562255859e+00 1.463339686393737793e+00 7.234481811523437500e+01
3.471465349197387695e+00 1.143766522407531738e+00 6.990003967285156250e+01
4.777300357818603516e+00 1.369440317153930664e+00 7.234482574462890625e+01
-7.300915241241455078e+00 3.443247795104980469e+00 6.990202331542968750e+01
4.784096240997314453e+00 1.219331979751586914e+00 6.990001678466796875e+01
3.203735828399658203e+00 1.147500514984130859e+00 7.234481811523437500e+01
2.837357759475708008e+00 1.066242098808288574e+00 6.990004730224609375e+01
8.738821983337402344e+00 1.698267221450805664e+00 7.234485626220703125e+01
3.466587305068969727e+00 8.603135943412780762e-01 7.089995574951171875e+01
3.836862325668334961e+00 9.794045090675354004e-01 6.990119934082031250e+01
4.054773807525634766e+00 1.002721548080444336e+00 7.234481811523437500e+01
-4.972598254680633545e-01 1.171245336532592773e+00 6.902141571044921875e+01
6.710030078887939453e+00 1.031951665878295898e+00 6.989997100830078125e+01
2.619818687438964844e+00 9.110855460166931152e-01 7.234481811523437500e+01
3.251868963241577148e+00 8.706444501876831055e-01 6.990004730224609375e+01
4.444891452789306641e+00 8.481916785240173340e-01 7.159489440917968750e+01
-2.109751224517822266e+00 6.899481415748596191e-01 7.159492492675781250e+01
3.466587543487548828e+00 8.603135943412780762e-01 7.089995574951171875e+01
3.491926193237304688e+00 8.110277652740478516e-01 7.159479522705078125e+01
3.466587066650390625e+00 8.603135347366333008e-01 7.089995574951171875e+01
7.039577007293701172e+00 4.603193402290344238e-01 7.108264160156250000e+01
2.625393390655517578e+00 7.157752513885498047e-01 7.159499359130859375e+01
3.466587305068969727e+00 8.603135347366333008e-01 7.089995574951171875e+01
3.945105314254760742e+00 7.132396101951599121e-01 7.159490966796875000e+01
3.466581583023071289e+00 8.603124618530273438e-01 7.089995574951171875e+01
3.466588973999023438e+00 8.603131771087646484e-01 7.089995574951171875e+01
3.241170644760131836e+00 6.858274936676025391e-01 7.159480285644531250e+01
3.466587066650390625e+00 8.603134155273437500e-01 7.089995574951171875e+01
4.765581130981445312e+00 4.603150784969329834e-01 7.145105743408203125e+01
2.235838413238525391e+00 4.602995514869689941e-01 7.133586120605468750e+01
3.466587781906127930e+00 8.603132963180541992e-01 7.089995574951171875e+01
3.646150350570678711e+00 6.065457463264465332e-01 7.159489440917968750e+01
3.466585397720336914e+00 8.603127002716064453e-01 7.089995574951171875e+01
3.466592788696289062e+00 8.603113293647766113e-01 7.089995574951171875e+01
2.922966957092285156e+00 4.821698665618896484e-01 7.159486389160156250e+01
3.466587305068969727e+00 8.603131175041198730e-01 7.089995574951171875e+01
4.072747707366943359e+00 4.603199958801269531e-01 7.146622467041015625e+01
3.466587305068969727e+00 8.603135943412780762e-01 7.089995574951171875e+01
3.466588735580444336e+00 8.603125214576721191e-01 7.089995574951171875e+01
3.398764848709106445e+00 4.626157283782958984e-01 7.159484100341796875e+01
3.466586351394653320e+00 8.603126406669616699e-01 7.089995574951171875e+01
4.086935997009277344e+00 4.603024125099182129e-01 7.101593780517578125e+01
2.958347797393798828e+00 4.603123068809509277e-01 7.121633148193359375e+01
3.466587543487548828e+00 8.603126406669616699e-01 7.089995574951171875e+01
3.710324525833129883e+00 4.603144228458404541e-01 7.138066864013671875e+01
3.466584682464599609e+00 8.603113889694213867e-01 7.089995574951171875e+01
3.466589689254760742e+00 8.603113889694213867e-01 7.089995574951171875e+01
3.267767906188964844e+00 4.603123366832733154e-01 7.131424713134765625e+01
3.466586828231811523e+00 8.603123426437377930e-01 7.089995574951171875e+01
3.820645809173583984e+00 4.603042900562286377e-01 7.110977935791015625e+01
3.086163759231567383e+00 4.603117406368255615e-01 7.097970581054687500e+01
3.466588258743286133e+00 8.603118658065795898e-01 7.089995574951171875e+01
3.507541656494140625e+00 4.603146910667419434e-01 7.124216461181640625e+01
3.466586112976074219e+00 8.603115081787109375e-01 7.089995574951171875e+01
3.466589212417602539e+00 8.603109121322631836e-01 7.089995574951171875e+01
3.265415906906127930e+00 4.603123664855957031e-01 7.109628295898437500e+01
3.466587305068969727e+00 8.603117465972900391e-01 7.089995574951171875e+01
3.617822647094726562e+00 4.603072404861450195e-01 7.108482360839843750e+01
3.466585874557495117e+00 8.603109717369079590e-01 7.089995574951171875e+01
3.466588258743286133e+00 8.603110909461975098e-01 7.089995574951171875e+01
3.427344560623168945e+00 4.603110253810882568e-01 7.106677246093750000e+01
3.466586828231811523e+00 8.603111505508422852e-01 7.089995574951171875e+01
3.577980041503906250e+00 4.603034853935241699e-01 7.093669128417968750e+01
3.392138719558715820e+00 4.603076279163360596e-01 7.093347167968750000e+01
3.466587305068969727e+00 4.603048861026763916e-01 7.089995574951171875e+01
