1.178858375549316406e+01 4.000336229801177979e-01 7.089999389648437500e+01
1.166817665100097656e+01 4.003155529499053955e-01 7.101029968261718750e+01
1.196413326263427734e+01 6.448147296905517578e+00 6.889969635009765625e+01
1.196623516082763672e+01 4.003422558307647705e-01 7.113170623779296875e+01
6.135207176208496094e+00 1.300070381164550781e+01 6.989999389648437500e+01
1.336067867279052734e+01 3.424794912338256836e+00 6.989995574951171875e+01
1.167579936981201172e+01 4.003393948078155518e-01 7.131954193115234375e+01
1.127108764648437500e+01 1.480661630630493164e+00 6.990358734130859375e+01
1.227715778350830078e+01 4.003236293792724609e-01 7.107842254638671875e+01
1.126894092559814453e+01 4.002950489521026611e-01 7.111449432373046875e+01
1.225590610504150391e+01 1.060163855552673340e+00 6.990135192871093750e+01
1.198206996917724609e+01 4.003086388111114502e-01 7.151686096191406250e+01
1.178746986389160156e+01 -3.981985151767730713e-01 7.089934539794921875e+01
1.633682632446289062e+01 4.683833599090576172e+00 6.990007781982421875e+01
1.134147644042968750e+01 4.003282487392425537e-01 7.153595733642578125e+01
1.162198162078857422e+01 8.603188991546630859e-01 6.961434173583984375e+01
1.245400714874267578e+01 4.002921283245086670e-01 7.146081542968750000e+01
1.087030601501464844e+01 4.003198444843292236e-01 7.093796539306640625e+01
1.287120246887207031e+01 8.602923750877380371e-01 6.982264709472656250e+01
1.175644779205322266e+01 1.445634812116622925e-01 7.159495544433593750e+01
1.070304870605468750e+01 8.577156662940979004e-01 6.959915924072265625e+01
1.291449546813964844e+01 4.003040194511413574e-01 7.105148315429687500e+01
1.080575370788574219e+01 4.003001451492309570e-01 7.158382415771484375e+01
1.206560993194580078e+01 4.003231823444366455e-01 6.966858673095703125e+01
1.218678951263427734e+01 8.169679343700408936e-02 7.159491729736328125e+01
1.178489589691162109e+01 -3.974876701831817627e-01 7.089881896972656250e+01
1.178858375549316406e+01 -3.996928632259368896e-01 7.089999389648437500e+01
1.149775695800781250e+01 -1.526703778654336929e-02 7.159490966796875000e+01
1.122707557678222656e+01 4.003048539161682129e-01 6.933885955810546875e+01
1.311077976226806641e+01 2.799260020256042480e-01 7.159490203857421875e+01
9.983675956726074219e+00 4.003096520900726318e-01 7.137576293945312500e+01
1.286235809326171875e+01 4.002935290336608887e-01 6.923002624511718750e+01
1.190801811218261719e+01 -1.331902742385864258e-01 7.159494781494140625e+01
9.999627113342285156e+00 4.002982676029205322e-01 6.951452636718750000e+01
2.430905914306640625e+01 3.742608785629272461e+00 6.986270141601562500e+01
1.114573287963867188e+01 -1.096689701080322266e-01 7.159489440917968750e+01
1.179687690734863281e+01 8.222578465938568115e-02 6.919996643066406250e+01
1.241902351379394531e+01 -1.548081785440444946e-01 7.159496307373046875e+01
1.178494739532470703e+01 -3.988206088542938232e-01 7.089965820312500000e+01
1.402856063842773438e+01 2.106961756944656372e-01 6.919992828369140625e+01
1.166216850280761719e+01 -2.615741193294525146e-01 7.159487915039062500e+01
1.071868991851806641e+01 -4.954783245921134949e-02 6.919982910156250000e+01
1.432400989532470703e+01 3.280412172898650169e-03 7.159484863281250000e+01
1.043436431884765625e+01 -1.980711072683334351e-01 7.159495544433593750e+01
1.241890716552734375e+01 -1.969629824161529541e-01 6.919980621337890625e+01
1.207149314880371094e+01 -3.311966955661773682e-01 7.159495544433593750e+01
8.201419830322265625e+00 -1.183089166879653931e-01 6.919996643066406250e+01
1.730312538146972656e+01 -1.078715845942497253e-01 6.919979858398437500e+01
1.138135719299316406e+01 -3.752757012844085693e-01 7.159485626220703125e+01
1.142379093170166016e+01 -3.821414411067962646e-01 6.920121765136718750e+01
1.240895748138427734e+01 -4.073797762393951416e-01 7.134067535400390625e+01
6.212110042572021484e+00 -5.700624585151672363e-01 7.159497833251953125e+01
1.263958072662353516e+01 -4.660868942737579346e-01 6.990020751953125000e+01
1.178858375549316406e+01 -3.996928632259368896e-01 7.089999389648437500e+01
1.080310440063476562e+01 -5.278590321540832520e-01 6.989998626708984375e+01
1.582310867309570312e+01 -8.513557314872741699e-01 7.110628509521484375e+01
1.094766521453857422e+01 -5.441838502883911133e-01 7.159480285644531250e+01
1.192810440063476562e+01 -5.544645190238952637e-01 6.989997863769531250e+01
1.226707649230957031e+01 -5.467590689659118652e-01 7.159490966796875000e+01
7.442632198333740234e+00 -1.271770834922790527e+00 6.990000152587890625e+01
1.355364894866943359e+01 -8.400367498397827148e-01 6.989997863769531250e+01
1.156312751770019531e+01 -5.742093324661254883e-01 7.159496307373046875e+01
1.133245468139648438e+01 -6.865490674972534180e-01 6.989997100830078125e+01
1.328259849548339844e+01 -8.597439527511596680e-01 7.153382873535156250e+01
1.037327194213867188e+01 -8.596930503845214844e-01 7.140126800537109375e+01
1.232040405273437500e+01 -7.731359004974365234e-01 6.989998626708984375e+01
1.196814346313476562e+01 -6.534556150436401367e-01 7.159491729736328125e+01
1.024991321563720703e+01 -1.093245387077331543e+00 6.990000152587890625e+01
1.778206253051757812e+01 -2.848064184188842773e+00 6.990003204345703125e+01
1.124506378173828125e+01 -7.777669429779052734e-01 7.159477233886718750e+01
1.171064376831054688e+01 -8.560774922370910645e-01 6.989997100830078125e+01
1.248572349548339844e+01 -8.597221374511718750e-01 7.155125427246093750e+01
1.167098236083984375e+01 -4.597088396549224854e-01 7.089884948730468750e+01
1.290181064605712891e+01 -1.206880688667297363e+00 6.989998626708984375e+01
1.172076511383056641e+01 -7.973681092262268066e-01 7.159484100341796875e+01
1.103726577758789062e+01 -1.151477694511413574e+00 6.989997863769531250e+01
1.250198554992675781e+01 -8.597058653831481934e-01 7.103337860107421875e+01
1.120550537109375000e+01 -8.585945963859558105e-01 7.126296234130859375e+01
1.206789779663085938e+01 -1.130842447280883789e+00 6.989997863769531250e+01
1.206890869140625000e+01 -8.597366809844970703e-01 7.145286560058593750e+01
9.131154060363769531e+00 -2.620938062667846680e+00 6.990001678466796875e+01
1.427976417541503906e+01 -2.614203453063964844e+00 6.990000152587890625e+01
1.155992317199707031e+01 -8.597312569618225098e-01 7.137646484375000000e+01
1.148588848114013672e+01 -1.359341979026794434e+00 6.990092468261718750e+01
1.219576072692871094e+01 -8.597140312194824219e-01 7.114129638671875000e+01
1.135105037689208984e+01 -8.597432971000671387e-01 7.099172210693359375e+01
1.250630664825439453e+01 -1.743380427360534668e+00 6.989998626708984375e+01
1.183568668365478516e+01 -8.597470521926879883e-01 7.129357910156250000e+01
1.062526798248291016e+01 -2.297994136810302734e+00 6.989997863769531250e+01
1.183387756347656250e+01 -4.596938788890838623e-01 7.089855957031250000e+01
1.155720996856689453e+01 -8.597464561462402344e-01 7.112579345703125000e+01
1.184420204162597656e+01 -1.929057359695434570e+00 6.990722656250000000e+01
1.196251583099365234e+01 -8.597291707992553711e-01 7.111260223388671875e+01
1.175651073455810547e+01 -4.593690335750579834e-01 7.089536285400390625e+01
1.325618076324462891e+01 -4.044981479644775391e+00 6.989998626708984375e+01
1.174344921112060547e+01 -8.597469329833984375e-01 7.109185791015625000e+01
1.122842597961425781e+01 -3.540431976318359375e+00 6.989994812011718750e+01
1.191669082641601562e+01 -8.597247004508972168e-01 7.094224548339843750e+01
1.170296001434326172e+01 -8.597429394721984863e-01 7.093854522705078125e+01
1.178858375549316406e+01 -4.597288370132446289e-01 7.089999389648437500e+01
