-2.644327545166015625e+01 1.476702308654785156e+01 7.090011596679687500e+01
-2.770609855651855469e+01 1.469457817077636719e+01 7.205696105957031250e+01
-2.635550880432128906e+01 9.727689743041992188e+00 6.990007019042968750e+01
-2.533563232421875000e+01 1.129226112365722656e+01 7.234484100341796875e+01
-2.886294746398925781e+01 1.203954505920410156e+01 7.047210693359375000e+01
-2.487570762634277344e+01 1.011758518218994141e+01 6.990295410156250000e+01
-2.683165740966796875e+01 9.059090614318847656e+00 7.234487152099609375e+01
-2.696264266967773438e+01 8.191264152526855469e+00 6.990010833740234375e+01
-2.644186019897460938e+01 6.306428432464599609e+00 7.090063476562500000e+01
-2.884196281433105469e+01 9.996876716613769531e+00 7.189025878906250000e+01
-2.597523880004882812e+01 7.766199111938476562e+00 6.989994812011718750e+01
-2.599013137817382812e+01 8.177708625793457031e+00 7.234481048583984375e+01
-2.816889381408691406e+01 8.618859291076660156e+00 6.990008544921875000e+01
-2.643808364868164062e+01 6.309913635253906250e+00 7.089897155761718750e+01
-2.745898437500000000e+01 8.121542930603027344e+00 7.234485626220703125e+01
-2.657287979125976562e+01 7.284311294555664062e+00 6.989996337890625000e+01
-2.632801628112792969e+01 6.442677497863769531e+00 7.099725341796875000e+01
-2.887291717529296875e+01 8.420840263366699219e+00 7.100058746337890625e+01
-2.644296264648437500e+01 6.304474830627441406e+00 7.089980316162109375e+01
-2.651007843017578125e+01 7.435498237609863281e+00 7.234478759765625000e+01
-2.727776908874511719e+01 7.270730972290039062e+00 6.990011596679687500e+01
-2.604705619812011719e+01 6.585636615753173828e+00 7.095343017578125000e+01
-2.851978111267089844e+01 7.994321823120117188e+00 7.234489440917968750e+01
-2.621828842163085938e+01 6.953845500946044922e+00 6.990002441406250000e+01
-2.632967758178710938e+01 6.441437721252441406e+00 7.109835815429687500e+01
-2.885641860961914062e+01 7.746925354003906250e+00 7.013025665283203125e+01
-2.643803215026855469e+01 6.307225704193115234e+00 7.089768981933593750e+01
-2.704790306091308594e+01 7.103330135345458984e+00 7.234484100341796875e+01
-2.680298423767089844e+01 6.816598415374755859e+00 6.990003204345703125e+01
-2.587729644775390625e+01 6.595027446746826172e+00 7.119757843017578125e+01
-2.885158157348632812e+01 7.371562480926513672e+00 7.153493499755859375e+01
-2.644292068481445312e+01 6.304375648498535156e+00 7.089955902099609375e+01
-2.644273757934570312e+01 6.305312156677246094e+00 7.090325164794921875e+01
-2.773457908630371094e+01 6.881559848785400391e+00 6.990005493164062500e+01
-2.643934059143066406e+01 6.305412292480468750e+00 7.089978790283203125e+01
-2.777982711791992188e+01 6.907099723815917969e+00 7.234488677978515625e+01
-2.643839645385742188e+01 6.587645530700683594e+00 6.989990997314453125e+01
-2.581299209594726562e+01 6.548934459686279297e+00 7.159490966796875000e+01
-2.886026763916015625e+01 6.883904457092285156e+00 7.067610931396484375e+01
-2.643954658508300781e+01 6.305126190185546875e+00 7.089728546142578125e+01
-2.670610809326171875e+01 6.591276645660400391e+00 7.234487915039062500e+01
-2.707260894775390625e+01 6.510072708129882812e+00 6.990003967285156250e+01
-2.553472900390625000e+01 6.448512077331542969e+00 7.114910888671875000e+01
-2.881439971923828125e+01 6.657133102416992188e+00 7.211693572998046875e+01
-2.644307899475097656e+01 6.304173946380615234e+00 7.089958190917968750e+01
-2.616043472290039062e+01 6.372590065002441406e+00 7.159490966796875000e+01
-2.855325126647949219e+01 6.469621181488037109e+00 6.990016174316406250e+01
-2.644016075134277344e+01 6.304275512695312500e+00 7.089915466308593750e+01
-2.729001235961914062e+01 6.354880809783935547e+00 7.234492492675781250e+01
-2.665800666809082031e+01 6.314442157745361328e+00 6.990014648437500000e+01
-2.546530342102050781e+01 6.291992664337158203e+00 7.159481811523437500e+01
-2.887874031066894531e+01 6.229703426361083984e+00 7.120364379882812500e+01
-2.644044113159179688e+01 6.303889274597167969e+00 7.089678192138671875e+01
-2.641793823242187500e+01 6.254829883575439453e+00 7.159487915039062500e+01
-2.742883110046386719e+01 6.175934314727783203e+00 6.990003204345703125e+01
-2.644327545166015625e+01 6.304110527038574219e+00 7.090011596679687500e+01
-2.819183540344238281e+01 6.003663539886474609e+00 7.234486389160156250e+01
-2.644320869445800781e+01 6.304037094116210938e+00 7.089964294433593750e+01
-2.596483993530273438e+01 6.157061576843261719e+00 7.159495544433593750e+01
-2.884545707702636719e+01 5.822078227996826172e+00 7.034738159179687500e+01
-2.644073677062988281e+01 6.303477287292480469e+00 7.089868164062500000e+01
-2.691199302673339844e+01 5.941295623779296875e+00 7.234494018554687500e+01
-2.689943313598632812e+01 6.017236709594726562e+00 6.990003204345703125e+01
-2.532884025573730469e+01 5.960943222045898438e+00 7.137291717529296875e+01
-2.885384559631347656e+01 5.520635128021240234e+00 7.175389099121093750e+01
-2.644128799438476562e+01 6.302714824676513672e+00 7.089637756347656250e+01
-2.626374435424804688e+01 6.050388336181640625e+00 7.159493255615234375e+01
-2.798211288452148438e+01 5.610482692718505859e+00 6.990000915527343750e+01
-2.644096183776855469e+01 6.303165435791015625e+00 7.089972686767578125e+01
-2.757357406616210938e+01 5.517872333526611328e+00 7.234497070312500000e+01
-2.644331169128417969e+01 6.303893089294433594e+00 7.089964294433593750e+01
-2.569964027404785156e+01 5.813399791717529297e+00 7.159481048583984375e+01
-2.887016487121582031e+01 5.065585136413574219e+00 7.087643432617187500e+01
-2.644130897521972656e+01 6.302684783935546875e+00 7.089835357666015625e+01
-2.651109313964843750e+01 5.906435489654541016e+00 7.159496307373046875e+01
-2.719073867797851562e+01 5.556182861328125000e+00 6.990522766113281250e+01
-2.424921989440917969e+01 4.889347553253173828e+00 7.131032562255859375e+01
-2.876444435119628906e+01 4.477272987365722656e+00 7.234503936767578125e+01
-2.644223785400390625e+01 6.301396846771240234e+00 7.089640808105468750e+01
-2.609097671508789062e+01 5.725948810577392578e+00 7.159494018554687500e+01
-2.881533813476562500e+01 4.321393013000488281e+00 7.000751495361328125e+01
-2.644145011901855469e+01 6.302488803863525391e+00 7.089938354492187500e+01
-2.644347381591796875e+01 6.303711414337158203e+00 7.090052795410156250e+01
-2.644348716735839844e+01 6.303438663482666016e+00 7.089941406250000000e+01
-2.527086830139160156e+01 4.979544639587402344e+00 7.159491729736328125e+01
-2.886883163452148438e+01 3.753725528717041016e+00 7.140860748291015625e+01
-2.644200134277343750e+01 6.301725864410400391e+00 7.089833831787109375e+01
-2.637181472778320312e+01 5.606155872344970703e+00 7.149723052978515625e+01
-2.644373703002929688e+01 6.303356647491455078e+00 7.089971923828125000e+01
-2.577736091613769531e+01 5.421971321105957031e+00 7.087908172607421875e+01
-2.644406890869140625e+01 6.302534103393554688e+00 7.090088653564453125e+01
-2.644313240051269531e+01 6.300159454345703125e+00 7.089755249023437500e+01
-2.611594581604003906e+01 5.438347816467285156e+00 7.130023956298828125e+01
-2.644840240478515625e+01 6.294572353363037109e+00 7.089937591552734375e+01
-2.644220352172851562e+01 6.301446437835693359e+00 7.089938354492187500e+01
-2.649166870117187500e+01 5.810830116271972656e+00 7.110583496093750000e+01
-2.644425773620605469e+01 6.298597812652587891e+00 7.089836120605468750e+01
-2.621211242675781250e+01 5.474006175994873047e+00 7.097635650634765625e+01
-2.651493644714355469e+01 5.919086933135986328e+00 7.093238067626953125e+01
-2.644327545166015625e+01 5.702097415924072266e+00 7.090011596679687500e+01
