2.438416481018066406e+01 1.462803936004638672e+01 7.089994812011718750e+01
2.438416481018066406e+01 -3.743276596069335938e+00 7.089994812011718750e+01
2.447192764282226562e+01 -3.198438584804534912e-01 6.989994049072265625e+01
2.438416481018066406e+01 -3.743276596069335938e+00 7.089994812011718750e+01
1.876763725280761719e+01 9.569776535034179688e+00 6.990646362304687500e+01
2.595623970031738281e+01 8.116261661052703857e-02 6.989992523193359375e+01
2.438416481018066406e+01 -3.743276596069335938e+00 7.089994812011718750e+01
2.386880874633789062e+01 -1.870696902275085449e+00 6.990766143798828125e+01
2.438416481018066406e+01 -3.743276596069335938e+00 7.089994812011718750e+01
2.438150978088378906e+01 -3.739188671112060547e+00 7.090104675292968750e+01
2.485211944580078125e+01 -2.281445503234863281e+00 6.989995574951171875e+01
2.438416481018066406e+01 -3.743276596069335938e+00 7.089994812011718750e+01
2.265882873535156250e+01 -1.428907275199890137e+00 6.990007781982421875e+01
2.889038276672363281e+01 1.293280005455017090e+00 6.990927124023437500e+01
2.438121604919433594e+01 -3.738000154495239258e+00 7.090414428710937500e+01
2.425459480285644531e+01 -2.763334512710571289e+00 6.990006256103515625e+01
2.438416481018066406e+01 -3.743276596069335938e+00 7.089994812011718750e+01
1.962801933288574219e+01 4.003259241580963135e-01 7.109662628173828125e+01
2.620323753356933594e+01 -1.626182913780212402e+00 6.908972930908203125e+01
2.438416481018066406e+01 -3.743276596069335938e+00 7.089994812011718750e+01
2.354982376098632812e+01 -2.776833057403564453e+00 6.990013122558593750e+01
2.438542938232421875e+01 -3.742378473281860352e+00 7.090011596679687500e+01
2.338556861877441406e+01 -2.930450439453125000e+00 7.159474182128906250e+01
2.460910797119140625e+01 -3.093672037124633789e+00 6.990005493164062500e+01
2.438416481018066406e+01 -3.743276596069335938e+00 7.089994812011718750e+01
2.125702285766601562e+01 -1.873563766479492188e+00 6.990230560302734375e+01
2.654846382141113281e+01 -2.457246541976928711e+00 6.989998626708984375e+01
2.438416481018066406e+01 -3.743276596069335938e+00 7.089994812011718750e+01
2.402454948425292969e+01 -3.230922698974609375e+00 6.990013122558593750e+01
2.438671112060546875e+01 -3.741967916488647461e+00 7.090128326416015625e+01
2.235208892822265625e+01 -2.842584133148193359e+00 7.143560028076171875e+01
2.502711296081542969e+01 -3.264265060424804688e+00 6.990001678466796875e+01
2.438416481018066406e+01 -3.743276596069335938e+00 7.089994812011718750e+01
2.309320068359375000e+01 -3.165979146957397461e+00 6.990015411376953125e+01
2.888121986389160156e+01 -2.255460739135742188e+00 7.052737426757812500e+01
2.374127769470214844e+01 -3.453236818313598633e+00 7.159488677978515625e+01
2.438904190063476562e+01 -3.459846258163452148e+00 6.990010833740234375e+01
2.438770484924316406e+01 -3.741901636123657227e+00 7.090384674072265625e+01
1.359468555450439453e+01 -1.155070543289184570e+00 6.989997863769531250e+01
2.717265510559082031e+01 -2.983418941497802734e+00 6.878358459472656250e+01
2.425777626037597656e+01 -3.605187416076660156e+00 7.159468841552734375e+01
2.375500869750976562e+01 -3.537371873855590820e+00 6.990015411376953125e+01
2.438952064514160156e+01 -3.742425441741943359e+00 7.090141296386718750e+01
2.305490303039550781e+01 -3.545370817184448242e+00 7.158209991455078125e+01
2.475485420227050781e+01 -3.624052286148071289e+00 6.990007781982421875e+01
2.438895034790039062e+01 -3.742117881774902344e+00 7.091170501708984375e+01
2.227445411682128906e+01 -3.577786922454833984e+00 6.990011596679687500e+01
2.762738227844238281e+01 -3.571650505065917969e+00 6.990003204345703125e+01
2.397693634033203125e+01 -3.718859434127807617e+00 7.159481048583984375e+01
2.416946983337402344e+01 -3.732946872711181641e+00 6.990015411376953125e+01
2.439075851440429688e+01 -3.743358373641967773e+00 7.090463256835937500e+01
2.328630828857421875e+01 -3.776817798614501953e+00 7.103677368164062500e+01
2.523528099060058594e+01 -3.809679985046386719e+00 6.990002441406250000e+01
2.440950202941894531e+01 -3.792560577392578125e+00 7.159475708007812500e+01
2.438335418701171875e+01 -3.743382215499877930e+00 7.089912414550781250e+01
2.439131927490234375e+01 -3.744077682495117188e+00 7.090031433105468750e+01
2.354321861267089844e+01 -3.887772321701049805e+00 7.159477996826171875e+01
2.438430213928222656e+01 -3.743429183959960938e+00 7.089896392822265625e+01
2.439185905456542969e+01 -3.745641469955444336e+00 7.091112518310546875e+01
2.437011909484863281e+01 -3.746094942092895508e+00 7.089671325683593750e+01
2.809313201904296875e+01 -4.668580055236816406e+00 6.879859161376953125e+01
2.415875816345214844e+01 -3.917754888534545898e+00 7.159476470947265625e+01
2.438337707519531250e+01 -3.743772506713867188e+00 7.089821624755859375e+01
2.439192390441894531e+01 -3.745665788650512695e+00 7.090323638916015625e+01
2.353029632568359375e+01 -4.020798206329345703e+00 7.120236968994140625e+01
2.491591835021972656e+01 -4.116673469543457031e+00 6.990006256103515625e+01
2.456370544433593750e+01 -3.997012615203857422e+00 7.159480285644531250e+01
2.437946510314941406e+01 -3.745394468307495117e+00 7.089689636230468750e+01
2.875954055786132812e+01 -5.530642986297607422e+00 7.016995239257812500e+01
2.384063339233398438e+01 -4.121358394622802734e+00 7.159474182128906250e+01
2.438397216796875000e+01 -3.744400501251220703e+00 7.089748382568359375e+01
2.439162826538085938e+01 -3.748201847076416016e+00 7.090692138671875000e+01
2.437139892578125000e+01 -3.749791145324707031e+00 7.089982604980468750e+01
2.549724006652832031e+01 -4.550354480743408203e+00 6.990007781982421875e+01
2.431634712219238281e+01 -4.140949249267578125e+00 7.159479522705078125e+01
2.438181304931640625e+01 -3.745630741119384766e+00 7.089682006835937500e+01
2.439172172546386719e+01 -3.748149394989013672e+00 7.090135955810546875e+01
2.375105285644531250e+01 -4.241557121276855469e+00 7.129405975341796875e+01
2.438503265380859375e+01 -3.745547056198120117e+00 7.089684295654296875e+01
2.473646926879882812e+01 -4.321446895599365234e+00 7.159477996826171875e+01
2.437767982482910156e+01 -3.748696565628051758e+00 7.089750671386718750e+01
2.629909515380859375e+01 -5.445535182952880859e+00 7.013127136230468750e+01
2.405400466918945312e+01 -4.407521724700927734e+00 7.158792114257812500e+01
2.438317871093750000e+01 -3.746404647827148438e+00 7.089669036865234375e+01
2.555674552917480469e+01 -5.068037986755371094e+00 7.159485626220703125e+01
2.383266067504882812e+01 -4.323163509368896484e+00 7.101556396484375000e+01
2.438640594482421875e+01 -3.747470617294311523e+00 7.089682769775390625e+01
2.446731185913085938e+01 -4.555376529693603516e+00 7.159471893310546875e+01
2.438103866577148438e+01 -3.748378753662109375e+00 7.089726257324218750e+01
2.438908195495605469e+01 -3.749789476394653320e+00 7.089979553222656250e+01
2.400556373596191406e+01 -4.496070384979248047e+00 7.126942443847656250e+01
2.438433074951171875e+01 -3.747861862182617188e+00 7.089697265625000000e+01
2.494857025146484375e+01 -5.236086368560791016e+00 7.158986663818359375e+01
2.438068389892578125e+01 -3.749754428863525391e+00 7.089944458007812500e+01
2.438660430908203125e+01 -3.749337196350097656e+00 7.089828491210937500e+01
2.428308677673339844e+01 -4.773565292358398438e+00 7.132962799072265625e+01
2.438311004638671875e+01 -3.749193906784057617e+00 7.089806365966796875e+01
2.482082939147949219e+01 -5.311332702636718750e+00 7.104396820068359375e+01
2.420664024353027344e+01 -4.697104454040527344e+00 7.097987365722656250e+01
2.438416481018066406e+01 -3.749793291091918945e+00 7.089994812011718750e+01
