-1.713924407958984375e+01 8.460996627807617188e+00 7.090003204345703125e+01
-1.720095062255859375e+01 8.644122123718261719e+00 7.095655822753906250e+01
-1.713418388366699219e+01 8.431526184082031250e+00 7.084237670898437500e+01
-1.603154373168945312e+01 1.322254657745361328e+01 7.234483337402343750e+01
-1.740458488464355469e+01 8.863083839416503906e+00 7.085309600830078125e+01
-1.556725597381591797e+01 1.205836391448974609e+01 6.990006256103515625e+01
-1.719527244567871094e+01 8.631566047668457031e+00 7.110845184326171875e+01
-1.728412246704101562e+01 8.760560989379882812e+00 7.062107849121093750e+01
-1.328878688812255859e+01 1.453906917572021484e+01 7.230621337890625000e+01
-1.760064888000488281e+01 8.944464683532714844e+00 7.109049224853515625e+01
-1.713924407958984375e+01 8.234135627746582031e+00 7.090003204345703125e+01
-1.668603706359863281e+01 1.010799217224121094e+01 7.234492492675781250e+01
-1.767597770690917969e+01 8.954110145568847656e+00 7.058898162841796875e+01
-1.259121608734130859e+01 1.331742382049560547e+01 6.990016174316406250e+01
-1.752267265319824219e+01 8.920215606689453125e+00 7.144541931152343750e+01
-1.718799018859863281e+01 8.602809906005859375e+00 7.052385711669921875e+01
-1.542485237121582031e+01 1.029520988464355469e+01 7.234492492675781250e+01
-1.792748451232910156e+01 8.920859336853027344e+00 7.093262481689453125e+01
-1.613423728942871094e+01 9.403794288635253906e+00 6.989991760253906250e+01
-1.715706253051757812e+01 8.535912513732910156e+00 7.128536987304687500e+01
-1.776230430603027344e+01 8.955844879150390625e+00 7.015339660644531250e+01
-8.312487602233886719e+00 1.450583171844482422e+01 7.208766174316406250e+01
-1.796459579467773438e+01 8.905945777893066406e+00 7.147428894042968750e+01
-1.691457748413085938e+01 8.882942199707031250e+00 6.990136718750000000e+01
-1.631126785278320312e+01 9.235074996948242188e+00 7.234496307373046875e+01
-1.810784339904785156e+01 8.813259124755859375e+00 7.059102630615234375e+01
-1.497454452514648438e+01 9.520403861999511719e+00 6.989988708496093750e+01
-1.743001174926757812e+01 8.618483543395996094e+00 7.159480285644531250e+01
-1.763817596435546875e+01 8.944979667663574219e+00 6.951287078857421875e+01
-1.438996982574462891e+01 9.647283554077148438e+00 7.234497070312500000e+01
-1.820969772338867188e+01 8.708600044250488281e+00 7.118219757080078125e+01
-1.649624443054199219e+01 8.713184356689453125e+00 6.990001678466796875e+01
-1.689091682434082031e+01 8.788249015808105469e+00 7.234497833251953125e+01
-1.820719718933105469e+01 8.711706161499023438e+00 7.007295227050781250e+01
-5.068257331848144531e+00 1.222772789001464844e+01 6.989997863769531250e+01
-1.778199577331542969e+01 8.524114608764648438e+00 7.159482574462890625e+01
-1.713584709167480469e+01 8.431529998779296875e+00 7.020369720458984375e+01
-1.582845878601074219e+01 8.743290901184082031e+00 7.234497833251953125e+01
-1.830347824096679688e+01 8.513414382934570312e+00 7.079212951660156250e+01
-1.582170104980468750e+01 8.593163490295410156e+00 6.990006256103515625e+01
-1.726536369323730469e+01 8.371932029724121094e+00 7.159329986572265625e+01
-1.826649093627929688e+01 8.603051185607910156e+00 6.910872650146484375e+01
-1.186661434173583984e+01 9.072152137756347656e+00 7.234503936767578125e+01
-1.832074928283691406e+01 8.410042762756347656e+00 7.150636291503906250e+01
-1.676848030090332031e+01 8.353384017944335938e+00 6.989996337890625000e+01
-1.655101776123046875e+01 8.376553535461425781e+00 7.234499359130859375e+01
-1.831960296630859375e+01 8.326725006103515625e+00 7.034063720703125000e+01
-1.389596652984619141e+01 8.405764579772949219e+00 6.990009307861328125e+01
-1.754650878906250000e+01 8.258555412292480469e+00 7.159495544433593750e+01
-1.713924407958984375e+01 8.234135627746582031e+00 7.090003204345703125e+01
-1.510508346557617188e+01 8.208930969238281250e+00 7.234500122070312500e+01
-1.829986763000488281e+01 8.198677062988281250e+00 7.104467773437500000e+01
-1.628808212280273438e+01 8.167728424072265625e+00 6.990005493164062500e+01
-1.708654975891113281e+01 8.131641387939453125e+00 7.234500885009765625e+01
-1.825527381896972656e+01 8.088991165161132812e+00 6.976754760742187500e+01
-1.713924407958984375e+01 8.234135627746582031e+00 7.090003204345703125e+01
-1.798018836975097656e+01 8.089639663696289062e+00 7.159486389160156250e+01
-1.699972534179687500e+01 8.079364776611328125e+00 6.990002441406250000e+01
-1.614428901672363281e+01 7.928332805633544922e+00 7.234501647949218750e+01
-1.821274185180664062e+01 8.018722534179687500e+00 7.065302276611328125e+01
-1.537440586090087891e+01 7.793848514556884766e+00 6.990014648437500000e+01
-1.736465072631835938e+01 8.059657096862792969e+00 7.159484863281250000e+01
-1.785672950744628906e+01 7.782914638519287109e+00 6.932701110839843750e+01
-1.373322868347167969e+01 7.185323238372802734e+00 7.234503936767578125e+01
-1.811935043334960938e+01 7.915584564208984375e+00 7.124716949462890625e+01
-1.660744094848632812e+01 7.860704898834228516e+00 6.990005493164062500e+01
-1.676587677001953125e+01 7.706473827362060547e+00 7.234503173828125000e+01
-1.801461982727050781e+01 7.839561462402343750e+00 7.033111572265625000e+01
-1.114483070373535156e+01 5.785382747650146484e+00 6.989991760253906250e+01
-1.768280220031738281e+01 7.856035709381103516e+00 7.159486389160156250e+01
-1.721718215942382812e+01 7.777760505676269531e+00 6.990003204345703125e+01
-1.559244537353515625e+01 7.213433265686035156e+00 7.234503173828125000e+01
-1.796316146850585938e+01 7.813661575317382812e+00 7.089199066162109375e+01
-1.488315868377685547e+01 6.598273277282714844e+00 6.887339782714843750e+01
-1.728028106689453125e+01 7.407128334045410156e+00 7.234503936767578125e+01
-1.759406852722167969e+01 7.779028892517089844e+00 7.029465484619140625e+01
-9.410857200622558594e+00 3.250744342803955078e+00 7.234497070312500000e+01
-1.792027473449707031e+01 7.619439125061035156e+00 7.138622283935546875e+01
-1.685993957519531250e+01 7.503009319305419922e+00 6.990004730224609375e+01
-1.640657615661621094e+01 7.031746864318847656e+00 7.234503936767578125e+01
-1.769270324707031250e+01 7.771520137786865234e+00 7.069176483154296875e+01
-1.464797687530517578e+01 6.019548892974853516e+00 6.990000915527343750e+01
-1.725094032287597656e+01 8.009415626525878906e+00 7.113278198242187500e+01
-1.718506813049316406e+01 8.088857650756835938e+00 7.074878692626953125e+01
-1.470094490051269531e+01 5.479386806488037109e+00 7.234503936767578125e+01
-1.792586135864257812e+01 7.407036304473876953e+00 7.106494140625000000e+01
-1.642147064208984375e+01 6.890353202819824219e+00 6.989995574951171875e+01
-1.696631050109863281e+01 6.545099735260009766e+00 7.234503936767578125e+01
-1.733909416198730469e+01 7.908019542694091797e+00 7.072823333740234375e+01
7.825266569852828979e-02 -1.457393741607666016e+01 7.035624694824218750e+01
-1.726288986206054688e+01 7.988282203674316406e+00 7.102069854736328125e+01
-1.708322334289550781e+01 6.693668842315673828e+00 6.990005493164062500e+01
-1.595712184906005859e+01 5.107509136199951172e+00 7.234503936767578125e+01
-1.728234291076660156e+01 7.967882633209228516e+00 7.087935638427734375e+01
-1.567177963256835938e+01 4.589175224304199219e+00 6.990011596679687500e+01
-1.747916793823242188e+01 4.769267559051513672e+00 7.234504699707031250e+01
-1.769934654235839844e+01 5.093710422515869141e+00 6.990008544921875000e+01
-1.508582401275634766e+01 8.603196144104003906e-01 7.157727050781250000e+01
-1.751855087280273438e+01 6.196152687072753906e+00 7.107080841064453125e+01
-1.713924407958984375e+01 8.603070378303527832e-01 7.090003204345703125e+01
