-7.889770507812500000e+00 4.602917432785034180e-01 7.090002441406250000e+01
-7.898798465728759766e+00 4.602912962436676025e-01 7.090829467773437500e+01
-7.802018165588378906e+00 3.823347330093383789e+00 6.990013122558593750e+01
-7.876450061798095703e+00 4.602926969528198242e-01 7.091739654541015625e+01
-7.914936542510986328e+00 4.599581658840179443e-01 7.089557647705078125e+01
-6.317933559417724609e+00 4.224166393280029297e+00 6.990015411376953125e+01
-7.898226737976074219e+00 4.602915644645690918e-01 7.093148040771484375e+01
-8.409063339233398438e+00 2.287189722061157227e+00 6.990015411376953125e+01
-7.853135585784912109e+00 4.602940380573272705e-01 7.091340637207031250e+01
-7.928733825683593750e+00 4.602895975112915039e-01 7.091610717773437500e+01
-7.421851158142089844e+00 1.862028717994689941e+00 6.990010833740234375e+01
-7.875262260437011719e+00 4.602930843830108643e-01 7.094628143310546875e+01
-9.615244865417480469e+00 2.714860200881958008e+00 6.990007781982421875e+01
1.220839262008666992e+00 1.058314800262451172e+01 6.889707946777343750e+01
-7.923294067382812500e+00 4.602902233600616455e-01 7.094770812988281250e+01
-8.019345283508300781e+00 1.380283951759338379e+00 6.990010070800781250e+01
-7.839871883392333984e+00 4.602951407432556152e-01 7.094207763671875000e+01
-7.958619117736816406e+00 4.602876901626586914e-01 7.090287017822265625e+01
-6.884931087493896484e+00 1.569769740104675293e+00 6.990007781982421875e+01
-7.893312454223632812e+00 4.602923095226287842e-01 7.097662353515625000e+01
-8.724183082580566406e+00 1.366831541061401367e+00 6.990011596679687500e+01
-7.805339813232421875e+00 4.602968692779541016e-01 7.091138458251953125e+01
-7.963460922241210938e+00 4.602878987789154053e-01 7.095129394531250000e+01
-7.664814472198486328e+00 1.049949407577514648e+00 6.990007019042968750e+01
-7.840147018432617188e+00 4.602955579757690430e-01 7.098662567138671875e+01
-1.102434539794921875e+01 2.274463415145874023e+00 6.990000915527343750e+01
-5.725341320037841797e+00 1.686413407325744629e+00 6.990000152587890625e+01
-7.935149669647216797e+00 4.602901637554168701e-01 7.100845336914062500e+01
-8.249427795410156250e+00 9.127214550971984863e-01 6.990008544921875000e+01
-7.773054122924804688e+00 4.602992832660675049e-01 7.096136474609375000e+01
-8.025093078613281250e+00 4.602859020233154297e-01 7.093569183349609375e+01
-7.246796131134033203e+00 8.793365359306335449e-01 6.990005493164062500e+01
-7.889147281646728516e+00 4.016967117786407471e-01 7.090364837646484375e+01
-9.180886268615722656e+00 9.776713848114013672e-01 6.990010833740234375e+01
4.181415081024169922e+00 4.393963813781738281e+00 6.989994812011718750e+01
-8.532554626464843750e+00 6.902998089790344238e-01 7.159485626220703125e+01
-7.884892463684082031e+00 6.837727427482604980e-01 6.990006256103515625e+01
-7.887522220611572266e+00 4.011793434619903564e-01 7.090250396728515625e+01
-1.867898750305175781e+01 2.988449096679687500e+00 6.990008544921875000e+01
-6.572170734405517578e+00 7.593492269515991211e-01 6.990001678466796875e+01
-7.890835762023925781e+00 4.014700651168823242e-01 7.090588378906250000e+01
-8.519024848937988281e+00 6.062427163124084473e-01 6.990007781982421875e+01
-7.512205123901367188e+00 4.603151977062225342e-01 7.100350189208984375e+01
-9.243887901306152344e+00 6.019126176834106445e-01 7.159493255615234375e+01
-7.519039154052734375e+00 5.195437073707580566e-01 6.990003967285156250e+01
-7.888294696807861328e+00 4.006633758544921875e-01 7.090364837646484375e+01
-9.999651908874511719e+00 5.658091902732849121e-01 6.990011596679687500e+01
-4.646048069000244141e+00 5.719589591026306152e-01 6.989994812011718750e+01
-7.898518562316894531e+00 4.008306264877319336e-01 7.091495513916015625e+01
-8.104493141174316406e+00 4.106371104717254639e-01 6.990010070800781250e+01
-6.911540508270263672e+00 3.881850838661193848e-01 7.159490966796875000e+01
-1.344801902770996094e+01 2.304933220148086548e-01 7.159273529052734375e+01
-7.038589000701904297e+00 3.338976502418518066e-01 6.990002441406250000e+01
-7.864428997039794922e+00 3.510149419307708740e-01 7.159493255615234375e+01
-8.875199317932128906e+00 2.721465229988098145e-01 6.990007019042968750e+01
-7.889770507812500000e+00 4.003060758113861084e-01 7.090002441406250000e+01
-8.730708122253417969e+00 2.558118104934692383e-01 7.159484863281250000e+01
-7.750253200531005859e+00 2.455380409955978394e-01 6.990003204345703125e+01
-7.411301136016845703e+00 2.532470524311065674e-01 7.159490966796875000e+01
-7.889797687530517578e+00 4.003006219863891602e-01 7.090001678466796875e+01
-7.889756679534912109e+00 4.003026783466339111e-01 7.090001678466796875e+01
-8.115181922912597656e+00 2.258241921663284302e-01 7.159485626220703125e+01
-7.889774322509765625e+00 4.003037810325622559e-01 7.090001678466796875e+01
-6.251949787139892578e+00 -1.040271222591400146e-01 7.159487152099609375e+01
-9.851614952087402344e+00 -2.373261898756027222e-01 7.159487152099609375e+01
-7.889766216278076172e+00 4.003031253814697266e-01 7.090001678466796875e+01
-7.710221767425537109e+00 1.465581059455871582e-01 7.159490966796875000e+01
-7.889780998229980469e+00 4.003012776374816895e-01 7.090001678466796875e+01
-7.889752388000488281e+00 4.002986252307891846e-01 7.090002441406250000e+01
-8.433284759521484375e+00 2.223602309823036194e-02 7.159479522705078125e+01
-7.889771461486816406e+00 4.003015160560607910e-01 7.090001678466796875e+01
-7.145995616912841797e+00 -9.049660712480545044e-02 7.159484863281250000e+01
-7.889780044555664062e+00 4.003013074398040771e-01 7.090002441406250000e+01
-7.889763355255126953e+00 4.003008306026458740e-01 7.090001678466796875e+01
-7.957583904266357422e+00 2.661936916410923004e-03 7.159481811523437500e+01
-7.889775753021240234e+00 4.003010392189025879e-01 7.090001678466796875e+01
-6.649067878723144531e+00 -3.997195065021514893e-01 7.113199615478515625e+01
-8.902118682861328125e+00 -3.964457511901855469e-01 7.153021240234375000e+01
-7.889768600463867188e+00 4.003010988235473633e-01 7.090001678466796875e+01
-7.537478923797607422e+00 -1.778421700000762939e-01 7.159483337402343750e+01
-7.889779567718505859e+00 4.002985060214996338e-01 7.090002441406250000e+01
-7.889761924743652344e+00 4.002985060214996338e-01 7.090002441406250000e+01
-8.223179817199707031e+00 -2.704746425151824951e-01 7.159476470947265625e+01
-7.889772415161132812e+00 4.003004133701324463e-01 7.090001678466796875e+01
-7.181679725646972656e+00 -3.996825218200683594e-01 7.131965637207031250e+01
-7.889772891998291016e+00 4.003036022186279297e-01 7.090002441406250000e+01
-7.889767169952392578e+00 4.002999067306518555e-01 7.090001678466796875e+01
-7.807858467102050781e+00 -3.997252285480499268e-01 7.158446502685546875e+01
-7.889779090881347656e+00 4.002919197082519531e-01 7.090001678466796875e+01
-7.889766693115234375e+00 4.003012478351593018e-01 7.090002441406250000e+01
-8.292122840881347656e+00 -3.997159600257873535e-01 7.129267883300781250e+01
-7.889770507812500000e+00 4.002998173236846924e-01 7.090001678466796875e+01
-7.587805747985839844e+00 -3.983678817749023438e-01 7.126914215087890625e+01
-7.889773368835449219e+00 4.003007411956787109e-01 7.090002441406250000e+01
-7.889767646789550781e+00 4.002992510795593262e-01 7.090002441406250000e+01
-7.968257904052734375e+00 -3.997199237346649170e-01 7.123367309570312500e+01
-7.889771938323974609e+00 4.002990126609802246e-01 7.090002441406250000e+01
-7.889769554138183594e+00 4.003024399280548096e-01 7.090002441406250000e+01
-7.889770984649658203e+00 4.003023505210876465e-01 7.090002441406250000e+01
-7.889770507812500000e+00 4.003014862537384033e-01 7.090002441406250000e+01
