2.562429046630859375e+01 1.460881328582763672e+01 7.090000915527343750e+01
2.404709625244140625e+01 5.495860576629638672e+00 7.234484863281250000e+01
2.571206283569335938e+01 -1.559570193290710449e+00 6.989990234375000000e+01
2.673101425170898438e+01 6.549851386807858944e-04 7.234353637695312500e+01
1.997106170654296875e+01 8.416687965393066406e+00 6.990003204345703125e+01
2.719621276855468750e+01 -1.159288525581359863e+00 6.990007781982421875e+01
2.523588943481445312e+01 -2.228236198425292969e+00 7.234484100341796875e+01
2.510491943359375000e+01 -3.096191406250000000e+00 6.989999389648437500e+01
2.876074409484863281e+01 1.524308472871780396e-01 7.204544067382812500e+01
2.212418365478515625e+01 4.050370156764984131e-01 7.234480285644531250e+01
2.649925231933593750e+01 -2.250084161758422852e+00 6.903026580810546875e+01
2.607749176025390625e+01 -3.109527349472045898e+00 7.234488677978515625e+01
2.389886474609375000e+01 -2.668868064880371094e+00 6.990009307861328125e+01
2.891360855102539062e+01 -1.306917309761047363e+00 7.017686462402343750e+01
2.460848045349121094e+01 -3.165743827819824219e+00 7.234489440917968750e+01
2.549470329284667969e+01 -4.003293037414550781e+00 6.990000152587890625e+01
2.733867073059082031e+01 -2.922296285629272461e+00 7.234489440917968750e+01
1.944474983215332031e+01 4.003220498561859131e-01 7.115555572509765625e+01
2.788652229309082031e+01 -2.350500106811523438e+00 6.864878845214843750e+01
2.555747604370117188e+01 -3.851777553558349609e+00 7.234492492675781250e+01
2.478985595703125000e+01 -4.016806602478027344e+00 6.990007781982421875e+01
2.883152580261230469e+01 -2.704512357711791992e+00 7.133153533935546875e+01
2.462567710876464844e+01 -4.170517444610595703e+00 7.159481811523437500e+01
2.584927177429199219e+01 -4.333640575408935547e+00 6.989994812011718750e+01
2.645224952697753906e+01 -3.982439517974853516e+00 7.234490966796875000e+01
2.249008560180664062e+01 -3.109421014785766602e+00 6.990010833740234375e+01
2.778861045837402344e+01 -3.697315454483032227e+00 6.990003967285156250e+01
2.501958084106445312e+01 -4.184030055999755859e+00 7.234493255615234375e+01
2.526464080810546875e+01 -4.470953941345214844e+00 6.990009307861328125e+01
2.837356758117675781e+01 -3.570207834243774414e+00 7.234495544433593750e+01
2.359211730957031250e+01 -4.082622528076171875e+00 7.143568420410156250e+01
2.700647735595703125e+01 -3.953596353530883789e+00 6.875038909912109375e+01
2.587260818481445312e+01 -4.429268360137939453e+00 7.234489440917968750e+01
2.433320426940917969e+01 -4.406005382537841797e+00 6.990011596679687500e+01
2.876106643676757812e+01 -3.945579528808593750e+00 7.064013671875000000e+01
2.498158454895019531e+01 -4.693398952484130859e+00 7.159475708007812500e+01
2.562916946411132812e+01 -4.699892044067382812e+00 6.990004730224609375e+01
2.693499755859375000e+01 -4.474232673645019531e+00 7.234487152099609375e+01
2.562427139282226562e+01 -4.983352661132812500e+00 7.090000915527343750e+01
2.694179344177246094e+01 -4.624340534210205078e+00 6.990007019042968750e+01
2.536143493652343750e+01 -4.696166038513183594e+00 7.234489440917968750e+01
2.499506950378417969e+01 -4.777431488037109375e+00 6.990011596679687500e+01
2.873667526245117188e+01 -4.488684177398681641e+00 7.175298309326171875e+01
2.429492568969726562e+01 -4.785436153411865234e+00 7.158221435546875000e+01
2.599504852294921875e+01 -4.864110946655273438e+00 6.989994812011718750e+01
2.621246910095214844e+01 -4.840951442718505859e+00 7.234485626220703125e+01
2.351439285278320312e+01 -4.817852973937988281e+00 6.990008544921875000e+01
2.874754714965820312e+01 -4.818079471588134766e+00 6.993707275390625000e+01
2.521708297729492188e+01 -4.958941459655761719e+00 7.159484100341796875e+01
2.540956115722656250e+01 -4.973025798797607422e+00 6.990004730224609375e+01
2.765824317932128906e+01 -5.008559703826904297e+00 7.234483337402343750e+01
2.452640724182128906e+01 -5.016899585723876953e+00 7.103683471679687500e+01
2.749790573120117188e+01 -5.129535198211669922e+00 6.869880676269531250e+01
2.564962959289550781e+01 -5.032642364501953125e+00 7.159483337402343750e+01
2.463896369934082031e+01 -5.111503601074218750e+00 6.990015411376953125e+01
2.877550697326660156e+01 -5.336134433746337891e+00 7.106113433837890625e+01
2.478325653076171875e+01 -5.127868175506591797e+00 7.159490966796875000e+01
2.576380729675292969e+01 -5.138124942779541016e+00 6.990002441406250000e+01
2.661912918090820312e+01 -5.289124011993408203e+00 7.234482574462890625e+01
2.562428283691406250e+01 -4.983358860015869141e+00 7.090000915527343750e+01
2.737614440917968750e+01 -5.420405387878417969e+00 6.990747833251953125e+01
2.539886856079101562e+01 -5.157846927642822266e+00 7.159487152099609375e+01
2.516823577880859375e+01 -5.270166873931884766e+00 6.990014648437500000e+01
2.854004096984863281e+01 -5.881203174591064453e+00 7.213701629638671875e+01
2.477038383483886719e+01 -5.260891914367675781e+00 7.120244598388671875e+01
2.615608787536621094e+01 -5.356785297393798828e+00 6.990003967285156250e+01
2.580380058288574219e+01 -5.237050533294677734e+00 7.159474182128906250e+01
2.408577728271484375e+01 -5.676838874816894531e+00 6.990011596679687500e+01
2.868013381958007812e+01 -6.231687068939208984e+00 7.039016723632812500e+01
2.508069419860839844e+01 -5.361485004425048828e+00 7.159488677978515625e+01
2.554635810852050781e+01 -5.439699172973632812e+00 6.990007781982421875e+01
2.634025955200195312e+01 -5.455811977386474609e+00 7.156886291503906250e+01
2.562410354614257812e+01 -4.983452320098876953e+00 7.090000915527343750e+01
2.622761535644531250e+01 -5.420821666717529297e+00 7.035804748535156250e+01
2.555648040771484375e+01 -5.380985260009765625e+00 7.159477233886718750e+01
2.487302589416503906e+01 -5.735089302062988281e+00 6.990006256103515625e+01
2.857774162292480469e+01 -6.887791633605957031e+00 7.145220184326171875e+01
2.499116516113281250e+01 -5.481647968292236328e+00 7.129412841796875000e+01
2.580834579467773438e+01 -5.465153217315673828e+00 7.024104309082031250e+01
2.597659683227539062e+01 -5.561530590057373047e+00 7.159484863281250000e+01
2.562428474426269531e+01 -4.983361721038818359e+00 7.090000915527343750e+01
2.608727073669433594e+01 -5.394918918609619141e+00 7.071416473388671875e+01
2.529081535339355469e+01 -5.654270648956298828e+00 7.159488677978515625e+01
2.532129669189453125e+01 -5.943954944610595703e+00 6.989994812011718750e+01
2.665457153320312500e+01 -6.147350311279296875e+00 7.151058197021484375e+01
2.507276725769042969e+01 -5.563265323638916016e+00 7.101563262939453125e+01
2.586763000488281250e+01 -5.438926219940185547e+00 7.056096649169921875e+01
2.570710563659667969e+01 -5.792205333709716797e+00 7.159199523925781250e+01
2.446099472045898438e+01 -6.881627082824707031e+00 6.990000915527343750e+01
2.562434959411621094e+01 -4.983437061309814453e+00 7.090000915527343750e+01
2.524568557739257812e+01 -5.736161231994628906e+00 7.126949310302734375e+01
2.564578437805175781e+01 -5.574409961700439453e+00 7.051633453369140625e+01
2.619119262695312500e+01 -6.482773780822753906e+00 7.159297943115234375e+01
2.562427711486816406e+01 -4.983381271362304688e+00 7.090000915527343750e+01
2.581676864624023438e+01 -5.461442470550537109e+00 7.076885986328125000e+01
2.550777435302734375e+01 -6.171008110046386719e+00 7.139531707763671875e+01
2.506417465209960938e+01 -8.123864173889160156e+00 6.990003967285156250e+01
2.607382202148437500e+01 -6.597619056701660156e+00 7.104827117919921875e+01
2.544675636291503906e+01 -5.937229633331298828e+00 7.097994232177734375e+01
2.562429046630859375e+01 -5.156073570251464844e+00 7.090000915527343750e+01
