-1.752586364746093750e+01 -5.269937515258789062e+00 7.090013122558593750e+01
-1.792586898803710938e+01 -2.967104434967041016e+00 7.126657104492187500e+01
-1.743849372863769531e+01 -2.216696500778198242e+00 6.990459442138671875e+01
-1.752586364746093750e+01 -5.624821186065673828e+00 7.090013122558593750e+01
-2.317913246154785156e+01 7.775318622589111328e+00 6.990014648437500000e+01
-1.595361709594726562e+01 -1.799962997436523438e+00 6.989999389648437500e+01
-1.771262931823730469e+01 -4.300000667572021484e+00 7.159488677978515625e+01
-1.804263305664062500e+01 -3.747109651565551758e+00 6.990512084960937500e+01
-1.752586364746093750e+01 -5.624821186065673828e+00 7.090013122558593750e+01
-1.792585372924804688e+01 -5.009038925170898438e+00 7.106523895263671875e+01
-1.706041908264160156e+01 -4.170828819274902344e+00 6.990550231933593750e+01
-1.752586364746093750e+01 -5.624821186065673828e+00 7.090013122558593750e+01
-1.925145149230957031e+01 -3.310114860534667969e+00 6.990011596679687500e+01
-1.297700023651123047e+01 -5.406001806259155273e-01 6.990007781982421875e+01
-1.791761589050292969e+01 -4.923848152160644531e+00 7.145735931396484375e+01
-1.765546226501464844e+01 -4.644671916961669922e+00 6.990003204345703125e+01
-1.752586364746093750e+01 -5.624821186065673828e+00 7.090013122558593750e+01
-1.792583274841308594e+01 -5.276363849639892578e+00 7.091667175292968750e+01
-1.558896446228027344e+01 -3.370596647262573242e+00 6.897265625000000000e+01
-1.755799484252929688e+01 -5.080646038055419922e+00 7.159499359130859375e+01
-1.836040115356445312e+01 -4.658151626586914062e+00 6.990007781982421875e+01
-1.752586364746093750e+01 -5.624821186065673828e+00 7.090013122558593750e+01
-1.792585182189941406e+01 -5.299242973327636719e+00 7.117843627929687500e+01
-1.730086898803710938e+01 -4.975066184997558594e+00 6.990000915527343750e+01
-1.752586364746093750e+01 -5.624821186065673828e+00 7.090013122558593750e+01
-2.066028213500976562e+01 -3.750757217407226562e+00 6.990016937255859375e+01
-1.536125278472900391e+01 -4.338605880737304688e+00 6.990002441406250000e+01
-1.781665039062500000e+01 -5.240448474884033203e+00 7.159494781494140625e+01
-1.788558006286621094e+01 -5.112322807312011719e+00 6.990003204345703125e+01
-1.752586364746093750e+01 -5.624821186065673828e+00 7.090013122558593750e+01
-1.792583274841308594e+01 -5.447539329528808594e+00 7.100556182861328125e+01
-1.688278198242187500e+01 -5.145710945129394531e+00 6.989999389648437500e+01
-1.752586364746093750e+01 -5.624821186065673828e+00 7.090013122558593750e+01
-1.881722068786621094e+01 -5.047348022460937500e+00 6.990003204345703125e+01
-5.453640937805175781e+00 -1.630820274353027344e+00 6.989997100830078125e+01
-1.792585945129394531e+01 -5.444362163543701172e+00 7.133251190185546875e+01
-1.752098464965820312e+01 -5.341305732727050781e+00 6.989999389648437500e+01
-1.752586364746093750e+01 -5.624821186065673828e+00 7.090013122558593750e+01
-2.831691169738769531e+01 -3.036238670349121094e+00 6.990001678466796875e+01
-1.620808029174804688e+01 -5.265727996826171875e+00 6.989997863769531250e+01
-1.765226554870605469e+01 -5.486717224121093750e+00 7.159494781494140625e+01
-1.815520286560058594e+01 -5.418856620788574219e+00 6.990004730224609375e+01
-1.752586364746093750e+01 -5.624821186065673828e+00 7.090013122558593750e+01
-1.792308044433593750e+01 -5.565681934356689453e+00 7.110397338867187500e+01
-1.715519332885742188e+01 -5.505602836608886719e+00 6.990030670166015625e+01
-1.752586364746093750e+01 -5.624821186065673828e+00 7.090013122558593750e+01
-2.198417091369628906e+01 -5.275103092193603516e+00 6.878725433349609375e+01
-1.428170585632324219e+01 -5.453145027160644531e+00 6.989992523193359375e+01
-1.792587280273437500e+01 -5.600836753845214844e+00 7.158267974853515625e+01
-1.774062919616699219e+01 -5.614488124847412109e+00 6.990000915527343750e+01
-1.752586364746093750e+01 -5.624821186065673828e+00 7.090013122558593750e+01
-1.792584037780761719e+01 -5.637041091918945312e+00 7.094998168945312500e+01
-1.667454147338867188e+01 -5.691240310668945312e+00 6.989996337890625000e+01
-1.752586364746093750e+01 -5.624821186065673828e+00 7.090013122558593750e+01
-1.851139640808105469e+01 -5.752994060516357422e+00 6.990007019042968750e+01
-1.792584228515625000e+01 -5.693547248840332031e+00 7.123061370849609375e+01
-1.738632583618164062e+01 -5.779612541198730469e+00 6.989999389648437500e+01
-1.752586364746093750e+01 -5.624821186065673828e+00 7.090013122558593750e+01
-2.187223815917968750e+01 -6.496984004974365234e+00 6.990003967285156250e+01
-1.576052665710449219e+01 -6.065232753753662109e+00 6.989996337890625000e+01
-1.775123214721679688e+01 -5.799269676208496094e+00 7.159483337402343750e+01
-1.798201560974121094e+01 -5.911692142486572266e+00 6.990005493164062500e+01
-1.752586364746093750e+01 -5.624821186065673828e+00 7.090013122558593750e+01
-1.792584419250488281e+01 -5.754821777343750000e+00 7.104179382324218750e+01
-1.699395370483398438e+01 -5.998326778411865234e+00 6.989995574951171875e+01
-1.752586364746093750e+01 -5.624821186065673828e+00 7.090013122558593750e+01
-1.906388664245605469e+01 -6.318082332611083984e+00 6.990055847167968750e+01
-1.153790378570556641e+01 -8.070938110351562500e+00 6.990109252929687500e+01
-1.792544174194335938e+01 -5.902768135070800781e+00 7.141091156005859375e+01
-1.760380935668945312e+01 -6.081235408782958984e+00 6.990003967285156250e+01
-1.752586364746093750e+01 -5.624821186065673828e+00 7.090013122558593750e+01
-2.879409408569335938e+01 -1.137538909912109375e+01 7.079019165039062500e+01
-1.641244316101074219e+01 -6.432150363922119141e+00 6.989994812011718750e+01
-1.759367179870605469e+01 -6.022432804107666016e+00 7.159486389160156250e+01
-1.827722549438476562e+01 -6.376649856567382812e+00 6.990005493164062500e+01
-1.752586364746093750e+01 -5.624821186065673828e+00 7.090013122558593750e+01
-1.792585182189941406e+01 -5.939625740051269531e+00 7.114912414550781250e+01
-1.724650955200195312e+01 -6.356073856353759766e+00 6.989997863769531250e+01
-1.752586364746093750e+01 -5.624821186065673828e+00 7.090013122558593750e+01
-2.018343162536621094e+01 -7.846181869506835938e+00 6.990010070800781250e+01
-1.503435230255126953e+01 -7.839625358581542969e+00 6.990000915527343750e+01
-1.785924720764160156e+01 -6.295548915863037109e+00 7.159481811523437500e+01
-1.782884979248046875e+01 -6.585392951965332031e+00 6.990010070800781250e+01
-1.752586364746093750e+01 -5.624821186065673828e+00 7.090013122558593750e+01
-1.792585754394531250e+01 -6.045400619506835938e+00 7.098398590087890625e+01
-1.680804824829101562e+01 -6.968682289123535156e+00 6.989999389648437500e+01
-1.752586364746093750e+01 -5.624821186065673828e+00 7.090013122558593750e+01
-1.868919372558593750e+01 -7.523145198822021484e+00 6.990010070800781250e+01
-1.076404953002929688e+01 -1.458221721649169922e+01 7.068656921386718750e+01
-1.792585945129394531e+01 -6.420156478881835938e+00 7.129048919677734375e+01
-1.746983337402343750e+01 -7.165515422821044922e+00 6.990000915527343750e+01
-1.752586364746093750e+01 -5.624821186065673828e+00 7.090013122558593750e+01
-2.235171127319335938e+01 -1.460392379760742188e+01 7.020281982421875000e+01
-1.605804252624511719e+01 -9.270668029785156250e+00 6.989997100830078125e+01
-1.768930625915527344e+01 -7.290802478790283203e+00 7.159492492675781250e+01
-1.791220855712890625e+01 -7.791008472442626953e+00 7.021039581298828125e+01
-1.752586364746093750e+01 -5.624821186065673828e+00 7.090013122558593750e+01
-1.792591285705566406e+01 -7.774248123168945312e+00 7.108024597167968750e+01
-1.752586364746093750e+01 -6.057571411132812500e+00 7.090013122558593750e+01
