-2.382085418701171875e+01 3.738475322723388672e+00 7.089994812011718750e+01
-2.402131843566894531e+01 4.661436080932617188e+00 7.108358764648437500e+01
-2.373309898376464844e+01 6.752683639526367188e+00 6.990001678466796875e+01
-2.361526679992675781e+01 4.255344390869140625e+00 7.116809844970703125e+01
-2.382085418701171875e+01 3.329505205154418945e+00 7.089994812011718750e+01
-2.224912834167480469e+01 7.153096199035644531e+00 6.990014648437500000e+01
-2.400653648376464844e+01 4.646643638610839844e+00 7.159067535400390625e+01
-2.434014129638671875e+01 5.216369628906250000e+00 6.990009307861328125e+01
-2.339185523986816406e+01 4.031968593597412109e+00 7.105661773681640625e+01
-2.550089645385742188e+01 5.915922164916992188e+00 7.159344482421875000e+01
-2.335293006896972656e+01 4.791240215301513672e+00 6.990002441406250000e+01
-2.360289573669433594e+01 4.230686664581298828e+00 7.159483337402343750e+01
-2.620605087280273438e+01 6.529011249542236328e+00 6.951767730712890625e+01
-1.929097175598144531e+01 8.392510414123535156e+00 6.990406799316406250e+01
-2.430937004089355469e+01 4.203620433807373047e+00 7.159481048583984375e+01
-2.395043182373046875e+01 4.309501171112060547e+00 6.990000915527343750e+01
-2.330707550048828125e+01 3.947180032730102539e+00 7.133296203613281250e+01
-2.382085418701171875e+01 3.329505205154418945e+00 7.089994812011718750e+01
-2.281604003906250000e+01 4.498939037322998047e+00 6.990002441406250000e+01
-2.385298538208007812e+01 3.873693466186523438e+00 7.159482574462890625e+01
-2.465526771545410156e+01 4.296032905578613281e+00 6.990003967285156250e+01
-2.315938377380371094e+01 3.799501657485961914e+00 7.098894500732421875e+01
-2.382085418701171875e+01 3.329505205154418945e+00 7.089994812011718750e+01
-2.359590530395507812e+01 3.979126691818237305e+00 6.990003204345703125e+01
-2.342267036437988281e+01 3.810868501663208008e+00 7.159483337402343750e+01
-2.695273780822753906e+01 5.202053070068359375e+00 6.990079498291015625e+01
-2.165674018859863281e+01 4.615425109863281250e+00 6.990007019042968750e+01
-2.411171150207519531e+01 3.713971138000488281e+00 7.159493255615234375e+01
-2.418051910400390625e+01 3.841930150985717773e+00 6.989998626708984375e+01
-2.307352828979492188e+01 3.713636398315429688e+00 7.129272460937500000e+01
-2.382085418701171875e+01 3.329505205154418945e+00 7.089994812011718750e+01
-2.317796134948730469e+01 3.808474302291870117e+00 6.990010070800781250e+01
-2.370141220092773438e+01 3.596026420593261719e+00 7.159494781494140625e+01
-2.511194801330566406e+01 3.906860828399658203e+00 6.990005493164062500e+01
-2.380136489868164062e+01 3.335952997207641602e+00 7.089833068847656250e+01
-2.382085418701171875e+01 3.329505205154418945e+00 7.089994812011718750e+01
-2.381597709655761719e+01 3.612959384918212891e+00 6.990002441406250000e+01
-2.319038009643554688e+01 3.574403524398803711e+00 7.159495544433593750e+01
-2.883880424499511719e+01 4.533223152160644531e+00 7.043488311767578125e+01
-2.381936264038085938e+01 3.329911708831787109e+00 7.089881896972656250e+01
-2.394729042053222656e+01 3.467648267745971680e+00 7.159495544433593750e+01
-2.445011711120605469e+01 3.535444736480712891e+00 6.989998626708984375e+01
-2.284456443786621094e+01 3.484673738479614258e+00 7.116751098632812500e+01
-2.382085418701171875e+01 3.329505205154418945e+00 7.089994812011718750e+01
-2.345005989074707031e+01 3.448763370513916016e+00 6.989979553222656250e+01
-2.353791999816894531e+01 3.398007392883300781e+00 7.159497070312500000e+01
-2.593084716796875000e+01 3.495017051696777344e+00 6.989998626708984375e+01
-2.381442642211914062e+01 3.329845428466796875e+00 7.089796447753906250e+01
-2.382085418701171875e+01 3.329505205154418945e+00 7.089994812011718750e+01
-2.403558349609375000e+01 3.339836597442626953e+00 6.989999389648437500e+01
-2.284234428405761719e+01 3.317380666732788086e+00 7.159503936767578125e+01
-2.382085418701171875e+01 3.329505205154418945e+00 7.089994812011718750e+01
-2.296951484680175781e+01 3.263084411621093750e+00 6.989975738525390625e+01
-2.382085418701171875e+01 3.329505205154418945e+00 7.089994812011718750e+01
-2.480628776550292969e+01 3.201344966888427734e+00 6.989998626708984375e+01
-2.382085418701171875e+01 3.329505205154418945e+00 7.089994812011718750e+01
-2.382085418701171875e+01 3.329505205154418945e+00 7.089994812011718750e+01
-2.368134498596191406e+01 3.174746513366699219e+00 6.990001678466796875e+01
-2.334228515625000000e+01 3.182415723800659180e+00 7.159497833251953125e+01
-2.816686630249023438e+01 2.457415103912353516e+00 6.989994049072265625e+01
-2.381725502014160156e+01 3.328607559204101562e+00 7.089791107177734375e+01
-2.382085418701171875e+01 3.329505205154418945e+00 7.089994812011718750e+01
-2.427695846557617188e+01 3.042664527893066406e+00 6.989997863769531250e+01
-2.218595504760742188e+01 2.826071977615356445e+00 7.159355926513671875e+01
-2.382085418701171875e+01 3.329505205154418945e+00 7.089994812011718750e+01
-2.328895950317382812e+01 2.956009387969970703e+00 6.989979553222656250e+01
-2.382085418701171875e+01 3.329505205154418945e+00 7.089994812011718750e+01
-2.535947608947753906e+01 2.635974407196044922e+00 6.989998626708984375e+01
-2.381603240966796875e+01 3.327535152435302734e+00 7.089914703369140625e+01
-2.382085418701171875e+01 3.329505205154418945e+00 7.089994812011718750e+01
-2.389878845214843750e+01 2.873151779174804688e+00 6.989999389648437500e+01
-2.307700920104980469e+01 2.838655710220336914e+00 7.159484100341796875e+01
-2.883466148376464844e+01 7.707859277725219727e-01 7.085102844238281250e+01
-2.270775985717773438e+01 2.522413015365600586e+00 6.990006256103515625e+01
-2.382085418701171875e+01 3.329505205154418945e+00 7.089994812011718750e+01
-2.457214355468750000e+01 2.577747821807861328e+00 6.989996337890625000e+01
-2.063534355163574219e+01 1.275434970855712891e+00 7.149552917480468750e+01
-2.382085418701171875e+01 3.329505205154418945e+00 7.089994812011718750e+01
-2.354155921936035156e+01 2.598407030105590820e+00 6.990000152587890625e+01
-2.381847763061523438e+01 3.325605154037475586e+00 7.090463256835937500e+01
-2.647826766967773438e+01 1.108272790908813477e+00 6.989997100830078125e+01
-2.381784629821777344e+01 3.326832056045532227e+00 7.089874267578125000e+01
-2.382085418701171875e+01 3.329505205154418945e+00 7.089994812011718750e+01
-2.412382125854492188e+01 2.368995904922485352e+00 6.989997863769531250e+01
-2.381660842895507812e+01 3.324708461761474609e+00 7.090246582031250000e+01
-2.382085418701171875e+01 3.329505205154418945e+00 7.089994812011718750e+01
-2.310318756103515625e+01 1.985922813415527344e+00 6.990001678466796875e+01
-2.382085418701171875e+01 3.329505205154418945e+00 7.089994812011718750e+01
-2.498414230346679688e+01 1.431249260902404785e+00 6.989995574951171875e+01
-1.029160213470458984e+01 -1.459273815155029297e+01 7.047264862060546875e+01
-2.382085418701171875e+01 3.329505205154418945e+00 7.089994812011718750e+01
-2.376483345031738281e+01 1.789070606231689453e+00 6.989999389648437500e+01
-2.381942176818847656e+01 3.325715541839599609e+00 7.090170288085937500e+01
-2.881623649597167969e+01 -5.965035915374755859e+00 7.017813873291015625e+01
-2.235334014892578125e+01 -3.155764639377593994e-01 6.989999389648437500e+01
-2.382085418701171875e+01 3.329505205154418945e+00 7.089994812011718750e+01
-2.437621498107910156e+01 2.156624943017959595e-01 6.990847015380859375e+01
-2.382085418701171875e+01 3.329505205154418945e+00 7.089994812011718750e+01
-2.382085418701171875e+01 3.329505205154418945e+00 7.089994812011718750e+01
-2.382085418701171875e+01 -1.462180233001708984e+01 7.089994812011718750e+01
