-2.560601425170898438e+01 1.471332931518554688e+01 7.090008544921875000e+01
-2.683520698547363281e+01 1.467484760284423828e+01 7.202612304687500000e+01
-2.551825332641601562e+01 9.931178092956542969e+00 6.990010070800781250e+01
-2.449833869934082031e+01 1.149611663818359375e+01 7.234484863281250000e+01
-2.883226966857910156e+01 1.415512847900390625e+01 7.032940673828125000e+01
-2.246614074707031250e+01 1.414629840850830078e+01 6.890275573730468750e+01
-2.599440193176269531e+01 9.262843132019042969e+00 7.234486389160156250e+01
-2.612540245056152344e+01 8.395053863525390625e+00 6.990003204345703125e+01
-2.164977073669433594e+01 1.298597621917724609e+01 7.234490203857421875e+01
-2.882535362243652344e+01 1.146397781372070312e+01 7.222898101806640625e+01
-2.513797950744628906e+01 7.969908237457275391e+00 6.989992523193359375e+01
-2.515284919738769531e+01 8.381503105163574219e+00 7.234484100341796875e+01
-2.733159065246582031e+01 8.822513580322265625e+00 6.990007781982421875e+01
-2.105668830871582031e+01 1.159256172180175781e+01 6.989992523193359375e+01
-2.662172508239746094e+01 8.325260162353515625e+00 7.234482574462890625e+01
-2.573562240600585938e+01 7.488057613372802734e+00 6.989990234375000000e+01
-2.389171600341796875e+01 8.568785667419433594e+00 7.234489440917968750e+01
-2.887664794921875000e+01 9.357233047485351562e+00 7.103533935546875000e+01
-2.460093879699707031e+01 7.677562236785888672e+00 6.989990234375000000e+01
-2.567281913757324219e+01 7.639251232147216797e+00 7.234481048583984375e+01
-2.644065856933593750e+01 7.474617958068847656e+00 6.989990234375000000e+01
-1.486812114715576172e+01 1.413744354248046875e+01 7.234485626220703125e+01
-2.560697937011718750e+01 6.508609294891357422e+00 7.090075683593750000e+01
-2.538121986389160156e+01 7.157000064849853516e+00 6.990084838867187500e+01
-2.478032112121582031e+01 7.506002902984619141e+00 7.234103393554687500e+01
-2.561980247497558594e+01 6.516067028045654297e+00 7.089568328857421875e+01
-2.344169807434082031e+01 7.793863296508789062e+00 6.990011596679687500e+01
-2.621063423156738281e+01 7.307033061981201172e+00 7.234479522705078125e+01
-2.596520996093750000e+01 7.019579410552978516e+00 6.990142822265625000e+01
-2.285676765441894531e+01 7.920957565307617188e+00 7.234500885009765625e+01
-2.575277900695800781e+01 6.572875499725341797e+00 7.093877410888671875e+01
-2.496558189392089844e+01 6.984959602355957031e+00 6.990406799316406250e+01
-2.535771179199218750e+01 7.061878681182861328e+00 7.234487915039062500e+01
-2.563126182556152344e+01 6.519114017486572266e+00 7.088053131103515625e+01
-1.353578186035156250e+01 1.050116539001464844e+01 6.990009307861328125e+01
-2.575235176086425781e+01 6.573843479156494141e+00 7.105827331542968750e+01
-2.560113716125488281e+01 6.791281700134277344e+00 6.990015411376953125e+01
-2.429528808593750000e+01 7.016954898834228516e+00 7.234497070312500000e+01
-2.597053337097167969e+01 6.595265388488769531e+00 7.086630249023437500e+01
-2.428836441040039062e+01 6.866879940032958984e+00 6.990003967285156250e+01
-2.586885070800781250e+01 6.794994354248046875e+00 7.234487152099609375e+01
-2.582516098022460938e+01 6.579544067382812500e+00 7.055184173583984375e+01
-2.033353805541992188e+01 7.345815658569335938e+00 7.234505462646484375e+01
-2.606883239746093750e+01 6.576729774475097656e+00 7.113759613037109375e+01
-2.523530006408691406e+01 6.627055644989013672e+00 6.990014648437500000e+01
-2.501782989501953125e+01 6.650230884552001953e+00 7.234494781494140625e+01
-2.614108467102050781e+01 6.549795627593994141e+00 7.064650726318359375e+01
-2.236239433288574219e+01 6.679471015930175781e+00 6.990003967285156250e+01
-2.601320266723632812e+01 6.532238483428955078e+00 7.159487915039062500e+01
-2.560601425170898438e+01 6.507823467254638672e+00 7.090008544921875000e+01
-2.357189559936523438e+01 6.482619285583496094e+00 7.234502410888671875e+01
-2.626738929748535156e+01 6.487617492675781250e+00 7.098251342773437500e+01
-2.475476455688476562e+01 6.441409587860107422e+00 6.990000152587890625e+01
-2.558067893981933594e+01 6.458544254302978516e+00 7.159483337402343750e+01
-2.636133575439453125e+01 6.409590244293212891e+00 7.013362884521484375e+01
-2.560601425170898438e+01 6.507823467254638672e+00 7.090008544921875000e+01
-2.638941574096679688e+01 6.373215198516845703e+00 7.154737091064453125e+01
-2.541257286071777344e+01 6.293237686157226562e+00 6.951359558105468750e+01
-2.461110877990722656e+01 6.202035903930664062e+00 7.234499359130859375e+01
-2.640964698791503906e+01 6.346562862396240234e+00 7.071517181396484375e+01
-2.384104537963867188e+01 6.067503452301025391e+00 6.990012359619140625e+01
-2.583143615722656250e+01 6.333333969116210938e+00 7.159494781494140625e+01
-2.651476478576660156e+01 5.936316967010498047e+00 6.890773010253906250e+01
-2.220010757446289062e+01 5.459044456481933594e+00 7.234504699707031250e+01
-2.647095870971679688e+01 6.226702213287353516e+00 7.120642852783203125e+01
-2.507412719726562500e+01 6.134333133697509766e+00 6.989994812011718750e+01
-2.542650985717773438e+01 6.254137516021728516e+00 7.159480285644531250e+01
-2.650994682312011719e+01 6.100378036499023438e+00 7.031261444091796875e+01
-1.961246871948242188e+01 4.059424877166748047e+00 6.990011596679687500e+01
-2.614764213562011719e+01 6.131065368652343750e+00 7.159244537353515625e+01
-2.577002716064453125e+01 5.547435283660888672e+00 6.879570007324218750e+01
-2.405929756164550781e+01 5.487174987792968750e+00 7.234500885009765625e+01
-2.651943397521972656e+01 6.041674137115478516e+00 7.089117431640625000e+01
-2.449277877807617188e+01 5.700628757476806641e+00 6.990007019042968750e+01
-2.567383003234863281e+01 6.110162734985351562e+00 7.159490966796875000e+01
-2.642872619628906250e+01 5.684599399566650391e+00 6.980503845214843750e+01
-1.787808036804199219e+01 1.524724841117858887e+00 7.234494018554687500e+01
-2.649164199829101562e+01 5.810805320739746094e+00 7.145138549804687500e+01
-2.535006523132324219e+01 5.837833881378173828e+00 6.998371887207031250e+01
-2.533428192138671875e+01 6.061881065368652344e+00 7.143601226806640625e+01
-2.647866249084472656e+01 5.778409957885742188e+00 7.057170867919921875e+01
-2.551061630249023438e+01 6.423019886016845703e+00 7.086179351806640625e+01
-2.593941116333007812e+01 5.837068080902099609e+00 7.159479522705078125e+01
-2.595297813415527344e+01 5.407825469970703125e+00 6.975489807128906250e+01
-2.540601539611816406e+01 6.281868934631347656e+00 7.101860809326171875e+01
-2.641379165649414062e+01 5.658473968505859375e+00 7.106942749023437500e+01
-2.533297729492187500e+01 5.996657848358154297e+00 7.051966094970703125e+01
-2.552286911010742188e+01 5.695743560791015625e+00 7.159484100341796875e+01
-2.623093032836914062e+01 5.488084793090820312e+00 7.036289215087890625e+01
-2.536131477355957031e+01 6.183670043945312500e+00 7.089235687255859375e+01
-2.614017868041992188e+01 5.445712566375732422e+00 7.142137908935546875e+01
-2.557018470764160156e+01 5.522601127624511719e+00 7.026053619384765625e+01
-2.503758430480957031e+01 5.004370212554931641e+00 7.159492492675781250e+01
-2.617113494873046875e+01 5.456345081329345703e+00 7.081842803955078125e+01
-2.534590721130371094e+01 5.861758708953857422e+00 7.072285461425781250e+01
-2.573047447204589844e+01 5.239189147949218750e+00 7.142916870117187500e+01
-2.580041503906250000e+01 5.417841911315917969e+00 7.055302429199218750e+01
-2.506834411621093750e+01 4.577056884765625000e+00 7.107741546630859375e+01
-2.582376670837402344e+01 5.337854385375976562e+00 7.099812316894531250e+01
-2.560601425170898438e+01 5.494563102722167969e+00 7.090008544921875000e+01
