-1.727537155151367188e+01 8.749912261962890625e+00 7.089492034912109375e+01
-1.741143226623535156e+01 8.868159294128417969e+00 7.101956176757812500e+01
-1.725608634948730469e+01 8.716441154479980469e+00 7.067517089843750000e+01
-1.715048980712890625e+01 8.526528358459472656e+00 7.105780792236328125e+01
-1.769213104248046875e+01 8.951995849609375000e+00 7.082120513916015625e+01
-1.713272476196289062e+01 8.311158180236816406e+00 7.080417633056640625e+01
-1.740079879760742188e+01 8.853852272033691406e+00 7.136150360107421875e+01
-1.754047012329101562e+01 8.927391052246093750e+00 7.038449096679687500e+01
-1.719260787963867188e+01 8.099656105041503906e+00 7.092514801025390625e+01
-1.790317153930664062e+01 8.930632591247558594e+00 7.115406799316406250e+01
-1.713124084472656250e+01 8.414380073547363281e+00 7.058692169189453125e+01
-1.714585876464843750e+01 8.499626159667968750e+00 7.130782318115234375e+01
-1.797450637817382812e+01 8.901957511901855469e+00 7.048975372314453125e+01
-1.275063228607177734e+01 1.302139472961425781e+01 6.990016937255859375e+01
-1.776242256164550781e+01 8.835629463195800781e+00 7.158769989013671875e+01
-1.739311599731445312e+01 8.854643821716308594e+00 6.998628997802734375e+01
-1.555490303039550781e+01 1.003251552581787109e+01 7.234493255615234375e+01
-1.817674255371093750e+01 8.749420166015625000e+00 7.093219757080078125e+01
-1.627560997009277344e+01 9.127690315246582031e+00 6.990002441406250000e+01
-1.730769538879394531e+01 8.511573791503906250e+00 7.159394836425781250e+01
-1.804975509643554688e+01 8.861127853393554688e+00 6.996694946289062500e+01
-8.081728935241699219e+00 1.449651622772216797e+01 7.213191223144531250e+01
-1.820187187194824219e+01 8.718277931213378906e+00 7.153955841064453125e+01
-1.712906837463378906e+01 8.386638641357421875e+00 7.024459075927734375e+01
-1.644445991516113281e+01 8.968623161315917969e+00 7.234497070312500000e+01
-1.828520584106445312e+01 8.567914009094238281e+00 7.057275390625000000e+01
-1.512180328369140625e+01 9.243789672851562500e+00 6.989991760253906250e+01
-1.756831169128417969e+01 8.351356506347656250e+00 7.159488677978515625e+01
-1.794410324096679688e+01 8.916897773742675781e+00 6.903567504882812500e+01
-1.451636123657226562e+01 9.382288932800292969e+00 7.234497833251953125e+01
-1.831839752197265625e+01 8.426444053649902344e+00 7.116986083984375000e+01
-1.663631248474121094e+01 8.440249443054199219e+00 6.990103912353515625e+01
-1.715534973144531250e+01 8.231952667236328125e+00 7.159329986572265625e+01
-1.831666564941406250e+01 8.429785728454589844e+00 7.008848571777343750e+01
-5.266045570373535156e+00 1.193732833862304688e+01 6.989997100830078125e+01
-1.792290115356445312e+01 8.256270408630371094e+00 7.159487915039062500e+01
-1.727537155151367188e+01 7.964136123657226562e+00 7.089492034912109375e+01
-1.596451950073242188e+01 8.473317146301269531e+00 7.233994293212890625e+01
-1.830424880981445312e+01 8.210946083068847656e+00 7.079956054687500000e+01
-1.596454429626464844e+01 8.321333885192871094e+00 6.990004730224609375e+01
-1.740272140502929688e+01 8.103277206420898438e+00 7.159495544433593750e+01
-1.831642341613769531e+01 8.304841995239257812e+00 6.924058532714843750e+01
-1.198408985137939453e+01 8.805116653442382812e+00 7.234503936767578125e+01
-1.826932907104492188e+01 8.112120628356933594e+00 7.140500640869140625e+01
-1.690650367736816406e+01 8.082774162292480469e+00 6.989996337890625000e+01
-1.668505859375000000e+01 8.107058525085449219e+00 7.234500885009765625e+01
-1.822231483459472656e+01 8.038415908813476562e+00 7.044614410400390625e+01
-1.404868793487548828e+01 8.134887695312500000e+00 6.990010070800781250e+01
-1.768565940856933594e+01 7.988736629486083984e+00 7.159500122070312500e+01
-1.727537155151367188e+01 7.964136123657226562e+00 7.089492034912109375e+01
-1.523400115966796875e+01 7.938841819763183594e+00 7.234501647949218750e+01
-1.814612197875976562e+01 7.937533378601074219e+00 7.100344085693359375e+01
-1.642859649658203125e+01 7.898071289062500000e+00 6.990009307861328125e+01
-1.722249031066894531e+01 7.861278057098388672e+00 7.234502410888671875e+01
-1.805941390991210938e+01 7.862167835235595703e+00 7.009931945800781250e+01
-1.727537155151367188e+01 7.964136123657226562e+00 7.089492034912109375e+01
-1.801099205017089844e+01 7.837738037109375000e+00 7.150272369384765625e+01
-1.713665580749511719e+01 7.810256958007812500e+00 6.990067291259765625e+01
-1.627688789367675781e+01 7.657248973846435547e+00 7.234503173828125000e+01
-1.798093605041503906e+01 7.822554588317871094e+00 7.073257446289062500e+01
-1.551939487457275391e+01 7.526059627532958984e+00 6.990005493164062500e+01
-1.743221664428710938e+01 7.842728614807128906e+00 7.137839508056640625e+01
-1.755562400817871094e+01 7.787887096405029297e+00 7.028048706054687500e+01
-1.385730743408203125e+01 6.911613464355468750e+00 7.234503936767578125e+01
-1.792538261413574219e+01 7.752871513366699219e+00 7.112513732910156250e+01
-1.674869346618652344e+01 7.594303607940673828e+00 6.990457916259765625e+01
-1.690068054199218750e+01 7.434603691101074219e+00 7.234503936767578125e+01
-1.770032119750976562e+01 7.772591114044189453e+00 7.061874389648437500e+01
-1.131191062927246094e+01 5.528027057647705078e+00 6.989997100830078125e+01
-1.747771644592285156e+01 7.823384284973144531e+00 7.115357971191406250e+01
-1.743840026855468750e+01 7.009506225585937500e+00 6.880314636230468750e+01
-1.572310066223144531e+01 6.939822196960449219e+00 7.234503173828125000e+01
-1.765781402587890625e+01 7.768962383270263672e+00 7.089118957519531250e+01
-1.505177688598632812e+01 6.351832866668701172e+00 6.889747619628906250e+01
-1.741690635681152344e+01 7.134203433990478516e+00 7.234503936767578125e+01
-1.727592849731445312e+01 7.963579177856445312e+00 7.089418029785156250e+01
-9.519677162170410156e+00 2.963136672973632812e+00 7.234497070312500000e+01
-1.742769813537597656e+01 7.844249725341796875e+00 7.098974609375000000e+01
-1.699748802185058594e+01 7.236730575561523438e+00 6.990002441406250000e+01
-1.654010963439941406e+01 6.757493019104003906e+00 7.234503936767578125e+01
-1.739228057861328125e+01 7.866416454315185547e+00 7.085092926025390625e+01
-1.481266498565673828e+01 5.774937629699707031e+00 6.990636444091796875e+01
-1.752584075927734375e+01 7.460220813751220703e+00 7.141683197021484375e+01
-1.757679939270019531e+01 7.008502960205078125e+00 6.990003204345703125e+01
-1.482844638824462891e+01 5.199642658233642578e+00 7.234503936767578125e+01
-1.752583312988281250e+01 7.700784683227539062e+00 7.094742584228515625e+01
-1.656125640869140625e+01 6.627204895019531250e+00 6.989994049072265625e+01
-1.710182571411132812e+01 6.269124031066894531e+00 7.234503936767578125e+01
-1.843267250061035156e+01 6.075650691986083984e+00 6.990007781982421875e+01
-2.528563439846038818e-01 -1.458564472198486328e+01 7.035729217529296875e+01
-1.752583312988281250e+01 7.466129302978515625e+00 7.113934326171875000e+01
-1.721963691711425781e+01 6.431552886962890625e+00 6.990006256103515625e+01
-1.608906555175781250e+01 4.826447486877441406e+00 7.234503936767578125e+01
-2.416123771667480469e+01 -4.847892284393310547e+00 6.989994812011718750e+01
-1.581544017791748047e+01 4.337886333465576172e+00 6.990013885498046875e+01
-1.761649894714355469e+01 4.487009048461914062e+00 7.234504699707031250e+01
-1.783261108398437500e+01 4.839755535125732422e+00 6.990008544921875000e+01
-1.529713821411132812e+01 8.603159189224243164e-01 7.154736328125000000e+01
-1.752586364746093750e+01 6.618260383605957031e+00 7.100769805908203125e+01
-1.727537155151367188e+01 8.603234887123107910e-01 7.089492034912109375e+01
