-1.712642478942871094e+01 8.385950088500976562e+00 7.089482879638671875e+01
-1.712653923034667969e+01 8.385946273803710938e+00 7.089493560791015625e+01
-1.712640571594238281e+01 8.385951042175292969e+00 7.089460754394531250e+01
-1.601471328735351562e+01 1.339166164398193359e+01 7.234485626220703125e+01
-1.712668800354003906e+01 8.385810852050781250e+00 7.089478302001953125e+01
-1.556262779235839844e+01 1.218949031829833984e+01 6.990007019042968750e+01
-1.712654304504394531e+01 8.386020660400390625e+00 7.089526367187500000e+01
-1.712661552429199219e+01 8.385879516601562500e+00 7.089446258544921875e+01
-1.336567306518554688e+01 1.454323387145996094e+01 7.226824951171875000e+01
-1.745674514770507812e+01 8.893714904785156250e+00 7.103118133544921875e+01
-1.626271057128906250e+01 1.108332824707031250e+01 6.904911804199218750e+01
-1.667158699035644531e+01 1.026578521728515625e+01 7.234492492675781250e+01
-1.712676620483398438e+01 8.385645866394042969e+00 7.089463043212890625e+01
-1.260203266143798828e+01 1.344205760955810547e+01 6.990015411376953125e+01
-1.737934112548828125e+01 8.837738990783691406e+00 7.125457763671875000e+01
-1.712652206420898438e+01 8.385928153991699219e+00 7.089407348632812500e+01
-1.540586662292480469e+01 1.045367527008056641e+01 7.234491729736328125e+01
-1.777895545959472656e+01 8.953680038452148438e+00 7.092181396484375000e+01
-1.612664222717285156e+01 9.548766136169433594e+00 6.989990997314453125e+01
-1.712648582458496094e+01 8.386237144470214844e+00 7.089617156982421875e+01
-1.712677383422851562e+01 8.385591506958007812e+00 7.089440917968750000e+01
-8.505131721496582031e+00 1.451089572906494141e+01 7.205480957031250000e+01
-1.781859397888183594e+01 8.948592185974121094e+00 7.137641906738281250e+01
-1.690260124206542969e+01 9.031558990478515625e+00 6.989991760253906250e+01
-1.629546928405761719e+01 9.389727592468261719e+00 7.234495544433593750e+01
-1.712671089172363281e+01 8.385359764099121094e+00 7.089473724365234375e+01
-1.497301387786865234e+01 9.664748191833496094e+00 6.989990234375000000e+01
-1.741938781738281250e+01 8.772438049316406250e+00 7.159484863281250000e+01
-1.712676048278808594e+01 8.385666847229003906e+00 7.089389038085937500e+01
-1.436725997924804688e+01 9.803420066833496094e+00 7.234497070312500000e+01
-1.810614776611328125e+01 8.819437980651855469e+00 7.115308380126953125e+01
-1.648681449890136719e+01 8.861711502075195312e+00 6.990008544921875000e+01
-1.687720298767089844e+01 8.941294670104980469e+00 7.234497070312500000e+01
-1.712665367126464844e+01 8.385290145874023438e+00 7.089465332031250000e+01
-5.118268966674804688e+00 1.235799312591552734e+01 6.989997863769531250e+01
-1.777401733398437500e+01 8.677350997924804688e+00 7.159485626220703125e+01
-1.712641143798828125e+01 8.385951042175292969e+00 7.089213562011718750e+01
-1.581092453002929688e+01 8.896174430847167969e+00 7.234497833251953125e+01
-1.712653541564941406e+01 8.385214805603027344e+00 7.089482116699218750e+01
-1.581579494476318359e+01 8.742331504821777344e+00 6.990010833740234375e+01
-1.725358200073242188e+01 8.524118423461914062e+00 7.159379577636718750e+01
-1.712658882141113281e+01 8.385242462158203125e+00 7.089456939697265625e+01
-1.183480930328369141e+01 9.226222038269042969e+00 7.234503936767578125e+01
-1.828951072692871094e+01 8.558353424072265625e+00 7.149170684814453125e+01
-1.675759315490722656e+01 8.503814697265625000e+00 6.989996337890625000e+01
-1.653608131408691406e+01 8.528118133544921875e+00 7.234499359130859375e+01
-1.830954170227050781e+01 8.477993965148925781e+00 7.033412933349609375e+01
-1.390003108978271484e+01 8.555924415588378906e+00 6.990010070800781250e+01
-1.753664207458496094e+01 8.409784317016601562e+00 7.159478759765625000e+01
-1.712642478942871094e+01 8.385188102722167969e+00 7.089482879638671875e+01
-1.508494758605957031e+01 8.359892845153808594e+00 7.234500122070312500e+01
-1.832216453552246094e+01 8.348656654357910156e+00 7.104385375976562500e+01
-1.627964782714843750e+01 8.319123268127441406e+00 6.990000152587890625e+01
-1.707353973388671875e+01 8.282324790954589844e+00 7.234500122070312500e+01
-1.830821990966796875e+01 8.231490135192871094e+00 6.969561004638671875e+01
-1.712642478942871094e+01 8.385188102722167969e+00 7.089482879638671875e+01
-1.797374725341796875e+01 8.239596366882324219e+00 7.159492492675781250e+01
-1.698764038085937500e+01 8.231232643127441406e+00 6.990009307861328125e+01
-1.612789154052734375e+01 8.078285217285156250e+00 7.234500885009765625e+01
-1.828375053405761719e+01 8.152954101562500000e+00 7.062853240966796875e+01
-1.537074756622314453e+01 7.947186470031738281e+00 6.990013122558593750e+01
-1.735353851318359375e+01 8.209387779235839844e+00 7.159490966796875000e+01
-1.799923706054687500e+01 7.836282730102539062e+00 6.898126983642578125e+01
-1.370814514160156250e+01 7.332599163055419922e+00 7.234503936767578125e+01
-1.822055435180664062e+01 8.029578208923339844e+00 7.128234863281250000e+01
-1.659740257263183594e+01 8.013710021972656250e+00 6.990007781982421875e+01
-1.675171470642089844e+01 7.855628967285156250e+00 7.234501647949218750e+01
-1.813712882995605469e+01 7.929615497589111328e+00 7.023796081542968750e+01
-1.116326522827148438e+01 5.949202060699462891e+00 6.989992523193359375e+01
-1.767207527160644531e+01 8.005632400512695312e+00 7.159233093261718750e+01
-1.716426277160644531e+01 8.163619995117187500e+00 7.040933227539062500e+01
-1.557405662536621094e+01 7.360810756683349609e+00 7.234503173828125000e+01
-1.809373092651367188e+01 7.891537666320800781e+00 7.088539123535156250e+01
-1.602059555053710938e+01 7.583364486694335938e+00 6.990146636962890625e+01
-1.716306686401367188e+01 8.170320510864257812e+00 7.127026367187500000e+01
-1.774690628051757812e+01 7.764320373535156250e+00 7.006895446777343750e+01
-9.370191574096679688e+00 3.383841514587402344e+00 7.234497833251953125e+01
-1.792023658752441406e+01 7.760432243347167969e+00 7.138897705078125000e+01
-1.684854888916015625e+01 7.657801151275634766e+00 6.989996337890625000e+01
-1.639111709594726562e+01 7.178469657897949219e+00 7.234503936767578125e+01
-1.785290336608886719e+01 7.777952671051025391e+00 7.062145996093750000e+01
-1.464812374114990234e+01 6.182126998901367188e+00 6.990000915527343750e+01
-1.738265037536621094e+01 7.869692802429199219e+00 7.142873382568359375e+01
-1.724508857727050781e+01 8.008980751037597656e+00 7.050316619873046875e+01
-1.467934608459472656e+01 5.620520591735839844e+00 7.234503936767578125e+01
-1.792586135864257812e+01 7.544609546661376953e+00 7.106242370605468750e+01
-1.641241073608398438e+01 7.048445224761962891e+00 6.989999389648437500e+01
-1.695286750793457031e+01 6.690070629119873047e+00 7.234503936767578125e+01
-1.747144126892089844e+01 7.822190284729003906e+00 7.059824371337890625e+01
2.021296471357345581e-01 -1.457000350952148438e+01 7.034753417968750000e+01
-1.738811874389648438e+01 7.864846706390380859e+00 7.115021514892578125e+01
-1.707069587707519531e+01 6.852767467498779297e+00 6.990007781982421875e+01
-1.594004535675048828e+01 5.247303962707519531e+00 7.234503936767578125e+01
-1.740865898132324219e+01 7.860056877136230469e+00 7.085404968261718750e+01
-1.566655540466308594e+01 4.759091854095458984e+00 6.990008544921875000e+01
-1.714122581481933594e+01 8.234329223632812500e+00 7.095774078369140625e+01
-1.716773033142089844e+01 8.153593063354492188e+00 7.082108306884765625e+01
-1.503094005584716797e+01 8.603191375732421875e-01 7.158594512939453125e+01
-1.717152976989746094e+01 8.142847061157226562e+00 7.091513824462890625e+01
-1.712642478942871094e+01 8.603054881095886230e-01 7.089482879638671875e+01
