-1.381590366363525391e+01 -6.758118271827697754e-01 7.090003204345703125e+01
-1.387611103057861328e+01 -4.597200751304626465e-01 7.095518493652343750e+01
-1.372814369201660156e+01 2.563586711883544922e+00 6.990005493164062500e+01
-1.372707366943359375e+01 -4.597181677818298340e-01 7.101589202880859375e+01
-1.381626319885253906e+01 -8.589012026786804199e-01 7.089997100830078125e+01
-1.224379253387451172e+01 2.964775085449218750e+00 6.989998626708984375e+01
-1.387229824066162109e+01 -4.597180187702178955e-01 7.110981750488281250e+01
-1.433527278900146484e+01 1.027406454086303711e+00 6.990001678466796875e+01
-1.357414054870605469e+01 -4.638781249523162842e-01 7.098832702636718750e+01
-1.407575035095214844e+01 -4.597208797931671143e-01 7.100729370117187500e+01
-1.334795570373535156e+01 6.020575761795043945e-01 6.990005493164062500e+01
-1.371915149688720703e+01 -4.597177207469940186e-01 7.120848846435546875e+01
-1.381654834747314453e+01 -8.588887453079223633e-01 7.089965820312500000e+01
-9.267313957214355469e+00 4.224162101745605469e+00 6.990003967285156250e+01
-1.403947162628173828e+01 -4.597178697586059570e-01 7.121803283691406250e+01
-1.394548892974853516e+01 1.203034967184066772e-01 6.990003204345703125e+01
-1.348315334320068359e+01 -4.597146809101104736e-01 7.118047332763671875e+01
-1.427507114410400391e+01 -4.597219824790954590e-01 7.091902160644531250e+01
-1.281105613708496094e+01 3.097194731235504150e-01 6.990007781982421875e+01
-1.383952426910400391e+01 -4.597168862819671631e-01 7.141084289550781250e+01
-1.465042114257812500e+01 1.068940907716751099e-01 6.990000152587890625e+01
-1.325287723541259766e+01 -4.597049355506896973e-01 7.097578430175781250e+01
-1.430736637115478516e+01 -4.597176611423492432e-01 7.124198150634765625e+01
-1.359094047546386719e+01 -2.100875824689865112e-01 6.990004730224609375e+01
-1.348499202728271484e+01 -4.597148895263671875e-01 7.147751617431640625e+01
-1.381875610351562500e+01 -8.580479025840759277e-01 7.089912414550781250e+01
-1.167151451110839844e+01 4.144463539123535156e-01 6.990927124023437500e+01
-1.410663032531738281e+01 -4.754598736763000488e-01 7.159471130371093750e+01
-1.417558574676513672e+01 -3.473035991191864014e-01 6.990002441406250000e+01
-1.303760528564453125e+01 -4.597018659114837646e-01 7.130908203125000000e+01
-1.471844387054443359e+01 -4.597135782241821289e-01 7.113793945312500000e+01
-1.317293357849121094e+01 -3.807258903980255127e-01 6.990006256103515625e+01
-1.369650268554687500e+01 -5.933253765106201172e-01 7.159478759765625000e+01
-1.510719013214111328e+01 -2.823115587234497070e-01 6.989998626708984375e+01
-1.743884921073913574e+00 3.134180307388305664e+00 6.989988708496093750e+01
-1.445859909057617188e+01 -5.697994828224182129e-01 7.159476470947265625e+01
-1.381102561950683594e+01 -5.762798190116882324e-01 6.990004730224609375e+01
-1.318559551239013672e+01 -6.149196624755859375e-01 7.159485626220703125e+01
-2.460647964477539062e+01 1.728715896606445312e+00 6.989996337890625000e+01
-1.249840164184570312e+01 -5.007365345954895020e-01 6.990009307861328125e+01
-1.394230175018310547e+01 -7.216531634330749512e-01 7.159482574462890625e+01
-1.444519805908203125e+01 -6.538034677505493164e-01 6.990001678466796875e+01
-1.129885673522949219e+01 -4.597010910511016846e-01 7.158985137939453125e+01
-1.516995429992675781e+01 -6.581565737724304199e-01 7.159490966796875000e+01
-1.344517707824707031e+01 -7.405171394348144531e-01 6.990006256103515625e+01
-1.353302001953125000e+01 -7.912632822990417480e-01 7.159492492675781250e+01
-1.592611026763916016e+01 -6.942245364189147949e-01 6.989996337890625000e+01
-1.057259464263916016e+01 -6.881221532821655273e-01 6.990008544921875000e+01
-1.422313785552978516e+01 -8.353356122970581055e-01 7.159490203857421875e+01
-1.403064060211181641e+01 -8.494215011596679688e-01 6.990003967285156250e+01
-1.320138263702392578e+01 -8.673675656318664551e-01 7.133656311035156250e+01
-1.382048988342285156e+01 -8.598933219909667969e-01 7.090060424804687500e+01
-1.296476840972900391e+01 -9.261579513549804688e-01 6.990008544921875000e+01
-1.381590366363525391e+01 -8.597531914710998535e-01 7.090003204345703125e+01
-1.480139446258544922e+01 -9.879207611083984375e-01 6.990000915527343750e+01
-1.382036209106445312e+01 -8.605192899703979492e-01 7.090371704101562500e+01
-1.367638874053955078e+01 -1.014518737792968750e+00 6.990005493164062500e+01
-1.381590366363525391e+01 -8.597531914710998535e-01 7.090003204345703125e+01
-1.816181564331054688e+01 -1.731823205947875977e+00 6.990004730224609375e+01
-1.205100440979003906e+01 -1.300055503845214844e+00 6.990010833740234375e+01
-1.381877326965332031e+01 -8.619745373725891113e-01 7.090887451171875000e+01
-1.427202033996582031e+01 -1.146601915359497070e+00 6.990003967285156250e+01
-1.381590366363525391e+01 -8.597531914710998535e-01 7.090003204345703125e+01
-1.382005500793457031e+01 -8.611024618148803711e-01 7.090150451660156250e+01
-1.328411388397216797e+01 -1.233175277709960938e+00 6.990007781982421875e+01
-1.381590366363525391e+01 -8.597531914710998535e-01 7.090003204345703125e+01
-1.535462570190429688e+01 -1.553328871726989746e+00 6.990000152587890625e+01
-7.822058677673339844e+00 -3.308274269104003906e+00 6.990000915527343750e+01
-1.381899642944335938e+01 -8.619047403335571289e-01 7.090398406982421875e+01
-1.389383983612060547e+01 -1.316117048263549805e+00 6.990005493164062500e+01
-1.381590366363525391e+01 -8.597531914710998535e-01 7.090003204345703125e+01
-2.878289985656738281e+01 -8.497929573059082031e+00 7.075399780273437500e+01
-1.270276927947998047e+01 -1.666874289512634277e+00 6.990010833740234375e+01
-1.381603336334228516e+01 -8.605132699012756348e-01 7.090135955810546875e+01
-1.456720733642578125e+01 -1.611524105072021484e+00 6.990003204345703125e+01
-1.381590366363525391e+01 -8.597531914710998535e-01 7.090003204345703125e+01
-1.381873798370361328e+01 -8.619838356971740723e-01 7.090179443359375000e+01
-1.353660488128662109e+01 -1.590862274169921875e+00 6.990007019042968750e+01
-1.381590366363525391e+01 -8.597531914710998535e-01 7.090003204345703125e+01
-1.647337341308593750e+01 -3.081031799316406250e+00 6.990003967285156250e+01
-1.132478523254394531e+01 -3.074208259582519531e+00 6.990007019042968750e+01
-1.381681251525878906e+01 -8.615822792053222656e-01 7.090192413330078125e+01
-1.411887359619140625e+01 -1.820273399353027344e+00 6.990005493164062500e+01
-1.381590366363525391e+01 -8.597531914710998535e-01 7.090003204345703125e+01
-1.381808376312255859e+01 -8.620452284812927246e-01 7.090048980712890625e+01
-1.309823513031005859e+01 -2.203337907791137695e+00 6.990010070800781250e+01
-1.381590366363525391e+01 -8.597531914710998535e-01 7.090003204345703125e+01
-1.497918224334716797e+01 -2.757994890213012695e+00 6.990004730224609375e+01
-3.459356784820556641e+00 -1.457910442352294922e+01 7.057293701171875000e+01
-1.381682968139648438e+01 -8.615953922271728516e-01 7.090093994140625000e+01
-1.375988292694091797e+01 -2.400184392929077148e+00 6.990007781982421875e+01
-1.381590366363525391e+01 -8.597531914710998535e-01 7.090003204345703125e+01
-1.754040527343750000e+01 -7.789659976959228516e+00 7.036186218261718750e+01
-1.234825801849365234e+01 -4.505163192749023438e+00 6.989999389648437500e+01
-1.381594753265380859e+01 -8.601989746093750000e-01 7.090021514892578125e+01
-1.437601470947265625e+01 -4.000231742858886719e+00 6.990007019042968750e+01
-1.381590366363525391e+01 -8.597531914710998535e-01 7.090003204345703125e+01
-1.381605720520019531e+01 -8.605787158012390137e-01 7.090010070800781250e+01
-1.381590366363525391e+01 -1.459154987335205078e+01 7.090003204345703125e+01
