1.807483482360839844e+01 -1.677688002586364746e+00 7.089995574951171875e+01
1.789085197448730469e+01 -4.597195684909820557e-01 7.106849670410156250e+01
1.816259193420410156e+01 1.741099953651428223e+00 6.990000152587890625e+01
1.807598114013671875e+01 -1.676983118057250977e+00 7.090145111083984375e+01
1.242157840728759766e+01 1.171796703338623047e+01 6.989997100830078125e+01
1.964674186706542969e+01 2.141889095306396484e+00 6.990003967285156250e+01
1.790250778198242188e+01 -4.597369134426116943e-01 7.154100799560546875e+01
1.755548667907714844e+01 2.049371302127838135e-01 6.989998626708984375e+01
1.934660148620605469e+01 4.003105163574218750e-01 7.136440277099609375e+01
1.767486572265625000e+01 -1.066394448280334473e+00 7.106505584716796875e+01
1.854277038574218750e+01 -2.203734964132308960e-01 6.990000915527343750e+01
1.807651329040527344e+01 -1.675205349922180176e+00 7.090530395507812500e+01
1.634932327270507812e+01 6.324608325958251953e-01 6.989998626708984375e+01
2.262359428405761719e+01 3.401961088180541992e+00 6.989992523193359375e+01
1.767484092712402344e+01 -9.664239883422851562e-01 7.146891021728515625e+01
1.794525909423828125e+01 -7.021642923355102539e-01 6.990003204345703125e+01
1.807483482360839844e+01 -1.682144045829772949e+00 7.089995574951171875e+01
1.767485809326171875e+01 -1.333679795265197754e+00 7.091649627685546875e+01
1.907965087890625000e+01 -5.127081871032714844e-01 6.990003204345703125e+01
1.804270172119140625e+01 -1.137928724288940430e+00 7.159486389160156250e+01
1.724038696289062500e+01 -7.155783772468566895e-01 6.990000915527343750e+01
2.055839729309082031e+01 8.250707387924194336e-02 7.123411560058593750e+01
1.767485618591308594e+01 -1.356573939323425293e+00 7.117825317382812500e+01
1.829977989196777344e+01 -1.032529473304748535e+00 6.990004730224609375e+01
1.807483482360839844e+01 -1.682144045829772949e+00 7.089995574951171875e+01
1.494033622741699219e+01 1.919676661491394043e-01 6.989996337890625000e+01
2.023902511596679688e+01 -3.961785435676574707e-01 6.990004730224609375e+01
1.778406524658203125e+01 -1.297793626785278320e+00 7.159473419189453125e+01
1.771518135070800781e+01 -1.169735431671142578e+00 6.990003204345703125e+01
1.807483482360839844e+01 -1.682144045829772949e+00 7.089995574951171875e+01
1.767485427856445312e+01 -1.504857778549194336e+00 7.100538635253906250e+01
1.871775627136230469e+01 -1.203152418136596680e+00 6.990006256103515625e+01
1.807483482360839844e+01 -1.682144045829772949e+00 7.089995574951171875e+01
1.678364944458007812e+01 -1.104747533798217773e+00 6.989998626708984375e+01
2.893147659301757812e+01 1.909691333770751953e+00 7.000050354003906250e+01
1.767485427856445312e+01 -1.501691460609436035e+00 7.133232116699218750e+01
1.807971191406250000e+01 -1.398692011833190918e+00 6.990003967285156250e+01
1.807483482360839844e+01 -1.682144045829772949e+00 7.089995574951171875e+01
7.285035133361816406e+00 9.061388373374938965e-01 6.989995574951171875e+01
1.939224624633789062e+01 -1.323152303695678711e+00 6.990008544921875000e+01
1.794841766357421875e+01 -1.544021964073181152e+00 7.159486389160156250e+01
1.744558906555175781e+01 -1.476210117340087891e+00 6.990001678466796875e+01
1.807483482360839844e+01 -1.682144045829772949e+00 7.089995574951171875e+01
1.767485427856445312e+01 -1.622593402862548828e+00 7.110521697998046875e+01
1.844553375244140625e+01 -1.562916517257690430e+00 6.990005493164062500e+01
1.807483482360839844e+01 -1.682144045829772949e+00 7.089995574951171875e+01
1.596821403503417969e+01 -1.516896724700927734e+00 6.990158843994140625e+01
2.131782341003417969e+01 -1.510529994964599609e+00 6.990010833740234375e+01
1.767485427856445312e+01 -1.658161282539367676e+00 7.158245086669921875e+01
1.786011314392089844e+01 -1.671813130378723145e+00 6.990003967285156250e+01
1.807483482360839844e+01 -1.682144045829772949e+00 7.089995574951171875e+01
1.767484855651855469e+01 -1.694364190101623535e+00 7.094980621337890625e+01
1.892591285705566406e+01 -1.748544335365295410e+00 6.990007781982421875e+01
1.807483482360839844e+01 -1.682144045829772949e+00 7.089995574951171875e+01
1.708940887451171875e+01 -1.810303211212158203e+00 6.990000152587890625e+01
2.285860824584960938e+01 -2.217684984207153320e+00 7.114455413818359375e+01
1.767485427856445312e+01 -1.750870823860168457e+00 7.123043823242187500e+01
1.821434020996093750e+01 -1.836898922920227051e+00 6.990004730224609375e+01
1.807483482360839844e+01 -1.682144045829772949e+00 7.089995574951171875e+01
9.670669555664062500e+00 -3.368561029434204102e+00 6.896617889404296875e+01
1.983960342407226562e+01 -2.122414112091064453e+00 6.990010833740234375e+01
1.784935951232910156e+01 -1.856675982475280762e+00 7.159498596191406250e+01
1.761874961853027344e+01 -1.968972921371459961e+00 6.990003204345703125e+01
1.807483482360839844e+01 -1.682144045829772949e+00 7.089995574951171875e+01
1.767484855651855469e+01 -1.812146186828613281e+00 7.104162597656250000e+01
1.860659027099609375e+01 -2.055541992187500000e+00 6.990006256103515625e+01
1.807483482360839844e+01 -1.682144045829772949e+00 7.089995574951171875e+01
1.653616523742675781e+01 -2.375696182250976562e+00 6.989996337890625000e+01
2.406751251220703125e+01 -4.130187988281250000e+00 6.990013122558593750e+01
1.767485427856445312e+01 -1.960372090339660645e+00 7.141125488281250000e+01
1.799690437316894531e+01 -2.138477563858032227e+00 6.990004730224609375e+01
1.807483482360839844e+01 -1.682144045829772949e+00 7.089995574951171875e+01
-7.262697696685791016e+00 -1.461276435852050781e+01 7.065274047851562500e+01
1.918790626525878906e+01 -2.489219903945922852e+00 6.990008544921875000e+01
1.800700378417968750e+01 -2.079890251159667969e+00 7.159492492675781250e+01
1.732357215881347656e+01 -2.433874845504760742e+00 6.990000915527343750e+01
1.807483482360839844e+01 -1.682144045829772949e+00 7.089995574951171875e+01
1.767484664916992188e+01 -1.996947884559631348e+00 7.114894866943359375e+01
1.835411643981933594e+01 -2.413208246231079102e+00 6.990005493164062500e+01
1.807483482360839844e+01 -1.682144045829772949e+00 7.089995574951171875e+01
1.541737365722656250e+01 -3.903415679931640625e+00 6.989996337890625000e+01
2.056588745117187500e+01 -3.896540403366088867e+00 6.990001678466796875e+01
1.774131774902343750e+01 -2.353139638900756836e+00 7.159491729736328125e+01
1.777303695678710938e+01 -2.638947486877441406e+00 6.990384674072265625e+01
1.807483482360839844e+01 -1.682144045829772949e+00 7.089995574951171875e+01
1.767975807189941406e+01 -2.097552537918090820e+00 7.098278045654296875e+01
1.879246711730957031e+01 -3.025659561157226562e+00 6.990007781982421875e+01
1.807483482360839844e+01 -1.682144045829772949e+00 7.089995574951171875e+01
1.691156578063964844e+01 -3.580370664596557617e+00 6.989997863769531250e+01
2.790825653076171875e+01 -1.470850849151611328e+01 7.058937835693359375e+01
1.767484474182128906e+01 -2.477466821670532227e+00 7.129030609130859375e+01
1.813068771362304688e+01 -3.217969655990600586e+00 6.990299224853515625e+01
1.807483482360839844e+01 -1.682144045829772949e+00 7.089995574951171875e+01
1.119676494598388672e+01 -1.447966384887695312e+01 6.990610504150390625e+01
1.954245376586914062e+01 -5.327486991882324219e+00 6.989993286132812500e+01
1.791138648986816406e+01 -3.348190307617187500e+00 7.159477233886718750e+01
1.751470756530761719e+01 -4.822713851928710938e+00 6.989996337890625000e+01
1.807483482360839844e+01 -1.682144045829772949e+00 7.089995574951171875e+01
1.767486763000488281e+01 -3.831135988235473633e+00 7.108003997802734375e+01
1.807483482360839844e+01 -2.900032281875610352e+00 7.089995574951171875e+01
