-4.764402389526367188e+00 4.603265523910522461e-01 7.089994812011718750e+01
-4.773436069488525391e+00 4.603261351585388184e-01 7.090822601318359375e+01
-4.676648616790771484e+00 3.823411703109741211e+00 6.990003967285156250e+01
-4.751074790954589844e+00 4.603258073329925537e-01 7.091733551025390625e+01
-4.789583683013916016e+00 4.599941372871398926e-01 7.089549255371093750e+01
-3.192348003387451172e+00 4.224695682525634766e+00 6.989993286132812500e+01
-4.772863388061523438e+00 4.603250920772552490e-01 7.093142700195312500e+01
-5.283735752105712891e+00 2.287335157394409180e+00 6.990000152587890625e+01
-4.727747440338134766e+00 4.603261053562164307e-01 7.091333770751953125e+01
-4.803389072418212891e+00 4.603256583213806152e-01 7.091603851318359375e+01
-4.296435356140136719e+00 1.862176895141601562e+00 6.989993286132812500e+01
-4.749886512756347656e+00 4.603244960308074951e-01 7.094622802734375000e+01
-6.489689350128173828e+00 2.714608669281005859e+00 6.990010833740234375e+01
-2.160867452621459961e-01 5.483914852142333984e+00 6.990001678466796875e+01
-4.797945022583007812e+00 4.603242278099060059e-01 7.094766235351562500e+01
-4.893987655639648438e+00 1.380361437797546387e+00 6.989994812011718750e+01
-4.714478492736816406e+00 4.603248238563537598e-01 7.094202423095703125e+01
-4.833295822143554688e+00 4.603261351585388184e-01 7.090279388427734375e+01
-3.759486675262451172e+00 1.569858193397521973e+00 6.989992523193359375e+01
-4.767946243286132812e+00 4.603230357170104980e-01 7.097658538818359375e+01
-5.598869323730468750e+00 1.366894006729125977e+00 6.989997863769531250e+01
-4.679929256439208984e+00 4.603264033794403076e-01 7.091131591796875000e+01
-4.838137626647949219e+00 4.603238999843597412e-01 7.095124816894531250e+01
-4.539434432983398438e+00 1.049983620643615723e+00 6.989994049072265625e+01
-4.714756011962890625e+00 4.603227972984313965e-01 7.098658752441406250e+01
-7.898318290710449219e+00 2.274068593978881836e+00 6.990014648437500000e+01
-2.602372169494628906e+00 1.684987425804138184e+00 6.990103912353515625e+01
-4.805082321166992188e+00 4.540779888629913330e-01 7.099715423583984375e+01
-5.124078750610351562e+00 9.127478599548339844e-01 6.989995574951171875e+01
-4.647636413574218750e+00 4.603242278099060059e-01 7.096131896972656250e+01
-4.888916969299316406e+00 4.554950892925262451e-01 7.093276977539062500e+01
-4.121404170989990234e+00 8.793538212776184082e-01 6.989994049072265625e+01
-4.737506866455078125e+00 4.603194892406463623e-01 7.105644226074218750e+01
-6.055577754974365234e+00 9.776974320411682129e-01 6.989998626708984375e+01
7.305855751037597656e+00 4.393656730651855469e+00 6.989994812011718750e+01
-4.889142036437988281e+00 4.565821886062622070e-01 7.103479003906250000e+01
-4.759523868560791016e+00 6.837816238403320312e-01 6.989994812011718750e+01
-4.609900951385498047e+00 4.603193998336791992e-01 7.107026672363281250e+01
-1.555259799957275391e+01 2.988203763961791992e+00 6.990010070800781250e+01
-3.448290348052978516e+00 7.589433789253234863e-01 6.990106964111328125e+01
-4.819326400756835938e+00 4.603147506713867188e-01 7.120185852050781250e+01
-5.393679141998291016e+00 6.062495112419128418e-01 6.989996337890625000e+01
-4.386782646179199219e+00 4.603233933448791504e-01 7.100344085693359375e+01
-5.167412757873535156e+00 4.603073894977569580e-01 7.110676574707031250e+01
-4.393664360046386719e+00 5.195453763008117676e-01 6.989994812011718750e+01
-4.516601085662841797e+00 4.603015780448913574e-01 7.150866699218750000e+01
-6.874312877655029297e+00 5.658110380172729492e-01 6.990002441406250000e+01
-1.521351337432861328e+00 5.719229578971862793e-01 6.990007781982421875e+01
-5.611216068267822266e+00 4.510802626609802246e-01 7.234488677978515625e+01
-4.979138851165771484e+00 4.106372892856597900e-01 6.989995574951171875e+01
-3.785957098007202148e+00 3.881819248199462891e-01 7.159499359130859375e+01
-1.032299518585205078e+01 2.304823100566864014e-01 7.159270477294921875e+01
-3.913214206695556641e+00 3.338966667652130127e-01 6.989994049072265625e+01
-4.739060878753662109e+00 3.510146439075469971e-01 7.159485626220703125e+01
-5.749847888946533203e+00 2.721438705921173096e-01 6.989997100830078125e+01
-4.764351367950439453e+00 4.002999067306518555e-01 7.089994812011718750e+01
-5.605522155761718750e+00 2.557799816131591797e-01 7.159492492675781250e+01
-4.624884605407714844e+00 2.455369085073471069e-01 6.989995574951171875e+01
-4.285841941833496094e+00 2.532186508178710938e-01 7.159496307373046875e+01
-4.764429092407226562e+00 4.003002345561981201e-01 7.089994049072265625e+01
-2.999319076538085938e+00 -4.004277661442756653e-02 6.989992523193359375e+01
-4.989853858947753906e+00 2.257925271987915039e-01 7.159490203857421875e+01
-5.220514297485351562e+00 1.134600862860679626e-01 6.989996337890625000e+01
-3.126314401626586914e+00 -1.041098833084106445e-01 7.159490966796875000e+01
-6.726428508758544922e+00 -2.373857051134109497e-01 7.159485626220703125e+01
-4.232586860656738281e+00 2.686568908393383026e-02 6.989994812011718750e+01
-4.584840297698974609e+00 1.465392857789993286e-01 7.159488677978515625e+01
-4.764411926269531250e+00 4.003011882305145264e-01 7.089994049072265625e+01
-4.764381885528564453e+00 4.002972841262817383e-01 7.089994812011718750e+01
-5.308063030242919922e+00 2.213378064334392548e-02 7.159490966796875000e+01
-4.842339992523193359e+00 -5.606482550501823425e-02 6.989995574951171875e+01
-4.020470142364501953e+00 -9.060088545083999634e-02 7.159492492675781250e+01
-4.764418601989746094e+00 4.002973735332489014e-01 7.089994812011718750e+01
-4.764395236968994141e+00 4.003005623817443848e-01 7.089994049072265625e+01
-4.832232475280761719e+00 2.564106136560440063e-03 7.159490966796875000e+01
-4.764407157897949219e+00 4.003008604049682617e-01 7.089994049072265625e+01
-4.764390945434570312e+00 4.002980589866638184e-01 7.089994812011718750e+01
-4.764405727386474609e+00 4.003029167652130127e-01 7.089994812011718750e+01
-4.764400482177734375e+00 4.003009796142578125e-01 7.089994049072265625e+01
-4.412039279937744141e+00 -1.779602468013763428e-01 7.159489440917968750e+01
-4.764412403106689453e+00 4.002974033355712891e-01 7.089994812011718750e+01
-4.764393329620361328e+00 4.002974331378936768e-01 7.089994812011718750e+01
-5.097914218902587891e+00 -2.706809043884277344e-01 7.159490203857421875e+01
-4.764404296875000000e+00 4.002998173236846924e-01 7.089994049072265625e+01
-4.764398097991943359e+00 4.003005921840667725e-01 7.089994812011718750e+01
-4.764410495758056641e+00 4.002971053123474121e-01 7.089994812011718750e+01
-4.764398574829101562e+00 4.002985656261444092e-01 7.089994049072265625e+01
-4.682491779327392578e+00 -3.997122645378112793e-01 7.158438110351562500e+01
-4.764407634735107422e+00 4.002969861030578613e-01 7.089994049072265625e+01
-4.764396190643310547e+00 4.002973437309265137e-01 7.089994812011718750e+01
-4.764405250549316406e+00 4.003002643585205078e-01 7.089994812011718750e+01
-4.764401912689208984e+00 4.002960920333862305e-01 7.089994049072265625e+01
-4.764400482177734375e+00 4.002999663352966309e-01 7.089994812011718750e+01
-4.764406681060791016e+00 4.002971947193145752e-01 7.089994812011718750e+01
-4.764399051666259766e+00 4.002970457077026367e-01 7.089994812011718750e+01
-4.764402866363525391e+00 4.002994596958160400e-01 7.089994812011718750e+01
-4.764403820037841797e+00 4.002971053123474121e-01 7.089994812011718750e+01
-4.764399528503417969e+00 4.002960324287414551e-01 7.089994812011718750e+01
-4.764404296875000000e+00 4.002959430217742920e-01 7.089994812011718750e+01
-4.764402389526367188e+00 4.002952277660369873e-01 7.089994812011718750e+01
