-2.999999427795410156e+01 1.250348567962646484e+00 6.845000457763671875e+01
-2.888834571838378906e+01 6.256540298461914062e+00 6.989995574951171875e+01
-2.835266113281250000e+01 3.947776317596435547e+00 6.905160522460937500e+01
-2.954524993896484375e+01 3.130561590194702148e+00 6.989980316162109375e+01
-2.866458511352539062e+01 2.855802774429321289e+00 6.957548522949218750e+01
-2.649846458435058594e+01 3.738298654556274414e+00 6.892112731933593750e+01
-2.916922378540039062e+01 2.254665136337280273e+00 6.989981079101562500e+01
-2.841694641113281250e+01 2.064047574996948242e+00 6.928201293945312500e+01
-2.999999427795410156e+01 1.250348567962646484e+00 6.845000457763671875e+01
-2.875168800354003906e+01 1.735234141349792480e+00 6.982608032226562500e+01
-2.801142883300781250e+01 1.566405177116394043e+00 6.899498748779296875e+01
-2.885001945495605469e+01 1.528772830963134766e+00 7.127488708496093750e+01
-2.856422042846679688e+01 1.232558250427246094e+00 6.946990966796875000e+01
-2.999999427795410156e+01 1.250348567962646484e+00 6.845000457763671875e+01
-2.246290016174316406e+01 4.065749943256378174e-01 6.883538055419921875e+01
-2.883529281616210938e+01 8.923740983009338379e-01 7.014151000976562500e+01
-2.844859123229980469e+01 7.726259827613830566e-01 6.910819244384765625e+01
-2.999999427795410156e+01 1.250348567962646484e+00 6.845000457763671875e+01
-2.869666862487792969e+01 3.903088867664337158e-01 6.966755676269531250e+01
-2.812592315673828125e+01 4.191638529300689697e-02 6.880039215087890625e+01
-2.926478385925292969e+01 4.378879815340042114e-02 6.990002441406250000e+01
-2.861458396911621094e+01 -3.148631453514099121e-01 6.927103424072265625e+01
-2.999999427795410156e+01 1.250348567962646484e+00 6.845000457763671875e+01
-2.881385040283203125e+01 -1.886911511421203613e+00 6.989992523193359375e+01
-2.835808563232421875e+01 -4.645734786987304688e+00 6.899152374267578125e+01
-2.999999427795410156e+01 1.250348567962646484e+00 6.845000457763671875e+01
