-1.823677635192871094e+01 -8.053019523620605469e+00 7.090008544921875000e+01
-1.830319404602050781e+01 -8.233183860778808594e+00 7.096092987060546875e+01
-1.822048187255859375e+01 -8.038894653320312500e+00 7.071442413330078125e+01
-1.805678749084472656e+01 -7.863919734954833984e+00 7.113484954833984375e+01
-1.829598617553710938e+01 -8.534132003784179688e+00 7.088961029052734375e+01
-1.786957740783691406e+01 -7.781178474426269531e+00 7.066650390625000000e+01
-1.830278205871582031e+01 -8.206260681152343750e+00 7.114562988281250000e+01
-1.831695938110351562e+01 -8.383130073547363281e+00 7.074569702148437500e+01
-1.752584075927734375e+01 -7.510356903076171875e+00 7.115972137451171875e+01
-2.173718833923339844e+01 -3.285611867904663086e+00 7.234500122070312500e+01
-1.796057510375976562e+01 -7.811660766601562500e+00 7.030986022949218750e+01
-1.803965950012207031e+01 -7.859464168548583984e+00 7.152852630615234375e+01
-1.996239662170410156e+01 -6.359727859497070312e+00 6.990005493164062500e+01
-1.747301483154296875e+01 -7.820829391479492188e+00 7.073217773437500000e+01
-1.925251960754394531e+01 -6.856983661651611328e+00 7.234487152099609375e+01
-1.829980278015136719e+01 -8.197813034057617188e+00 7.041371917724609375e+01
-1.751084136962890625e+01 -7.801744937896728516e+00 7.151190185546875000e+01
-2.883937072753906250e+01 5.626112222671508789e-01 7.133853912353515625e+01
-1.749414062500000000e+01 -7.810173988342285156e+00 7.016106414794921875e+01
-1.826889991760253906e+01 -8.130436897277832031e+00 7.159477233886718750e+01
-1.907127189636230469e+01 -7.707856655120849609e+00 6.990008544921875000e+01
-1.726265525817871094e+01 -7.982333660125732422e+00 7.103115081787109375e+01
-2.031325340270996094e+01 -6.984290599822998047e+00 7.234484100341796875e+01
-1.793343162536621094e+01 -7.798456192016601562e+00 6.955168914794921875e+01
-1.784068489074707031e+01 -8.195642471313476562e+00 7.159131622314453125e+01
-2.136541366577148438e+01 -6.803871154785156250e+00 6.990196228027343750e+01
-1.720802688598632812e+01 -8.063193321228027344e+00 7.042477416992187500e+01
-1.884142684936523438e+01 -7.875227451324462891e+00 7.234486389160156250e+01
-1.859645462036132812e+01 -8.162033081054687500e+00 6.990008544921875000e+01
-1.717611694335937500e+01 -8.129290580749511719e+00 7.145753479003906250e+01
-2.371823120117187500e+01 -6.244891643524169922e+00 7.234497833251953125e+01
-1.728545951843261719e+01 -7.965724468231201172e+00 6.942057037353515625e+01
-1.811766624450683594e+01 -8.408699035644531250e+00 7.159314727783203125e+01
-1.952790832519531250e+01 -8.097105026245117188e+00 6.990016174316406250e+01
-1.713286018371582031e+01 -8.309255599975585938e+00 7.080863189697265625e+01
-1.957335472106933594e+01 -8.071476936340332031e+00 7.234488677978515625e+01
-1.822686195373535156e+01 -8.098338127136230469e+00 6.886768341064453125e+01
-1.760652160644531250e+01 -8.429664611816406250e+00 7.159484863281250000e+01
-2.878633117675781250e+01 -6.143825054168701172e+00 6.992235565185546875e+01
-1.712749099731445312e+01 -8.372200012207031250e+00 7.005817413330078125e+01
-1.849962806701660156e+01 -8.387290000915527344e+00 7.234495544433593750e+01
-1.950775718688964844e+01 -8.258522987365722656e+00 6.888037109375000000e+01
-1.714624023437500000e+01 -8.501151084899902344e+00 7.119895935058593750e+01
-2.105216217041015625e+01 -8.255311965942382812e+00 7.234489440917968750e+01
-1.823677635192871094e+01 -8.674477577209472656e+00 7.090008544921875000e+01
-1.795389747619628906e+01 -8.605988502502441406e+00 7.159497070312500000e+01
-2.034680938720703125e+01 -8.508962631225585938e+00 6.990010070800781250e+01
-1.718988418579101562e+01 -8.619077682495117188e+00 7.057731628417968750e+01
-1.908355522155761719e+01 -8.623704910278320312e+00 7.234496307373046875e+01
-1.845150375366210938e+01 -8.664146423339843750e+00 6.990013885498046875e+01
-1.725877952575683594e+01 -8.686595916748046875e+00 7.159481048583984375e+01
-2.879296875000000000e+01 -8.996985435485839844e+00 7.221568298339843750e+01
-1.728108024597167969e+01 -8.749039649963378906e+00 6.977729797363281250e+01
-1.823677635192871094e+01 -8.674477577209472656e+00 7.090008544921875000e+01
-1.922237968444824219e+01 -8.802659988403320312e+00 6.989995574951171875e+01
-1.823677635192871094e+01 -8.674477577209472656e+00 7.090008544921875000e+01
-1.998551368713378906e+01 -8.974954605102539062e+00 7.234497833251953125e+01
-1.812098312377929688e+01 -8.802927970886230469e+00 7.007013702392578125e+01
-1.775838661193847656e+01 -8.821512222290039062e+00 7.159485626220703125e+01
-2.258266639709472656e+01 -9.546543121337890625e+00 6.990010833740234375e+01
-1.743115234375000000e+01 -8.875462532043457031e+00 7.044364929199218750e+01
-1.870549774169921875e+01 -9.037296295166015625e+00 7.234492492675781250e+01
-1.869290924072265625e+01 -8.961336135864257812e+00 6.990005493164062500e+01
-1.748708152770996094e+01 -8.905330657958984375e+00 7.121814727783203125e+01
-2.231636619567871094e+01 -1.000041294097900391e+01 7.234499359130859375e+01
-1.785363769531250000e+01 -8.943517684936523438e+00 7.017964935302734375e+01
-1.814889335632324219e+01 -8.798677444458007812e+00 7.124020385742187500e+01
-1.977536773681640625e+01 -9.367994308471679688e+00 6.990013885498046875e+01
-1.758296203613281250e+01 -8.941564559936523438e+00 7.079100036621093750e+01
-1.936706352233886719e+01 -9.460707664489746094e+00 7.234493255615234375e+01
-1.831471252441406250e+01 -9.130837440490722656e+00 6.990011596679687500e+01
-1.782315254211425781e+01 -8.947420120239257812e+00 7.128649139404296875e+01
-2.875187492370605469e+01 -1.404069709777832031e+01 7.079749298095703125e+01
-1.787453651428222656e+01 -8.937133789062500000e+00 7.057468414306640625e+01
-1.837779235839843750e+01 -9.501367568969726562e+00 7.234488677978515625e+01
-1.898504066467285156e+01 -9.423207283020019531e+00 6.990412902832031250e+01
-1.781109428405761719e+01 -8.948965072631835938e+00 7.097967529296875000e+01
-2.055779457092285156e+01 -1.050119590759277344e+01 7.234491729736328125e+01
-1.795744895935058594e+01 -9.405659675598144531e+00 6.990002441406250000e+01
-1.823677635192871094e+01 -8.674477577209472656e+00 7.090008544921875000e+01
-2.089434242248535156e+01 -1.089583778381347656e+01 6.990005493164062500e+01
-1.800774765014648438e+01 -8.878069877624511719e+00 7.080815124511718750e+01
-1.893014335632324219e+01 -1.006944942474365234e+01 7.234487915039062500e+01
-1.853978729248046875e+01 -9.635128974914550781e+00 6.989997100830078125e+01
-1.812573623657226562e+01 -8.799927711486816406e+00 7.096588897705078125e+01
-2.385121154785156250e+01 -1.457785606384277344e+01 7.207710266113281250e+01
-1.823677635192871094e+01 -8.674477577209472656e+00 7.090008544921875000e+01
-1.806387329101562500e+01 -1.036320781707763672e+01 7.234483337402343750e+01
-1.940028381347656250e+01 -1.057309150695800781e+01 6.989990234375000000e+01
-1.814471817016601562e+01 -8.796426773071289062e+00 7.089717864990234375e+01
-1.971722221374511719e+01 -1.161813831329345703e+01 7.234485626220703125e+01
-1.818074989318847656e+01 -1.021508598327636719e+01 6.990001678466796875e+01
-1.705474853515625000e+01 -1.180085372924804688e+01 7.234497833251953125e+01
-2.141750526428222656e+01 -1.459262561798095703e+01 7.044048309326171875e+01
-1.676910972595214844e+01 -1.231993961334228516e+01 6.990003204345703125e+01
-1.857665824890136719e+01 -1.213890266418457031e+01 7.234490966796875000e+01
-1.879693984985351562e+01 -1.181524562835693359e+01 6.990003204345703125e+01
-1.657356262207031250e+01 -1.464706516265869141e+01 7.144863128662109375e+01
-1.933874320983886719e+01 -1.459525585174560547e+01 7.139623260498046875e+01
-1.823677635192871094e+01 -1.460205841064453125e+01 7.090008544921875000e+01
