-1.733521270751953125e+01 8.811789512634277344e+00 7.090003967285156250e+01
-1.748474693298339844e+01 8.904972076416015625e+00 7.103702545166015625e+01
-1.731259536743164062e+01 8.793722152709960938e+00 7.064231872558593750e+01
-1.718188095092773438e+01 8.601947784423828125e+00 7.110003662109375000e+01
-1.777512741088867188e+01 8.954177856445312500e+00 7.082222747802734375e+01
-1.713042449951171875e+01 8.409628868103027344e+00 7.076976776123046875e+01
-1.747471046447753906e+01 8.900961875915527344e+00 7.141896820068359375e+01
-1.762020683288574219e+01 8.946981430053710938e+00 7.035129547119140625e+01
-1.714077377319335938e+01 8.229819297790527344e+00 7.097104644775390625e+01
-1.797776985168457031e+01 8.900649070739746094e+00 7.116527557373046875e+01
-1.714624023437500000e+01 8.501759529113769531e+00 7.049621582031250000e+01
-1.717296791076660156e+01 8.582263946533203125e+00 7.141730499267578125e+01
-1.804553413391113281e+01 8.864259719848632812e+00 7.048839569091796875e+01
-1.723626518249511719e+01 8.022027015686035156e+00 7.087828826904296875e+01
-1.782367706298828125e+01 8.785454750061035156e+00 7.159482574462890625e+01
-1.746483230590820312e+01 8.891746520996093750e+00 6.989977264404296875e+01
-1.720619773864746094e+01 8.066538810729980469e+00 7.100877380371093750e+01
-1.822642898559570312e+01 8.687871932983398438e+00 7.093689727783203125e+01
-1.722185134887695312e+01 8.043366432189941406e+00 7.078723144531250000e+01
-1.736733818054199219e+01 8.455513000488281250e+00 7.159477233886718750e+01
-1.811404228210449219e+01 8.813575744628906250e+00 6.996674346923828125e+01
-8.068459510803222656e+00 1.449576187133789062e+01 7.214686584472656250e+01
-1.824660873413085938e+01 8.653282165527343750e+00 7.153416442871093750e+01
-1.714111900329589844e+01 8.471951484680175781e+00 7.003727722167968750e+01
-1.726783561706542969e+01 7.992887020111083984e+00 7.101762390136718750e+01
-1.830706024169921875e+01 8.492500305175781250e+00 7.058999633789062500e+01
-1.732601737976074219e+01 7.916898250579833984e+00 7.089579010009765625e+01
-1.762604141235351562e+01 8.295863151550292969e+00 7.159496307373046875e+01
-1.801292800903320312e+01 8.876996040344238281e+00 6.901581573486328125e+01
-1.458594417572021484e+01 9.324579238891601562e+00 7.234497833251953125e+01
-1.832218170166015625e+01 8.348896026611328125e+00 7.116020202636718750e+01
-1.733190345764160156e+01 7.913900375366210938e+00 7.089488983154296875e+01
-1.721579933166503906e+01 8.177891731262207031e+00 7.159487152099609375e+01
-1.832149887084960938e+01 8.352484703063964844e+00 7.013620758056640625e+01
-1.733277320861816406e+01 7.912241458892822266e+00 7.089984130859375000e+01
-1.797735404968261719e+01 8.201138496398925781e+00 7.159417724609375000e+01
-1.733521270751953125e+01 7.911434173583984375e+00 7.090003967285156250e+01
-1.602442169189453125e+01 8.420590400695800781e+00 7.234499359130859375e+01
-1.827835655212402344e+01 8.137678146362304688e+00 7.081262969970703125e+01
-1.733020782470703125e+01 7.912797927856445312e+00 7.089624023437500000e+01
-1.746161651611328125e+01 8.049540519714355469e+00 7.159486389160156250e+01
-1.830754280090332031e+01 8.229649543762207031e+00 6.935491180419921875e+01
-1.206261157989501953e+01 8.749445915222167969e+00 7.234503936767578125e+01
-1.823082542419433594e+01 8.044776916503906250e+00 7.135964965820312500e+01
-1.733333969116210938e+01 7.912036418914794922e+00 7.089498901367187500e+01
-1.674698257446289062e+01 8.053852081298828125e+00 7.234500885009765625e+01
-1.818582534790039062e+01 7.978157997131347656e+00 7.049691772460937500e+01
-1.733189201354980469e+01 7.911610126495361328e+00 7.089901733398437500e+01
-1.774244689941406250e+01 7.935851573944091797e+00 7.159490966796875000e+01
-1.733521270751953125e+01 7.911434173583984375e+00 7.090003967285156250e+01
-1.530104637145996094e+01 7.886229515075683594e+00 7.234501647949218750e+01
-1.809025764465332031e+01 7.888366222381591797e+00 7.099414062500000000e+01
-1.733201026916503906e+01 7.911184310913085938e+00 7.089627838134765625e+01
-1.728251838684082031e+01 7.808938980102539062e+00 7.234502410888671875e+01
-1.798863983154296875e+01 7.826452732086181641e+00 7.023697662353515625e+01
-1.733521270751953125e+01 7.911434173583984375e+00 7.090003967285156250e+01
-1.794829368591308594e+01 7.806091308593750000e+00 7.140660095214843750e+01
-1.719569206237792969e+01 7.756661415100097656e+00 6.990001678466796875e+01
-1.634025192260742188e+01 7.605629920959472656e+00 7.234503173828125000e+01
-1.792160034179687500e+01 7.793766975402832031e+00 7.076511383056640625e+01
-1.733239364624023438e+01 7.910730838775634766e+00 7.089844512939453125e+01
-1.741130256652832031e+01 7.852536678314208984e+00 7.113458251953125000e+01
-1.747499847412109375e+01 7.823523998260498047e+00 7.059357452392578125e+01
-1.392921543121337891e+01 6.862627506256103516e+00 7.234503936767578125e+01
-1.792269897460937500e+01 7.720491409301757812e+00 7.110811614990234375e+01
-1.733324623107910156e+01 7.910053253173828125e+00 7.089633941650390625e+01
-1.696184539794921875e+01 7.383770942687988281e+00 7.234503936767578125e+01
-1.765860366821289062e+01 7.765666007995605469e+00 7.068986511230468750e+01
-1.733431434631347656e+01 7.911067485809326172e+00 7.089988708496093750e+01
-1.744258880615234375e+01 7.836743831634521484e+00 7.103730010986328125e+01
-1.741315460205078125e+01 7.455040931701660156e+00 6.990000152587890625e+01
-1.578842067718505859e+01 6.890736579895019531e+00 7.234503173828125000e+01
-1.759511184692382812e+01 7.778798580169677734e+00 7.089750671386718750e+01
-1.733315467834472656e+01 7.909942150115966797e+00 7.089819335937500000e+01
-1.747624778747558594e+01 7.084431171417236328e+00 7.234503936767578125e+01
-1.808659934997558594e+01 7.159579277038574219e+00 6.989993286132812500e+01
-9.606900215148925781e+00 2.928090810775756836e+00 7.234497070312500000e+01
-1.740787887573242188e+01 7.854243278503417969e+00 7.094527435302734375e+01
-1.705590438842773438e+01 7.180301189422607422e+00 6.990004730224609375e+01
-1.660254669189453125e+01 6.709050655364990234e+00 7.234503936767578125e+01
-1.739096069335937500e+01 7.864836692810058594e+00 7.087905883789062500e+01
-1.733413314819335938e+01 7.910474300384521484e+00 7.089960479736328125e+01
-1.752583503723144531e+01 7.527925014495849609e+00 7.129724884033203125e+01
-1.763819694519042969e+01 6.950866222381591797e+00 6.990000915527343750e+01
-1.489692687988281250e+01 5.156700611114501953e+00 7.234503936767578125e+01
-1.752583312988281250e+01 7.711003780364990234e+00 7.094000244140625000e+01
-1.661742401123046875e+01 6.567624092102050781e+00 6.989994049072265625e+01
-1.716227912902832031e+01 6.222405910491943359e+00 7.234503936767578125e+01
-1.849846076965332031e+01 6.013242244720458984e+00 6.990007781982421875e+01
-3.529918193817138672e-01 -1.458496856689453125e+01 7.036368560791015625e+01
-1.752583312988281250e+01 7.532412528991699219e+00 7.108606719970703125e+01
-1.727919197082519531e+01 6.370992660522460938e+00 6.990007781982421875e+01
-1.615309524536132812e+01 4.784821510314941406e+00 7.234503936767578125e+01
-2.425650215148925781e+01 -4.966502666473388672e+00 6.989994812011718750e+01
-1.586777400970458984e+01 4.266538143157958984e+00 6.990013885498046875e+01
-1.767513656616210938e+01 4.446581840515136719e+00 7.234504699707031250e+01
-1.789532089233398438e+01 4.770968914031982422e+00 6.990008544921875000e+01
-1.537165546417236328e+01 8.603144884109497070e-01 7.154764556884765625e+01
-1.752587509155273438e+01 6.887024402618408203e+00 7.098588562011718750e+01
-1.733521270751953125e+01 8.603307008743286133e-01 7.090003967285156250e+01
