1.026414489746093750e+01 1.468704795837402344e+01 7.089996337890625000e+01
1.026414489746093750e+01 8.603231310844421387e-01 7.089996337890625000e+01
1.035190582275390625e+01 4.283693313598632812e+00 6.989997863769531250e+01
1.026414489746093750e+01 8.603231310844421387e-01 7.089996337890625000e+01
4.611687660217285156e+00 1.425854015350341797e+01 6.990012359619140625e+01
1.183615016937255859e+01 4.684592723846435547e+00 6.989997863769531250e+01
1.026414489746093750e+01 8.603231310844421387e-01 7.089996337890625000e+01
9.744760513305664062e+00 2.747537851333618164e+00 6.989991760253906250e+01
1.026414489746093750e+01 8.603231310844421387e-01 7.089996337890625000e+01
1.026414489746093750e+01 8.603231310844421387e-01 7.089996337890625000e+01
1.116120815277099609e+01 3.662640094757080078e+00 6.898299407958984375e+01
1.026414489746093750e+01 8.603231310844421387e-01 7.089996337890625000e+01
8.538518905639648438e+00 3.175081253051757812e+00 6.989992523193359375e+01
1.481254005432128906e+01 5.944020748138427734e+00 6.990000915527343750e+01
1.026414489746093750e+01 8.603231310844421387e-01 7.089996337890625000e+01
1.013455581665039062e+01 1.840404629707336426e+00 6.989993286132812500e+01
1.026414489746093750e+01 8.603231310844421387e-01 7.089996337890625000e+01
1.026414489746093750e+01 8.603231310844421387e-01 7.089996337890625000e+01
1.212384510040283203e+01 3.024700164794921875e+00 6.904931640625000000e+01
1.026414489746093750e+01 8.603231310844421387e-01 7.089996337890625000e+01
9.429629325866699219e+00 1.826968193054199219e+00 6.989993286132812500e+01
1.026414489746093750e+01 8.603231310844421387e-01 7.089996337890625000e+01
1.026414489746093750e+01 8.603231310844421387e-01 7.089996337890625000e+01
1.048911666870117188e+01 1.510013103485107422e+00 6.989994049072265625e+01
1.026414489746093750e+01 8.603231310844421387e-01 7.089996337890625000e+01
7.129556655883789062e+00 2.734488248825073242e+00 6.989994049072265625e+01
1.242854690551757812e+01 2.146414279937744141e+00 6.989995574951171875e+01
1.026414489746093750e+01 8.603231310844421387e-01 7.089996337890625000e+01
9.904458999633789062e+00 1.372778773307800293e+00 6.989994812011718750e+01
1.026414489746093750e+01 8.603231310844421387e-01 7.089996337890625000e+01
1.026414489746093750e+01 8.603231310844421387e-01 7.089996337890625000e+01
1.090715026855468750e+01 1.339376330375671387e+00 6.989994049072265625e+01
1.026414489746093750e+01 8.603231310844421387e-01 7.089996337890625000e+01
8.972888946533203125e+00 1.437750935554504395e+00 6.989994049072265625e+01
2.233412933349609375e+01 4.853583335876464844e+00 6.989998626708984375e+01
1.026414489746093750e+01 8.603231310844421387e-01 7.089996337890625000e+01
1.026902294158935547e+01 1.143803954124450684e+00 6.989994812011718750e+01
1.026414489746093750e+01 8.603231310844421387e-01 7.089996337890625000e+01
-5.262655615806579590e-01 3.448752403259277344e+00 6.989990997314453125e+01
1.266737842559814453e+01 1.515199303627014160e+00 6.907599639892578125e+01
1.026414489746093750e+01 8.603231310844421387e-01 7.089996337890625000e+01
9.638014793395996094e+00 1.065237164497375488e+00 6.990498352050781250e+01
1.026414489746093750e+01 8.603231310844421387e-01 7.089996337890625000e+01
1.026414489746093750e+01 8.603231310844421387e-01 7.089996337890625000e+01
1.063488674163818359e+01 9.795640707015991211e-01 6.989995574951171875e+01
1.026414489746093750e+01 8.603231310844421387e-01 7.089996337890625000e+01
8.154051780700683594e+00 1.025842905044555664e+00 6.989994812011718750e+01
1.350762462615966797e+01 1.031963229179382324e+00 6.989996337890625000e+01
1.026414489746093750e+01 8.603231310844421387e-01 7.089996337890625000e+01
9.865940093994140625e+00 8.794820904731750488e-01 6.904559326171875000e+01
1.124245262145996094e+01 8.482011556625366211e-01 7.159490966796875000e+01
4.688075542449951172e+00 6.899659037590026855e-01 7.159489440917968750e+01
1.111533069610595703e+01 7.939144372940063477e-01 6.989995574951171875e+01
1.028948020935058594e+01 8.110445737838745117e-01 7.159469604492187500e+01
9.278668403625488281e+00 7.321574091911315918e-01 6.989995574951171875e+01
1.383727645874023438e+01 4.603130221366882324e-01 7.108265686035156250e+01
9.423119544982910156e+00 7.158136963844299316e-01 7.159486389160156250e+01
1.040366363525390625e+01 7.055528759956359863e-01 6.989995574951171875e+01
1.074257755279541016e+01 7.132752537727355957e-01 7.159479522705078125e+01
5.944170951843261719e+00 -6.542053073644638062e-03 6.990594482421875000e+01
1.202346134185791016e+01 4.214133620262145996e-01 6.990320587158203125e+01
1.003873825073242188e+01 6.858450174331665039e-01 7.159477996826171875e+01
9.808025360107421875e+00 5.734725594520568848e-01 6.989996337890625000e+01
1.156324672698974609e+01 4.602913558483123779e-01 7.145111083984375000e+01
9.033407211303710938e+00 4.603126943111419678e-01 7.133586883544921875e+01
1.079595947265625000e+01 4.868840873241424561e-01 6.989996337890625000e+01
1.044366073608398438e+01 6.066216826438903809e-01 7.159471893310546875e+01
8.725474357604980469e+00 1.667707115411758423e-01 6.989997100830078125e+01
1.625794601440429688e+01 -1.588179826736450195e+00 6.989994812011718750e+01
9.720505714416503906e+00 4.821664988994598389e-01 7.159489440917968750e+01
1.018620681762695312e+01 4.039491415023803711e-01 6.989996337890625000e+01
1.087036037445068359e+01 4.602932035923004150e-01 7.146628570556640625e+01
1.026414489746093750e+01 8.603231310844421387e-01 7.089996337890625000e+01
1.137735652923583984e+01 5.314613133668899536e-02 6.989997100830078125e+01
1.019632720947265625e+01 4.626511335372924805e-01 7.159480285644531250e+01
9.512845039367675781e+00 1.085558235645294189e-01 6.989997100830078125e+01
1.088453769683837891e+01 4.602834284305572510e-01 7.101595306396484375e+01
9.755889892578125000e+00 4.603095352649688721e-01 7.121635437011718750e+01
1.054331970214843750e+01 1.295391023159027100e-01 6.990045166015625000e+01
1.050790023803710938e+01 4.602942168712615967e-01 7.138070678710937500e+01
4.980200290679931641e+00 -3.556327581405639648e+00 6.891163635253906250e+01
1.275528907775878906e+01 -1.354155182838439941e+00 6.989998626708984375e+01
1.006531429290771484e+01 4.602985084056854248e-01 7.131427764892578125e+01
9.961172103881835938e+00 -1.002077087759971619e-01 6.989997863769531250e+01
1.061822509765625000e+01 4.602894186973571777e-01 7.110980224609375000e+01
9.883706092834472656e+00 4.603056609630584717e-01 7.097972106933593750e+01
1.098184967041015625e+01 -4.833298921585083008e-01 6.989998626708984375e+01
1.030483913421630859e+01 4.628664851188659668e-01 7.123999786376953125e+01
9.103054046630859375e+00 -1.034347534179687500e+00 6.990185546875000000e+01
1.728144836425781250e+01 -8.435521125793457031e+00 7.067832946777343750e+01
1.006296253204345703e+01 4.602997303009033203e-01 7.109629821777343750e+01
1.032016658782958984e+01 -6.801386475563049316e-01 6.989999389648437500e+01
1.041538906097412109e+01 4.602937102317810059e-01 7.108483886718750000e+01
3.344112634658813477e+00 -1.201527404785156250e+01 6.990005493164062500e+01
1.173174762725830078e+01 -2.784981012344360352e+00 6.989994812011718750e+01
1.022490024566650391e+01 4.602977931499481201e-01 7.106679534912109375e+01
9.704032897949218750e+00 -2.280160903930664062e+00 6.990000152587890625e+01
1.037554264068603516e+01 4.602933228015899658e-01 7.093670654296875000e+01
1.018969249725341797e+01 4.602974355220794678e-01 7.093348693847656250e+01
1.026414489746093750e+01 5.157021880149841309e-01 7.089996337890625000e+01
