1.559206485748291016e+01 4.608342051506042480e-01 7.089999389648437500e+01
1.553186511993408203e+01 8.603107929229736328e-01 7.095513916015625000e+01
1.559207630157470703e+01 4.607928693294525146e-01 7.089985656738281250e+01
1.568088150024414062e+01 8.603072166442871094e-01 7.101583862304687500e+01
1.559184265136718750e+01 4.608562886714935303e-01 7.089995574951171875e+01
1.559225177764892578e+01 4.607830047607421875e-01 7.089987182617187500e+01
1.553567886352539062e+01 8.603060841560363770e-01 7.110974884033203125e+01
1.559195518493652344e+01 4.607292115688323975e-01 7.089978027343750000e+01
1.583633327484130859e+01 8.603062033653259277e-01 7.098919677734375000e+01
1.533225059509277344e+01 8.603116273880004883e-01 7.100724029541015625e+01
1.559217357635498047e+01 4.606672227382659912e-01 7.089976501464843750e+01
1.568880081176757812e+01 8.603011965751647949e-01 7.120840454101562500e+01
1.386644744873046875e+01 2.775075197219848633e+00 6.989996337890625000e+01
1.559246253967285156e+01 4.607733190059661865e-01 7.089990997314453125e+01
1.536853122711181641e+01 8.603031039237976074e-01 7.121794891357421875e+01
1.559203243255615234e+01 4.605747759342193604e-01 7.089974212646484375e+01
1.592475795745849609e+01 8.602994680404663086e-01 7.118038940429687500e+01
1.513294982910156250e+01 8.603146076202392578e-01 7.091898345947265625e+01
1.659692764282226562e+01 1.629819393157958984e+00 6.990002441406250000e+01
1.556844902038574219e+01 8.602952361106872559e-01 7.141071319580078125e+01
1.475754737854003906e+01 1.426975846290588379e+00 6.989996337890625000e+01
1.615498733520507812e+01 8.603033423423767090e-01 7.097573089599609375e+01
1.510068035125732422e+01 8.603004813194274902e-01 7.124188995361328125e+01
1.559211730957031250e+01 4.604798853397369385e-01 7.089976501464843750e+01
1.592291259765625000e+01 8.602904081344604492e-01 7.147737121582031250e+01
1.248022174835205078e+01 2.320895195007324219e+00 6.990723419189453125e+01
1.775644111633300781e+01 1.746404528617858887e+00 6.989999389648437500e+01
1.530125999450683594e+01 8.447260260581970215e-01 7.159485626220703125e+01
1.523237419128417969e+01 9.727908372879028320e-01 6.989996337890625000e+01
1.637022399902343750e+01 8.603092432022094727e-01 7.130897521972656250e+01
1.468966484069824219e+01 8.603063821792602539e-01 7.113786315917968750e+01
1.685795021057128906e+01 1.403442740440368652e+00 6.893125152587890625e+01
1.571148490905761719e+01 7.267994880676269531e-01 7.159486389160156250e+01
1.430079650878906250e+01 1.037762403488159180e+00 6.989996337890625000e+01
2.766222381591796875e+01 4.453647136688232422e+00 6.990000915527343750e+01
1.494920444488525391e+01 7.503570318222045898e-01 7.159490966796875000e+01
1.559694290161132812e+01 7.438144087791442871e-01 6.989996337890625000e+01
1.622235107421875000e+01 7.051538228988647461e-01 7.159479522705078125e+01
4.801985263824462891e+00 3.048679113388061523e+00 6.989997100830078125e+01
1.690967178344726562e+01 8.193740248680114746e-01 6.989997863769531250e+01
1.546568393707275391e+01 5.984109044075012207e-01 7.159469604492187500e+01
1.496487712860107422e+01 6.655892133712768555e-01 6.990332794189453125e+01
1.807485008239746094e+01 8.549356460571289062e-01 7.158042144775390625e+01
1.423783397674560547e+01 6.619523763656616211e-01 7.159496307373046875e+01
1.559209346771240234e+01 4.603383839130401611e-01 7.089991760253906250e+01
1.587489032745361328e+01 5.288048386573791504e-01 7.159474945068359375e+01
1.348194026947021484e+01 6.258512139320373535e-01 6.989996337890625000e+01
1.883550834655761719e+01 6.319671869277954102e-01 6.990000915527343750e+01
1.518481445312500000e+01 4.847475886344909668e-01 7.159489440917968750e+01
1.537731933593750000e+01 4.706611335277557373e-01 6.989996337890625000e+01
1.559216308593750000e+01 4.603278040885925293e-01 7.090006256103515625e+01
1.001592445373535156e+01 2.899696528911590576e-01 7.159494018554687500e+01
1.644296073913574219e+01 3.939428329467773438e-01 6.990032196044921875e+01
1.559308052062988281e+01 4.583543539047241211e-01 7.092783355712890625e+01
1.460656547546386719e+01 3.321602940559387207e-01 6.989996337890625000e+01
1.559233665466308594e+01 4.602985680103302002e-01 7.090000915527343750e+01
1.475114631652832031e+01 3.158379197120666504e-01 7.159480285644531250e+01
1.573158740997314453e+01 3.055547773838043213e-01 6.989996337890625000e+01
1.559610462188720703e+01 4.590874016284942627e-01 7.090586090087890625e+01
1.124600410461425781e+01 -4.117708802223205566e-01 6.989997863769531250e+01
1.735712432861328125e+01 1.998638547956943512e-02 6.989997863769531250e+01
1.536706256866455078e+01 2.861634492874145508e-01 7.159356689453125000e+01
1.513593292236328125e+01 1.734707206487655640e-01 6.989996337890625000e+01
1.559612560272216797e+01 4.590786695480346680e-01 7.090171813964843750e+01
1.363012599945068359e+01 -1.773338764905929565e-01 7.159487152099609375e+01
1.612389373779296875e+01 8.687955886125564575e-02 6.989996337890625000e+01
1.559356307983398438e+01 4.582112729549407959e-01 7.090579223632812500e+01
1.405334472656250000e+01 -2.332458198070526123e-01 6.989996337890625000e+01
2.158504676818847656e+01 -1.987839102745056152e+00 6.990011596679687500e+01
1.504851531982421875e+01 8.223433792591094971e-02 7.159481048583984375e+01
1.551412487030029297e+01 3.941597882658243179e-03 6.989996337890625000e+01
1.559516143798828125e+01 4.582856297492980957e-01 7.090288543701171875e+01
1.547447776794433594e+01 4.003202617168426514e-01 7.089884948730468750e+01
1.670529174804687500e+01 -3.468592464923858643e-01 6.989998626708984375e+01
1.552425003051757812e+01 6.267554312944412231e-02 7.159480285644531250e+01
1.484073829650878906e+01 -2.914644777774810791e-01 6.989996337890625000e+01
1.559521007537841797e+01 4.583007693290710449e-01 7.090058135986328125e+01
1.449933147430419922e+01 -3.996885120868682861e-01 7.158021545410156250e+01
1.587138271331787109e+01 -2.708295285701751709e-01 6.989997100830078125e+01
1.559327793121337891e+01 4.583377540111541748e-01 7.090238952636718750e+01
1.293457984924316406e+01 -1.760962963104248047e+00 6.989999389648437500e+01
1.808314323425292969e+01 -1.754091143608093262e+00 6.990004730224609375e+01
1.525860500335693359e+01 -2.105529308319091797e-01 7.159483337402343750e+01
1.528907966613769531e+01 -5.002393126487731934e-01 6.989996337890625000e+01
1.559402275085449219e+01 4.581167399883270264e-01 7.090115356445312500e+01
1.477413082122802734e+01 -3.996996283531188965e-01 7.107146453857421875e+01
1.630980682373046875e+01 -8.833937048912048340e-01 6.989996337890625000e+01
1.559211349487304688e+01 4.598537981510162354e-01 7.090039825439453125e+01
1.442875957489013672e+01 -1.437955021858215332e+00 6.989998626708984375e+01
1.563735389709472656e+01 4.003340601921081543e-01 7.089856719970703125e+01
1.515952968597412109e+01 -3.997065126895904541e-01 7.132210540771484375e+01
1.564808940887451172e+01 -1.080213427543640137e+00 6.989997100830078125e+01
1.559262561798095703e+01 4.588465094566345215e-01 7.090068054199218750e+01
1.555999469757080078e+01 4.006590545177459717e-01 7.089536285400390625e+01
1.705965995788574219e+01 -3.184956312179565430e+00 6.989998626708984375e+01
1.550769042968750000e+01 -3.997056782245635986e-01 7.125866699218750000e+01
1.503192138671875000e+01 -2.680329561233520508e+00 6.989997863769531250e+01
1.559238624572753906e+01 4.591755270957946777e-01 7.090010070800781250e+01
1.543199825286865234e+01 -3.996959328651428223e-01 7.097206115722656250e+01
1.559206485748291016e+01 -3.707277774810791016e-01 7.089999389648437500e+01
