-1.629511070251464844e+01 1.459751605987548828e+01 7.089992523193359375e+01
-1.787242889404296875e+01 1.134033870697021484e+01 7.234487915039062500e+01
-1.620736503601074219e+01 4.283082485198974609e+00 6.990010070800781250e+01
-1.518717193603515625e+01 5.849770545959472656e+00 7.234503936767578125e+01
-2.192740058898925781e+01 1.421070098876953125e+01 6.990365600585937500e+01
-1.472329425811767578e+01 4.684096813201904297e+00 6.990006256103515625e+01
-1.668357658386230469e+01 3.615861892700195312e+00 7.234499359130859375e+01
-1.681438827514648438e+01 2.747115373611450195e+00 6.990008544921875000e+01
-1.233803462982177734e+01 7.339802742004394531e+00 7.234503936767578125e+01
-1.752582168579101562e+01 2.754959821701049805e+00 7.140794372558593750e+01
-1.582722187042236328e+01 2.321915149688720703e+00 6.990007019042968750e+01
-1.584184455871582031e+01 2.734387159347534180e+00 7.234500885009765625e+01
-1.801897811889648438e+01 3.172686338424682617e+00 6.990090942382812500e+01
-1.134548187255859375e+01 6.392439842224121094e+00 6.981175994873046875e+01
-1.731102943420410156e+01 2.678096294403076172e+00 7.234496307373046875e+01
-1.642468070983886719e+01 1.840220570564270020e+00 6.990004730224609375e+01
-1.458046722412109375e+01 2.921663284301757812e+00 7.234503173828125000e+01
-1.752319526672363281e+01 1.930206298828125000e+00 7.095071411132812500e+01
-1.529031848907470703e+01 2.029695272445678711e+00 6.990002441406250000e+01
-1.636193084716796875e+01 1.991980195045471191e+00 7.234498596191406250e+01
-1.712952995300292969e+01 1.826819777488708496e+00 6.990000915527343750e+01
-5.555132865905761719e+00 8.491387367248535156e+00 7.234497070312500000e+01
-1.837194824218750000e+01 2.550766944885253906e+00 7.234493255615234375e+01
-1.607016944885253906e+01 1.509889721870422363e+00 6.990003204345703125e+01
-1.546704292297363281e+01 1.861335873603820801e+00 7.234501647949218750e+01
-1.942902374267578125e+01 2.734047651290893555e+00 6.990012359619140625e+01
-1.413096237182617188e+01 2.146226882934570312e+00 6.990003204345703125e+01
-1.689987182617187500e+01 1.659683108329772949e+00 7.234497070312500000e+01
-1.665476036071777344e+01 1.372691273689270020e+00 6.990000915527343750e+01
-1.354556465148925781e+01 2.273574352264404297e+00 7.234500885009765625e+01
-1.752216148376464844e+01 1.404161691665649414e+00 7.122337341308593750e+01
-1.565216732025146484e+01 1.339293479919433594e+00 6.990000152587890625e+01
-1.604676246643066406e+01 1.414446353912353516e+00 7.234499359130859375e+01
-1.758621025085449219e+01 1.437644243240356445e+00 6.990002441406250000e+01
-4.225836277008056641e+00 4.853312015533447266e+00 6.990000915527343750e+01
-1.763189506530761719e+01 1.463379859924316406e+00 7.234494781494140625e+01
-1.629023361206054688e+01 1.143739461898803711e+00 6.990000915527343750e+01
-1.498418903350830078e+01 1.369493961334228516e+00 7.234502410888671875e+01
-2.708507728576660156e+01 3.448609113693237305e+00 6.989990997314453125e+01
-1.497761726379394531e+01 1.219300746917724609e+00 6.989999389648437500e+01
-1.655799674987792969e+01 1.147511005401611328e+00 7.234497833251953125e+01
-1.692435646057128906e+01 1.066220283508300781e+00 6.989999389648437500e+01
-1.102235031127929688e+01 1.698323607444763184e+00 7.234497070312500000e+01
-1.752587318420410156e+01 1.043527364730834961e+00 7.153153228759765625e+01
-1.592439842224121094e+01 9.795179963111877441e-01 6.989999389648437500e+01
-1.570683860778808594e+01 1.002715110778808594e+00 7.234500122070312500e+01
-1.839775848388671875e+01 1.025222063064575195e+00 6.990344238281250000e+01
-1.305209827423095703e+01 1.031901717185974121e+00 6.990007019042968750e+01
-1.714198112487792969e+01 9.110645055770874023e-01 7.234496307373046875e+01
-1.650963211059570312e+01 8.706077337265014648e-01 6.990093994140625000e+01
-1.531694412231445312e+01 8.481662273406982422e-01 7.159477233886718750e+01
-1.792585372924804688e+01 8.104647397994995117e-01 7.110316467285156250e+01
-1.484810924530029297e+01 7.473927140235900879e-01 6.919992828369140625e+01
-1.626976394653320312e+01 8.109843730926513672e-01 7.159498596191406250e+01
-1.797035217285156250e+01 6.424136757850646973e-01 6.919998931884765625e+01
-1.629511070251464844e+01 8.602864146232604980e-01 7.089992523193359375e+01
-1.713618850708007812e+01 7.157681584358215332e-01 7.159486389160156250e+01
-1.605792808532714844e+01 5.971760749816894531e-01 6.919991302490234375e+01
-1.581657409667968750e+01 7.132068872451782227e-01 7.159490966796875000e+01
-2.064147567749023438e+01 -1.187433861196041107e-02 6.989983367919921875e+01
-1.453022193908691406e+01 4.199866056442260742e-01 6.990000915527343750e+01
-1.652055358886718750e+01 6.857800483703613281e-01 7.159485626220703125e+01
-1.693110466003417969e+01 4.603149592876434326e-01 6.950556945800781250e+01
-1.629511070251464844e+01 8.602863550186157227e-01 7.089992523193359375e+01
-1.629511070251464844e+01 8.602863550186157227e-01 7.089992523193359375e+01
-1.572550106048583984e+01 4.603077471256256104e-01 6.982885742187500000e+01
-1.611551856994628906e+01 6.064783334732055664e-01 7.159497833251953125e+01
-1.891096496582031250e+01 -3.188039958477020264e-01 6.919985961914062500e+01
-1.030220890045166016e+01 -1.587849378585815430e+00 6.990006256103515625e+01
-1.629511070251464844e+01 8.602863550186157227e-01 7.089992523193359375e+01
-1.637290382385253906e+01 4.047560691833496094e-01 6.990177154541015625e+01
-1.629511070251464844e+01 8.602863550186157227e-01 7.089992523193359375e+01
-1.629511070251464844e+01 8.602863550186157227e-01 7.089992523193359375e+01
-1.455741119384765625e+01 -3.996995091438293457e-01 6.933895874023437500e+01
-1.629511070251464844e+01 8.602863550186157227e-01 7.089992523193359375e+01
-1.755431938171386719e+01 -3.997063040733337402e-01 6.922389221191406250e+01
-1.629511070251464844e+01 8.602863550186157227e-01 7.089992523193359375e+01
-1.629511070251464844e+01 8.602863550186157227e-01 7.089992523193359375e+01
-1.582028198242187500e+01 -3.826534748077392578e-01 6.919992065429687500e+01
-1.629511070251464844e+01 8.602863550186157227e-01 7.089992523193359375e+01
-1.895220375061035156e+01 -1.360677361488342285e+00 6.990007019042968750e+01
-1.380423545837402344e+01 -1.353952169418334961e+00 6.990005493164062500e+01
-1.629511070251464844e+01 8.602863550186157227e-01 7.089992523193359375e+01
-1.669253921508789062e+01 -3.997025787830352783e-01 6.958818054199218750e+01
-1.629511070251464844e+01 8.602863550186157227e-01 7.089992523193359375e+01
-1.629511070251464844e+01 8.602863550186157227e-01 7.089992523193359375e+01
-1.537637805938720703e+01 -8.597212433815002441e-01 6.961985015869140625e+01
-1.629511070251464844e+01 8.602863550186157227e-01 7.089992523193359375e+01
-1.759635925292968750e+01 -1.263095021247863770e+00 6.978133392333984375e+01
-1.629511070251464844e+01 8.602863550186157227e-01 7.089992523193359375e+01
-1.629511070251464844e+01 8.602863550186157227e-01 7.089992523193359375e+01
-1.623256111145019531e+01 -8.597041368484497070e-01 6.978341674804687500e+01
-1.629511070251464844e+01 8.602863550186157227e-01 7.089992523193359375e+01
-1.629511070251464844e+01 8.602863550186157227e-01 7.089992523193359375e+01
-1.482770919799804688e+01 -2.784518003463745117e+00 6.990004730224609375e+01
-1.629511070251464844e+01 8.602863550186157227e-01 7.089992523193359375e+01
-1.629511070251464844e+01 8.602864146232604980e-01 7.089992523193359375e+01
-1.629511070251464844e+01 8.602863550186157227e-01 7.089992523193359375e+01
-1.629511070251464844e+01 8.602863550186157227e-01 7.089992523193359375e+01
-1.629511070251464844e+01 8.602863550186157227e-01 7.089992523193359375e+01
