2.348781204223632812e+01 -3.749779224395751953e+00 7.089997100830078125e+01
2.328735733032226562e+01 -2.646441221237182617e+00 7.108360290527343750e+01
2.357557106018066406e+01 -5.549918413162231445e-01 6.989999389648437500e+01
2.369339561462402344e+01 -3.052484512329101562e+00 7.116812133789062500e+01
1.840171241760253906e+01 8.077449798583984375e+00 7.000031280517578125e+01
2.505995178222656250e+01 -1.537127047777175903e-01 6.989990234375000000e+01
2.330214118957519531e+01 -2.661261558532714844e+00 7.159065246582031250e+01
2.296851730346679688e+01 -2.091424942016601562e+00 6.990010070800781250e+01
2.391680145263671875e+01 -3.275864362716674805e+00 7.105664062500000000e+01
2.180420875549316406e+01 -1.386414766311645508e+00 7.159494018554687500e+01
2.395572471618652344e+01 -2.516611576080322266e+00 6.990007019042968750e+01
2.370574760437011719e+01 -3.077225685119628906e+00 7.159477996826171875e+01
2.176248741149902344e+01 -1.663956999778747559e+00 6.990010833740234375e+01
2.803635787963867188e+01 1.105554103851318359e+00 6.989998626708984375e+01
2.299928474426269531e+01 -3.104176759719848633e+00 7.159484863281250000e+01
2.335824966430664062e+01 -2.998424291610717773e+00 6.990013885498046875e+01
2.400157928466796875e+01 -3.360651969909667969e+00 7.133297729492187500e+01
1.846188163757324219e+01 4.003300368785858154e-01 7.110781097412109375e+01
2.449263000488281250e+01 -2.808871984481811523e+00 6.990003967285156250e+01
2.345567703247070312e+01 -3.434062957763671875e+00 7.159492492675781250e+01
2.265344429016113281e+01 -3.011837482452392578e+00 6.990011596679687500e+01
2.414925384521484375e+01 -3.508336305618286133e+00 7.098896789550781250e+01
2.348781204223632812e+01 -3.978311777114868164e+00 7.089997100830078125e+01
2.371273994445800781e+01 -3.328751564025878906e+00 6.990014648437500000e+01
2.388599967956542969e+01 -3.496944665908813477e+00 7.159486389160156250e+01
2.035376930236816406e+01 -2.104472637176513672e+00 6.990012359619140625e+01
2.820903205871582031e+01 -1.172955155372619629e+00 6.871865081787109375e+01
2.319699287414550781e+01 -3.593895196914672852e+00 7.159487152099609375e+01
2.312820243835449219e+01 -3.465964794158935547e+00 6.990016174316406250e+01
2.423509788513183594e+01 -3.594200611114501953e+00 7.129272460937500000e+01
2.348781204223632812e+01 -3.978311777114868164e+00 7.089997100830078125e+01
2.413069343566894531e+01 -3.499350070953369141e+00 6.990013885498046875e+01
2.360723495483398438e+01 -3.711833953857421875e+00 7.159485626220703125e+01
2.219675636291503906e+01 -3.400973081588745117e+00 6.990010833740234375e+01
2.887994575500488281e+01 -2.194366455078125000e+00 7.045324707031250000e+01
2.348781204223632812e+01 -3.978311777114868164e+00 7.089997100830078125e+01
2.349268913269042969e+01 -3.694890499114990234e+00 6.990016937255859375e+01
2.411811447143554688e+01 -3.733480691909790039e+00 7.159478759765625000e+01
1.269816207885742188e+01 -1.390064954757690430e+00 6.989998626708984375e+01
2.480526733398437500e+01 -3.619307756423950195e+00 6.990007019042968750e+01
2.336140251159667969e+01 -3.840199708938598633e+00 7.159482574462890625e+01
2.285864448547363281e+01 -3.772403478622436523e+00 6.990016174316406250e+01
2.446404075622558594e+01 -3.823152780532836914e+00 7.116751861572265625e+01
2.348781204223632812e+01 -3.978311777114868164e+00 7.089997100830078125e+01
2.385848426818847656e+01 -3.859093427658081055e+00 6.990014648437500000e+01
2.377062797546386719e+01 -3.909838199615478516e+00 7.159470367431640625e+01
2.137792587280273438e+01 -3.812808275222778320e+00 6.990005493164062500e+01
2.874132919311523438e+01 -3.700303554534912109e+00 6.928025817871093750e+01
2.348781204223632812e+01 -3.978311777114868164e+00 7.089997100830078125e+01
2.327311134338378906e+01 -3.967981815338134766e+00 6.990014648437500000e+01
2.446595191955566406e+01 -3.990431547164916992e+00 7.159479522705078125e+01
1.791081809997558594e+01 -4.148697376251220703e+00 7.159502410888671875e+01
2.433885192871093750e+01 -4.044709205627441406e+00 6.990013122558593750e+01
2.348781204223632812e+01 -3.978311777114868164e+00 7.089997100830078125e+01
2.250246429443359375e+01 -4.106461048126220703e+00 6.990009307861328125e+01
2.475771141052246094e+01 -4.120476245880126953e+00 7.096490478515625000e+01
2.348781204223632812e+01 -3.978311777114868164e+00 7.089997100830078125e+01
2.362730979919433594e+01 -4.133058547973632812e+00 6.990011596679687500e+01
2.396621322631835938e+01 -4.125349521636962891e+00 7.159475708007812500e+01
1.914185333251953125e+01 -4.850390911102294922e+00 6.989997863769531250e+01
2.525265121459960938e+01 -4.418599128723144531e+00 6.990008544921875000e+01
2.348781204223632812e+01 -3.978311777114868164e+00 7.089997100830078125e+01
2.303175735473632812e+01 -4.265121459960937500e+00 6.990010833740234375e+01
2.512260246276855469e+01 -4.481711864471435547e+00 7.159352874755859375e+01
2.348781204223632812e+01 -3.978311777114868164e+00 7.089997100830078125e+01
2.401954650878906250e+01 -4.351695060729980469e+00 6.990012359619140625e+01
2.348781204223632812e+01 -3.978311777114868164e+00 7.089997100830078125e+01
2.194924163818359375e+01 -4.671819210052490234e+00 6.990003967285156250e+01
2.869001388549804688e+01 -6.103442192077636719e+00 7.003202819824218750e+01
2.348781204223632812e+01 -3.978311777114868164e+00 7.089997100830078125e+01
2.340988349914550781e+01 -4.434632301330566406e+00 6.990008544921875000e+01
2.423148345947265625e+01 -4.469046592712402344e+00 7.159470367431640625e+01
2.760603189468383789e+00 -1.455612468719482422e+01 7.069773864746093750e+01
2.460089683532714844e+01 -4.785397052764892578e+00 6.990009307861328125e+01
2.348781204223632812e+01 -3.978311777114868164e+00 7.089997100830078125e+01
2.273657035827636719e+01 -4.730020046234130859e+00 6.990005493164062500e+01
2.667251968383789062e+01 -6.031864166259765625e+00 7.149539947509765625e+01
2.348781204223632812e+01 -3.978311777114868164e+00 7.089997100830078125e+01
2.376708793640136719e+01 -4.709360122680664062e+00 6.990009307861328125e+01
2.348781204223632812e+01 -3.978311777114868164e+00 7.089997100830078125e+01
2.083044433593750000e+01 -6.199506282806396484e+00 6.990001678466796875e+01
2.551821899414062500e+01 -5.783221721649169922e+00 7.008493804931640625e+01
2.348781204223632812e+01 -3.978311777114868164e+00 7.089997100830078125e+01
2.318487167358398438e+01 -4.938737869262695312e+00 6.990009307861328125e+01
2.348781204223632812e+01 -3.978311777114868164e+00 7.089997100830078125e+01
2.348781204223632812e+01 -3.978311777114868164e+00 7.089997100830078125e+01
2.420541191101074219e+01 -5.321767807006835938e+00 6.990013885498046875e+01
2.348781204223632812e+01 -3.978311777114868164e+00 7.089997100830078125e+01
2.232468605041503906e+01 -5.876305103302001953e+00 6.990011596679687500e+01
2.856306266784667969e+01 -1.070151424407958984e+01 7.073967742919921875e+01
2.348781204223632812e+01 -3.978311777114868164e+00 7.089997100830078125e+01
2.354382514953613281e+01 -5.518538475036621094e+00 6.990015411376953125e+01
2.348781204223632812e+01 -3.978311777114868164e+00 7.089997100830078125e+01
1.783325195312500000e+01 -1.449933624267578125e+01 7.008291625976562500e+01
2.495519638061523438e+01 -7.623075008392333984e+00 6.990010833740234375e+01
2.348781204223632812e+01 -3.978311777114868164e+00 7.089997100830078125e+01
2.292778015136718750e+01 -7.118344306945800781e+00 6.990015411376953125e+01
2.348781204223632812e+01 -3.978311777114868164e+00 7.089997100830078125e+01
2.348781204223632812e+01 -3.978311777114868164e+00 7.089997100830078125e+01
2.348781204223632812e+01 -1.458760643005371094e+01 7.089997100830078125e+01
