1.435516738891601562e+01 -3.997020125389099121e-01 7.089998626708984375e+01
1.434630584716796875e+01 -4.008212387561798096e-01 7.090810394287109375e+01
1.444293022155761719e+01 2.963753461837768555e+00 6.989997100830078125e+01
1.435516738891601562e+01 -4.596967697143554688e-01 7.089998626708984375e+01
1.432999610900878906e+01 -4.000341892242431641e-01 7.089553070068359375e+01
1.592697048187255859e+01 3.364079236984252930e+00 6.990013122558593750e+01
1.435516738891601562e+01 -4.596956670284271240e-01 7.089998626708984375e+01
1.383735656738281250e+01 1.421797633171081543e+00 6.990297698974609375e+01
1.435516834259033203e+01 -4.596971869468688965e-01 7.089998626708984375e+01
1.435516643524169922e+01 -4.596968889236450195e-01 7.089998626708984375e+01
1.482313632965087891e+01 1.002179622650146484e+00 6.989996337890625000e+01
1.435516834259033203e+01 -4.596951007843017578e-01 7.089998626708984375e+01
1.262957382202148438e+01 1.855016112327575684e+00 6.989997100830078125e+01
1.890350723266601562e+01 4.623938083648681641e+00 6.990004730224609375e+01
1.435516548156738281e+01 -4.596950709819793701e-01 7.089998626708984375e+01
1.422599220275878906e+01 5.172547101974487305e-01 6.990315246582031250e+01
1.435517024993896484e+01 -4.596952199935913086e-01 7.089998626708984375e+01
1.428833198547363281e+01 -4.014711380004882812e-01 7.090274810791015625e+01
1.536008071899414062e+01 7.098507881164550781e-01 6.989996337890625000e+01
1.435516738891601562e+01 -4.596950709819793701e-01 7.089999389648437500e+01
1.352547931671142578e+01 5.013542175292968750e-01 6.990574645996093750e+01
1.443960666656494141e+01 -3.997020125389099121e-01 7.091134643554687500e+01
1.435516262054443359e+01 -4.596950113773345947e-01 7.089998626708984375e+01
1.458013916015625000e+01 1.899891346693038940e-01 6.989996337890625000e+01
1.435517024993896484e+01 -4.596952199935913086e-01 7.089999389648437500e+01
1.122049617767333984e+01 1.414515852928161621e+00 6.989994049072265625e+01
1.651954841613769531e+01 8.263801336288452148e-01 6.989998626708984375e+01
1.435516452789306641e+01 -4.596955478191375732e-01 7.089999389648437500e+01
1.399548149108886719e+01 5.275728553533554077e-02 6.989996337890625000e+01
1.435517501831054688e+01 -4.596949815750122070e-01 7.089999389648437500e+01
1.435515975952148438e+01 -4.596954584121704102e-01 7.089998626708984375e+01
1.499817276000976562e+01 1.935472153127193451e-02 6.989996337890625000e+01
1.435516834259033203e+01 -4.596962034702301025e-01 7.089999389648437500e+01
1.306391620635986328e+01 1.177271753549575806e-01 6.989997100830078125e+01
2.642408752441406250e+01 3.533209562301635742e+00 6.990010070800781250e+01
1.435516166687011719e+01 -4.596960544586181641e-01 7.089999389648437500e+01
1.436004543304443359e+01 -1.762162297964096069e-01 6.989996337890625000e+01
1.435517311096191406e+01 -4.596963822841644287e-01 7.089999389648437500e+01
3.565551757812500000e+00 2.128540039062500000e+00 6.990000915527343750e+01
1.567278194427490234e+01 -1.006515547633171082e-01 6.989996337890625000e+01
1.435516738891601562e+01 -4.596986770629882812e-01 7.089998626708984375e+01
1.372641944885253906e+01 -2.539278566837310791e-01 6.990084075927734375e+01
1.435518836975097656e+01 -4.596954584121704102e-01 7.089999389648437500e+01
1.435515403747558594e+01 -4.596967101097106934e-01 7.089999389648437500e+01
1.472591114044189453e+01 -3.404570817947387695e-01 6.989997100830078125e+01
1.435516834259033203e+01 -4.596985280513763428e-01 7.089998626708984375e+01
1.224507904052734375e+01 -2.941794097423553467e-01 6.989997863769531250e+01
1.759861564636230469e+01 -2.880603075027465820e-01 6.989999389648437500e+01
1.435516643524169922e+01 -4.596986770629882812e-01 7.089998626708984375e+01
1.414042568206787109e+01 -4.493668079376220703e-01 6.989997100830078125e+01
1.533344459533691406e+01 -4.718203246593475342e-01 7.159490966796875000e+01
8.780214309692382812e+00 -6.300218701362609863e-01 7.159477996826171875e+01
1.580220127105712891e+01 -5.725950002670288086e-01 6.919995117187500000e+01
1.438050174713134766e+01 -5.089762806892395020e-01 7.159470367431640625e+01
1.267961025238037109e+01 -6.776126027107238770e-01 6.919972991943359375e+01
1.807487297058105469e+01 -8.761176466941833496e-01 7.109017944335937500e+01
1.351416683197021484e+01 -6.042038798332214355e-01 7.159486389160156250e+01
1.459236431121826172e+01 -7.228241562843322754e-01 6.919987487792968750e+01
1.483363056182861328e+01 -6.067558526992797852e-01 7.159486389160156250e+01
1.000925064086914062e+01 -1.331769704818725586e+00 6.990000152587890625e+01
1.612026596069335938e+01 -9.000506997108459473e-01 6.989995574951171875e+01
1.412969779968261719e+01 -6.342257261276245117e-01 7.159500122070312500e+01
1.371907901763916016e+01 -8.597302436828613281e-01 6.950541687011718750e+01
1.565419387817382812e+01 -8.597071766853332520e-01 7.145110321044921875e+01
1.312436008453369141e+01 -8.597317934036254883e-01 7.133591461181640625e+01
1.492479610443115234e+01 -8.596913218498229980e-01 6.982888031005859375e+01
1.453472328186035156e+01 -7.134562730789184570e-01 7.159490203857421875e+01
1.281649017333984375e+01 -1.153254270553588867e+00 6.989998626708984375e+01
2.034830856323242188e+01 -2.907932281494140625e+00 6.990008544921875000e+01
1.381156826019287109e+01 -8.378279209136962891e-01 7.159487152099609375e+01
1.427722358703613281e+01 -9.161069393157958984e-01 6.989990997314453125e+01
1.496136951446533203e+01 -8.597200512886047363e-01 7.146629333496093750e+01
1.357161617279052734e+01 -8.595722317695617676e-01 7.089234161376953125e+01
1.546861648559570312e+01 -1.267048120498657227e+00 6.989978027343750000e+01
1.428733634948730469e+01 -8.574478626251220703e-01 7.159496307373046875e+01
1.360373973846435547e+01 -1.211593627929687500e+00 6.989982604980468750e+01
1.497556686401367188e+01 -8.597427010536193848e-01 7.101597595214843750e+01
1.384689807891845703e+01 -8.597233295440673828e-01 7.121638488769531250e+01
1.463447952270507812e+01 -1.190843224525451660e+00 6.989997863769531250e+01
1.459607124328613281e+01 -8.550484180450439453e-01 7.137510681152343750e+01
1.169759273529052734e+01 -2.681065797805786133e+00 6.989994812011718750e+01
1.683032989501953125e+01 -2.659970283508300781e+00 6.990642547607421875e+01
1.415633392333984375e+01 -8.597276210784912109e-01 7.131430053710937500e+01
1.405218315124511719e+01 -1.420265436172485352e+00 6.989996337890625000e+01
1.470924663543701172e+01 -8.597313165664672852e-01 7.110982513427734375e+01
1.397471809387207031e+01 -8.597275018692016602e-01 7.097974395751953125e+01
1.507288742065429688e+01 -1.803380966186523438e+00 6.989998626708984375e+01
1.439612483978271484e+01 -8.597310185432434082e-01 7.124222564697265625e+01
1.319188880920410156e+01 -2.357940196990966797e+00 6.990000152587890625e+01
1.465698051452636719e+01 -8.595118522644042969e-01 7.089045715332031250e+01
1.415398120880126953e+01 -8.597287535667419434e-01 7.109632110595703125e+01
1.441119003295898438e+01 -2.000192403793334961e+00 6.989999389648437500e+01
1.450641345977783203e+01 -8.597341775894165039e-01 7.108486938476562500e+01
7.433891773223876953e+00 -1.333760929107666016e+01 6.989989471435546875e+01
1.582279968261718750e+01 -4.105075359344482422e+00 6.989995574951171875e+01
1.431592178344726562e+01 -8.597314953804016113e-01 7.106681823730468750e+01
1.379504585266113281e+01 -3.600232124328613281e+00 6.990000915527343750e+01
1.446656703948974609e+01 -8.597349524497985840e-01 7.093672943115234375e+01
1.428071403503417969e+01 -8.597322106361389160e-01 7.093350982666015625e+01
1.435516738891601562e+01 -4.597281515598297119e-01 7.089998626708984375e+01
