-8.216381072998046875e+00 -3.363416492938995361e-01 7.090000152587890625e+01
-8.336790084838867188e+00 4.003069698810577393e-01 7.101030731201171875e+01
-8.128633499145507812e+00 3.023156642913818359e+00 6.990016174316406250e+01
-8.038733482360839844e+00 4.003039300441741943e-01 7.113171386718750000e+01
-8.244140625000000000e+00 -3.339154124259948730e-01 7.089508819580078125e+01
-6.644589424133300781e+00 3.424036264419555664e+00 6.990015411376953125e+01
-8.329162597656250000e+00 4.002977311611175537e-01 7.131954193115234375e+01
-8.735678672790527344e+00 1.487185597419738770e+00 6.990012359619140625e+01
-7.727803707122802734e+00 4.003065824508666992e-01 7.107843017578125000e+01
-8.736055374145507812e+00 4.003210961818695068e-01 7.111451721191406250e+01
-7.748457431793212891e+00 1.062021851539611816e+00 6.990007781982421875e+01
-8.022888183593750000e+00 4.003128111362457275e-01 7.151688385009765625e+01
-9.941759109497070312e+00 1.914711236953735352e+00 6.990010833740234375e+01
-3.667629003524780273e+00 4.684382438659667969e+00 6.989997100830078125e+01
-8.663487434387207031e+00 4.003049433231353760e-01 7.153596496582031250e+01
-8.382986068725585938e+00 8.603202104568481445e-01 6.961431884765625000e+01
-7.550930976867675781e+00 4.003022015094757080e-01 7.146084594726562500e+01
-9.134684562683105469e+00 4.003212749958038330e-01 7.093797302246093750e+01
-7.133741378784179688e+00 8.602955341339111328e-01 6.982263183593750000e+01
-8.248509407043457031e+00 1.444173008203506470e-01 7.159480285644531250e+01
-9.304174423217773438e+00 8.603096008300781250e-01 6.959645843505859375e+01
-7.090454101562500000e+00 4.002929627895355225e-01 7.105149078369140625e+01
-9.199286460876464844e+00 4.003397524356842041e-01 7.158388519287109375e+01
-7.939350605010986328e+00 4.003133475780487061e-01 6.966857147216796875e+01
-7.818202018737792969e+00 8.164316415786743164e-02 7.159487915039062500e+01
-1.135078239440917969e+01 1.474338769912719727e+00 6.990003967285156250e+01
-6.051960945129394531e+00 8.863874077796936035e-01 6.989998626708984375e+01
-8.507161140441894531e+00 -1.534991897642612457e-02 7.159480285644531250e+01
-8.777916908264160156e+00 4.003227353096008301e-01 6.933879089355468750e+01
-6.894192695617675781e+00 2.799005210399627686e-01 7.159490966796875000e+01
-1.002132892608642578e+01 4.003057777881622314e-01 7.137577819824218750e+01
-7.142544746398925781e+00 4.003177285194396973e-01 6.922994232177734375e+01
-8.096977233886718750e+00 -1.332785636186599731e-01 7.159477996826171875e+01
-1.000545024871826172e+01 4.003269970417022705e-01 6.951444244384765625e+01
3.854438543319702148e+00 3.593822240829467773e+00 6.989995574951171875e+01
-8.859240531921386719e+00 -1.096869111061096191e-01 7.159490966796875000e+01
-8.208086967468261719e+00 8.224830031394958496e-02 6.919981384277343750e+01
-7.586064338684082031e+00 -1.548775434494018555e-01 7.159483337402343750e+01
-1.900516128540039062e+01 2.188323497772216797e+00 6.990010070800781250e+01
-5.976400375366210938e+00 2.106755077838897705e-01 6.919993591308593750e+01
-8.342774391174316406e+00 -2.616189718246459961e-01 7.159477233886718750e+01
-9.286223411560058594e+00 -4.958641156554222107e-02 6.919991302490234375e+01
-5.680789947509765625e+00 3.285007085651159286e-03 7.159490203857421875e+01
-9.570516586303710938e+00 -1.981053501367568970e-01 7.159492492675781250e+01
-7.586053848266601562e+00 -1.969833821058273315e-01 6.919979858398437500e+01
-7.933552265167236328e+00 -3.312378525733947754e-01 7.159476470947265625e+01
-1.180373764038085938e+01 -1.183154210448265076e-01 6.919988250732421875e+01
-2.702327013015747070e+00 -1.079190745949745178e-01 6.919995880126953125e+01
-8.623620986938476562e+00 -3.752965331077575684e-01 7.159488677978515625e+01
-8.581318855285644531e+00 -3.821560740470886230e-01 6.920054626464843750e+01
-8.216271400451660156e+00 -3.997158706188201904e-01 7.090007781982421875e+01
-1.379113960266113281e+01 -5.700317025184631348e-01 7.159477233886718750e+01
-7.365509510040283203e+00 -4.660987257957458496e-01 6.990036010742187500e+01
-8.215375900268554688e+00 -4.016697406768798828e-01 7.092756652832031250e+01
-9.201805114746093750e+00 -5.278733968734741211e-01 6.990004730224609375e+01
-8.216381072998046875e+00 -3.997144997119903564e-01 7.090000152587890625e+01
-9.057401657104492188e+00 -5.442231297492980957e-01 7.159489440917968750e+01
-8.076865196228027344e+00 -5.544815659523010254e-01 6.990001678466796875e+01
-8.212372779846191406e+00 -4.009464979171752930e-01 7.090582275390625000e+01
-1.256190681457519531e+01 -1.271706938743591309e+00 6.990010833740234375e+01
-6.451318264007568359e+00 -8.400577306747436523e-01 6.989998626708984375e+01
-8.441762924194335938e+00 -5.741739273071289062e-01 7.159474182128906250e+01
-8.672486305236816406e+00 -6.865557432174682617e-01 6.990003204345703125e+01
-8.212352752685546875e+00 -4.009550213813781738e-01 7.090171051025390625e+01
-9.631694793701171875e+00 -8.597151041030883789e-01 7.140127563476562500e+01
-7.684569358825683594e+00 -7.731518149375915527e-01 6.990000915527343750e+01
-8.214894294738769531e+00 -4.018150269985198975e-01 7.090575408935546875e+01
-9.754975318908691406e+00 -1.093232631683349609e+00 6.990005493164062500e+01
-2.222259521484375000e+00 -2.848348617553710938e+00 6.989993286132812500e+01
-8.759927749633789062e+00 -7.778068780899047852e-01 7.159481811523437500e+01
-8.294318199157714844e+00 -8.560807108879089355e-01 6.990001678466796875e+01
-8.213308334350585938e+00 -4.017418324947357178e-01 7.090287017822265625e+01
-8.333880424499511719e+00 -4.596783518791198730e-01 7.089885711669921875e+01
-7.103158950805664062e+00 -1.206899046897888184e+00 6.990000152587890625e+01
-8.284194946289062500e+00 -7.973594069480895996e-01 7.159479522705078125e+01
-8.967661857604980469e+00 -1.151462674140930176e+00 6.990003204345703125e+01
-8.213260650634765625e+00 -4.017267227172851562e-01 7.090058135986328125e+01
-8.800847053527832031e+00 -8.597085475921630859e-01 7.126383209228515625e+01
-7.937073230743408203e+00 -1.130847930908203125e+00 6.990000915527343750e+01
-8.215177536010742188e+00 -4.016897380352020264e-01 7.090237426757812500e+01
-1.087370109558105469e+01 -2.620868444442749023e+00 6.990006256103515625e+01
-5.725117683410644531e+00 -2.614298343658447266e+00 6.989997863769531250e+01
-8.445034980773925781e+00 -8.597395420074462891e-01 7.137645721435546875e+01
-8.519352912902832031e+00 -1.360240697860717773e+00 6.990001678466796875e+01
-8.214438438415527344e+00 -4.019092619419097900e-01 7.090115356445312500e+01
-8.653859138488769531e+00 -8.597071170806884766e-01 7.099171447753906250e+01
-7.498664855957031250e+00 -1.743388652801513672e+00 6.990000152587890625e+01
-8.216332435607910156e+00 -4.001854956150054932e-01 7.090040588378906250e+01
-9.379642486572265625e+00 -2.297927141189575195e+00 6.990003204345703125e+01
-8.171131134033203125e+00 -4.596578776836395264e-01 7.089857482910156250e+01
-8.447728157043457031e+00 -8.597157597541809082e-01 7.112577056884765625e+01
-8.160358428955078125e+00 -1.940199136734008789e+00 6.990001678466796875e+01
-8.215825080871582031e+00 -4.011851549148559570e-01 7.090068054199218750e+01
-8.248424530029296875e+00 -4.593361318111419678e-01 7.089537048339843750e+01
-6.748778343200683594e+00 -4.045019149780273438e+00 6.989998626708984375e+01
-8.261508941650390625e+00 -8.597088456153869629e-01 7.109184265136718750e+01
-8.776500701904296875e+00 -3.540241479873657227e+00 6.990002441406250000e+01
-8.216062545776367188e+00 -4.008589088916778564e-01 7.090010833740234375e+01
-8.227466583251953125e+00 -4.592770338058471680e-01 7.090499114990234375e+01
-8.216381072998046875e+00 -4.596942365169525146e-01 7.090000152587890625e+01
