-1.752587699890136719e+01 -5.624821186065673828e+00 7.090008544921875000e+01
-1.792586326599121094e+01 -3.399971485137939453e+00 7.126650238037109375e+01
-1.743811225891113281e+01 -2.634019851684570312e+00 6.990004730224609375e+01
-1.641809463500976562e+01 -1.068781852722167969e+00 7.234499359130859375e+01
-2.317894744873046875e+01 7.342105865478515625e+00 6.990013885498046875e+01
-1.595372104644775391e+01 -2.232926368713378906e+00 6.990000915527343750e+01
-1.771265411376953125e+01 -4.732661247253417969e+00 7.159488677978515625e+01
-1.804524803161621094e+01 -4.170395851135253906e+00 6.990007019042968750e+01
-1.356936073303222656e+01 4.210373163223266602e-01 7.234500122070312500e+01
-1.792583847045898438e+01 -5.441823959350585938e+00 7.106518554687500000e+01
-1.705788993835449219e+01 -4.595628261566162109e+00 6.990002441406250000e+01
-1.707265472412109375e+01 -4.183642387390136719e+00 7.234503173828125000e+01
-1.924710083007812500e+01 -3.748708963394165039e+00 6.990260314941406250e+01
-1.297725772857666016e+01 -9.736143350601196289e-01 6.990008544921875000e+01
-1.792586898803710938e+01 -5.341845035552978516e+00 7.146903228759765625e+01
-1.765547180175781250e+01 -5.077434539794921875e+00 6.990000915527343750e+01
-1.581141376495361328e+01 -3.996402263641357422e+00 7.234503936767578125e+01
-1.792584419250488281e+01 -5.709106445312500000e+00 7.091662597656250000e+01
-1.652090263366699219e+01 -4.887941360473632812e+00 6.990000152587890625e+01
-1.755800628662109375e+01 -5.513399124145507812e+00 7.159493255615234375e+01
-1.836038208007812500e+01 -5.090930461883544922e+00 6.990007019042968750e+01
-6.787572383880615234e+00 1.572350025177001953e+00 7.234490966796875000e+01
-1.792584228515625000e+01 -5.732003211975097656e+00 7.117836761474609375e+01
-1.730088806152343750e+01 -5.407821178436279297e+00 6.989998626708984375e+01
-1.669791603088378906e+01 -5.056643009185791016e+00 7.234498596191406250e+01
-2.066029167175292969e+01 -4.183500766754150391e+00 6.990012359619140625e+01
-1.536130237579345703e+01 -4.771368503570556641e+00 6.989999389648437500e+01
-1.781665992736816406e+01 -5.673195362091064453e+00 7.159489440917968750e+01
-1.788557815551757812e+01 -5.545083522796630859e+00 6.990002441406250000e+01
-1.477664852142333984e+01 -4.644437789916992188e+00 7.234500122070312500e+01
-1.792585182189941406e+01 -5.880278587341308594e+00 7.100551605224609375e+01
-1.688281059265136719e+01 -5.578464031219482422e+00 6.989997100830078125e+01
-1.727756118774414062e+01 -5.503474712371826172e+00 7.234496307373046875e+01
-1.881718444824218750e+01 -5.480111598968505859e+00 6.990002441406250000e+01
-5.454217433929443359e+00 -2.063747882843017578e+00 6.989997100830078125e+01
-1.792584609985351562e+01 -5.877114772796630859e+00 7.133244323730468750e+01
-1.752099800109863281e+01 -5.774062633514404297e+00 6.990000152587890625e+01
-1.621515846252441406e+01 -5.548433303833007812e+00 7.234496307373046875e+01
-2.831586265563964844e+01 -3.469234943389892578e+00 6.990007019042968750e+01
-1.620812797546386719e+01 -5.698478221893310547e+00 6.989996337890625000e+01
-1.765226554870605469e+01 -5.919471740722656250e+00 7.159483337402343750e+01
-1.815517616271972656e+01 -5.851611137390136719e+00 6.990007019042968750e+01
-1.225369358062744141e+01 -5.219616889953613281e+00 7.234497070312500000e+01
-1.792472267150878906e+01 -5.998180389404296875e+00 7.110476684570312500e+01
-1.715509414672851562e+01 -5.938307762145996094e+00 6.989996337890625000e+01
-1.693769264221191406e+01 -5.915154933929443359e+00 7.234494781494140625e+01
-1.963625526428222656e+01 -5.892020225524902344e+00 6.989994049072265625e+01
-1.303934192657470703e+01 -5.820141792297363281e+00 6.951683807373046875e+01
-1.792585563659667969e+01 -6.033579826354980469e+00 7.158258056640625000e+01
-1.774062347412109375e+01 -6.047230243682861328e+00 6.990005493164062500e+01
-1.549189090728759766e+01 -6.082765102386474609e+00 7.234493255615234375e+01
-1.792585945129394531e+01 -6.069782257080078125e+00 7.094993591308593750e+01
-1.667457771301269531e+01 -6.123980045318603516e+00 6.989994812011718750e+01
-1.747318649291992188e+01 -6.160048007965087891e+00 7.234493255615234375e+01
-1.851139259338378906e+01 -6.185733318328857422e+00 6.990003967285156250e+01
-1.752587699890136719e+01 -6.057562351226806641e+00 7.090008544921875000e+01
-1.792585563659667969e+01 -6.126288890838623047e+00 7.123056793212890625e+01
-1.738634681701660156e+01 -6.212345123291015625e+00 6.990000152587890625e+01
-1.653102302551269531e+01 -6.363334178924560547e+00 7.234492492675781250e+01
-2.187222099304199219e+01 -6.929718971252441406e+00 6.990000152587890625e+01
-1.576066017150878906e+01 -6.497943878173828125e+00 6.989998626708984375e+01
-1.775125885009765625e+01 -6.232021808624267578e+00 7.159483337402343750e+01
-1.798198890686035156e+01 -6.344407558441162109e+00 6.990010070800781250e+01
-1.412035369873046875e+01 -7.106223106384277344e+00 7.234487915039062500e+01
-1.792585945129394531e+01 -6.187563419342041016e+00 7.104174804687500000e+01
-1.699399185180664062e+01 -6.431051254272460938e+00 6.989994812011718750e+01
-1.715255355834960938e+01 -6.585162639617919922e+00 7.234490966796875000e+01
-1.906459045410156250e+01 -6.751133918762207031e+00 6.990006256103515625e+01
-1.153791522979736328e+01 -8.503680229187011719e+00 6.990104675292968750e+01
-1.792585563659667969e+01 -6.335789203643798828e+00 7.141137695312500000e+01
-1.760381698608398438e+01 -6.513951778411865234e+00 6.990005493164062500e+01
-1.597929286956787109e+01 -7.078123092651367188e+00 7.234488677978515625e+01
-1.792582893371582031e+01 -6.261671543121337891e+00 7.089618682861328125e+01
-1.641254806518554688e+01 -6.864824771881103516e+00 6.989998626708984375e+01
-1.759369468688964844e+01 -6.455227375030517578e+00 7.159491729736328125e+01
-1.827724266052246094e+01 -6.809395790100097656e+00 6.990000152587890625e+01
-9.798968315124511719e+00 -1.103999996185302734e+01 7.234474945068359375e+01
-1.792586135864257812e+01 -6.372364044189453125e+00 7.114907836914062500e+01
-1.724654388427734375e+01 -6.788762569427490234e+00 6.990000152587890625e+01
-1.679332160949707031e+01 -7.259764194488525391e+00 7.234486389160156250e+01
-2.018321800231933594e+01 -8.278734207153320312e+00 6.990013885498046875e+01
-1.505450534820556641e+01 -8.254464149475097656e+00 6.990805053710937500e+01
-1.785934829711914062e+01 -6.728469371795654297e+00 7.159495544433593750e+01
-1.782886695861816406e+01 -7.018143653869628906e+00 6.990004730224609375e+01
-1.508785724639892578e+01 -8.811995506286621094e+00 7.234492492675781250e+01
-1.792586898803710938e+01 -6.478140830993652344e+00 7.098394012451171875e+01
-1.680817413330078125e+01 -7.401210784912109375e+00 6.990010833740234375e+01
-1.735297012329101562e+01 -7.746336460113525391e+00 7.234487152099609375e+01
-1.869882392883300781e+01 -7.971579551696777344e+00 6.989179229736328125e+01
-1.109450817108154297e+01 -1.457721710205078125e+01 7.069696044921875000e+01
-1.792585754394531250e+01 -6.852867603302001953e+00 7.129042816162109375e+01
-1.746984863281250000e+01 -7.598231792449951172e+00 6.989997863769531250e+01
-1.634394264221191406e+01 -9.183690071105957031e+00 7.234486389160156250e+01
-1.753256416320800781e+01 -6.070005416870117188e+00 7.089911651611328125e+01
-1.605814361572265625e+01 -9.703188896179199219e+00 6.989998626708984375e+01
-1.768931770324707031e+01 -7.723516941070556641e+00 7.159486389160156250e+01
-1.802829742431640625e+01 -8.874572753906250000e+00 7.000312042236328125e+01
-1.514436149597167969e+01 -1.460956668853759766e+01 7.168553161621093750e+01
-1.804783058166503906e+01 -8.861975669860839844e+00 7.113508605957031250e+01
-1.752587699890136719e+01 -6.635317802429199219e+00 7.090008544921875000e+01
