1.780694580078125000e+01 8.954417228698730469e+00 7.090014648437500000e+01
1.763472557067871094e+01 8.907827377319335938e+00 7.105791473388671875e+01
1.789472198486328125e+01 1.118750286102294922e+01 6.989999389648437500e+01
1.806550788879394531e+01 8.927970886230468750e+00 7.123739624023437500e+01
1.490198802947998047e+01 1.464928817749023438e+01 7.038629913330078125e+01
1.937894248962402344e+01 1.158781147003173828e+01 6.990016937255859375e+01
1.764496231079101562e+01 8.912589073181152344e+00 7.150271606445312500e+01
1.728751182556152344e+01 9.650961875915527344e+00 6.990000915527343750e+01
1.837178039550781250e+01 8.688452720642089844e+00 7.110642242431640625e+01
1.730375862121582031e+01 8.538217544555664062e+00 7.110785675048828125e+01
1.827450370788574219e+01 9.224157333374023438e+00 6.990100097656250000e+01
1.802369689941406250e+01 8.659759521484375000e+00 7.159118652343750000e+01
1.608126449584960938e+01 1.007839584350585938e+01 6.990007781982421875e+01
2.235622024536132812e+01 1.284824657440185547e+01 6.990000152587890625e+01
1.733277702331542969e+01 8.612008094787597656e+00 7.157460021972656250e+01
1.755728149414062500e+01 9.651774406433105469e+00 6.897351074218750000e+01
1.844731330871582031e+01 8.533425331115722656e+00 7.143984985351562500e+01
1.729706573486328125e+01 8.207777023315429688e+00 7.092123413085937500e+01
1.975782775878906250e+01 1.003406143188476562e+01 6.895875549316406250e+01
1.777482414245605469e+01 8.307588577270507812e+00 7.159481048583984375e+01
1.697235679626464844e+01 8.730293273925781250e+00 6.990003204345703125e+01
1.845775222778320312e+01 8.225983619689941406e+00 7.098770904541015625e+01
1.730752372741699219e+01 8.170079231262207031e+00 7.124763488769531250e+01
1.825889205932617188e+01 9.068727493286132812e+00 6.889119720458984375e+01
1.820507240295410156e+01 8.244858741760253906e+00 7.159493255615234375e+01
1.168431282043457031e+01 1.142427635192871094e+01 6.894686126708984375e+01
1.997138595581054688e+01 9.049677848815917969e+00 6.990012359619140625e+01
1.751620483398437500e+01 8.147877693176269531e+00 7.159485626220703125e+01
1.707942581176757812e+01 8.800085067749023438e+00 6.887745666503906250e+01
1.838560104370117188e+01 8.060997962951660156e+00 7.120426940917968750e+01
1.749473381042480469e+01 7.901948451995849609e+00 7.098244476318359375e+01
1.913773345947265625e+01 8.755031585693359375e+00 6.883046722412109375e+01
1.792601585388183594e+01 8.029256820678710938e+00 7.159298706054687500e+01
1.651564788818359375e+01 8.341011047363281250e+00 6.990009307861328125e+01
2.872107505798339844e+01 1.137441921234130859e+01 6.999593353271484375e+01
1.749567604064941406e+01 7.903995037078857422e+00 7.123661804199218750e+01
1.780694580078125000e+01 7.763564586639404297e+00 7.090014648437500000e+01
1.832631683349609375e+01 7.965306282043457031e+00 7.147267913818359375e+01
1.767494392395019531e+01 7.795229434967041016e+00 7.088790893554687500e+01
1.912449836730957031e+01 8.122594833374023438e+00 6.990016937255859375e+01
1.768069267272949219e+01 7.901506423950195312e+00 7.159414672851562500e+01
1.717758750915527344e+01 7.969534873962402344e+00 6.990003204345703125e+01
1.811373710632324219e+01 7.812325000762939453e+00 7.098422241210937500e+01
1.767483139038085938e+01 7.783234119415283203e+00 7.096794891357421875e+01
1.858126449584960938e+01 8.012607574462890625e+00 6.881155395507812500e+01
1.808972549438476562e+01 7.832029342651367188e+00 7.159478759765625000e+01
1.569692420959472656e+01 7.929078578948974609e+00 6.990016937255859375e+01
1.794237709045410156e+01 7.770731449127197266e+00 7.085839080810546875e+01
1.767483520507812500e+01 7.771485805511474609e+00 7.112557220458984375e+01
1.759217453002929688e+01 7.773898124694824219e+00 6.989999389648437500e+01
1.807486915588378906e+01 7.760244846343994141e+00 7.109046936035156250e+01
1.767483139038085938e+01 7.759528160095214844e+00 7.091661071777343750e+01
1.865819549560546875e+01 7.697150707244873047e+00 6.990006256103515625e+01
1.783227920532226562e+01 7.714291095733642578e+00 7.159480285644531250e+01
1.682127571105957031e+01 7.635373592376708984e+00 6.989994812011718750e+01
1.807487106323242188e+01 7.733570575714111328e+00 7.091384887695312500e+01
1.767483329772949219e+01 7.740864276885986328e+00 7.100930786132812500e+01
1.794647216796875000e+01 7.608785629272460938e+00 6.990008544921875000e+01
1.807487106323242188e+01 7.681217193603515625e+00 7.128925323486328125e+01
1.346040534973144531e+01 6.891368389129638672e+00 6.990001678466796875e+01
1.957223320007324219e+01 7.323165416717529297e+00 6.990000152587890625e+01
1.767484092712402344e+01 7.661307334899902344e+00 7.130735778808593750e+01
1.686368942260742188e+01 7.170357227325439453e+00 6.883213806152343750e+01
1.807487106323242188e+01 7.681062221527099609e+00 7.101381683349609375e+01
1.767483520507812500e+01 7.720626354217529297e+00 7.094693756103515625e+01
1.833876419067382812e+01 7.390121936798095703e+00 6.990013885498046875e+01
1.798645782470703125e+01 7.509868144989013672e+00 7.159489440917968750e+01
1.626825523376464844e+01 7.070003032684326172e+00 6.990013885498046875e+01
2.380175209045410156e+01 5.314651012420654297e+00 6.989996337890625000e+01
1.767483520507812500e+01 7.671668529510498047e+00 7.106902313232421875e+01
1.772914314270019531e+01 7.307983398437500000e+00 6.990188598632812500e+01
1.807487297058105469e+01 7.586764812469482422e+00 7.115044403076171875e+01
1.892015075683593750e+01 6.956391811370849609e+00 6.990016174316406250e+01
1.773912811279296875e+01 7.365899085998535156e+00 7.159497833251953125e+01
1.705550384521484375e+01 7.011655807495117188e+00 6.989996337890625000e+01
1.807487297058105469e+01 7.590800762176513672e+00 7.095024108886718750e+01
1.767483901977539062e+01 7.659592151641845703e+00 7.098238372802734375e+01
1.808624839782714844e+01 7.032447814941406250e+00 6.990017700195312500e+01
1.807488441467285156e+01 7.323847293853759766e+00 7.142858886718750000e+01
1.415240383148193359e+01 4.708870410919189453e+00 6.952495574951171875e+01
2.029844474792480469e+01 5.548771858215332031e+00 6.990003204345703125e+01
1.767484664916992188e+01 7.497795104980468750e+00 7.117540740966796875e+01
1.750393676757812500e+01 6.802920818328857422e+00 6.990003967285156250e+01
1.807487487792968750e+01 7.460862159729003906e+00 7.105892944335937500e+01
1.767484283447265625e+01 7.624662876129150391e+00 7.092784118652343750e+01
1.852473640441894531e+01 6.419751644134521484e+00 6.990004730224609375e+01
1.789008140563964844e+01 6.951592445373535156e+00 7.159480285644531250e+01
1.664344978332519531e+01 5.864967823028564453e+00 6.989997100830078125e+01
2.865444946289062500e+01 -6.606157779693603516e+00 7.055754089355468750e+01
1.767484855651855469e+01 7.500909328460693359e+00 7.102906036376953125e+01
1.786297225952148438e+01 6.222970962524414062e+00 6.990008544921875000e+01
1.807489013671875000e+01 7.054870128631591797e+00 7.122767639160156250e+01
1.088482189178466797e+01 -5.115923881530761719e+00 6.989993286132812500e+01
1.927464675903320312e+01 4.118017673492431641e+00 6.990007019042968750e+01
1.767482757568359375e+01 6.416879177093505859e+00 7.146177673339843750e+01
1.724677467346191406e+01 4.622752666473388672e+00 6.990007781982421875e+01
1.807489204406738281e+01 6.801372528076171875e+00 7.098851776123046875e+01
1.767486000061035156e+01 7.053879737854003906e+00 7.095961761474609375e+01
1.780694580078125000e+01 7.500447750091552734e+00 7.090014648437500000e+01
