1.240908336639404297e+01 3.432283997535705566e-01 7.089999389648437500e+01
1.228866863250732422e+01 4.003285467624664307e-01 7.101030731201171875e+01
1.240913200378417969e+01 -3.978386819362640381e-01 7.089943695068359375e+01
1.258673477172851562e+01 4.003014862537384033e-01 7.113170623779296875e+01
1.240799236297607422e+01 -3.971456885337829590e-01 7.089980316162109375e+01
1.240977287292480469e+01 -3.980554044246673584e-01 7.089955902099609375e+01
1.229629898071289062e+01 4.003020823001861572e-01 7.131954193115234375e+01
1.240862369537353516e+01 -3.980619311332702637e-01 7.089910888671875000e+01
1.289766979217529297e+01 4.003030061721801758e-01 7.107842254638671875e+01
1.188938236236572266e+01 4.003446400165557861e-01 7.111451721191406250e+01
1.240949535369873047e+01 -3.984464108943939209e-01 7.089911651611328125e+01
1.260257434844970703e+01 4.002887606620788574e-01 7.151687622070312500e+01
1.240751361846923828e+01 -3.976263999938964844e-01 7.089908599853515625e+01
1.241039180755615234e+01 -3.982703387737274170e-01 7.089970397949218750e+01
1.196196460723876953e+01 4.003086686134338379e-01 7.153597259521484375e+01
1.240896129608154297e+01 -3.988071978092193604e-01 7.089904785156250000e+01
1.307455062866210938e+01 4.003053903579711914e-01 7.146085357666015625e+01
1.149079132080078125e+01 4.002930819988250732e-01 7.093796539306640625e+01
1.240997695922851562e+01 -3.986923098564147949e-01 7.089910125732421875e+01
1.237695121765136719e+01 1.444632112979888916e-01 7.159487915039062500e+01
1.240841960906982422e+01 -3.989638090133666992e-01 7.089920043945312500e+01
1.353505611419677734e+01 4.003076851367950439e-01 7.105149078369140625e+01
1.142615890502929688e+01 4.003372192382812500e-01 7.158388519287109375e+01
1.240928459167480469e+01 -3.991516828536987305e-01 7.089910125732421875e+01
1.280730628967285156e+01 8.167778700590133667e-02 7.159494781494140625e+01
1.240700912475585938e+01 -3.984922468662261963e-01 7.089933013916015625e+01
1.241070938110351562e+01 -3.987662792205810547e-01 7.089924621582031250e+01
1.211823654174804688e+01 -1.527948305010795593e-02 7.159495544433593750e+01
1.240888500213623047e+01 -3.994497656822204590e-01 7.089944458007812500e+01
1.373119926452636719e+01 2.798453271389007568e-01 7.159486389160156250e+01
1.060411548614501953e+01 4.002967178821563721e-01 7.137577819824218750e+01
1.240966320037841797e+01 -3.993001282215118408e-01 7.089909362792968750e+01
1.252851772308349609e+01 -1.332295238971710205e-01 7.159494781494140625e+01
1.062007045745849609e+01 4.002841711044311523e-01 6.951448059082031250e+01
1.241172313690185547e+01 -3.988589644432067871e-01 7.089977264404296875e+01
1.176621818542480469e+01 -1.097020357847213745e-01 7.159490966796875000e+01
1.240908527374267578e+01 -3.996001183986663818e-01 7.089952850341796875e+01
1.303951644897460938e+01 -1.548501700162887573e-01 7.159495544433593750e+01
1.619200587272644043e+00 2.188570261001586914e+00 6.989998626708984375e+01
1.241033554077148438e+01 -3.993912041187286377e-01 7.089904022216796875e+01
1.228264522552490234e+01 -2.615884244441986084e-01 7.159500885009765625e+01
1.133920097351074219e+01 -4.959123954176902771e-02 6.919984436035156250e+01
1.494441795349121094e+01 3.226276021450757980e-03 7.159482574462890625e+01
1.105502605438232422e+01 -1.981348544359207153e-01 7.159487152099609375e+01
1.240925788879394531e+01 -3.996762335300445557e-01 7.089952087402343750e+01
1.269200801849365234e+01 -3.312325477600097656e-01 7.159499359130859375e+01
8.821763992309570312e+00 -1.183363124728202820e-01 6.919989776611328125e+01
1.241195011138916016e+01 -3.995807170867919922e-01 7.089910888671875000e+01
1.200181388854980469e+01 -3.753127157688140869e-01 7.159492492675781250e+01
1.204413509368896484e+01 -3.821735084056854248e-01 6.920049285888671875e+01
1.241367053985595703e+01 -3.997892737388610840e-01 7.090325164794921875e+01
6.833405494689941406e+00 -5.700777173042297363e-01 7.159487915039062500e+01
1.326003837585449219e+01 -4.661231935024261475e-01 6.990025329589843750e+01
1.241013526916503906e+01 -4.017787277698516846e-01 7.092884063720703125e+01
1.142358970642089844e+01 -5.279004573822021484e-01 6.989997100830078125e+01
1.241363525390625000e+01 -4.002419710159301758e-01 7.090023040771484375e+01
1.156796264648437500e+01 -5.442582368850708008e-01 7.159497070312500000e+01
1.254860401153564453e+01 -5.545043945312500000e-01 6.989997863769531250e+01
1.241326141357421875e+01 -4.010166823863983154e-01 7.090605926513671875e+01
3.780616760253906250e+00 -2.131158828735351562e+00 6.891460418701171875e+01
1.417415142059326172e+01 -8.400769829750061035e-01 6.989997863769531250e+01
1.218362998962402344e+01 -5.742470026016235352e-01 7.159495544433593750e+01
1.195442771911621094e+01 -6.856619119644165039e-01 6.990320587158203125e+01
1.241328430175781250e+01 -4.010260105133056641e-01 7.090177917480468750e+01
1.099383544921875000e+01 -8.597117066383361816e-01 7.140124511718750000e+01
1.294090461730957031e+01 -7.731766700744628906e-01 6.989997863769531250e+01
1.241063404083251953e+01 -4.019237756729125977e-01 7.090599822998046875e+01
1.087038516998291016e+01 -1.093297481536865234e+00 6.989997863769531250e+01
1.840239906311035156e+01 -2.848037004470825195e+00 6.990006256103515625e+01
1.186547660827636719e+01 -7.778664827346801758e-01 7.159488677978515625e+01
1.233114433288574219e+01 -8.561112880706787109e-01 6.989998626708984375e+01
1.241228675842285156e+01 -4.018463790416717529e-01 7.090298461914062500e+01
1.229158687591552734e+01 -4.596948027610778809e-01 7.089884948730468750e+01
1.352231502532958984e+01 -1.206924200057983398e+00 6.989997863769531250e+01
1.234125423431396484e+01 -7.974665164947509766e-01 7.159494781494140625e+01
1.165775966644287109e+01 -1.151523590087890625e+00 6.989997100830078125e+01
1.241233730316162109e+01 -4.018309116363525391e-01 7.090060424804687500e+01
1.183234500885009766e+01 -8.536447882652282715e-01 7.125901031494140625e+01
1.268839550018310547e+01 -1.130877494812011719e+00 6.989998626708984375e+01
1.241033935546875000e+01 -4.017929434776306152e-01 7.090247344970703125e+01
9.751610755920410156e+00 -2.621014118194580078e+00 6.989999389648437500e+01
1.490032100677490234e+01 -2.614293336868286133e+00 6.989997863769531250e+01
1.218044471740722656e+01 -8.597261905670166016e-01 7.137641906738281250e+01
1.210610198974609375e+01 -1.360288858413696289e+00 6.989997863769531250e+01
1.241110897064208984e+01 -4.020213484764099121e-01 7.090119171142578125e+01
1.197160816192626953e+01 -8.597224354743957520e-01 7.099170684814453125e+01
1.312680339813232422e+01 -1.743413329124450684e+00 6.989999389648437500e+01
1.240913391113281250e+01 -4.002249538898468018e-01 7.090041351318359375e+01
1.021475505828857422e+01 -3.980442523956298828e+00 6.901368713378906250e+01
1.245433616638183594e+01 -4.596785008907318115e-01 7.089856719970703125e+01
1.217774581909179688e+01 -8.597140312194824219e-01 7.112575531005859375e+01
1.246510696411132812e+01 -1.940251708030700684e+00 6.989998626708984375e+01
1.240966320037841797e+01 -4.012665748596191406e-01 7.090070343017578125e+01
1.237703895568847656e+01 -4.593549668788909912e-01 7.089536285400390625e+01
1.387662982940673828e+01 -4.044897556304931641e+00 6.990001678466796875e+01
1.236395740509033203e+01 -8.597074151039123535e-01 7.109182739257812500e+01
1.184892559051513672e+01 -3.540470361709594727e+00 6.989994812011718750e+01
1.240941524505615234e+01 -4.009259343147277832e-01 7.090010070800781250e+01
1.232347393035888672e+01 -8.597050905227661133e-01 7.093853759765625000e+01
1.240908336639404297e+01 -4.597137272357940674e-01 7.089999389648437500e+01
