-1.606812095642089844e+01 -3.997148275375366211e-01 7.089990234375000000e+01
-1.607698249816894531e+01 -4.008339941501617432e-01 7.090802001953125000e+01
-1.598037910461425781e+01 2.962944030761718750e+00 6.990012359619140625e+01
-1.605480003356933594e+01 -3.997148871421813965e-01 7.091727447509765625e+01
-1.609329032897949219e+01 -4.000470936298370361e-01 7.089544677734375000e+01
-1.449634361267089844e+01 3.364009380340576172e+00 6.990006256103515625e+01
-1.607657814025878906e+01 -3.997142314910888672e-01 7.093136596679687500e+01
-1.658742523193359375e+01 1.427219152450561523e+00 6.990000915527343750e+01
-1.603148460388183594e+01 -3.997154533863067627e-01 7.091328430175781250e+01
-1.610708999633789062e+01 -3.997137546539306641e-01 7.091598510742187500e+01
-1.560019779205322266e+01 1.002028346061706543e+00 6.989997863769531250e+01
-1.605361175537109375e+01 -3.997145593166351318e-01 7.094615936279296875e+01
-1.779345321655273438e+01 1.854656934738159180e+00 6.990003967285156250e+01
-1.153724288940429688e+01 4.604411602020263672e+00 6.990380096435546875e+01
-1.610165023803710938e+01 -3.997134566307067871e-01 7.094759368896484375e+01
-1.619742012023925781e+01 5.181879401206970215e-01 6.990210723876953125e+01
-1.601822090148925781e+01 -3.997153937816619873e-01 7.094195556640625000e+01
-1.613682746887207031e+01 -3.998487591743469238e-01 7.090274047851562500e+01
-1.506331729888916016e+01 7.097148299217224121e-01 6.989998626708984375e+01
-1.607166290283203125e+01 -3.997137844562530518e-01 7.097650909423828125e+01
-1.690003776550292969e+01 5.039284229278564453e-01 6.990298461914062500e+01
-1.598369026184082031e+01 -3.997165560722351074e-01 7.091126251220703125e+01
-1.614182662963867188e+01 -3.997125327587127686e-01 7.095118713378906250e+01
-1.584316635131835938e+01 1.899335384368896484e-01 6.989995574951171875e+01
-1.601849555969238281e+01 -3.997148275375366211e-01 7.098650360107421875e+01
-1.920199966430664062e+01 1.414033651351928711e+00 6.990010833740234375e+01
-1.390402412414550781e+01 8.262026906013488770e-01 6.990003204345703125e+01
-1.611350822448730469e+01 -3.997124433517456055e-01 7.100835418701171875e+01
-1.642778205871582031e+01 5.271293595433235168e-02 6.989995574951171875e+01
-1.595140933990478516e+01 -3.997166454792022705e-01 7.096124267578125000e+01
-1.620347976684570312e+01 -3.997113406658172607e-01 7.093558502197265625e+01
-1.542517280578613281e+01 1.930399052798748016e-02 6.989997100830078125e+01
-1.604123497009277344e+01 -3.997134566307067871e-01 7.105634307861328125e+01
-1.735923576354980469e+01 1.176572367548942566e-01 6.989999389648437500e+01
-3.998741149902343750e+00 3.533353090286254883e+00 6.989997863769531250e+01
-1.620110702514648438e+01 -3.997100293636322021e-01 7.104365539550781250e+01
-1.606324195861816406e+01 -1.762433350086212158e-01 6.989994812011718750e+01
-1.591367816925048828e+01 -3.997161388397216797e-01 7.107015228271484375e+01
-2.874515533447265625e+01 2.581290245056152344e+00 6.972499847412109375e+01
-1.475066184997558594e+01 -1.007024273276329041e-01 6.990000152587890625e+01
-1.611417770385742188e+01 -4.093861877918243408e-01 7.115306854248046875e+01
-1.669736862182617188e+01 -2.537731528282165527e-01 6.989996337890625000e+01
-1.571587848663330078e+01 -4.037229120731353760e-01 7.099643707275390625e+01
-1.647108840942382812e+01 -3.997119367122650146e-01 7.110669708251953125e+01
-1.569740676879882812e+01 -3.404751121997833252e-01 6.989996337890625000e+01
-1.584122180938720703e+01 -4.047718644142150879e-01 7.145727539062500000e+01
-1.817792701721191406e+01 -2.942100763320922852e-01 6.990002441406250000e+01
-1.282520866394042969e+01 -2.880972027778625488e-01 6.990007781982421875e+01
-1.691501617431640625e+01 -4.089276194572448730e-01 7.234497833251953125e+01
-1.628284835815429688e+01 -4.493759870529174805e-01 6.989995574951171875e+01
-1.508986091613769531e+01 -4.718286097049713135e-01 7.159481048583984375e+01
-1.792586898803710938e+01 -5.164641737937927246e-01 7.113143157958984375e+01
-1.606812095642089844e+01 -4.597072899341583252e-01 7.089990234375000000e+01
-1.604277610778808594e+01 -5.090054869651794434e-01 7.159491729736328125e+01
-1.606812095642089844e+01 -4.597073495388031006e-01 7.089990234375000000e+01
-1.606812095642089844e+01 -4.597072303295135498e-01 7.089990234375000000e+01
-1.690933799743652344e+01 -6.042495965957641602e-01 7.159495544433593750e+01
-1.606812095642089844e+01 -4.597073793411254883e-01 7.089990234375000000e+01
-1.558961772918701172e+01 -6.067765355110168457e-01 7.159483337402343750e+01
-1.606812667846679688e+01 -4.597083926200866699e-01 7.089990234375000000e+01
-1.606811904907226562e+01 -4.597077965736389160e-01 7.089990234375000000e+01
-1.629359245300292969e+01 -6.342363953590393066e-01 7.159492492675781250e+01
-1.606812095642089844e+01 -4.597075581550598145e-01 7.089990234375000000e+01
-1.476910781860351562e+01 -8.597115278244018555e-01 7.145101165771484375e+01
-1.729723358154296875e+01 -8.591897487640380859e-01 7.133522796630859375e+01
-1.606812095642089844e+01 -4.597077071666717529e-01 7.089990234375000000e+01
-1.588856410980224609e+01 -7.134664058685302734e-01 7.159481811523437500e+01
-1.606812286376953125e+01 -4.597081840038299561e-01 7.089990234375000000e+01
-1.606811714172363281e+01 -4.597090780735015869e-01 7.089990234375000000e+01
-1.661184310913085938e+01 -8.379222154617309570e-01 7.159494018554687500e+01
-1.606812095642089844e+01 -4.597078263759613037e-01 7.089990234375000000e+01
-1.546193122863769531e+01 -8.597202301025390625e-01 7.146620178222656250e+01
-1.606819534301757812e+01 -4.597452878952026367e-01 7.089990234375000000e+01
-1.606811904907226562e+01 -4.597083032131195068e-01 7.089990234375000000e+01
-1.613594818115234375e+01 -8.574316501617431641e-01 7.159483337402343750e+01
-1.606812286376953125e+01 -4.597082436084747314e-01 7.089990234375000000e+01
-1.544775676727294922e+01 -8.597281575202941895e-01 7.101589202880859375e+01
-1.657637977600097656e+01 -8.597233295440673828e-01 7.121629333496093750e+01
-1.606812095642089844e+01 -4.597082138061523438e-01 7.089990234375000000e+01
-1.582437705993652344e+01 -8.597169518470764160e-01 7.138062286376953125e+01
-1.606812286376953125e+01 -4.597090482711791992e-01 7.089990234375000000e+01
-1.606811904907226562e+01 -4.597090482711791992e-01 7.089990234375000000e+01
-1.626694107055664062e+01 -8.597091436386108398e-01 7.131419372558593750e+01
-1.606812095642089844e+01 -4.597084820270538330e-01 7.089990234375000000e+01
-1.571405696868896484e+01 -8.597222566604614258e-01 7.110973358154296875e+01
-1.644855499267578125e+01 -8.597202897071838379e-01 7.097966003417968750e+01
-1.606812095642089844e+01 -4.597087800502777100e-01 7.089990234375000000e+01
-1.602716636657714844e+01 -8.597147464752197266e-01 7.124211883544921875e+01
-1.606812286376953125e+01 -4.597089886665344238e-01 7.089990234375000000e+01
-1.606809806823730469e+01 -4.597374200820922852e-01 7.089990234375000000e+01
-1.626929473876953125e+01 -8.597118258476257324e-01 7.109622955322265625e+01
-1.606812095642089844e+01 -4.597088694572448730e-01 7.089990234375000000e+01
-1.591688346862792969e+01 -8.597187399864196777e-01 7.108477020263671875e+01
-1.606812667846679688e+01 -4.597165286540985107e-01 7.089990234375000000e+01
-1.606811904907226562e+01 -4.597098529338836670e-01 7.089990234375000000e+01
-1.610736465454101562e+01 -8.597153425216674805e-01 7.106672668457031250e+01
-1.606812095642089844e+01 -4.597094953060150146e-01 7.089990234375000000e+01
-1.595672798156738281e+01 -8.597197532653808594e-01 7.093663787841796875e+01
-1.614257049560546875e+01 -8.597162961959838867e-01 7.093342590332031250e+01
-1.606812095642089844e+01 -5.242749452590942383e-01 7.089990234375000000e+01
