-2.574933052062988281e+01 6.570240497589111328e+00 7.089994812011718750e+01
-2.592564964294433594e+01 6.598500728607177734e+00 7.106147003173828125e+01
-2.572031784057617188e+01 6.558692932128906250e+00 7.056937408447265625e+01
-2.552440452575683594e+01 6.439921855926513672e+00 7.119332122802734375e+01
-2.621221733093261719e+01 6.524188995361328125e+00 7.081806945800781250e+01
-2.540122222900390625e+01 6.273849487304687500e+00 7.067851257324218750e+01
-2.591461944580078125e+01 6.599474906921386719e+00 7.151481628417968750e+01
-2.606668663024902344e+01 6.580125331878662109e+00 7.028890228271484375e+01
-2.533735847473144531e+01 6.101576328277587891e+00 7.105039978027343750e+01
-2.637367820739746094e+01 6.388173580169677734e+00 7.115766906738281250e+01
-2.545327758789062500e+01 6.351826190948486328e+00 7.026730346679687500e+01
-2.553134536743164062e+01 6.328285217285156250e+00 7.159491729736328125e+01
-2.642198753356933594e+01 6.329296112060546875e+00 7.051013183593750000e+01
-2.534216499328613281e+01 5.882078647613525391e+00 7.081043243408203125e+01
-2.623790740966796875e+01 6.301216602325439453e+00 7.159490203857421875e+01
-2.590318107604980469e+01 6.590572834014892578e+00 6.971268463134765625e+01
-2.531227874755859375e+01 5.952425479888916016e+00 7.126829528808593750e+01
-2.651361846923828125e+01 6.092849254608154297e+00 7.093155670166015625e+01
-2.533789825439453125e+01 5.905831813812255859e+00 7.049051666259765625e+01
-2.578146743774414062e+01 5.971270084381103516e+00 7.159494018554687500e+01
-2.646520614624023438e+01 6.256215572357177734e+00 7.004209136962890625e+01
-2.518668365478515625e+01 5.826773166656494141e+00 7.097565460205078125e+01
-2.651888847351074219e+01 6.053390502929687500e+00 7.143538665771484375e+01
-2.543461036682128906e+01 6.335863590240478516e+00 6.950098419189453125e+01
-2.535107994079589844e+01 5.908438205718994141e+00 7.159494781494140625e+01
-2.650899314880371094e+01 5.881194591522216797e+00 7.065759277343750000e+01
-2.551230812072753906e+01 5.567832469940185547e+00 7.079043579101562500e+01
-2.604015541076660156e+01 5.811416149139404297e+00 7.159485626220703125e+01
-2.640167808532714844e+01 6.356412410736083984e+00 6.908625793457031250e+01
-2.511728668212890625e+01 5.751868724822998047e+00 7.123213195800781250e+01
-2.645574378967285156e+01 5.740103244781494141e+00 7.108615875244140625e+01
-2.545739173889160156e+01 5.644494533538818359e+00 7.044591522216796875e+01
-2.562990570068359375e+01 5.693476200103759766e+00 7.159484863281250000e+01
-2.646387100219726562e+01 5.746524810791015625e+00 7.034656524658203125e+01
-1.815019226074218750e+01 7.941109657287597656e+00 7.027037811279296875e+01
-2.639219284057617188e+01 5.717022895812988281e+00 7.159486389160156250e+01
-2.574933052062988281e+01 5.426993846893310547e+00 7.089994812011718750e+01
-2.511894416809082031e+01 5.671857833862304688e+00 7.159485626220703125e+01
-2.632800292968750000e+01 5.565806865692138672e+00 7.084631347656250000e+01
-2.443192291259765625e+01 5.785984992980957031e+00 6.990008544921875000e+01
-2.587576103210449219e+01 5.565130233764648438e+00 7.159492492675781250e+01
-2.640227508544921875e+01 5.640683650970458984e+00 6.986235046386718750e+01
-2.047636604309082031e+01 6.265063285827636719e+00 7.234504699707031250e+01
-2.623752784729003906e+01 5.499678611755371094e+00 7.115048217773437500e+01
-2.537934303283691406e+01 5.545992374420166016e+00 6.990196990966796875e+01
-2.546644210815429688e+01 5.495484828948974609e+00 7.159485626220703125e+01
-2.618461418151855469e+01 5.461138248443603516e+00 7.069365692138671875e+01
-2.250654220581054688e+01 5.598597526550292969e+00 6.990016174316406250e+01
-2.615557670593261719e+01 5.451352119445800781e+00 7.159313201904296875e+01
-2.613685226440429688e+01 5.445638656616210938e+00 6.909532165527343750e+01
-2.371502876281738281e+01 5.401787281036376953e+00 7.234502410888671875e+01
-2.604412651062011719e+01 5.417987346649169922e+00 7.093669128417968750e+01
-2.489818763732910156e+01 5.360588550567626953e+00 6.989999389648437500e+01
-2.569663429260253906e+01 5.324496269226074219e+00 7.234496307373046875e+01
-2.589355278015136719e+01 5.408236980438232422e+00 7.075360107421875000e+01
-2.574933052062988281e+01 5.426993846893310547e+00 7.089994812011718750e+01
-2.589282608032226562e+01 5.402337551116943359e+00 7.101850891113281250e+01
-2.560982322692871094e+01 5.272236824035644531e+00 6.990003204345703125e+01
-2.475433349609375000e+01 5.121178150177001953e+00 7.234499359130859375e+01
-2.882683181762695312e+01 4.809448719024658203e+00 7.019182586669921875e+01
-2.398453140258789062e+01 4.986716270446777344e+00 6.990008544921875000e+01
-2.621810531616210938e+01 5.064134120941162109e+00 7.234494781494140625e+01
-2.620544624328613281e+01 5.140145778656005859e+00 6.989995574951171875e+01
-2.234336853027343750e+01 4.378197669982910156e+00 7.234493255615234375e+01
-2.882802009582519531e+01 4.426367759704589844e+00 7.199035644531250000e+01
-2.521755218505859375e+01 5.053579330444335938e+00 6.990001678466796875e+01
-2.537595558166503906e+01 4.899320602416992188e+00 7.234497833251953125e+01
-2.844577789306640625e+01 4.211575984954833984e+00 6.914750671386718750e+01
-1.975671768188476562e+01 2.978976011276245117e+00 6.990013122558593750e+01
-2.687976264953613281e+01 4.640662193298339844e+00 7.234497833251953125e+01
-2.582727050781250000e+01 4.970613956451416016e+00 6.989993286132812500e+01
-2.420250892639160156e+01 4.406275749206542969e+00 7.234497070312500000e+01
-2.885051727294921875e+01 3.844350337982177734e+00 7.086968994140625000e+01
-2.463623237609863281e+01 4.619899749755859375e+00 6.990005493164062500e+01
-2.589036750793457031e+01 4.599983215332031250e+00 7.234496307373046875e+01
-2.649595069885253906e+01 4.679908275604248047e+00 6.990618133544921875e+01
-2.569990539550781250e+01 5.395123004913330078e+00 7.090918731689453125e+01
-2.807056808471679688e+01 3.600102424621582031e+00 7.234491729736328125e+01
-2.547002601623535156e+01 4.695869922637939453e+00 6.989997100830078125e+01
-2.501665115356445312e+01 4.224587440490722656e+00 7.234497070312500000e+01
-2.840694236755371094e+01 3.205595254898071289e+00 6.989990234375000000e+01
-2.325843048095703125e+01 3.212733030319213867e+00 6.990007019042968750e+01
-2.644280242919921875e+01 4.031809806823730469e+00 7.234496307373046875e+01
-2.605230331420898438e+01 4.466464519500732422e+00 6.989996337890625000e+01
-2.331123733520507812e+01 2.672477006912231445e+00 7.234483337402343750e+01
-2.577781486511230469e+01 5.397044181823730469e+00 7.090592193603515625e+01
-2.503168869018554688e+01 4.083459377288818359e+00 6.990005493164062500e+01
-2.557713127136230469e+01 3.745127916336059570e+00 7.233882141113281250e+01
-2.691265869140625000e+01 3.528672218322753906e+00 6.989991760253906250e+01
-1.064000320434570312e+01 -1.458838081359863281e+01 7.042274475097656250e+01
-2.722989845275878906e+01 2.483091115951538086e+00 7.234483337402343750e+01
-2.569331169128417969e+01 3.886604785919189453e+00 6.990002441406250000e+01
-2.456731986999511719e+01 2.300663232803344727e+00 7.234481811523437500e+01
-2.882802581787109375e+01 -3.013075590133666992e-01 7.045509338378906250e+01
-2.428178405761718750e+01 1.781830072402954102e+00 6.989997100830078125e+01
-2.608921813964843750e+01 1.962494373321533203e+00 7.234480285644531250e+01
-2.692622375488281250e+01 -1.171704411506652832e+00 6.879885864257812500e+01
-2.574026298522949219e+01 5.394434452056884766e+00 7.090293884277343750e+01
-2.575527000427246094e+01 5.395083427429199219e+00 7.090261840820312500e+01
-2.574933052062988281e+01 5.258008480072021484e+00 7.089994812011718750e+01
