-1.663977241516113281e+01 4.602781236171722412e-01 7.089992523193359375e+01
-1.664863014221191406e+01 4.591591954231262207e-01 7.090804290771484375e+01
-1.655203247070312500e+01 3.822892904281616211e+00 6.990016174316406250e+01
-1.662645339965820312e+01 4.602786898612976074e-01 7.091729736328125000e+01
-1.666493606567382812e+01 4.599464237689971924e-01 7.089547729492187500e+01
-1.506801700592041016e+01 4.223961353302001953e+00 6.990010070800781250e+01
-1.664822769165039062e+01 4.602798819541931152e-01 7.093138122558593750e+01
-1.715907478332519531e+01 2.287217617034912109e+00 6.990003967285156250e+01
-1.660314369201660156e+01 4.602780044078826904e-01 7.091329956054687500e+01
-1.667581748962402344e+01 4.557921588420867920e-01 7.091480255126953125e+01
-1.617224502563476562e+01 1.860796451568603516e+00 6.990084838867187500e+01
-1.662526512145996094e+01 4.602801203727722168e-01 7.094617462158203125e+01
-1.836509323120117188e+01 2.714649915695190430e+00 6.990006256103515625e+01
-7.534243583679199219e+00 1.057746315002441406e+01 6.889810180664062500e+01
-1.667329406738281250e+01 4.602820277214050293e-01 7.094760894775390625e+01
-1.676934814453125000e+01 1.380280137062072754e+00 6.990000152587890625e+01
-1.658988189697265625e+01 4.602791666984558105e-01 7.094197082519531250e+01
-1.670862007141113281e+01 4.602805376052856445e-01 7.090277099609375000e+01
-1.563496971130371094e+01 1.569721102714538574e+00 6.990000915527343750e+01
-1.664331436157226562e+01 4.602827429771423340e-01 7.097651672363281250e+01
-1.747418594360351562e+01 1.366826653480529785e+00 6.990001678466796875e+01
-1.655536079406738281e+01 4.602769017219543457e-01 7.091128540039062500e+01
-1.671346473693847656e+01 4.602842330932617188e-01 7.095120239257812500e+01
-1.641482162475585938e+01 1.049928665161132812e+00 6.989999389648437500e+01
-1.659015655517578125e+01 4.602814018726348877e-01 7.098651123046875000e+01
-1.977362823486328125e+01 2.274027109146118164e+00 6.990013885498046875e+01
-1.447558784484863281e+01 1.686262130737304688e+00 6.990001678466796875e+01
-1.668353080749511719e+01 4.581406414508819580e-01 7.100447845458984375e+01
-1.699942779541015625e+01 9.127113819122314453e-01 6.989999389648437500e+01
-1.652308464050292969e+01 4.602787494659423828e-01 7.096125030517578125e+01
-1.677510833740234375e+01 4.602862000465393066e-01 7.093560028076171875e+01
-1.599682235717773438e+01 8.793126940727233887e-01 6.989998626708984375e+01
-1.661288833618164062e+01 4.602870643138885498e-01 7.105635070800781250e+01
-1.793084907531738281e+01 9.776483774185180664e-01 6.990003967285156250e+01
-4.570761203765869141e+00 4.393238544464111328e+00 6.990003204345703125e+01
-1.677275085449218750e+01 4.602937400341033936e-01 7.104367065429687500e+01
-1.663489341735839844e+01 6.837631464004516602e-01 6.989997100830078125e+01
-1.648534965515136719e+01 4.602833986282348633e-01 7.107015228271484375e+01
-2.742977523803710938e+01 2.988631963729858398e+00 6.989990997314453125e+01
-1.532225799560546875e+01 7.593203186988830566e-01 6.989997863769531250e+01
-1.668888664245605469e+01 4.539621174335479736e-01 7.116989898681640625e+01
-1.726892089843750000e+01 6.062021851539611816e-01 6.990014648437500000e+01
-1.626242065429687500e+01 4.602753520011901855e-01 7.100334167480468750e+01
-1.704284667968750000e+01 4.603117406368255615e-01 7.110677337646484375e+01
-1.626905250549316406e+01 5.195345282554626465e-01 6.989997100830078125e+01
-1.639191818237304688e+01 4.603092968463897705e-01 7.150877380371093750e+01
-1.874954986572265625e+01 5.657953023910522461e-01 6.990006256103515625e+01
-1.339670658111572266e+01 5.719184875488281250e-01 6.990005493164062500e+01
-1.748664474487304688e+01 4.510785043239593506e-01 7.234496307373046875e+01
-1.685449981689453125e+01 4.106315672397613525e-01 6.989997863769531250e+01
-1.566148471832275391e+01 3.881785869598388672e-01 7.159485626220703125e+01
-2.076554489135742188e+01 2.742518484592437744e-01 7.141411590576171875e+01
-1.578862094879150391e+01 3.338943123817443848e-01 6.989995574951171875e+01
-1.661442756652832031e+01 3.510011434555053711e-01 7.159494781494140625e+01
-1.762516212463378906e+01 2.721458375453948975e-01 6.990000915527343750e+01
-1.663977241516113281e+01 4.003003239631652832e-01 7.089992523193359375e+01
-1.748085784912109375e+01 2.557806074619293213e-01 7.159487152099609375e+01
-1.650025939941406250e+01 2.455362379550933838e-01 6.989996337890625000e+01
-1.616123008728027344e+01 2.532190382480621338e-01 7.159491729736328125e+01
-1.663977622985839844e+01 4.002995193004608154e-01 7.089992523193359375e+01
-1.663977050781250000e+01 4.002999663352966309e-01 7.089992523193359375e+01
-1.686522674560546875e+01 2.257847636938095093e-01 7.159489440917968750e+01
-1.709586524963378906e+01 1.134663522243499756e-01 6.989997863769531250e+01
-1.500172710418701172e+01 -1.041019633412361145e-01 7.159486389160156250e+01
-1.860176658630371094e+01 -2.373804599046707153e-01 7.159482574462890625e+01
-1.663977241516113281e+01 4.003000259399414062e-01 7.089992523193359375e+01
-1.646018981933593750e+01 1.465056687593460083e-01 7.159494018554687500e+01
-1.663977432250976562e+01 4.002996981143951416e-01 7.089992523193359375e+01
-1.663976860046386719e+01 4.002989828586578369e-01 7.089992523193359375e+01
-1.718343162536621094e+01 2.212946675717830658e-02 7.159488677978515625e+01
-1.663977241516113281e+01 4.002999365329742432e-01 7.089992523193359375e+01
-1.589583110809326172e+01 -9.061225503683090210e-02 7.159490966796875000e+01
-1.663981056213378906e+01 4.002808034420013428e-01 7.089992523193359375e+01
-1.663977050781250000e+01 4.002995789051055908e-01 7.089992523193359375e+01
-1.670759773254394531e+01 2.580885775387287140e-03 7.159484863281250000e+01
-1.663977241516113281e+01 4.002996385097503662e-01 7.089992523193359375e+01
-1.539908218383789062e+01 -3.997174203395843506e-01 7.113188934326171875e+01
-1.765219116210937500e+01 -3.965066671371459961e-01 7.153015136718750000e+01
-1.663977241516113281e+01 4.002996385097503662e-01 7.089992523193359375e+01
-1.628741073608398438e+01 -1.779628545045852661e-01 7.159487152099609375e+01
-1.663977432250976562e+01 4.002990126609802246e-01 7.089992523193359375e+01
-1.663977050781250000e+01 4.002990126609802246e-01 7.089992523193359375e+01
-1.697328758239746094e+01 -2.706941962242126465e-01 7.159488677978515625e+01
-1.663977241516113281e+01 4.002994596958160400e-01 7.089992523193359375e+01
-1.593166065216064453e+01 -3.997125923633575439e-01 7.131957244873046875e+01
-1.740060615539550781e+01 -3.996894657611846924e-01 7.105942535400390625e+01
-1.663977241516113281e+01 4.002992212772369385e-01 7.089992523193359375e+01
-1.655786323547363281e+01 -3.996996581554412842e-01 7.158434295654296875e+01
-1.663977241516113281e+01 4.002990722656250000e-01 7.089992523193359375e+01
-1.663976097106933594e+01 4.002845287322998047e-01 7.089992523193359375e+01
-1.704211616516113281e+01 -3.997028768062591553e-01 7.129257202148437500e+01
-1.663977241516113281e+01 4.002991616725921631e-01 7.089992523193359375e+01
-1.633783340454101562e+01 -3.983083367347717285e-01 7.126901245117187500e+01
-1.663977432250976562e+01 4.002954959869384766e-01 7.089992523193359375e+01
-1.663977241516113281e+01 4.002989232540130615e-01 7.089992523193359375e+01
-1.671825981140136719e+01 -3.997170031070709229e-01 7.123356628417968750e+01
-1.663977241516113281e+01 4.002989232540130615e-01 7.089992523193359375e+01
-1.641699028015136719e+01 -3.997109532356262207e-01 7.097340393066406250e+01
-1.678867149353027344e+01 -3.997247517108917236e-01 7.096696472167968750e+01
-1.663977241516113281e+01 1.931701321154832840e-03 7.089992523193359375e+01
