2.115225791931152344e+00 4.603149890899658203e-01 7.089995574951171875e+01
2.106359958648681641e+00 4.591951966285705566e-01 7.090808105468750000e+01
2.202986717224121094e+00 3.823663949966430664e+00 6.989996337890625000e+01
2.128554821014404297e+00 4.603143334388732910e-01 7.091734313964843750e+01
2.090041875839233398e+00 4.599826335906982422e-01 7.089550018310546875e+01
3.687262773513793945e+00 4.224635601043701172e+00 6.989995574951171875e+01
2.106763839721679688e+00 4.603138267993927002e-01 7.093143463134765625e+01
1.595879435539245605e+00 2.287366151809692383e+00 6.989998626708984375e+01
2.151884078979492188e+00 4.603144228458404541e-01 7.091334533691406250e+01
2.076235055923461914e+00 4.603144824504852295e-01 7.091605377197265625e+01
2.583152770996093750e+00 1.862035274505615234e+00 6.990002441406250000e+01
2.129743337631225586e+00 4.603132307529449463e-01 7.094624328613281250e+01
3.896291255950927734e-01 2.715006828308105469e+00 6.989994049072265625e+01
6.663939476013183594e+00 5.484342098236083984e+00 6.989993286132812500e+01
2.115019321441650391e+00 4.006579220294952393e-01 7.090024566650390625e+01
1.985650181770324707e+00 1.380270242691040039e+00 6.990003204345703125e+01
2.165154218673706055e+00 4.603133201599121094e-01 7.094203186035156250e+01
2.046480417251586914e+00 4.601801931858062744e-01 7.090280151367187500e+01
3.120042800903320312e+00 1.569726109504699707e+00 6.990003204345703125e+01
2.111681699752807617e+00 4.603120982646942139e-01 7.097660064697265625e+01
4.716380834579467773e-01 2.304106473922729492e+00 6.893038940429687500e+01
2.199706077575683594e+00 4.603144228458404541e-01 7.091132354736328125e+01
2.041482448577880859e+00 4.603132009506225586e-01 7.095126342773437500e+01
2.340171098709106445e+00 1.049901247024536133e+00 6.990004730224609375e+01
2.164876937866210938e+00 4.603116214275360107e-01 7.098660278320312500e+01
-1.005120158195495605e+00 2.265938043594360352e+00 6.990447998046875000e+01
4.279478073120117188e+00 1.686290621757507324e+00 6.990001678466796875e+01
2.115009784698486328e+00 4.005740880966186523e-01 7.090047454833984375e+01
1.755575537681579590e+00 9.126932024955749512e-01 6.990003967285156250e+01
2.232002258300781250e+00 4.603124558925628662e-01 7.096132659912109375e+01
2.111559391021728516e+00 4.019135534763336182e-01 7.090092468261718750e+01
2.754482269287109375e+00 8.765490055084228516e-01 6.990576171875000000e+01
2.142124176025390625e+00 4.603090286254882812e-01 7.105647277832031250e+01
8.240586519241333008e-01 9.776766896247863770e-01 6.990000152587890625e+01
1.418557739257812500e+01 4.393670558929443359e+00 6.989994812011718750e+01
2.113527536392211914e+00 4.010546803474426270e-01 7.090179443359375000e+01
2.120103597640991211e+00 6.837365627288818359e-01 6.990005493164062500e+01
2.269742727279663086e+00 4.603082537651062012e-01 7.107028961181640625e+01
-8.672805786132812500e+00 2.988147258758544922e+00 6.990012359619140625e+01
3.432681560516357422e+00 7.592923641204833984e-01 6.990005493164062500e+01
2.115170955657958984e+00 4.003483057022094727e-01 7.090025329589843750e+01
1.485988497734069824e+00 6.062194705009460449e-01 6.990003204345703125e+01
2.467960596084594727e+00 4.563511013984680176e-01 7.099662780761718750e+01
2.107918977737426758e+00 4.013763368129730225e-01 7.090370178222656250e+01
2.485921621322631836e+00 5.195147395133972168e-01 6.990007019042968750e+01
2.363082170486450195e+00 4.602978229522705078e-01 7.150881195068359375e+01
5.213197786360979080e-03 5.658018589019775391e-01 6.989997863769531250e+01
5.358536243438720703e+00 5.719195604324340820e-01 6.990000915527343750e+01
2.114269733428955078e+00 4.003458023071289062e-01 7.090158843994140625e+01
1.900509119033813477e+00 4.106192290782928467e-01 6.990005493164062500e+01
3.093400478363037109e+00 3.881681263446807861e-01 7.159480285644531250e+01
-3.447729587554931641e+00 2.303318828344345093e-01 7.159325408935546875e+01
2.966308832168579102e+00 3.338877558708190918e-01 6.990007019042968750e+01
2.140564918518066406e+00 3.510023057460784912e-01 7.159479522705078125e+01
1.129829525947570801e+00 2.721331715583801270e-01 6.990003204345703125e+01
9.261383056640625000e+00 -3.997199237346649170e-01 7.126534271240234375e+01
1.274149656295776367e+00 2.557703554630279541e-01 7.159489440917968750e+01
2.254727602005004883e+00 2.455374896526336670e-01 6.990007781982421875e+01
2.593674659729003906e+00 2.532357275485992432e-01 7.159481048583984375e+01
-2.205101966857910156e+00 -4.666477143764495850e-01 6.990586090087890625e+01
3.880103826522827148e+00 -4.000869393348693848e-02 6.990004730224609375e+01
1.889759421348571777e+00 2.257637977600097656e-01 7.159495544433593750e+01
1.659153223037719727e+00 1.134677007794380188e-01 6.990005493164062500e+01
3.753136396408081055e+00 -1.040724664926528931e-01 7.159484100341796875e+01
1.533962190151214600e-01 -2.373390346765518188e-01 7.159479522705078125e+01
2.646975040435791016e+00 2.689494751393795013e-02 6.990007781982421875e+01
2.294777393341064453e+00 1.465367674827575684e-01 7.159484863281250000e+01
5.766506791114807129e-01 -2.932209968566894531e-01 6.990002441406250000e+01
1.328772068023681641e+01 -4.163741588592529297e+00 6.903592681884765625e+01
1.571539163589477539e+00 2.209863997995853424e-02 7.159494781494140625e+01
2.037297010421752930e+00 -5.603078380227088928e-02 6.990007781982421875e+01
2.858965635299682617e+00 -9.049107879400253296e-02 7.159474945068359375e+01
2.115225791931152344e+00 4.002884626388549805e-01 7.089995574951171875e+01
3.224687337875366211e+00 -4.041695594787597656e-01 6.990332794189453125e+01
2.047391176223754883e+00 2.520332112908363342e-03 7.159496307373046875e+01
1.363994717597961426e+00 -3.514097630977630615e-01 6.990005493164062500e+01
3.355871200561523438e+00 -3.997000753879547119e-01 7.113191223144531250e+01
1.100740671157836914e+00 -3.981449007987976074e-01 7.153147125244140625e+01
2.394500732421875000e+00 -3.307581245899200439e-01 6.990008544921875000e+01
2.467572212219238281e+00 -1.779499500989913940e-01 7.159487152099609375e+01
-5.421498417854309082e-01 -1.820911884307861328e+00 6.989999389648437500e+01
4.600830554962158203e+00 -1.809265375137329102e+00 6.990220642089843750e+01
1.781701803207397461e+00 -2.707225978374481201e-01 7.159493255615234375e+01
1.812283635139465332e+00 -5.601441264152526855e-01 6.990007019042968750e+01
2.823327064514160156e+00 -3.997122943401336670e-01 7.131959533691406250e+01
1.354373812675476074e+00 -3.997201919555664062e-01 7.105946350097656250e+01
2.832862138748168945e+00 -9.432361721992492676e-01 6.990007019042968750e+01
2.197134256362915039e+00 -3.997053205966949463e-01 7.158436584472656250e+01
9.542049765586853027e-01 -1.494268298149108887e+00 6.990190887451171875e+01
1.340278148651123047e+01 -1.455237293243408203e+01 7.054345703125000000e+01
1.712880611419677734e+00 -3.997187614440917969e-01 7.129260253906250000e+01
2.171241760253906250e+00 -1.140025734901428223e+00 6.990007781982421875e+01
2.416585922241210938e+00 -3.967868387699127197e-01 7.126833343505859375e+01
-4.767851829528808594e+00 -1.240654945373535156e+01 6.990538787841796875e+01
3.579360961914062500e+00 -3.236402988433837891e+00 6.990230560302734375e+01
2.036739587783813477e+00 -3.997256755828857422e-01 7.123359680175781250e+01
1.555149197578430176e+00 -2.739995002746582031e+00 6.990005493164062500e+01
2.338010072708129883e+00 -3.997277915477752686e-01 7.097343444824218750e+01
1.966325998306274414e+00 -3.997377753257751465e-01 7.096699523925781250e+01
2.115225791931152344e+00 1.985754817724227905e-02 7.089995574951171875e+01
