1.728363609313964844e+01 -8.357638359069824219e+00 7.089995574951171875e+01
1.570630264282226562e+01 2.018699407577514648e+00 7.234492492675781250e+01
1.728777313232421875e+01 -8.300074577331542969e+00 7.085282135009765625e+01
1.737674713134765625e+01 -8.042131423950195312e+00 7.102140045166015625e+01
1.163072872161865234e+01 4.937835693359375000e+00 6.990003967285156250e+01
1.752466011047363281e+01 -7.875101566314697266e+00 7.074663543701171875e+01
1.726794242858886719e+01 -8.350131034851074219e+00 7.095833587646484375e+01
1.676433563232421875e+01 -6.574535369873046875e+00 6.990007019042968750e+01
1.806725883483886719e+01 -7.178304195404052734e+00 7.118613433837890625e+01
1.378293228149414062e+01 -3.072133541107177734e+00 7.234499359130859375e+01
1.744880676269531250e+01 -7.945476055145263672e+00 7.054699707031250000e+01
1.739190101623535156e+01 -8.013806343078613281e+00 7.124512481689453125e+01
1.555821990966796875e+01 -6.146970748901367188e+00 6.990003967285156250e+01
1.790830039978027344e+01 -7.763265609741210938e+00 7.076262664794921875e+01
1.728363609313964844e+01 -8.461447715759277344e+00 7.089995574951171875e+01
1.715406227111816406e+01 -7.481481075286865234e+00 6.990004730224609375e+01
1.807487106323242188e+01 -7.510210990905761719e+00 7.156681060791015625e+01
1.728363609313964844e+01 -8.461447715759277344e+00 7.089995574951171875e+01
1.788354682922363281e+01 -7.763251781463623047e+00 7.030296325683593750e+01
1.727647209167480469e+01 -8.340103149414062500e+00 7.105490112304687500e+01
1.645125389099121094e+01 -7.497273921966552734e+00 6.990248107910156250e+01
1.816516876220703125e+01 -7.835090637207031250e+00 7.101856231689453125e+01
1.520672798156738281e+01 -6.770909309387207031e+00 7.234501647949218750e+01
1.747196006774902344e+01 -7.917591094970703125e+00 7.006283569335937500e+01
1.768181991577148438e+01 -7.980083942413330078e+00 7.159484100341796875e+01
1.414937496185302734e+01 -6.587478160858154297e+00 6.990003967285156250e+01
1.824649429321289062e+01 -7.889315128326416016e+00 7.045509338378906250e+01
1.667887306213378906e+01 -7.662047863006591797e+00 7.234500885009765625e+01
1.692528152465820312e+01 -7.950889587402343750e+00 6.990364074707031250e+01
1.829987335205078125e+01 -7.939093589782714844e+00 7.143405914306640625e+01
1.180159759521484375e+01 -6.031602859497070312e+00 7.234500122070312500e+01
1.813448905944824219e+01 -7.827543258666992188e+00 6.957668304443359375e+01
1.740306282043457031e+01 -8.194960594177246094e+00 7.159486389160156250e+01
1.599254226684570312e+01 -7.884092330932617188e+00 6.990006256103515625e+01
1.840768241882324219e+01 -8.089565277099609375e+00 7.080683135986328125e+01
1.594682216644287109e+01 -7.858340263366699219e+00 7.234501647949218750e+01
1.728363609313964844e+01 -8.461443901062011719e+00 7.089994049072265625e+01
1.791155242919921875e+01 -8.217542648315429688e+00 7.159214019775390625e+01
6.495440959930419922e+00 -5.873549938201904297e+00 6.990010833740234375e+01
1.843451499938964844e+01 -8.147835731506347656e+00 7.002648162841796875e+01
1.702075004577636719e+01 -8.174221992492675781e+00 7.234501647949218750e+01
1.665434646606445312e+01 -8.255499839782714844e+00 6.989994812011718750e+01
1.846652030944824219e+01 -8.273443222045898438e+00 7.122413635253906250e+01
1.446781349182128906e+01 -8.042216300964355469e+00 7.234498596191406250e+01
1.728363609313964844e+01 -8.461447715759277344e+00 7.089995574951171875e+01
1.756651878356933594e+01 -8.392957687377929688e+00 7.159484863281250000e+01
1.517379379272460938e+01 -8.295948028564453125e+00 6.990006256103515625e+01
1.847115516662597656e+01 -8.398606300354003906e+00 7.053382873535156250e+01
1.643676376342773438e+01 -8.410669326782226562e+00 7.234499359130859375e+01
1.706894302368164062e+01 -8.451118469238281250e+00 6.990016174316406250e+01
1.826198196411132812e+01 -8.473569869995117188e+00 7.159492492675781250e+01
5.689676761627197266e+00 -8.815660476684570312e+00 7.234488677978515625e+01
1.843377685546875000e+01 -8.551180839538574219e+00 6.954872131347656250e+01
1.730897331237792969e+01 -8.510731697082519531e+00 7.159477233886718750e+01
1.629822158813476562e+01 -8.589605331420898438e+00 6.990000915527343750e+01
1.842713928222656250e+01 -8.589462280273437500e+00 7.095842742919921875e+01
1.553472042083740234e+01 -8.761955261230468750e+00 7.234499359130859375e+01
1.728363609313964844e+01 -8.461448669433593750e+00 7.089995574951171875e+01
1.776213836669921875e+01 -8.608516693115234375e+00 7.159488677978515625e+01
1.293830299377441406e+01 -9.333401679992675781e+00 6.990010833740234375e+01
1.834765815734863281e+01 -8.726897239685058594e+00 7.029712677001953125e+01
1.681485557556152344e+01 -8.824311256408691406e+00 7.234497833251953125e+01
1.682754516601562500e+01 -8.748279571533203125e+00 6.990001678466796875e+01
1.830415725708007812e+01 -8.775696754455566406e+00 7.133291625976562500e+01
1.320386981964111328e+01 -9.787440299987792969e+00 7.234492492675781250e+01
1.796950149536132812e+01 -8.943061828613281250e+00 6.961028289794921875e+01
1.746319198608398438e+01 -8.715204238891601562e+00 7.159486389160156250e+01
1.574506473541259766e+01 -9.154955863952636719e+00 6.990002441406250000e+01
1.822336196899414062e+01 -8.845331192016601562e+00 7.074317169189453125e+01
1.615321159362792969e+01 -9.247773170471191406e+00 7.234497070312500000e+01
1.720571136474609375e+01 -8.917746543884277344e+00 6.990012359619140625e+01
1.801181411743164062e+01 -8.941958427429199219e+00 7.158020782470703125e+01
5.353045463562011719e+00 -1.455004119873046875e+01 7.078354644775390625e+01
1.796047973632812500e+01 -8.952219009399414062e+00 7.029194641113281250e+01
1.714260101318359375e+01 -9.288451194763183594e+00 7.234495544433593750e+01
1.653234672546386719e+01 -9.213203430175781250e+00 6.989997863769531250e+01
1.802379226684570312e+01 -8.938712120056152344e+00 7.103833770751953125e+01
1.496224784851074219e+01 -1.028845691680908203e+01 7.234501647949218750e+01
1.734947586059570312e+01 -8.633793830871582031e+00 7.066423034667968750e+01
1.751108932495117188e+01 -8.834722518920898438e+00 7.134854888916015625e+01
1.462652015686035156e+01 -1.068243122100830078e+01 6.990009307861328125e+01
1.784089088439941406e+01 -8.956814765930175781e+00 7.067626953125000000e+01
1.659016990661621094e+01 -9.856619834899902344e+00 7.234495544433593750e+01
1.698068428039550781e+01 -9.421912193298339844e+00 6.990003967285156250e+01
1.769982147216796875e+01 -8.931647300720214844e+00 7.114659881591796875e+01
1.155947589874267578e+01 -1.448019790649414062e+01 7.209997558593750000e+01
1.744877624511718750e+01 -8.770614624023437500e+00 7.066986846923828125e+01
1.728372573852539062e+01 -8.462314605712890625e+00 7.090069580078125000e+01
1.502639675140380859e+01 -1.214481639862060547e+01 6.895957183837890625e+01
1.761225891113281250e+01 -8.896774291992187500e+00 7.088957977294921875e+01
1.580294036865234375e+01 -1.140560340881347656e+01 7.234497070312500000e+01
1.733965492248535156e+01 -1.000184440612792969e+01 6.990002441406250000e+01
1.735270690917968750e+01 -8.644136428833007812e+00 7.098439025878906250e+01
1.401586627960205078e+01 -1.454154777526855469e+01 7.042778015136718750e+01
1.735965728759765625e+01 -8.650274276733398438e+00 7.084815216064453125e+01
1.694373703002929688e+01 -1.192606544494628906e+01 7.234486389160156250e+01
1.672352409362792969e+01 -1.160193443298339844e+01 6.989999389648437500e+01
1.731436157226562500e+01 -8.571780204772949219e+00 7.091008758544921875e+01
1.616114997863769531e+01 -1.449247264862060547e+01 7.140534210205078125e+01
1.728363609313964844e+01 -1.451434803009033203e+01 7.089995574951171875e+01
