2.349066734313964844e+01 -3.749779462814331055e+00 7.089997100830078125e+01
2.329021263122558594e+01 -2.649296760559082031e+00 7.108360290527343750e+01
2.349075508117675781e+01 -3.977730989456176758e+00 7.089896392822265625e+01
2.369625091552734375e+01 -3.055339574813842773e+00 7.116812133789062500e+01
2.348928070068359375e+01 -3.977878570556640625e+00 7.089972686767578125e+01
2.349226570129394531e+01 -3.977276563644409180e+00 7.089895629882812500e+01
2.330499649047851562e+01 -2.664116859436035156e+00 7.159065246582031250e+01
2.348991584777832031e+01 -3.978438377380371094e+00 7.089852142333984375e+01
2.391965675354003906e+01 -3.278719425201416016e+00 7.105664062500000000e+01
2.180706596374511719e+01 -1.389270782470703125e+00 7.159494018554687500e+01
2.349147987365722656e+01 -3.978627204895019531e+00 7.089823150634765625e+01
2.370860290527343750e+01 -3.080079555511474609e+00 7.159477996826171875e+01
2.348867225646972656e+01 -3.978492021560668945e+00 7.089881896972656250e+01
2.349492835998535156e+01 -3.976403713226318359e+00 7.089903259277343750e+01
2.300213813781738281e+01 -3.107030868530273438e+00 7.159484863281250000e+01
2.349043655395507812e+01 -3.979419231414794922e+00 7.089818572998046875e+01
2.400443267822265625e+01 -3.363507509231567383e+00 7.133297729492187500e+01
1.937974929809570312e+01 -3.996933996677398682e-01 7.106996917724609375e+01
2.349242591857910156e+01 -3.979119539260864258e+00 7.089822387695312500e+01
2.345853233337402344e+01 -3.436917781829833984e+00 7.159492492675781250e+01
2.348919677734375000e+01 -3.979463577270507812e+00 7.089820861816406250e+01
2.415210914611816406e+01 -3.511191844940185547e+00 7.098896789550781250e+01
2.141384696960449219e+01 -2.290699481964111328e+00 7.234497070312500000e+01
2.349100875854492188e+01 -3.980183601379394531e+00 7.089846038818359375e+01
2.388885307312011719e+01 -3.499800443649291992e+00 7.159485626220703125e+01
2.035662460327148438e+01 -2.107328176498413086e+00 6.990012359619140625e+01
2.349405860900878906e+01 -3.979151964187622070e+00 7.089840698242187500e+01
2.319980812072753906e+01 -3.596697807312011719e+00 7.159496307373046875e+01
2.349010276794433594e+01 -3.980363368988037109e+00 7.089839935302734375e+01
2.423795318603515625e+01 -3.597056150436401367e+00 7.129272460937500000e+01
1.800877380371093750e+01 -1.551386952400207520e+00 7.234497833251953125e+01
2.349124336242675781e+01 -3.980738162994384766e+00 7.089907836914062500e+01
2.361009025573730469e+01 -3.714689970016479492e+00 7.159485626220703125e+01
2.219961166381835938e+01 -3.403828620910644531e+00 6.990010833740234375e+01
2.350164222717285156e+01 -3.977535963058471680e+00 7.089906311035156250e+01
2.215392684936523438e+01 -3.378093242645263672e+00 7.234494781494140625e+01
2.349067115783691406e+01 -3.980912923812866211e+00 7.089907073974609375e+01
2.412096786499023438e+01 -3.736336469650268555e+00 7.159478759765625000e+01
1.270101833343505859e+01 -1.392920255661010742e+00 6.989998626708984375e+01
2.480812263488769531e+01 -3.622163057327270508e+00 6.990007019042968750e+01
2.336425971984863281e+01 -3.843055486679077148e+00 7.159482574462890625e+01
2.286149978637695312e+01 -3.775258541107177734e+00 6.990016174316406250e+01
2.446689605712890625e+01 -3.826008081436157227e+00 7.116751861572265625e+01
2.067493057250976562e+01 -3.561948537826538086e+00 7.234496307373046875e+01
2.349067497253417969e+01 -3.981164932250976562e+00 7.089995574951171875e+01
2.377347183227539062e+01 -3.912696361541748047e+00 7.159467315673828125e+01
2.138078117370605469e+01 -3.815663576126098633e+00 6.990005493164062500e+01
2.349066734313964844e+01 -3.981167078018188477e+00 7.089997100830078125e+01
2.264383506774902344e+01 -3.930391311645507812e+00 7.234494018554687500e+01
2.327596664428710938e+01 -3.970837116241455078e+00 6.990014648437500000e+01
2.446880722045898438e+01 -3.993287086486816406e+00 7.159479522705078125e+01
1.807502937316894531e+01 -4.146623134613037109e+00 7.157491302490234375e+01
2.434170913696289062e+01 -4.047564506530761719e+00 6.990013122558593750e+01
2.354336166381835938e+01 -4.083660602569580078e+00 7.234493255615234375e+01
2.250531768798828125e+01 -4.109316349029541016e+00 6.990009307861328125e+01
2.475810050964355469e+01 -4.123055458068847656e+00 7.096477508544921875e+01
2.174182891845703125e+01 -4.281661510467529297e+00 7.234494781494140625e+01
2.363016510009765625e+01 -4.135913848876953125e+00 6.990011596679687500e+01
2.396906661987304688e+01 -4.128204822540283203e+00 7.159475708007812500e+01
1.914470672607421875e+01 -4.853246688842773438e+00 6.989997863769531250e+01
2.525550460815429688e+01 -4.421454429626464844e+00 6.990008544921875000e+01
2.302190399169921875e+01 -4.344017505645751953e+00 7.234494018554687500e+01
2.303461265563964844e+01 -4.267976760864257812e+00 6.990010833740234375e+01
2.512545776367187500e+01 -4.484567165374755859e+00 7.159352874755859375e+01
1.941081237792968750e+01 -5.307188034057617188e+00 7.234497070312500000e+01
2.402240180969238281e+01 -4.354550361633300781e+00 6.990012359619140625e+01
2.386402511596679688e+01 -4.508817195892333984e+00 7.234493255615234375e+01
2.195209693908691406e+01 -4.674674510955810547e+00 6.990003967285156250e+01
2.869002914428710938e+01 -6.105136871337890625e+00 7.003250122070312500e+01
2.236028099060058594e+01 -4.767466545104980469e+00 7.234494018554687500e+01
2.341273880004882812e+01 -4.437487602233886719e+00 6.990008544921875000e+01
2.423434066772460938e+01 -4.471901893615722656e+00 7.159470367431640625e+01
2.769484519958496094e+00 -1.455590438842773438e+01 7.069779968261718750e+01
2.460375213623046875e+01 -4.788252353668212891e+00 6.990009307861328125e+01
2.334963607788085938e+01 -4.808149814605712891e+00 7.234494018554687500e+01
2.273942565917968750e+01 -4.732875347137451172e+00 6.990005493164062500e+01
2.667251205444335938e+01 -6.032872676849365234e+00 7.149486541748046875e+01
2.116940116882324219e+01 -5.808080196380615234e+00 7.234495544433593750e+01
2.376994323730468750e+01 -4.712215423583984375e+00 6.990009307861328125e+01
2.422330093383789062e+01 -5.183498382568359375e+00 7.234490203857421875e+01
2.083329963684082031e+01 -6.202361106872558594e+00 6.990001678466796875e+01
2.635307884216308594e+01 -6.525679588317871094e+00 6.975096130371093750e+01
2.279721832275390625e+01 -5.376306056976318359e+00 7.234494018554687500e+01
2.318772697448730469e+01 -4.941592693328857422e+00 6.990009307861328125e+01
2.592872619628906250e+01 -6.735644817352294922e+00 7.234483337402343750e+01
1.659798049926757812e+01 -1.122858142852783203e+01 7.234495544433593750e+01
2.420826721191406250e+01 -5.324623107910156250e+00 6.990013885498046875e+01
2.366359138488769531e+01 -5.670109748840332031e+00 7.234489440917968750e+01
2.232754135131835938e+01 -5.879159927368164062e+00 6.990011596679687500e+01
2.856350135803222656e+01 -1.070116806030273438e+01 7.073975372314453125e+01
2.201001167297363281e+01 -6.925244808197021484e+00 7.234494781494140625e+01
2.354668045043945312e+01 -5.521393775939941406e+00 6.990015411376953125e+01
2.467270469665527344e+01 -7.107570171356201172e+00 7.234487152099609375e+01
1.783760070800781250e+01 -1.449941444396972656e+01 7.008312988281250000e+01
2.495805168151855469e+01 -7.625930786132812500e+00 6.990010833740234375e+01
2.315075683593750000e+01 -7.445889472961425781e+00 7.234492492675781250e+01
2.293063545227050781e+01 -7.121199607849121094e+00 6.990015411376953125e+01
2.645836257934570312e+01 -1.463814163208007812e+01 7.187874603271484375e+01
2.152319526672363281e+01 -1.455222606658935547e+01 7.178580474853515625e+01
2.349066734313964844e+01 -1.458761215209960938e+01 7.089997100830078125e+01
