1.807486915588378906e+01 -3.997007012367248535e-01 7.090000915527343750e+01
1.794542884826660156e+01 4.003197848796844482e-01 7.101858520507812500e+01
1.816263008117675781e+01 2.963680028915405273e+00 6.990001678466796875e+01
1.808819580078125000e+01 -3.997012078762054443e-01 7.091738891601562500e+01
1.242168712615966797e+01 1.294021987915039062e+01 6.990003967285156250e+01
1.964681053161621094e+01 3.364399194717407227e+00 6.990007019042968750e+01
1.795362663269042969e+01 4.003137350082397461e-01 7.135102081298828125e+01
1.755549812316894531e+01 1.427453041076660156e+00 6.989999389648437500e+01
1.811151885986328125e+01 -3.997012674808502197e-01 7.091339111328125000e+01
1.751811790466308594e+01 3.974020481109619141e-01 7.112982940673828125e+01
1.854282951354980469e+01 1.002138495445251465e+00 6.990000152587890625e+01
1.808938407897949219e+01 -3.997019231319427490e-01 7.094628143310546875e+01
1.634939002990722656e+01 1.854845404624938965e+00 6.990006256103515625e+01
2.799173164367675781e+01 1.062426853179931641e+01 6.871981811523437500e+01
1.759423828125000000e+01 4.002912342548370361e-01 7.158365631103515625e+01
1.794528198242187500e+01 5.203577876091003418e-01 6.989999389648437500e+01
1.812478637695312500e+01 -3.997020423412322998e-01 7.094207763671875000e+01
1.708773231506347656e+01 4.002888500690460205e-01 7.094083404541015625e+01
1.907975769042968750e+01 7.098072171211242676e-01 6.990000915527343750e+01
1.804273796081542969e+01 8.446874469518661499e-02 7.159487915039062500e+01
1.724206352233886719e+01 5.049506425857543945e-01 6.990203094482421875e+01
1.815933036804199219e+01 -3.997015058994293213e-01 7.091137695312500000e+01
1.707612800598144531e+01 3.532293140888214111e-01 7.159490966796875000e+01
1.829983901977539062e+01 1.899693161249160767e-01 6.989999389648437500e+01
1.812450981140136719e+01 -3.997031450271606445e-01 7.098664093017578125e+01
1.494019699096679688e+01 1.414500594139099121e+00 6.989996337890625000e+01
2.023920822143554688e+01 8.263387680053710938e-01 6.990003204345703125e+01
1.778401756286621094e+01 -7.525576651096343994e-02 7.159498596191406250e+01
1.771518135070800781e+01 5.274326354265213013e-02 6.989998626708984375e+01
1.819162178039550781e+01 -3.997029662132263184e-01 7.096137237548828125e+01
1.613455581665039062e+01 4.003049433231353760e-01 7.141146850585937500e+01
1.871786499023437500e+01 1.933261752128601074e-02 6.990000152587890625e+01
1.810176277160644531e+01 -3.997036516666412354e-01 7.105649566650390625e+01
1.678359413146972656e+01 1.177223324775695801e-01 6.989997100830078125e+01
2.887593269348144531e+01 3.113733053207397461e+00 7.000516510009765625e+01
1.743199539184570312e+01 -1.696801632642745972e-01 7.159494018554687500e+01
1.807974815368652344e+01 -1.762346327304840088e-01 6.990000152587890625e+01
1.822935676574707031e+01 -3.997058868408203125e-01 7.107031250000000000e+01
7.284372329711914062e+00 2.128735542297363281e+00 6.989994812011718750e+01
1.939244651794433594e+01 -1.006774455308914185e-01 6.990001678466796875e+01
1.794844055175781250e+01 -3.215802609920501709e-01 7.159497833251953125e+01
1.744557189941406250e+01 -2.537637650966644287e-01 6.989999389648437500e+01
1.845243263244628906e+01 -3.997056484222412109e-01 7.100348663330078125e+01
1.672977066040039062e+01 -2.594506442546844482e-01 7.159029388427734375e+01
1.844560623168945312e+01 -3.404749333858489990e-01 6.990000915527343750e+01
1.832269096374511719e+01 -3.997135460376739502e-01 7.150877380371093750e+01
1.597130775451660156e+01 -2.947071194648742676e-01 6.990309143066406250e+01
2.131825828552246094e+01 -2.880792021751403809e-01 6.990003967285156250e+01
1.807486915588378906e+01 -4.597144722938537598e-01 7.090000915527343750e+01
1.786013031005859375e+01 -4.493826627731323242e-01 6.990000915527343750e+01
1.807486915588378906e+01 -4.597144722938537598e-01 7.090000915527343750e+01
1.249908447265625000e+01 -6.300629973411560059e-01 7.159490966796875000e+01
1.892603302001953125e+01 -5.261214375495910645e-01 6.990002441406250000e+01
1.807486915588378906e+01 -4.597144722938537598e-01 7.090000915527343750e+01
1.708939170837402344e+01 -5.878803133964538574e-01 6.990000152587890625e+01
2.020801162719726562e+01 -6.985186338424682617e-01 7.100907897949218750e+01
1.723395538330078125e+01 -6.042045950889587402e-01 7.159481048583984375e+01
1.821438598632812500e+01 -6.144815087318420410e-01 6.990002441406250000e+01
1.807486915588378906e+01 -4.597144722938537598e-01 7.090000915527343750e+01
1.372877502441406250e+01 -1.331821084022521973e+00 6.989998626708984375e+01
1.983980751037597656e+01 -9.000264406204223633e-01 6.990006256103515625e+01
1.784943008422851562e+01 -6.342178583145141602e-01 7.159492492675781250e+01
1.761875724792480469e+01 -7.465604543685913086e-01 6.990002441406250000e+01
1.807486915588378906e+01 -4.597144722938537598e-01 7.090000915527343750e+01
1.684409141540527344e+01 -8.597377538681030273e-01 7.133592224121093750e+01
1.860666465759277344e+01 -8.331400752067565918e-01 6.990004730224609375e+01
1.807486915588378906e+01 -4.597144722938537598e-01 7.090000915527343750e+01
1.653613281250000000e+01 -1.153296470642089844e+00 6.989997100830078125e+01
2.406808662414550781e+01 -2.907979488372802734e+00 6.990009307861328125e+01
1.753122901916503906e+01 -8.378716707229614258e-01 7.159494018554687500e+01
1.799693298339843750e+01 -9.160756468772888184e-01 6.990003967285156250e+01
1.807486915588378906e+01 -4.597144722938537598e-01 7.090000915527343750e+01
-9.653038024902343750e+00 -1.461022663116455078e+01 7.062947082519531250e+01
1.918800926208496094e+01 -1.266839265823364258e+00 6.990007781982421875e+01
1.800704574584960938e+01 -8.574190735816955566e-01 7.159490966796875000e+01
1.732356834411621094e+01 -1.211481928825378418e+00 6.990001678466796875e+01
2.580261611938476562e+01 -5.442692756652832031e+00 7.234483337402343750e+01
1.756662750244140625e+01 -8.597182035446166992e-01 7.121639251708984375e+01
1.835416793823242188e+01 -1.190823078155517578e+00 6.990005493164062500e+01
1.807486915588378906e+01 -4.597144722938537598e-01 7.090000915527343750e+01
1.541852092742919922e+01 -2.680056095123291016e+00 6.990043640136718750e+01
2.056586456298828125e+01 -2.674059867858886719e+00 6.990009307861328125e+01
1.774142265319824219e+01 -1.130569815635681152e+00 7.159482574462890625e+01
1.777190017700195312e+01 -1.420233964920043945e+00 6.990003204345703125e+01
1.807486915588378906e+01 -4.597144722938537598e-01 7.090000915527343750e+01
1.767486763000488281e+01 -8.803008794784545898e-01 7.098386383056640625e+01
1.879254341125488281e+01 -1.803311586380004883e+00 6.990007019042968750e+01
1.807486915588378906e+01 -4.597144722938537598e-01 7.090000915527343750e+01
1.691154479980468750e+01 -2.358030557632446289e+00 6.989998626708984375e+01
2.838124847412109375e+01 -1.411260890960693359e+01 7.057450103759765625e+01
1.767486000061035156e+01 -1.255078196525573730e+00 7.129038238525390625e+01
1.813088989257812500e+01 -2.000158309936523438e+00 6.990004730224609375e+01
1.925695800781250000e+01 -3.586252212524414062e+00 7.234497833251953125e+01
1.115442752838134766e+01 -1.333607292175292969e+01 6.990003967285156250e+01
1.954243469238281250e+01 -4.104926109313964844e+00 6.990002441406250000e+01
1.791139221191406250e+01 -2.126036882400512695e+00 7.159494018554687500e+01
1.751473808288574219e+01 -3.600302696228027344e+00 6.990001678466796875e+01
2.198495101928710938e+01 -1.450079250335693359e+01 7.218959808349609375e+01
1.767766952514648438e+01 -2.593833923339843750e+00 7.107884216308593750e+01
1.807486915588378906e+01 -7.797348499298095703e-01 7.090000915527343750e+01
