1.767481803894042969e+01 7.794753074645996094e+00 7.090002441406250000e+01
1.736788177490234375e+01 8.678360939025878906e+00 7.118120574951171875e+01
1.773381423950195312e+01 8.940304756164550781e+00 7.022779846191406250e+01
1.817238235473632812e+01 8.879734039306640625e+00 7.154901123046875000e+01
1.767481803894042969e+01 6.639011383056640625e+00 7.090002441406250000e+01
1.844568443298339844e+01 8.514323234558105469e+00 7.040966033935546875e+01
1.748799896240234375e+01 7.964205265045166016e+00 7.159497833251953125e+01
1.715546607971191406e+01 8.526109695434570312e+00 6.990004730224609375e+01
1.807488059997558594e+01 7.294093608856201172e+00 7.104612731933593750e+01
1.767481803894042969e+01 6.639011383056640625e+00 7.090002441406250000e+01
1.834185981750488281e+01 8.722768783569335938e+00 6.947459411621093750e+01
1.789219284057617188e+01 7.537783145904541016e+00 7.159304809570312500e+01
1.594926548004150391e+01 8.953670501708984375e+00 6.990003204345703125e+01
2.222362327575683594e+01 1.172316837310791016e+01 6.989997863769531250e+01
1.767481803894042969e+01 6.639011383056640625e+00 7.090002441406250000e+01
1.754523468017578125e+01 7.619049072265625000e+00 6.990003967285156250e+01
1.807489013671875000e+01 7.119985103607177734e+00 7.123720550537109375e+01
1.767481803894042969e+01 6.639011383056640625e+00 7.090002441406250000e+01
1.867938804626464844e+01 7.808162212371826172e+00 6.990034484863281250e+01
1.766554069519042969e+01 6.796148777008056641e+00 7.110066986083984375e+01
1.684025382995605469e+01 7.605712413787841797e+00 6.989994049072265625e+01
1.807488822937011719e+01 6.923274993896484375e+00 7.095384979248046875e+01
1.767481803894042969e+01 6.639011383056640625e+00 7.090002441406250000e+01
1.789976119995117188e+01 7.288619995117187500e+00 6.990012359619140625e+01
1.807294654846191406e+01 7.120306968688964844e+00 7.159481048583984375e+01
1.453970336914062500e+01 8.513491630554199219e+00 6.989983367919921875e+01
1.983901977539062500e+01 7.924983501434326172e+00 6.990010833740234375e+01
1.767481803894042969e+01 6.639011383056640625e+00 7.090002441406250000e+01
1.767481803894042969e+01 6.639011383056640625e+00 7.090002441406250000e+01
1.807489204406738281e+01 6.844652652740478516e+00 7.111029052734375000e+01
1.767481803894042969e+01 6.639011383056640625e+00 7.090002441406250000e+01
1.831772041320800781e+01 7.117987632751464844e+00 6.990016174316406250e+01
1.779422760009765625e+01 6.905459403991699219e+00 7.159483337402343750e+01
1.638367080688476562e+01 7.216391086578369141e+00 6.990008544921875000e+01
2.887624168395996094e+01 1.034491539001464844e+01 6.997200775146484375e+01
1.767481803894042969e+01 6.639011383056640625e+00 7.090002441406250000e+01
1.767969512939453125e+01 6.922467231750488281e+00 6.990010070800781250e+01
1.807488822937011719e+01 6.794412612915039062e+00 7.134104156494140625e+01
6.923493862152099609e+00 9.218064308166503906e+00 6.990359497070312500e+01
1.899223518371582031e+01 6.998004913330078125e+00 6.990015411376953125e+01
1.767481803894042969e+01 6.639011383056640625e+00 7.090002441406250000e+01
1.704551124572753906e+01 6.844964981079101562e+00 6.989999389648437500e+01
1.807489395141601562e+01 6.702598094940185547e+00 7.100966644287109375e+01
1.767481803894042969e+01 6.639011383056640625e+00 7.090002441406250000e+01
1.804550361633300781e+01 6.758234500885009766e+00 6.990016174316406250e+01
1.795763778686523438e+01 6.707486152648925781e+00 7.159476470947265625e+01
1.556465053558349609e+01 6.804536819458007812e+00 6.989997863769531250e+01
2.091814041137695312e+01 6.810643196105957031e+00 6.990007019042968750e+01
1.767481803894042969e+01 6.639011383056640625e+00 7.090002441406250000e+01
1.746008300781250000e+01 6.649343013763427734e+00 6.990003967285156250e+01
1.807488632202148438e+01 6.634054183959960938e+00 7.118421173095703125e+01
1.767481803894042969e+01 6.639011383056640625e+00 7.090002441406250000e+01
1.852595329284667969e+01 6.572606563568115234e+00 6.990007781982421875e+01
1.770015335083007812e+01 6.589731216430664062e+00 7.159477996826171875e+01
1.668940353393554688e+01 6.510853767395019531e+00 6.990008544921875000e+01
1.807484626770019531e+01 6.594228267669677734e+00 7.092047882080078125e+01
1.767481803894042969e+01 6.639011383056640625e+00 7.090002441406250000e+01
1.781435203552246094e+01 6.484224796295166016e+00 6.989990997314453125e+01
1.807289314270019531e+01 6.516662120819091797e+00 7.147814941406250000e+01
1.332861614227294922e+01 5.766882896423339844e+00 6.989997100830078125e+01
1.943975448608398438e+01 6.198699474334716797e+00 6.990008544921875000e+01
1.767481803894042969e+01 6.639011383056640625e+00 7.090002441406250000e+01
1.721868705749511719e+01 6.352153778076171875e+00 6.989999389648437500e+01
1.807488632202148438e+01 6.515818595886230469e+00 7.106975555419921875e+01
1.767481803894042969e+01 6.639011383056640625e+00 7.090002441406250000e+01
1.820629119873046875e+01 6.265812397003173828e+00 6.990066528320312500e+01
1.785433769226074219e+01 6.385305881500244141e+00 7.159479522705078125e+01
1.613612937927246094e+01 5.945450782775878906e+00 6.990001678466796875e+01
2.444129753112792969e+01 3.874864578247070312e+00 6.977109527587890625e+01
1.767481803894042969e+01 6.639011383056640625e+00 7.090002441406250000e+01
1.759688568115234375e+01 6.182668209075927734e+00 6.990009307861328125e+01
1.807487297058105469e+01 6.375023365020751953e+00 7.127375030517578125e+01
1.879115676879882812e+01 5.829566478729248047e+00 6.989722442626953125e+01
1.767481803894042969e+01 6.639011383056640625e+00 7.090002441406250000e+01
1.692349243164062500e+01 5.887218952178955078e+00 6.989999389648437500e+01
1.807488250732421875e+01 6.381043434143066406e+00 7.097482299804687500e+01
1.767481803894042969e+01 6.639011383056640625e+00 7.090002441406250000e+01
1.795417213439941406e+01 5.907755851745605469e+00 6.989986419677734375e+01
1.802716064453125000e+01 6.060779571533203125e+00 7.159493255615234375e+01
1.503341865539550781e+01 4.431164741516113281e+00 6.990607452392578125e+01
2.016580200195312500e+01 4.424676418304443359e+00 6.990011596679687500e+01
1.767481803894042969e+01 6.639011383056640625e+00 7.090002441406250000e+01
1.737184906005859375e+01 5.678493499755859375e+00 6.990004730224609375e+01
1.807486724853515625e+01 6.187041759490966797e+00 7.113710784912109375e+01
1.767481803894042969e+01 6.639011383056640625e+00 7.090002441406250000e+01
1.767481803894042969e+01 6.639011383056640625e+00 7.090002441406250000e+01
1.775798034667968750e+01 5.826775074005126953e+00 7.159490966796875000e+01
1.651124191284179688e+01 4.740283489227294922e+00 6.989978027343750000e+01
1.781665802001953125e+01 6.451116561889648438e+00 7.089554595947265625e+01
1.767481803894042969e+01 6.639009952545166016e+00 7.090002441406250000e+01
1.773084068298339844e+01 5.098515033721923828e+00 6.990003204345703125e+01
1.807485771179199219e+01 5.580936908721923828e+00 7.138902282714843750e+01
1.069877910614013672e+01 -6.340792655944824219e+00 6.989202117919921875e+01
1.914238739013671875e+01 2.993792057037353516e+00 6.990003967285156250e+01
1.767481803894042969e+01 6.639008998870849609e+00 7.090002441406250000e+01
1.711472511291503906e+01 3.498641490936279297e+00 6.990010070800781250e+01
1.807487106323242188e+01 5.202424526214599609e+00 7.103196716308593750e+01
1.767481803894042969e+01 6.639009475708007812e+00 7.090002441406250000e+01
1.767481803894042969e+01 6.562929630279541016e+00 7.090002441406250000e+01
