1.767484664916992188e+01 -6.638413906097412109e+00 7.090006256103515625e+01
1.609768104553222656e+01 3.836461782455444336e+00 7.234487915039062500e+01
1.776261138916015625e+01 -3.219053506851196289e+00 6.990003204345703125e+01
1.807485198974609375e+01 -4.841194629669189453e+00 7.142179870605468750e+01
1.202167797088623047e+01 6.757328510284423828e+00 6.990009307861328125e+01
1.924683570861816406e+01 -2.818342924118041992e+00 6.990009307861328125e+01
1.767484664916992188e+01 -6.642572879791259766e+00 7.090006256103515625e+01
1.715542602539062500e+01 -4.755223751068115234e+00 6.989994812011718750e+01
1.767485046386718750e+01 -6.642567157745361328e+00 7.090006256103515625e+01
1.417443561553955078e+01 -1.253709912300109863e+00 7.234497833251953125e+01
1.814285850524902344e+01 -5.180564403533935547e+00 6.989994812011718750e+01
1.789280319213867188e+01 -5.741400241851806641e+00 7.159494018554687500e+01
1.594910335540771484e+01 -4.327658653259277344e+00 6.989995574951171875e+01
2.222331047058105469e+01 -1.558799147605895996e+00 6.990009307861328125e+01
1.665900039672851562e+01 -4.824893951416015625e+00 7.234500122070312500e+01
1.754524230957031250e+01 -5.662376880645751953e+00 6.989991760253906250e+01
1.807487487792968750e+01 -6.161651611328125000e+00 7.123720550537109375e+01
1.103711891174316406e+01 -8.597170710563659668e-01 7.117455291748046875e+01
1.867987632751464844e+01 -5.472887992858886719e+00 6.989992523193359375e+01
1.767484664916992188e+01 -6.642572879791259766e+00 7.090006256103515625e+01
1.684026527404785156e+01 -5.675853252410888672e+00 6.989995574951171875e+01
1.767485809326171875e+01 -6.642566204071044922e+00 7.090006256103515625e+01
1.559809780120849609e+01 -4.952165126800537109e+00 7.234500885009765625e+01
1.767484664916992188e+01 -6.642573833465576172e+00 7.090006256103515625e+01
1.807301902770996094e+01 -6.161223888397216797e+00 7.159492492675781250e+01
1.454020881652832031e+01 -4.768379211425781250e+00 6.990002441406250000e+01
1.983951377868652344e+01 -5.356325149536132812e+00 6.989993286132812500e+01
1.707013320922851562e+01 -5.843239784240722656e+00 7.234499359130859375e+01
1.731515312194824219e+01 -6.130106925964355469e+00 6.990002441406250000e+01
1.807487297058105469e+01 -6.436957359313964844e+00 7.111030578613281250e+01
1.219325542449951172e+01 -4.212927818298339844e+00 7.234499359130859375e+01
1.831789970397949219e+01 -6.163484573364257812e+00 6.989996337890625000e+01
1.779425430297851562e+01 -6.376130580902099609e+00 7.159486389160156250e+01
1.638353919982910156e+01 -6.065123081207275391e+00 6.990000152587890625e+01
2.881043815612792969e+01 -2.958450317382812500e+00 6.997750091552734375e+01
1.633814048767089844e+01 -6.039515495300292969e+00 7.234500122070312500e+01
1.767484664916992188e+01 -6.642573833465576172e+00 7.090006256103515625e+01
1.807487106323242188e+01 -6.487190723419189453e+00 7.134103393554687500e+01
6.923500061035156250e+00 -4.063515186309814453e+00 6.990363311767578125e+01
1.899247360229492188e+01 -6.283523559570312500e+00 6.990003204345703125e+01
1.767277526855468750e+01 -6.640310287475585938e+00 7.091145324707031250e+01
1.704556465148925781e+01 -6.436628341674804688e+00 6.990007019042968750e+01
1.767485237121582031e+01 -6.642572879791259766e+00 7.090006256103515625e+01
1.485918045043945312e+01 -6.223366260528564453e+00 7.234501647949218750e+01
1.767484664916992188e+01 -6.642573833465576172e+00 7.090006256103515625e+01
1.795769882202148438e+01 -6.574091434478759766e+00 7.159488677978515625e+01
1.556474018096923828e+01 -6.477053165435791016e+00 6.990004730224609375e+01
2.091846656799316406e+01 -6.470926284790039062e+00 6.990001678466796875e+01
1.682803344726562500e+01 -6.591799259185791016e+00 7.234500122070312500e+01
1.746010589599609375e+01 -6.632241725921630859e+00 6.990005493164062500e+01
1.807487106323242188e+01 -6.647530555725097656e+00 7.118421936035156250e+01
6.081196308135986328e+00 -6.996777057647705078e+00 7.234495544433593750e+01
1.852606391906738281e+01 -6.708984851837158203e+00 6.990001678466796875e+01
1.770018196105957031e+01 -6.691852569580078125e+00 7.159479522705078125e+01
1.668933677673339844e+01 -6.770743846893310547e+00 6.990002441406250000e+01
1.807487487792968750e+01 -6.687356472015380859e+00 7.092051696777343750e+01
1.592604827880859375e+01 -6.943061828613281250e+00 7.234500885009765625e+01
1.767484664916992188e+01 -6.642573833465576172e+00 7.090006256103515625e+01
1.807487678527832031e+01 -6.765524387359619141e+00 7.148103332519531250e+01
1.332858180999755859e+01 -7.514714717864990234e+00 6.989999389648437500e+01
1.943991470336914062e+01 -7.082918643951416016e+00 6.990004730224609375e+01
1.767484664916992188e+01 -6.642573833465576172e+00 7.090006256103515625e+01
1.721870994567871094e+01 -6.929434299468994141e+00 6.990002441406250000e+01
1.807487678527832031e+01 -6.765755176544189453e+00 7.106977844238281250e+01
1.359520244598388672e+01 -7.968526840209960938e+00 7.234498596191406250e+01
1.767484664916992188e+01 -6.642573833465576172e+00 7.090006256103515625e+01
1.785435295104980469e+01 -6.896262645721435547e+00 7.159478759765625000e+01
1.613598060607910156e+01 -7.336215019226074219e+00 6.989994049072265625e+01
2.366877937316894531e+01 -9.091130256652832031e+00 6.990003204345703125e+01
1.654448509216308594e+01 -7.428855895996093750e+00 7.234500122070312500e+01
1.751813888549804688e+01 -7.560193538665771484e+00 6.888938903808593750e+01
1.807488250732421875e+01 -6.906549930572509766e+00 7.127377319335937500e+01
2.199028968811035156e+00 -1.454041957855224609e+01 7.074906921386718750e+01
1.878819656372070312e+01 -7.449851512908935547e+00 6.989994812011718750e+01
1.767484664916992188e+01 -6.642574310302734375e+00 7.090006256103515625e+01
1.692353057861328125e+01 -7.394356250762939453e+00 6.990004730224609375e+01
1.807488250732421875e+01 -6.900523662567138672e+00 7.097485351562500000e+01
1.535364723205566406e+01 -8.469434738159179688e+00 7.234500122070312500e+01
1.767484664916992188e+01 -6.642573833465576172e+00 7.090006256103515625e+01
1.802713775634765625e+01 -7.220721244812011719e+00 7.159486389160156250e+01
1.501742649078369141e+01 -8.863811492919921875e+00 6.990008544921875000e+01
2.016591262817382812e+01 -8.856982231140136719e+00 6.990011596679687500e+01
1.698140144348144531e+01 -8.037703514099121094e+00 7.234501647949218750e+01
1.737228393554687500e+01 -7.601805210113525391e+00 6.990142822265625000e+01
1.807489204406738281e+01 -7.094537734985351562e+00 7.113713836669921875e+01
1.078262424468994141e+01 -1.388949966430664062e+01 7.234495544433593750e+01
1.839259338378906250e+01 -7.986306190490722656e+00 6.990002441406250000e+01
1.775799179077148438e+01 -7.454645156860351562e+00 7.159481048583984375e+01
1.651150131225585938e+01 -8.540923118591308594e+00 6.990001678466796875e+01
1.788533592224121094e+01 -6.921410560607910156e+00 7.089341735839843750e+01
1.619425582885742188e+01 -9.586521148681640625e+00 7.234497070312500000e+01
1.775836563110351562e+01 -8.939149856567382812e+00 6.940926361083984375e+01
1.807485389709472656e+01 -7.700563907623291016e+00 7.138902282714843750e+01
1.342917537689208984e+01 -1.454218387603759766e+01 7.028658294677734375e+01
1.844289779663085938e+01 -8.550298690795898438e+00 7.037671661376953125e+01
1.767484664916992188e+01 -6.642575263977050781e+00 7.090006256103515625e+01
1.744365310668945312e+01 -7.938848018646240234e+00 7.048731231689453125e+01
1.827660751342773438e+01 -8.803494453430175781e+00 7.109853363037109375e+01
1.743004798889160156e+01 -7.957855224609375000e+00 7.101027679443359375e+01
1.767484664916992188e+01 -6.733583927154541016e+00 7.090006256103515625e+01
