-2.480757713317871094e+01 5.391039371490478516e+00 7.090016937255859375e+01
-2.485913276672363281e+01 5.499225616455078125e+00 7.094739532470703125e+01
-2.471979331970214844e+01 8.580970764160156250e+00 6.989990997314453125e+01
-2.475470352172851562e+01 5.394788742065429688e+00 7.096913146972656250e+01
-2.876126861572265625e+01 1.452825069427490234e+01 7.020081329345703125e+01
-2.324604797363281250e+01 8.955460548400878906e+00 6.990685272216796875e+01
-2.485533142089843750e+01 5.495417118072509766e+00 7.107781219482421875e+01
-2.532269668579101562e+01 7.028396129608154297e+00 6.990834045410156250e+01
-2.469725036621093750e+01 5.337332725524902344e+00 7.094046020507812500e+01
-2.533193206787109375e+01 5.963917732238769531e+00 7.111661529541015625e+01
-2.433959007263183594e+01 6.618611335754394531e+00 6.990010833740234375e+01
-2.475090789794921875e+01 5.390987396240234375e+00 7.108084106445312500e+01
-2.534335708618164062e+01 5.875373840332031250e+00 7.058967590332031250e+01
-2.025789642333984375e+01 1.024181270599365234e+01 6.989993286132812500e+01
-2.517625999450683594e+01 5.816371917724609375e+00 7.142458343505859375e+01
-2.493719863891601562e+01 6.137007236480712891e+00 6.989988708496093750e+01
-2.467544746398925781e+01 5.315526008605957031e+00 7.101152801513671875e+01
-2.630258369445800781e+01 6.459143161773681641e+00 7.096199035644531250e+01
-2.380259704589843750e+01 6.326305389404296875e+00 6.990007781982421875e+01
-2.482583618164062500e+01 5.465910911560058594e+00 7.129502868652343750e+01
-2.536312484741210938e+01 5.800184249877929688e+00 7.023443603515625000e+01
-2.463746643066406250e+01 5.277546405792236328e+00 7.092305755615234375e+01
-2.580615806579589844e+01 5.969491004943847656e+00 7.159495544433593750e+01
-2.458258056640625000e+01 5.806439876556396484e+00 6.990003204345703125e+01
-2.467584991455078125e+01 5.315922260284423828e+00 7.113005065917968750e+01
-2.550366210937500000e+01 5.572865009307861328e+00 7.067810058593750000e+01
-2.264283370971679688e+01 6.442970752716064453e+00 6.990000152587890625e+01
-2.509810829162597656e+01 5.540711879730224609e+00 7.159437561035156250e+01
-2.516728782653808594e+01 5.669168949127197266e+00 6.990007781982421875e+01
-2.461538887023925781e+01 5.255463123321533203e+00 7.100117492675781250e+01
-2.651409912109375000e+01 5.913071632385253906e+00 7.135000610351562500e+01
-2.416716766357421875e+01 5.633797168731689453e+00 6.990418243408203125e+01
-2.471752738952636719e+01 5.357610225677490234e+00 7.142414093017578125e+01
-2.559044075012207031e+01 5.506760597229003906e+00 7.029387664794921875e+01
-1.273541736602783203e+01 9.150657653808593750e+00 6.990001678466796875e+01
-2.545026206970214844e+01 5.446626663208007812e+00 7.159489440917968750e+01
-2.480269813537597656e+01 5.440207481384277344e+00 6.989997863769531250e+01
-2.459800338745117188e+01 5.238082885742187500e+00 7.113119506835937500e+01
-2.585530090332031250e+01 5.408007621765136719e+00 7.080307006835937500e+01
-2.349000167846679688e+01 5.515713691711425781e+00 6.990017700195312500e+01
-2.493396759033203125e+01 5.294770240783691406e+00 7.159492492675781250e+01
-2.543399429321289062e+01 5.361684799194335938e+00 6.990473175048828125e+01
-2.455650711059570312e+01 5.196581840515136719e+00 7.096897888183593750e+01
-2.579498100280761719e+01 5.303685665130615234e+00 7.140689086914062500e+01
-2.443680000305175781e+01 5.275929450988769531e+00 6.990006256103515625e+01
-2.457329940795898438e+01 5.213398933410644531e+00 7.147566986083984375e+01
-2.691817474365234375e+01 5.322236537933349609e+00 6.989991760253906250e+01
-2.156370735168457031e+01 5.328338146209716797e+00 6.990004730224609375e+01
-2.521474838256835938e+01 5.181091308593750000e+00 7.159493255615234375e+01
-2.502235794067382812e+01 5.167011260986328125e+00 6.989997100830078125e+01
-2.452120399475097656e+01 5.153129100799560547e+00 7.110359191894531250e+01
-2.562306785583496094e+01 5.131762981414794922e+00 7.100180053710937500e+01
-2.395634078979492188e+01 5.090264797210693359e+00 6.990010070800781250e+01
-2.478223991394042969e+01 5.107395648956298828e+00 7.159494018554687500e+01
-2.686091423034667969e+01 4.889631271362304688e+00 6.881655883789062500e+01
-2.480757713317871094e+01 5.156677246093750000e+00 7.090016937255859375e+01
-2.552471351623535156e+01 5.033454895019531250e+00 7.149270629882812500e+01
-2.466803741455078125e+01 5.001883983612060547e+00 6.990001678466796875e+01
-2.438742065429687500e+01 5.027541160583496094e+00 7.151036834716796875e+01
-2.881392860412597656e+01 4.352745056152343750e+00 6.997831726074218750e+01
-2.304223632812500000e+01 4.716264724731445312e+00 6.990000152587890625e+01
-2.503296089172363281e+01 4.982215881347656250e+00 7.159491729736328125e+01
-2.526378250122070312e+01 4.869772434234619141e+00 6.989997863769531250e+01
-2.438709449768066406e+01 5.027197837829589844e+00 7.107855987548828125e+01
-2.544182205200195312e+01 4.950536727905273438e+00 7.112480926513671875e+01
-2.427570533752441406e+01 4.783197402954101562e+00 6.990006256103515625e+01
-2.462806510925292969e+01 4.902981758117675781e+00 7.159490966796875000e+01
-2.634642791748046875e+01 4.463043689727783203e+00 6.990005493164062500e+01
-1.881336975097656250e+01 2.708008289337158203e+00 6.990009307861328125e+01
-2.530319023132324219e+01 4.811927318572998047e+00 7.153371429443359375e+01
-2.488552474975585938e+01 4.700251579284667969e+00 6.990005493164062500e+01
-2.406390380859375000e+01 4.665941715240478516e+00 7.159490203857421875e+01
-2.884289741516113281e+01 3.097313404083251953e+00 7.086079406738281250e+01
-2.369416809082031250e+01 4.349357604980468750e+00 6.990000152587890625e+01
-2.487538909912109375e+01 4.759041786193847656e+00 7.159494781494140625e+01
-2.555901145935058594e+01 4.404775619506835938e+00 6.989999389648437500e+01
-2.398824691772460938e+01 4.628359794616699219e+00 7.105335235595703125e+01
-2.527784729003906250e+01 4.786558151245117188e+00 7.119290924072265625e+01
-2.452823066711425781e+01 4.425443649291992188e+00 6.990003967285156250e+01
-2.445529747009277344e+01 4.578547954559326172e+00 7.159495544433593750e+01
-2.746574783325195312e+01 2.934812068939208984e+00 6.989990997314453125e+01
-2.231617355346679688e+01 2.941968202590942383e+00 6.990009307861328125e+01
-2.508659744262695312e+01 4.595319271087646484e+00 7.148157501220703125e+01
-2.511058425903320312e+01 4.196036338806152344e+00 6.990006256103515625e+01
-2.363540458679199219e+01 3.832377910614013672e+00 7.159483337402343750e+01
-2.521723365783691406e+01 4.725938796997070312e+00 7.098605346679687500e+01
-2.408973312377929688e+01 3.812763214111328125e+00 6.989999389648437500e+01
-2.472443580627441406e+01 4.344634056091308594e+00 7.159488677978515625e+01
-2.597111320495605469e+01 3.258016109466552734e+00 6.989996337890625000e+01
-9.887237548828125000e+00 -1.460834407806396484e+01 7.042893218994140625e+01
-2.508879661560058594e+01 4.597510814666748047e+00 7.117461395263671875e+01
-2.475154495239257812e+01 3.615929841995239258e+00 6.990000915527343750e+01
-2.429668998718261719e+01 3.805420398712158203e+00 7.152466583251953125e+01
-2.880623245239257812e+01 -2.283329486846923828e+00 7.032238006591796875e+01
-2.333974838256835938e+01 1.510813474655151367e+00 6.990000152587890625e+01
-2.488265991210937500e+01 4.391349792480468750e+00 7.121934509277343750e+01
-2.536783790588378906e+01 2.015358686447143555e+00 6.989994049072265625e+01
-2.448322868347167969e+01 3.991946935653686523e+00 7.100714111328125000e+01
-2.493944549560546875e+01 4.448154926300048828e+00 7.095954132080078125e+01
-2.480757713317871094e+01 4.687903404235839844e+00 7.090016937255859375e+01
