1.273901844024658203e+01 -4.597204029560089111e-01 7.089999389648437500e+01
1.267881774902343750e+01 -4.597184360027313232e-01 7.095513916015625000e+01
1.282678318023681641e+01 2.563829898834228516e+00 6.989995574951171875e+01
1.282783603668212891e+01 -4.597238302230834961e-01 7.101583862304687500e+01
1.273865890502929688e+01 -8.588519096374511719e-01 7.089993286132812500e+01
1.431110095977783203e+01 2.964756250381469727e+00 6.989996337890625000e+01
1.268263053894042969e+01 -4.597189426422119141e-01 7.110974884033203125e+01
1.178675746917724609e+01 2.600397825241088867e+00 6.906647491455078125e+01
1.298328495025634766e+01 -4.597292244434356689e-01 7.098919677734375000e+01
1.248197555541992188e+01 -4.639870226383209229e-01 7.100609588623046875e+01
1.320699024200439453e+01 6.021824479103088379e-01 6.989996337890625000e+01
1.283575630187988281e+01 -4.597245752811431885e-01 7.120841217041015625e+01
1.273837471008300781e+01 -8.588395118713378906e-01 7.089962005615234375e+01
1.728720092773437500e+01 4.223757743835449219e+00 6.990008544921875000e+01
1.251548004150390625e+01 -4.597199559211730957e-01 7.121795654296875000e+01
1.260943031311035156e+01 1.203748583793640137e-01 6.989997100830078125e+01
1.307171154022216797e+01 -4.597328305244445801e-01 7.118038940429687500e+01
1.227990341186523438e+01 -4.597175121307373047e-01 7.091898345947265625e+01
1.374393558502197266e+01 3.098509311676025391e-01 6.989997100830078125e+01
1.271540164947509766e+01 -4.597267508506774902e-01 7.141072845458984375e+01
1.190450763702392578e+01 1.069369018077850342e-01 6.989997100830078125e+01
1.330194568634033203e+01 -4.597249031066894531e-01 7.097573852539062500e+01
1.224762821197509766e+01 -4.597264528274536133e-01 7.124188995361328125e+01
1.296399021148681641e+01 -2.100141495466232300e-01 6.989997100830078125e+01
1.306987285614013672e+01 -4.597335159778594971e-01 7.147737884521484375e+01
1.273616886138916016e+01 -8.579991459846496582e-01 7.089908599853515625e+01
1.490346431732177734e+01 4.264142513275146484e-01 6.989996337890625000e+01
1.244823360443115234e+01 -4.753319919109344482e-01 7.159481048583984375e+01
1.237933349609375000e+01 -3.472482562065124512e-01 6.989997863769531250e+01
1.351719379425048828e+01 -4.597151279449462891e-01 7.130898284912109375e+01
1.183661842346191406e+01 -4.597256779670715332e-01 7.113786315917968750e+01
1.338202285766601562e+01 -3.806505501270294189e-01 6.989997863769531250e+01
1.285843086242675781e+01 -5.932490825653076172e-01 7.159481811523437500e+01
1.144776058197021484e+01 -2.822744548320770264e-01 6.989997100830078125e+01
2.479606056213378906e+01 3.129275321960449219e+00 6.990109252929687500e+01
1.209612846374511719e+01 -5.696616172790527344e-01 7.159494018554687500e+01
1.274389648437500000e+01 -5.762217640876770020e-01 6.989997863769531250e+01
1.336934661865234375e+01 -6.148615479469299316e-01 7.159484100341796875e+01
1.273098182678222656e+01 -8.577751517295837402e-01 7.089924621582031250e+01
1.405663013458251953e+01 -5.006566643714904785e-01 6.989997100830078125e+01
1.261259269714355469e+01 -7.215722203254699707e-01 7.159494018554687500e+01
1.211019706726074219e+01 -6.539080739021301270e-01 6.990073394775390625e+01
1.525566768646240234e+01 -4.597141444683074951e-01 7.158970642089843750e+01
1.138494396209716797e+01 -6.581029295921325684e-01 7.159487915039062500e+01
1.310976123809814453e+01 -7.404616475105285645e-01 6.989997863769531250e+01
1.302190494537353516e+01 -7.912124395370483398e-01 7.159489440917968750e+01
1.062894248962402344e+01 -6.941847205162048340e-01 6.989998626708984375e+01
1.596563339233398438e+01 -6.889554858207702637e-01 6.990519714355468750e+01
1.233174800872802734e+01 -8.352832794189453125e-01 7.159492492675781250e+01
1.252427673339843750e+01 -8.493711352348327637e-01 6.989997863769531250e+01
1.335188484191894531e+01 -8.672969341278076172e-01 7.133534240722656250e+01
1.273901844024658203e+01 -8.597030639648437500e-01 7.089999389648437500e+01
1.359020996093750000e+01 -9.261122345924377441e-01 6.989997863769531250e+01
1.273901844024658203e+01 -8.597030639648437500e-01 7.089999389648437500e+01
1.175436115264892578e+01 -9.877622127532958984e-01 6.990081787109375000e+01
1.807484054565429688e+01 -1.457045555114746094e+00 7.117282104492187500e+01
1.273901844024658203e+01 -8.597030639648437500e-01 7.089999389648437500e+01
1.287853813171386719e+01 -1.014474391937255859e+00 6.989997863769531250e+01
1.273901844024658203e+01 -8.597030639648437500e-01 7.089999389648437500e+01
8.393099784851074219e+00 -1.731774330139160156e+00 6.990000915527343750e+01
1.450355720520019531e+01 -1.299915671348571777e+00 6.990027618408203125e+01
1.273901844024658203e+01 -8.597030639648437500e-01 7.089999389648437500e+01
1.228389167785644531e+01 -1.145928978919982910e+00 6.990216827392578125e+01
1.273901844024658203e+01 -8.597030639648437500e-01 7.089999389648437500e+01
1.273901844024658203e+01 -8.597030639648437500e-01 7.089999389648437500e+01
1.327083778381347656e+01 -1.233145833015441895e+00 6.989998626708984375e+01
1.273901844024658203e+01 -8.597030639648437500e-01 7.089999389648437500e+01
1.120030403137207031e+01 -1.553275346755981445e+00 6.989997100830078125e+01
1.873224830627441406e+01 -3.307973146438598633e+00 6.990007781982421875e+01
1.273901844024658203e+01 -8.597030639648437500e-01 7.089999389648437500e+01
1.266107940673828125e+01 -1.316079735755920410e+00 6.989998626708984375e+01
1.273901844024658203e+01 -8.597030639648437500e-01 7.089999389648437500e+01
-1.419957160949707031e+01 -1.460739898681640625e+01 7.063715362548828125e+01
1.385099792480468750e+01 -1.665986537933349609e+00 6.990110778808593750e+01
1.273901844024658203e+01 -8.597030639648437500e-01 7.089999389648437500e+01
1.198769760131835938e+01 -1.611490845680236816e+00 6.989997100830078125e+01
1.273901844024658203e+01 -8.597030639648437500e-01 7.089999389648437500e+01
1.273901844024658203e+01 -8.597030639648437500e-01 7.089999389648437500e+01
1.301832962036132812e+01 -1.590844631195068359e+00 6.989999389648437500e+01
1.273901844024658203e+01 -8.597030639648437500e-01 7.089999389648437500e+01
1.008151245117187500e+01 -3.081012725830078125e+00 6.989998626708984375e+01
1.522564983367919922e+01 -3.070169210433959961e+00 6.990183258056640625e+01
1.273901844024658203e+01 -8.597030639648437500e-01 7.089999389648437500e+01
1.243603897094726562e+01 -1.820254087448120117e+00 6.989998626708984375e+01
1.273901844024658203e+01 -8.597030639648437500e-01 7.089999389648437500e+01
1.273901844024658203e+01 -8.597030639648437500e-01 7.089999389648437500e+01
1.345673465728759766e+01 -2.203377485275268555e+00 6.989999389648437500e+01
1.273901844024658203e+01 -8.597030639648437500e-01 7.089999389648437500e+01
1.157566833496093750e+01 -2.758060693740844727e+00 6.989994812011718750e+01
1.794762611389160156e+01 -7.759561061859130859e+00 7.073548889160156250e+01
1.273901844024658203e+01 -8.597030639648437500e-01 7.089999389648437500e+01
1.279504203796386719e+01 -2.400213479995727539e+00 6.989998626708984375e+01
1.273901844024658203e+01 -8.597030639648437500e-01 7.089999389648437500e+01
5.818446636199951172e+00 -1.373630332946777344e+01 6.990000152587890625e+01
1.420655345916748047e+01 -4.504839897155761719e+00 6.990002441406250000e+01
1.273901844024658203e+01 -8.597030639648437500e-01 7.089999389648437500e+01
1.217886352539062500e+01 -4.000427722930908203e+00 6.989995574951171875e+01
1.273901844024658203e+01 -8.597030639648437500e-01 7.089999389648437500e+01
1.273901844024658203e+01 -8.597030639648437500e-01 7.089999389648437500e+01
1.273901844024658203e+01 -1.453750705718994141e+01 7.089999389648437500e+01
