6.286123752593994141e+00 -3.996924161911010742e-01 7.089997100830078125e+01
6.286022186279296875e+00 -4.590125977993011475e-01 7.090006256103515625e+01
6.373886585235595703e+00 2.963769674301147461e+00 6.989995574951171875e+01
6.477087497711181641e+00 4.002966284751892090e-01 7.114904785156250000e+01
6.260952949523925781e+00 -4.000238180160522461e-01 7.089551544189453125e+01
7.858221530914306641e+00 3.364807844161987305e+00 6.989993286132812500e+01
6.286034584045410156e+00 -4.590536355972290039e-01 7.090030670166015625e+01
5.766770839691162109e+00 1.427413702011108398e+00 6.989998626708984375e+01
6.809637069702148438e+00 3.975399434566497803e-01 7.109115600585937500e+01
6.284763336181640625e+00 -4.575928449630737305e-01 7.090053558349609375e+01
6.754084110260009766e+00 1.002163648605346680e+00 6.989996337890625000e+01
6.493912220001220703e+00 3.994465470314025879e-01 7.156243133544921875e+01
4.571347236633300781e+00 1.840516567230224609e+00 6.990621948242187500e+01
1.083454704284667969e+01 4.624041557312011719e+00 6.990001678466796875e+01
6.285032272338867188e+00 -4.577348530292510986e-01 7.090151977539062500e+01
6.156540870666503906e+00 5.203499197959899902e-01 6.989998626708984375e+01
7.001478672027587891e+00 4.003258943557739258e-01 7.150287628173828125e+01
6.283516883850097656e+00 -4.574164748191833496e-01 7.090007781982421875e+01
7.291023731231689453e+00 7.098466157913208008e-01 6.989996337890625000e+01
6.286108016967773438e+00 -4.594176411628723145e-01 7.090031433105468750e+01
5.451661586761474609e+00 5.068956017494201660e-01 6.990000915527343750e+01
7.496496677398681641e+00 4.003214240074157715e-01 7.106282806396484375e+01
6.283365726470947266e+00 -4.574426412582397461e-01 7.090189361572265625e+01
6.511088371276855469e+00 1.899808794260025024e-01 6.989997863769531250e+01
6.684284210205078125e+00 2.164738066494464874e-02 7.159481048583984375e+01
3.151790857315063477e+00 1.414324879646301270e+00 6.990003204345703125e+01
8.450541496276855469e+00 8.264130353927612305e-01 6.989995574951171875e+01
6.284454822540283203e+00 -4.574814736843109131e-01 7.090396118164062500e+01
5.926453113555908203e+00 5.274597182869911194e-02 6.989999389648437500e+01
7.608368396759033203e+00 2.199564725160598755e-01 7.159490203857421875e+01
6.282291412353515625e+00 -4.579888880252838135e-01 7.090097808837890625e+01
6.927557468414306641e+00 1.819495484232902527e-02 6.990239715576171875e+01
6.405551910400390625e+00 -1.931977123022079468e-01 7.159488677978515625e+01
4.994956493377685547e+00 1.177006810903549194e-01 6.990001678466796875e+01
1.826409912109375000e+01 3.503132343292236328e+00 6.990762329101562500e+01
6.282313823699951172e+00 -4.579687714576721191e-01 7.090409088134765625e+01
6.291001796722412109e+00 -1.762151718139648438e-01 6.989998626708984375e+01
6.916516780853271484e+00 -2.148209959268569946e-01 7.159488677978515625e+01
-4.504032611846923828e+00 2.128680944442749023e+00 6.989994049072265625e+01
7.603703975677490234e+00 -1.006497517228126526e-01 6.989997100830078125e+01
6.284033775329589844e+00 -4.574043154716491699e-01 7.091146087646484375e+01
5.656856060028076172e+00 -2.537466585636138916e-01 6.990000152587890625e+01
8.821688652038574219e+00 -5.669228732585906982e-02 7.159486389160156250e+01
6.281638145446777344e+00 -4.590196907520294189e-01 7.090227508544921875e+01
6.656857013702392578e+00 -3.404493331909179688e-01 6.989997863769531250e+01
6.569003105163574219e+00 -3.911986052989959717e-01 7.159485626220703125e+01
4.176199436187744141e+00 -2.941810786724090576e-01 6.990003967285156250e+01
9.529569625854492188e+00 -2.880492806434631348e-01 6.989997863769531250e+01
6.281554698944091797e+00 -4.594136178493499756e-01 7.090776824951171875e+01
6.071389675140380859e+00 -4.493559598922729492e-01 6.989999389648437500e+01
7.264430046081542969e+00 -4.718095064163208008e-01 7.159491729736328125e+01
7.105917930603027344e-01 -6.300283670425415039e-01 7.159484100341796875e+01
6.286123752593994141e+00 -4.596875905990600586e-01 7.089997100830078125e+01
6.311468601226806641e+00 -5.089850425720214844e-01 7.159497070312500000e+01
6.286123275756835938e+00 -4.596876204013824463e-01 7.089997100830078125e+01
9.807864189147949219e+00 -8.539444804191589355e-01 7.108003997802734375e+01
5.445107460021972656e+00 -6.041954159736633301e-01 7.159486389160156250e+01
6.286123752593994141e+00 -4.596876502037048340e-01 7.089997100830078125e+01
6.764629364013671875e+00 -6.067577600479125977e-01 7.159490966796875000e+01
6.286115646362304688e+00 -4.596891999244689941e-01 7.089997100830078125e+01
6.286126136779785156e+00 -4.596881866455078125e-01 7.089997100830078125e+01
6.060666084289550781e+00 -6.342054009437561035e-01 7.159494781494140625e+01
6.286123275756835938e+00 -4.596878588199615479e-01 7.089997100830078125e+01
7.585248947143554688e+00 -8.597264885902404785e-01 7.145112609863281250e+01
5.082807064056396484e+00 -8.507857322692871094e-01 7.132616424560546875e+01
6.286124229431152344e+00 -4.596880078315734863e-01 7.089997100830078125e+01
6.465685367584228516e+00 -7.134535908699035645e-01 7.159490966796875000e+01
6.286120891571044922e+00 -4.596887826919555664e-01 7.089997100830078125e+01
6.286131858825683594e+00 -4.596907794475555420e-01 7.089997100830078125e+01
5.742535114288330078e+00 -8.378090858459472656e-01 7.159484100341796875e+01
6.286123752593994141e+00 -4.596882164478302002e-01 7.089997100830078125e+01
6.892355442047119141e+00 -8.597281575202941895e-01 7.146630859375000000e+01
6.286116600036621094e+00 -4.596913158893585205e-01 7.089997100830078125e+01
6.286125659942626953e+00 -4.596890509128570557e-01 7.089997100830078125e+01
6.218300819396972656e+00 -8.573879599571228027e-01 7.159486389160156250e+01
6.286122322082519531e+00 -4.596889317035675049e-01 7.089997100830078125e+01
6.906508445739746094e+00 -8.597218394279479980e-01 7.101596069335937500e+01
5.777846336364746094e+00 -8.597186803817749023e-01 7.121636962890625000e+01
6.286124229431152344e+00 -4.596888720989227295e-01 7.089997100830078125e+01
6.529866218566894531e+00 -8.596953749656677246e-01 7.138069152832031250e+01
6.286119937896728516e+00 -4.596906900405883789e-01 7.089997100830078125e+01
6.286127090454101562e+00 -4.596906900405883789e-01 7.089997100830078125e+01
6.087293148040771484e+00 -8.597113490104675293e-01 7.131428527832031250e+01
6.286123275756835938e+00 -4.596893787384033203e-01 7.089997100830078125e+01
6.640193462371826172e+00 -8.597095608711242676e-01 7.110980224609375000e+01
5.905680179595947266e+00 -8.597103953361511230e-01 7.097972869873046875e+01
6.286125183105468750e+00 -4.596899747848510742e-01 7.089997100830078125e+01
6.327079296112060547e+00 -8.596989512443542480e-01 7.124218750000000000e+01
6.286121845245361328e+00 -4.596905112266540527e-01 7.089997100830078125e+01
6.286126613616943359e+00 -4.596913158893585205e-01 7.089997100830078125e+01
6.084944248199462891e+00 -8.597047924995422363e-01 7.109630584716796875e+01
6.286123752593994141e+00 -4.596902132034301758e-01 7.089997100830078125e+01
6.437362194061279297e+00 -8.597019910812377930e-01 7.108483886718750000e+01
6.286121845245361328e+00 -4.596913158893585205e-01 7.089997100830078125e+01
6.286125183105468750e+00 -4.596910774707794189e-01 7.089997100830078125e+01
6.246879577636718750e+00 -8.597029447555541992e-01 7.106679534912109375e+01
6.286123275756835938e+00 -4.596909880638122559e-01 7.089997100830078125e+01
6.397518634796142578e+00 -8.597053289413452148e-01 7.093670654296875000e+01
6.211672782897949219e+00 -8.597059249877929688e-01 7.093349456787109375e+01
6.286123752593994141e+00 -5.178187489509582520e-01 7.089997100830078125e+01
