1.807484054565429688e+01 4.380308151245117188e+00 7.090004730224609375e+01
1.768133354187011719e+01 6.746644973754882812e+00 7.126052856445312500e+01
1.816259956359863281e+01 7.555376052856445312e+00 6.990008544921875000e+01
1.807484054565429688e+01 4.132102489471435547e+00 7.090004730224609375e+01
1.807484054565429688e+01 4.132102012634277344e+00 7.090004730224609375e+01
1.964676094055175781e+01 7.956163883209228516e+00 6.990012359619140625e+01
1.788805961608886719e+01 5.457029819488525391e+00 7.159486389160156250e+01
1.755550003051757812e+01 6.019158840179443359e+00 6.990008544921875000e+01
1.807484054565429688e+01 4.132102489471435547e+00 7.090004730224609375e+01
1.767486572265625000e+01 4.747860431671142578e+00 7.106514739990234375e+01
1.904075813293457031e+01 7.149513244628906250e+00 6.883593750000000000e+01
1.852804946899414062e+01 6.005969047546386719e+00 7.234494781494140625e+01
1.807344245910644531e+01 4.133977413177490234e+00 7.089923858642578125e+01
2.259152030944824219e+01 9.180352210998535156e+00 6.990706634521484375e+01
1.767486953735351562e+01 4.847779273986816406e+00 7.146896362304687500e+01
1.794524002075195312e+01 5.112269401550292969e+00 6.989993286132812500e+01
1.978925323486328125e+01 6.193201541900634766e+00 7.234495544433593750e+01
1.767487907409667969e+01 4.480552673339843750e+00 7.091658782958984375e+01
1.907974433898925781e+01 5.301640033721923828e+00 6.990003204345703125e+01
1.804271125793457031e+01 4.676249504089355469e+00 7.159487152099609375e+01
1.807436180114746094e+01 4.132657527923583984e+00 7.089947509765625000e+01
1.807484054565429688e+01 4.132102489471435547e+00 7.090004730224609375e+01
1.767487525939941406e+01 4.457661628723144531e+00 7.117832946777343750e+01
1.829982185363769531e+01 4.781819820404052734e+00 6.989997863769531250e+01
1.890278434753417969e+01 5.133000373840332031e+00 7.234491729736328125e+01
1.807259559631347656e+01 4.133444786071777344e+00 7.089933013916015625e+01
2.023922157287597656e+01 5.418180465698242188e+00 6.990004730224609375e+01
1.778404808044433594e+01 4.516482830047607422e+00 7.159487915039062500e+01
1.807477760314941406e+01 4.132192611694335938e+00 7.089987182617187500e+01
2.082400512695312500e+01 5.545194149017333984e+00 7.234493255615234375e+01
1.767488288879394531e+01 4.309378623962402344e+00 7.100547790527343750e+01
1.871785354614257812e+01 4.611161231994628906e+00 6.990001678466796875e+01
1.832315254211425781e+01 4.686179637908935547e+00 7.234490203857421875e+01
1.807452011108398438e+01 4.132245540618896484e+00 7.089979553222656250e+01
2.885221672058105469e+01 7.697712898254394531e+00 7.000716400146484375e+01
1.767487525939941406e+01 4.312547206878662109e+00 7.133239746093750000e+01
1.807971954345703125e+01 4.415583610534667969e+00 6.990003204345703125e+01
1.938554000854492188e+01 4.641223430633544922e+00 7.234490203857421875e+01
1.807260513305664062e+01 4.132637977600097656e+00 7.089984130859375000e+01
1.939238357543945312e+01 4.491129398345947266e+00 6.990007781982421875e+01
1.794844055175781250e+01 4.270205497741699219e+00 7.159485626220703125e+01
1.807459259033203125e+01 4.132183074951171875e+00 7.089965057373046875e+01
1.807484054565429688e+01 4.132102012634277344e+00 7.090004730224609375e+01
1.767487716674804688e+01 4.191649913787841797e+00 7.110530090332031250e+01
1.844559669494628906e+01 4.251348018646240234e+00 6.989999389648437500e+01
1.866301918029785156e+01 4.274507999420166016e+00 7.234489440917968750e+01
1.807321357727050781e+01 4.132229804992675781e+00 7.089927673339843750e+01
2.131823730468750000e+01 4.303737640380859375e+00 6.990007019042968750e+01
1.767486763000488281e+01 4.156084060668945312e+00 7.158252716064453125e+01
1.807476615905761719e+01 4.132105350494384766e+00 7.089970397949218750e+01
2.010881996154785156e+01 4.106899261474609375e+00 7.234489440917968750e+01
1.767486763000488281e+01 4.119882106781005859e+00 7.094989776611328125e+01
1.892601585388183594e+01 4.065693855285644531e+00 6.990004730224609375e+01
1.807484054565429688e+01 4.132102012634277344e+00 7.090004730224609375e+01
1.807393074035644531e+01 4.131983757019042969e+00 7.089912414550781250e+01
1.807484054565429688e+01 4.132102012634277344e+00 7.090004730224609375e+01
1.767825889587402344e+01 4.063959121704101562e+00 7.122772216796875000e+01
1.821436119079589844e+01 3.977330446243286133e+00 6.990003204345703125e+01
1.906969261169433594e+01 3.826330900192260742e+00 7.234487915039062500e+01
1.807307815551757812e+01 4.131748199462890625e+00 7.089964294433593750e+01
1.983980941772460938e+01 3.691782236099243164e+00 6.990008544921875000e+01
1.784941482543945312e+01 3.957608222961425781e+00 7.159492492675781250e+01
1.807448959350585938e+01 4.131881713867187500e+00 7.089927673339843750e+01
2.148050498962402344e+01 3.083397865295410156e+00 7.234490203857421875e+01
1.767486000061035156e+01 4.002101421356201172e+00 7.104170989990234375e+01
1.860666275024414062e+01 3.758657217025756836e+00 6.990003204345703125e+01
1.807505416870117188e+01 4.131800651550292969e+00 7.090087127685546875e+01
1.807359313964843750e+01 4.131539344787597656e+00 7.089923858642578125e+01
2.406927871704101562e+01 1.683338522911071777e+00 6.989992523193359375e+01
1.767486000061035156e+01 3.853874921798706055e+00 7.141133880615234375e+01
1.807480621337890625e+01 4.131899356842041016e+00 7.089960479736328125e+01
1.807549476623535156e+01 4.131670951843261719e+00 7.090065765380859375e+01
1.807484054565429688e+01 4.132102012634277344e+00 7.090004730224609375e+01
1.918806076049804688e+01 3.324919223785400391e+00 6.990004730224609375e+01
1.800701713562011719e+01 3.734394788742065430e+00 7.159494781494140625e+01
1.807414627075195312e+01 4.131406784057617188e+00 7.089912414550781250e+01
1.807484054565429688e+01 4.132102012634277344e+00 7.090004730224609375e+01
1.767484664916992188e+01 3.817293167114257812e+00 7.114904022216796875e+01
1.835415840148925781e+01 3.400942564010620117e+00 6.990001678466796875e+01
1.807568550109863281e+01 4.130715370178222656e+00 7.090171051025390625e+01
1.807348632812500000e+01 4.130970478057861328e+00 7.089953613281250000e+01
2.056598281860351562e+01 1.917625904083251953e+00 6.990007019042968750e+01
1.774135780334472656e+01 3.461172103881835938e+00 7.159494018554687500e+01
1.807458114624023438e+01 4.131282329559326172e+00 7.089919281005859375e+01
1.807484054565429688e+01 4.132101535797119141e+00 7.090004730224609375e+01
1.767483329772949219e+01 3.711508989334106445e+00 7.098390197753906250e+01
1.879257774353027344e+01 2.788389205932617188e+00 6.990002441406250000e+01
1.807493019104003906e+01 4.131219387054443359e+00 7.090080261230468750e+01
1.807393646240234375e+01 4.130625724792480469e+00 7.089926910400390625e+01
2.553357887268066406e+01 -5.748512744903564453e+00 7.066447448730468750e+01
1.767485618591308594e+01 3.336789846420288086e+00 7.129039001464843750e+01
1.813086509704589844e+01 2.591540575027465820e+00 6.990000915527343750e+01
1.807484054565429688e+01 4.132101535797119141e+00 7.090004730224609375e+01
1.807374000549316406e+01 4.130054473876953125e+00 7.089988708496093750e+01
1.954247283935546875e+01 4.867263734340667725e-01 6.990001678466796875e+01
1.791138076782226562e+01 2.465957403182983398e+00 7.159490966796875000e+01
1.807439804077148438e+01 4.129624843597412109e+00 7.089926147460937500e+01
1.807484054565429688e+01 4.132100582122802734e+00 7.090004730224609375e+01
1.768079948425292969e+01 2.014955997467041016e+00 7.107746124267578125e+01
1.807484054565429688e+01 4.127536773681640625e+00 7.090004730224609375e+01
