1.734380340576171875e+01 -8.597157597541809082e-01 7.089480590820312500e+01
1.576086139678955078e+01 2.431828975677490234e+00 7.234490966796875000e+01
1.743111228942871094e+01 -4.679846763610839844e+00 6.989997100830078125e+01
1.766524887084960938e+01 -6.637987136840820312e+00 7.131407165527343750e+01
1.172017478942871094e+01 5.244299888610839844e+00 6.990006256103515625e+01
1.890763854980468750e+01 -4.281191825866699219e+00 6.990002441406250000e+01
1.695396232604980469e+01 -5.320246219635009766e+00 7.234499359130859375e+01
1.682714271545410156e+01 -6.208263397216796875e+00 6.990000915527343750e+01
1.736070823669433594e+01 -8.057905197143554688e+00 7.090097808837890625e+01
1.383063220977783203e+01 -2.677076816558837891e+00 7.234499359130859375e+01
1.829354286193847656e+01 -5.118712902069091797e+00 6.886526489257812500e+01
1.779866790771484375e+01 -6.204871654510498047e+00 7.234498596191406250e+01
1.562725448608398438e+01 -5.783002376556396484e+00 6.990003204345703125e+01
1.754378890991210938e+01 -7.862062931060791016e+00 7.085083770751953125e+01
1.632425880432128906e+01 -6.261288166046142578e+00 7.234500122070312500e+01
1.721489334106445312e+01 -7.110639095306396484e+00 6.990001678466796875e+01
1.749808883666992188e+01 -7.900100708007812500e+00 7.102483367919921875e+01
1.734380340576171875e+01 -8.085584640502929688e+00 7.089480590820312500e+01
1.750095558166503906e+01 -7.902686119079589844e+00 7.073841857910156250e+01
1.727674484252929688e+01 -6.949878692626953125e+00 7.234499359130859375e+01
1.651368713378906250e+01 -7.124035835266113281e+00 6.990004730224609375e+01
1.807486915588378906e+01 -7.566138744354248047e+00 7.099317169189453125e+01
1.525949478149414062e+01 -6.389021873474121094e+00 7.234501647949218750e+01
1.756697654724121094e+01 -7.441088199615478516e+00 6.990277862548828125e+01
1.749758720397949219e+01 -7.899675369262695312e+00 7.116317749023437500e+01
1.422577762603759766e+01 -6.221322059631347656e+00 6.990007019042968750e+01
1.788625526428222656e+01 -7.763258934020996094e+00 7.064418029785156250e+01
1.673688888549804688e+01 -7.283340930938720703e+00 7.234500122070312500e+01
1.698631668090820312e+01 -7.576262474060058594e+00 6.990090179443359375e+01
1.807485389709472656e+01 -7.709818840026855469e+00 7.127902221679687500e+01
1.184222793579101562e+01 -5.647080421447753906e+00 7.234500122070312500e+01
1.776249122619628906e+01 -7.773653507232666016e+00 7.024365234375000000e+01
1.759303092956542969e+01 -7.529462814331054688e+00 7.234499359130859375e+01
1.605919265747070312e+01 -7.511128425598144531e+00 6.989993286132812500e+01
1.813808631896972656e+01 -7.822802543640136719e+00 7.082900238037109375e+01
1.600223159790039062e+01 -7.480330944061279297e+00 7.234500885009765625e+01
1.734865570068359375e+01 -7.803590774536132812e+00 6.990003967285156250e+01
1.797879028320312500e+01 -7.838933944702148438e+00 7.159478759765625000e+01
6.611110687255859375e+00 -5.511000633239746094e+00 6.990010070800781250e+01
1.819407844543457031e+01 -7.853886604309082031e+00 7.024948120117187500e+01
1.707998085021972656e+01 -7.797336101531982422e+00 7.234500885009765625e+01
1.671774291992187500e+01 -7.880693435668945312e+00 6.989993286132812500e+01
1.829505729675292969e+01 -7.934395313262939453e+00 7.115550231933593750e+01
1.451791191101074219e+01 -7.664854526519775391e+00 7.234500885009765625e+01
1.809275817871093750e+01 -7.844699382781982422e+00 6.887462615966796875e+01
1.762881278991699219e+01 -8.016579627990722656e+00 7.159492492675781250e+01
1.524481010437011719e+01 -7.920935630798339844e+00 6.990005493164062500e+01
1.837461280822753906e+01 -8.031035423278808594e+00 7.057699584960937500e+01
1.649390220642089844e+01 -8.034625053405761719e+00 7.234500885009765625e+01
1.713019180297851562e+01 -8.075306892395019531e+00 6.990005493164062500e+01
1.832942390441894531e+01 -8.097797393798828125e+00 7.159494781494140625e+01
5.708373069763183594e+00 -8.441064834594726562e+00 7.234490966796875000e+01
1.843454170227050781e+01 -8.170682907104492188e+00 6.961336517333984375e+01
1.736933517456054688e+01 -8.135246276855468750e+00 7.159494781494140625e+01
1.636345291137695312e+01 -8.213083267211914062e+00 6.990000152587890625e+01
1.845310020446777344e+01 -8.209770202636718750e+00 7.095152282714843750e+01
1.558865737915039062e+01 -8.387163162231445312e+00 7.234499359130859375e+01
1.734380340576171875e+01 -8.085584640502929688e+00 7.089480590820312500e+01
1.782315254211425781e+01 -8.232913970947265625e+00 7.159096527099609375e+01
1.302058696746826172e+01 -8.953100204467773438e+00 6.990004730224609375e+01
1.847333145141601562e+01 -8.367376327514648438e+00 7.025485992431640625e+01
1.687334632873535156e+01 -8.449747085571289062e+00 7.234499359130859375e+01
1.689008140563964844e+01 -8.370926856994628906e+00 6.990006256103515625e+01
1.846763038635253906e+01 -8.431644439697265625e+00 7.137158966064453125e+01
1.324949073791503906e+01 -9.416304588317871094e+00 7.234492492675781250e+01
1.830817604064941406e+01 -8.762764930725097656e+00 6.908144378662109375e+01
1.752466583251953125e+01 -8.341190338134765625e+00 7.159477996826171875e+01
1.581886768341064453e+01 -8.772946357727050781e+00 6.990373992919921875e+01
1.844660568237304688e+01 -8.536086082458496094e+00 7.071081542968750000e+01
1.620935249328613281e+01 -8.874711036682128906e+00 7.234497070312500000e+01
1.728229713439941406e+01 -8.445745468139648438e+00 7.010562896728515625e+01
1.809330749511718750e+01 -8.580168724060058594e+00 7.159498596191406250e+01
4.648515224456787109e+00 -1.456443023681640625e+01 7.077094268798828125e+01
1.830055809020996094e+01 -8.779316902160644531e+00 7.003535461425781250e+01
1.728233909606933594e+01 -8.446002960205078125e+00 7.152455902099609375e+01
1.659641456604003906e+01 -8.833437919616699219e+00 6.990001678466796875e+01
1.834478950500488281e+01 -8.731037139892578125e+00 7.108195495605468750e+01
1.501414012908935547e+01 -9.919106483459472656e+00 7.234501647949218750e+01
1.766226959228515625e+01 -8.919220924377441406e+00 6.975461578369140625e+01
1.769584846496582031e+01 -8.663329124450683594e+00 7.158912658691406250e+01
1.470040225982666016e+01 -1.029510402679443359e+01 6.990010070800781250e+01
1.820948982238769531e+01 -8.855128288269042969e+00 7.054730987548828125e+01
1.664786720275878906e+01 -9.485727310180664062e+00 7.234495544433593750e+01
1.729546546936035156e+01 -8.238833427429199219e+00 7.073526000976562500e+01
1.808365249633789062e+01 -8.921453475952148438e+00 7.133325958251953125e+01
1.127641296386718750e+01 -1.446522903442382812e+01 7.216677856445312500e+01
1.780762672424316406e+01 -8.953931808471679688e+00 7.024855804443359375e+01
1.741070938110351562e+01 -8.739048004150390625e+00 7.145385742187500000e+01
1.521683597564697266e+01 -1.155637550354003906e+01 6.906640625000000000e+01
1.799394035339355469e+01 -8.946822166442871094e+00 7.087427520751953125e+01
1.585781383514404297e+01 -1.104026699066162109e+01 7.234498596191406250e+01
1.736463356018066406e+01 -8.658371925354003906e+00 7.052298736572265625e+01
1.765867614746093750e+01 -8.918400764465332031e+00 7.127970123291015625e+01
1.387235260009765625e+01 -1.454465961456298828e+01 7.039319610595703125e+01
1.768256950378417969e+01 -8.927030563354492188e+00 7.066397094726562500e+01
1.730060005187988281e+01 -8.525961875915527344e+00 7.107846069335937500e+01
1.728142738342285156e+01 -8.435316085815429688e+00 7.078344726562500000e+01
1.756242561340332031e+01 -8.870653152465820312e+00 7.096691131591796875e+01
1.728057861328125000e+01 -8.425288200378417969e+00 7.092327117919921875e+01
1.734380340576171875e+01 -8.635296821594238281e+00 7.089480590820312500e+01
