-8.836732864379882812e+00 -3.247148990631103516e-01 7.090002441406250000e+01
-8.957139015197753906e+00 4.003210365772247314e-01 7.101032257080078125e+01
-8.748979568481445312e+00 3.023415088653564453e+00 6.990011596679687500e+01
-8.659089088439941406e+00 4.003165662288665771e-01 7.113172912597656250e+01
-1.448933982849121094e+01 1.299888896942138672e+01 6.990015411376953125e+01
-7.264949798583984375e+00 3.424047470092773438e+00 6.990018463134765625e+01
-8.949513435363769531e+00 4.003296792507171631e-01 7.131956481933593750e+01
-9.356034278869628906e+00 1.487231135368347168e+00 6.990013885498046875e+01
-8.348176956176757812e+00 4.003050327301025391e-01 7.107844543457031250e+01
-9.356389045715332031e+00 4.003256261348724365e-01 7.111453247070312500e+01
-8.368807792663574219e+00 1.062059640884399414e+00 6.990009307861328125e+01
-8.643249511718750000e+00 4.003039300441741943e-01 7.151687622070312500e+01
-1.056222534179687500e+01 1.914896488189697266e+00 6.990006256103515625e+01
-4.288072586059570312e+00 4.684312343597412109e+00 6.990001678466796875e+01
-9.283840179443359375e+00 4.003386199474334717e-01 7.153598785400390625e+01
-8.966310501098632812e+00 5.803112387657165527e-01 6.990008544921875000e+01
-8.171307563781738281e+00 4.003045558929443359e-01 7.146084594726562500e+01
-9.754968643188476562e+00 4.002944529056549072e-01 7.093799591064453125e+01
-7.831881523132324219e+00 7.697958350181579590e-01 6.990006256103515625e+01
-8.868863105773925781e+00 1.444808244705200195e-01 7.159487152099609375e+01
-9.671158790588378906e+00 5.668586492538452148e-01 6.990010070800781250e+01
-7.710834026336669922e+00 4.003056287765502930e-01 7.105151367187500000e+01
-9.819593429565429688e+00 4.003361761569976807e-01 7.158386993408203125e+01
-8.611773490905761719e+00 2.499706298112869263e-01 6.990005493164062500e+01
-8.438610076904296875e+00 8.160752803087234497e-02 7.159480285644531250e+01
-1.197114753723144531e+01 1.474379181861877441e+00 6.990006256103515625e+01
-6.672350406646728516e+00 8.863974213600158691e-01 6.990002441406250000e+01
-9.127559661865234375e+00 -1.525647845119237900e-02 7.159494018554687500e+01
-9.196397781372070312e+00 1.127431541681289673e-01 6.990006256103515625e+01
-7.514557361602783203e+00 2.799263894557952881e-01 7.159492492675781250e+01
-1.064158153533935547e+01 4.002947509288787842e-01 7.137577819824218750e+01
-8.193747520446777344e+00 7.935638725757598877e-02 6.990003204345703125e+01
-8.717317581176757812e+00 -1.332205533981323242e-01 7.159487152099609375e+01
-1.012786865234375000e+01 1.776923835277557373e-01 6.990009307861328125e+01
3.234314203262329102e+00 3.593930006027221680e+00 6.989996337890625000e+01
-9.479587554931640625e+00 -1.096563562750816345e-01 7.159493255615234375e+01
-8.831854820251464844e+00 -1.162112504243850708e-01 6.990004730224609375e+01
-8.206489562988281250e+00 -1.548736095428466797e-01 7.159477233886718750e+01
-1.962541007995605469e+01 2.188331604003906250e+00 6.990013122558593750e+01
-7.519128799438476562e+00 -4.063762724399566650e-02 6.990000915527343750e+01
-8.963155746459960938e+00 -2.615548074245452881e-01 7.159495544433593750e+01
-9.465995788574218750e+00 -1.937424689531326294e-01 6.990006256103515625e+01
-6.301310539245605469e+00 3.290668828412890434e-03 7.159487915039062500e+01
-1.019062328338623047e+01 -1.981092244386672974e-01 7.159481811523437500e+01
-8.465998649597167969e+00 -2.804433703422546387e-01 6.990003204345703125e+01
-8.553877830505371094e+00 -3.311988711357116699e-01 7.159484863281250000e+01
-1.094663333892822266e+01 -2.341773360967636108e-01 6.990010070800781250e+01
-5.593079566955566406e+00 -2.280327081680297852e-01 6.989997100830078125e+01
-9.243993759155273438e+00 -3.752627074718475342e-01 7.159494018554687500e+01
-9.051466941833496094e+00 -3.893503844738006592e-01 6.990004730224609375e+01
-8.216450691223144531e+00 -4.073677361011505127e-01 7.134064483642578125e+01
-8.840919494628906250e+00 -3.998098671436309814e-01 7.090054321289062500e+01
-7.985841751098632812e+00 -4.660677015781402588e-01 6.990036010742187500e+01
-8.836538314819335938e+00 -4.000604450702667236e-01 7.090535736083984375e+01
-9.822162628173828125e+00 -5.278415679931640625e-01 6.990007019042968750e+01
-8.836732864379882812e+00 -3.996819555759429932e-01 7.090002441406250000e+01
-8.839361190795898438e+00 -4.001335501670837402e-01 7.090219879150390625e+01
-8.697216033935546875e+00 -5.544498562812805176e-01 6.990003204345703125e+01
-8.831335067749023438e+00 -4.013409614562988281e-01 7.090785980224609375e+01
-1.318246459960937500e+01 -1.271715879440307617e+00 6.990008544921875000e+01
-7.071647644042968750e+00 -8.400308489799499512e-01 6.989999389648437500e+01
-8.837881088256835938e+00 -4.005707502365112305e-01 7.090356445312500000e+01
-9.292840003967285156e+00 -6.865247488021850586e-01 6.990004730224609375e+01
-7.342781066894531250e+00 -8.597137331962585449e-01 7.153383636474609375e+01
-8.839918136596679688e+00 -4.007173180580139160e-01 7.090115356445312500e+01
-8.304916381835937500e+00 -7.731223106384277344e-01 6.990001678466796875e+01
-8.835548400878906250e+00 -4.013552963733673096e-01 7.090460968017578125e+01
-1.037533569335937500e+01 -1.093203783035278320e+00 6.990007019042968750e+01
-2.842493772506713867e+00 -2.848363876342773438e+00 6.989994049072265625e+01
-8.838556289672851562e+00 -4.009501934051513672e-01 7.090235137939453125e+01
-8.914669990539550781e+00 -8.560506701469421387e-01 6.990003967285156250e+01
-8.139549255371093750e+00 -8.597401976585388184e-01 7.155132293701171875e+01
-8.954308509826660156e+00 -4.596849381923675537e-01 7.089888000488281250e+01
-7.723494529724121094e+00 -1.206878423690795898e+00 6.990000915527343750e+01
-8.837018966674804688e+00 -4.013585746288299561e-01 7.090295410156250000e+01
-9.588017463684082031e+00 -1.151434302330017090e+00 6.990004730224609375e+01
-8.133214950561523438e+00 -8.533217310905456543e-01 7.103155517578125000e+01
-8.838779449462890625e+00 -4.012924432754516602e-01 7.090129852294921875e+01
-8.557421684265136719e+00 -1.130823493003845215e+00 6.990002441406250000e+01
-8.836072921752929688e+00 -4.007647633552551270e-01 7.090132904052734375e+01
-1.149406719207763672e+01 -2.620848178863525391e+00 6.990007781982421875e+01
-6.345438957214355469e+00 -2.614293098449707031e+00 6.989998626708984375e+01
-8.837593078613281250e+00 -4.014118611812591553e-01 7.090181732177734375e+01
-9.139706611633300781e+00 -1.360214591026306152e+00 6.990003204345703125e+01
-8.429544448852539062e+00 -8.597168922424316406e-01 7.114133453369140625e+01
-8.838356018066406250e+00 -4.013890624046325684e-01 7.090036773681640625e+01
-8.119006156921386719e+00 -1.743375778198242188e+00 6.990001678466796875e+01
-8.836591720581054688e+00 -4.010619223117828369e-01 7.090120697021484375e+01
-1.000000667572021484e+01 -2.297915458679199219e+00 6.990003967285156250e+01
-8.791443824768066406e+00 -4.596769213676452637e-01 7.089859771728515625e+01
-8.837553024291992188e+00 -4.013120234012603760e-01 7.090082550048828125e+01
-8.780710220336914062e+00 -1.940189242362976074e+00 6.990002441406250000e+01
-8.836695671081542969e+00 -3.997790813446044922e-01 7.090007019042968750e+01
-8.868801116943359375e+00 -4.593492150306701660e-01 7.089539337158203125e+01
-7.369109153747558594e+00 -4.045038223266601562e+00 6.990000152587890625e+01
-8.836839675903320312e+00 -4.007672071456909180e-01 7.090047454833984375e+01
-9.396861076354980469e+00 -3.540255069732666016e+00 6.990003204345703125e+01
-8.820156097412109375e+00 -4.592078328132629395e-01 7.090549468994140625e+01
-8.836853981018066406e+00 -4.003312289714813232e-01 7.090007781982421875e+01
-8.836732864379882812e+00 -4.597098231315612793e-01 7.090002441406250000e+01
