2.235974788665771484e+00 1.462921524047851562e+01 7.089995574951171875e+01
6.585257053375244141e-01 1.134123897552490234e+01 7.234503173828125000e+01
2.323733091354370117e+00 4.283601284027099609e+00 6.989999389648437500e+01
3.343725681304931641e+00 5.848959922790527344e+00 7.234481811523437500e+01
-3.417083263397216797e+00 1.425996398925781250e+01 6.990000915527343750e+01
3.808014392852783203e+00 4.684676647186279297e+00 6.989995574951171875e+01
1.847567677497863770e+00 3.615486621856689453e+00 7.234481048583984375e+01
1.716622710227966309e+00 2.747421026229858398e+00 6.989997863769531250e+01
6.192448616027832031e+00 7.338854312896728516e+00 7.234485626220703125e+01
-1.264307141304016113e+00 6.248987674713134766e+00 7.234481811523437500e+01
2.703909158706665039e+00 2.322092771530151367e+00 6.990000915527343750e+01
2.689174413681030273e+00 2.734148502349853516e+00 7.234482574462890625e+01
5.103729367256164551e-01 3.175048351287841797e+00 6.989993286132812500e+01
6.784689426422119141e+00 5.944377899169921875e+00 6.989993286132812500e+01
1.220188975334167480e+00 2.677894115447998047e+00 7.234480285644531250e+01
2.106397628784179688e+00 1.840315222740173340e+00 6.990001678466796875e+01
3.950349807739257812e+00 2.921377182006835938e+00 7.234483337402343750e+01
-1.352666187286376953e+01 1.459289360046386719e+01 7.155178833007812500e+01
3.240807771682739258e+00 2.029779195785522461e+00 6.990000915527343750e+01
2.169162988662719727e+00 1.991861581802368164e+00 7.234481811523437500e+01
5.685672163963317871e-01 2.791732311248779297e+00 6.890184783935546875e+01
1.297530460357666016e+01 8.490963935852050781e+00 7.234491729736328125e+01
1.593859940767288208e-01 2.550601482391357422e+00 7.234479522705078125e+01
2.460923671722412109e+00 1.509945988655090332e+00 6.990003204345703125e+01
3.063915967941284180e+00 1.861219048500061035e+00 7.234482574462890625e+01
-8.986929059028625488e-01 2.734535455703735352e+00 6.989990997314453125e+01
4.400251388549804688e+00 2.146339416503906250e+00 6.990000152587890625e+01
1.631290674209594727e+00 1.659617662429809570e+00 7.234481811523437500e+01
1.876320719718933105e+00 1.372733235359191895e+00 6.990002441406250000e+01
4.985124588012695312e+00 2.273407220840454102e+00 7.234483337402343750e+01
-3.245727539062500000e+00 3.290018558502197266e+00 7.234491729736328125e+01
2.878913879394531250e+00 1.339326977729797363e+00 6.990003967285156250e+01
2.484287977218627930e+00 1.414403676986694336e+00 7.234481811523437500e+01
9.447938203811645508e-01 1.437717318534851074e+00 6.989999389648437500e+01
1.430645751953125000e+01 4.853748321533203125e+00 6.989994049072265625e+01
8.993498086929321289e-01 1.463344693183898926e+00 7.234481048583984375e+01
2.240852594375610352e+00 1.143774032592773438e+00 6.990004730224609375e+01
3.546684503555297852e+00 1.369448304176330566e+00 7.234482574462890625e+01
-8.552309989929199219e+00 3.448242187500000000e+00 6.990010070800781250e+01
3.553452968597412109e+00 1.219332933425903320e+00 6.990003967285156250e+01
1.973124027252197266e+00 1.147509098052978516e+00 7.234481811523437500e+01
1.606732249259948730e+00 1.066255569458007812e+00 6.990002441406250000e+01
7.508156776428222656e+00 1.698268175125122070e+00 7.234484100341796875e+01
-5.795164704322814941e-01 1.279504656791687012e+00 7.234481811523437500e+01
2.606676578521728516e+00 9.795510768890380859e-01 6.990005493164062500e+01
2.824159860610961914e+00 1.002730369567871094e+00 7.234481811523437500e+01
1.259425282478332520e-01 1.025837898254394531e+00 6.989997100830078125e+01
5.479316711425781250e+00 1.031955599784851074e+00 6.990000152587890625e+01
1.389208316802978516e+00 9.110947251319885254e-01 7.234481048583984375e+01
2.021255970001220703e+00 8.706537485122680664e-01 6.990004730224609375e+01
3.214227914810180664e+00 8.482015728950500488e-01 7.159486389160156250e+01
-3.339898109436035156e+00 6.899716854095458984e-01 7.159486389160156250e+01
3.087070226669311523e+00 7.939212322235107422e-01 6.990005493164062500e+01
2.261320590972900391e+00 8.110234737396240234e-01 7.159498596191406250e+01
1.250569462776184082e+00 7.321664094924926758e-01 6.990002441406250000e+01
2.235996246337890625e+00 8.603205084800720215e-01 7.089995574951171875e+01
1.394817471504211426e+00 7.157908082008361816e-01 7.159496307373046875e+01
2.375478506088256836e+00 7.055698037147521973e-01 6.990006256103515625e+01
2.714548826217651367e+00 7.132317423820495605e-01 7.159499359130859375e+01
-2.084200143814086914e+00 -6.582627538591623306e-03 6.990589141845703125e+01
4.000854969024658203e+00 4.200251996517181396e-01 6.990004730224609375e+01
2.010522603988647461e+00 6.858091354370117188e-01 7.159491729736328125e+01
1.779897928237915039e+00 5.734994411468505859e-01 6.990004730224609375e+01
2.235977172851562500e+00 8.603221774101257324e-01 7.089995574951171875e+01
2.235971450805664062e+00 8.603218197822570801e-01 7.089995574951171875e+01
2.767729759216308594e+00 4.869253933429718018e-01 6.990006256103515625e+01
2.235974788665771484e+00 8.603227734565734863e-01 7.089995574951171875e+01
7.066596150398254395e-01 1.709873378276824951e-01 6.990604400634765625e+01
8.235672950744628906e+00 -1.590589165687561035e+00 6.989895629882812500e+01
2.235974311828613281e+00 8.603224754333496094e-01 7.089995574951171875e+01
2.158045291900634766e+00 4.039997160434722900e-01 6.990007019042968750e+01
2.235975742340087891e+00 8.603221774101257324e-01 7.089995574951171875e+01
2.235974788665771484e+00 8.603228926658630371e-01 7.089995574951171875e+01
3.349078178405761719e+00 5.322431027889251709e-02 6.990006256103515625e+01
2.235974788665771484e+00 8.603224158287048340e-01 7.089995574951171875e+01
1.484742403030395508e+00 1.086233407258987427e-01 6.990005493164062500e+01
2.235979080200195312e+00 8.603200912475585938e-01 7.089995574951171875e+01
2.235972642898559570e+00 8.603212833404541016e-01 7.089995574951171875e+01
2.513781309127807617e+00 1.331197321414947510e-01 6.990534210205078125e+01
2.235975265502929688e+00 8.603219389915466309e-01 7.089995574951171875e+01
-4.214093983173370361e-01 -1.360884666442871094e+00 6.989999389648437500e+01
4.727015018463134766e+00 -1.354062438011169434e+00 6.990002441406250000e+01
2.235974311828613281e+00 8.603217005729675293e-01 7.089995574951171875e+01
1.933033466339111328e+00 -1.001070961356163025e-01 6.990007019042968750e+01
2.235976696014404297e+00 8.603206872940063477e-01 7.089995574951171875e+01
2.235971927642822266e+00 8.603199124336242676e-01 7.089995574951171875e+01
2.953612565994262695e+00 -4.832045137882232666e-01 6.990007019042968750e+01
2.235975027084350586e+00 8.603214025497436523e-01 7.089995574951171875e+01
1.072786569595336914e+00 -1.037770628929138184e+00 6.990004730224609375e+01
2.235977172851562500e+00 8.603196144104003906e-01 7.089995574951171875e+01
2.235973596572875977e+00 8.603205680847167969e-01 7.089995574951171875e+01
2.291990518569946289e+00 -6.799843311309814453e-01 6.990008544921875000e+01
2.235975742340087891e+00 8.603205084800720215e-01 7.089995574951171875e+01
2.235973119735717773e+00 8.603196144104003906e-01 7.089995574951171875e+01
3.703420639038085938e+00 -2.784591674804687500e+00 6.990004730224609375e+01
2.235974550247192383e+00 8.603203892707824707e-01 7.089995574951171875e+01
1.675900697708129883e+00 -2.279946327209472656e+00 6.990006256103515625e+01
2.235975742340087891e+00 8.603197336196899414e-01 7.089995574951171875e+01
2.235974311828613281e+00 8.603197336196899414e-01 7.089995574951171875e+01
2.235974788665771484e+00 8.603196144104003906e-01 7.089995574951171875e+01
