1.844781303405761719e+01 -3.997030854225158691e-01 7.090000915527343750e+01
1.807487106323242188e+01 -5.713202476501464844e+00 7.124165344238281250e+01
1.853557777404785156e+01 -4.767612457275390625e+00 6.989998626708984375e+01
1.955564308166503906e+01 -3.202119112014770508e+00 7.234497833251953125e+01
1.842132759094238281e+01 -8.128329277038574219e+00 7.089532470703125000e+01
2.001987075805664062e+01 -4.366710662841796875e+00 6.989999389648437500e+01
1.805937385559082031e+01 -5.435715675354003906e+00 7.234498596191406250e+01
1.742501831054687500e+01 -4.474723339080810547e+00 6.893067932128906250e+01
2.240439796447753906e+01 -1.712398171424865723e+00 7.234494781494140625e+01
1.826115226745605469e+01 -7.903748989105224609e+00 7.097705841064453125e+01
1.891576194763183594e+01 -6.729292392730712891e+00 6.990002441406250000e+01
1.890104293823242188e+01 -6.317160129547119141e+00 7.234497833251953125e+01
1.819878578186035156e+01 -7.857065677642822266e+00 7.075569152832031250e+01
2.299580764770507812e+01 -3.107861042022705078e+00 6.990014648437500000e+01
1.833581733703613281e+01 -7.990714550018310547e+00 7.105931091308593750e+01
1.831822013854980469e+01 -7.210991859436035156e+00 6.989994049072265625e+01
2.016228103637695312e+01 -6.129945278167724609e+00 7.234496307373046875e+01
1.844781303405761719e+01 -8.191110610961914062e+00 7.090000915527343750e+01
1.945265960693359375e+01 -7.021638393402099609e+00 6.990005493164062500e+01
1.838099670410156250e+01 -7.059488296508789062e+00 7.234497833251953125e+01
1.812459754943847656e+01 -7.816720008850097656e+00 7.051268768310546875e+01
2.859275245666503906e+01 -9.828037023544311523e-01 7.226499938964843750e+01
1.767486381530761719e+01 -7.561953544616699219e+00 7.143780517578125000e+01
1.867278480529785156e+01 -7.541422843933105469e+00 6.989998626708984375e+01
1.927580833435058594e+01 -7.190147876739501953e+00 7.234497070312500000e+01
1.775324440002441406e+01 -7.775829315185546875e+00 7.067842102050781250e+01
2.061208915710449219e+01 -6.905093669891357422e+00 6.990005493164062500e+01
1.819127845764160156e+01 -7.852012157440185547e+00 7.151298522949218750e+01
1.822651481628417969e+01 -7.875819206237792969e+00 7.028474426269531250e+01
2.119709205627441406e+01 -6.777959823608398438e+00 7.234495544433593750e+01
1.761441993713378906e+01 -7.821719646453857422e+00 7.111968994140625000e+01
1.909080696105957031e+01 -7.712065696716308594e+00 6.990000915527343750e+01
1.869614601135253906e+01 -7.636986255645751953e+00 7.234498596191406250e+01
1.761805152893066406e+01 -7.820055007934570312e+00 7.025739288330078125e+01
2.549433898925781250e+01 -5.859822273254394531e+00 7.031621551513671875e+01
1.781080627441406250e+01 -7.903723239898681641e+00 7.158859252929687500e+01
1.845269203186035156e+01 -7.907640933990478516e+00 6.990003204345703125e+01
1.975861549377441406e+01 -7.681949138641357422e+00 7.234497833251953125e+01
1.743982124328613281e+01 -7.949311256408691406e+00 7.080658721923828125e+01
1.976518440246582031e+01 -7.832129478454589844e+00 6.990016937255859375e+01
1.832136917114257812e+01 -8.052961349487304688e+00 7.159505462646484375e+01
1.751316833496093750e+01 -7.885228633880615234e+00 6.941476440429687500e+01
2.372002983093261719e+01 -7.353159904479980469e+00 7.234490203857421875e+01
1.737528419494628906e+01 -8.031428337097167969e+00 7.145041656494140625e+01
1.881850624084472656e+01 -8.071885108947753906e+00 6.990013122558593750e+01
1.903605270385742188e+01 -8.048689842224121094e+00 7.234500122070312500e+01
1.733621406555175781e+01 -8.103914260864257812e+00 7.037319946289062500e+01
2.169079399108886719e+01 -8.019496917724609375e+00 6.990016174316406250e+01
1.804060173034667969e+01 -8.166694641113281250e+00 7.159484100341796875e+01
1.844781303405761719e+01 -8.191110610961914062e+00 7.090000915527343750e+01
2.048199844360351562e+01 -8.216315269470214844e+00 7.234500122070312500e+01
1.729183197021484375e+01 -8.226427078247070312e+00 7.104407501220703125e+01
1.929901123046875000e+01 -8.257520675659179688e+00 6.989998626708984375e+01
1.850050926208496094e+01 -8.293607711791992188e+00 7.234502410888671875e+01
1.728416061401367188e+01 -8.342449188232421875e+00 6.971920013427734375e+01
2.861112403869628906e+01 -9.328887939453125000e+00 7.141966247558593750e+01
1.760686111450195312e+01 -8.335607528686523438e+00 7.159484863281250000e+01
1.858733558654785156e+01 -8.345885276794433594e+00 6.989997100830078125e+01
1.944279098510742188e+01 -8.496919631958007812e+00 7.234502410888671875e+01
1.728058624267578125e+01 -8.425331115722656250e+00 7.063143157958984375e+01
2.021265029907226562e+01 -8.631397247314453125e+00 6.990012359619140625e+01
1.822239112854003906e+01 -8.365600585937500000e+00 7.159487152099609375e+01
1.754943656921386719e+01 -8.756093025207519531e+00 6.893039703369140625e+01
2.185387802124023438e+01 -9.239938735961914062e+00 7.234503936767578125e+01
1.730988121032714844e+01 -8.560956954956054688e+00 7.130303955078125000e+01
1.897965049743652344e+01 -8.564565658569335938e+00 6.989996337890625000e+01
1.882118225097656250e+01 -8.718775749206542969e+00 7.234501647949218750e+01
1.736890411376953125e+01 -8.677426338195800781e+00 7.019881439208984375e+01
2.444213485717773438e+01 -1.063982677459716797e+01 6.989990997314453125e+01
1.790418815612792969e+01 -8.569256782531738281e+00 7.159492492675781250e+01
1.836104965209960938e+01 -8.699165344238281250e+00 6.978676605224609375e+01
1.999460792541503906e+01 -9.211810111999511719e+00 7.234500885009765625e+01
1.740118789672851562e+01 -8.725239753723144531e+00 7.088980102539062500e+01
1.956096076965332031e+01 -8.998241424560546875e+00 6.990007019042968750e+01
1.838000106811523438e+01 -8.588747024536132812e+00 7.159478759765625000e+01
1.770609664916992188e+01 -8.933288574218750000e+00 6.991277313232421875e+01
2.617675971984863281e+01 -1.317486381530761719e+01 7.234505462646484375e+01
1.757427597045898438e+01 -8.878613471984863281e+00 7.144378662109375000e+01
1.896853446960449219e+01 -9.554181098937988281e+00 6.903569793701171875e+01
1.918046760559082031e+01 -9.393475532531738281e+00 7.234498596191406250e+01
1.760668754577636719e+01 -8.894175529479980469e+00 7.058349609375000000e+01
2.093907737731933594e+01 -1.040569591522216797e+01 6.989998626708984375e+01
1.811431312561035156e+01 -8.862071990966796875e+00 7.159493255615234375e+01
1.824664497375488281e+01 -8.828884124755859375e+00 7.023603820800781250e+01
2.088596534729003906e+01 -1.094569301605224609e+01 7.234492492675781250e+01
1.773467445373535156e+01 -8.940950393676757812e+00 7.104951477050781250e+01
1.916555023193359375e+01 -9.534825325012207031e+00 6.989997863769531250e+01
1.846708869934082031e+01 -8.379376411437988281e+00 7.106107330322265625e+01
1.798810768127441406e+01 -8.941258430480957031e+00 7.050483703613281250e+01
2.327514266967773438e+01 -1.458588886260986328e+01 7.074754333496093750e+01
1.808023262023925781e+01 -8.921991348266601562e+00 7.125872802734375000e+01
1.845757293701171875e+01 -8.459477424621582031e+00 7.072579956054687500e+01
1.962983131408691406e+01 -1.131745910644531250e+01 7.234488677978515625e+01
1.804981040954589844e+01 -8.931644439697265625e+00 7.084249877929687500e+01
1.991530990600585938e+01 -1.183615398406982422e+01 6.990007019042968750e+01
1.840373039245605469e+01 -8.640443801879882812e+00 7.108740234375000000e+01
1.835635757446289062e+01 -8.703885078430175781e+00 7.073674011230468750e+01
1.846370887756347656e+01 -8.248194694519042969e+00 7.090525054931640625e+01
1.834825134277343750e+01 -8.726050376892089844e+00 7.094483947753906250e+01
1.844781303405761719e+01 -8.531472206115722656e+00 7.090000915527343750e+01
