9.913391113281250000e+00 4.003003835678100586e-01 7.089997863769531250e+01
9.792981147766113281e+00 4.003160595893859863e-01 7.101028442382812500e+01
1.000116729736328125e+01 3.024248600006103516e+00 6.989981842041015625e+01
1.009104347229003906e+01 4.003221690654754639e-01 7.113169097900390625e+01
4.311414718627929688e+00 1.287884616851806641e+01 6.990906524658203125e+01
1.258595848083496094e+01 6.101930618286132812e+00 6.919991302490234375e+01
9.800606727600097656e+00 4.003201723098754883e-01 7.131953430175781250e+01
9.394010543823242188e+00 1.487488746643066406e+00 6.989994049072265625e+01
1.040197277069091797e+01 4.003138542175292969e-01 7.107840728759765625e+01
9.393722534179687500e+00 4.003125727176666260e-01 7.111448669433593750e+01
1.038136291503906250e+01 1.062171339988708496e+00 6.989994812011718750e+01
1.010687828063964844e+01 4.002899527549743652e-01 7.151684570312500000e+01
8.187764167785644531e+00 1.915045022964477539e+00 6.989994049072265625e+01
1.446215152740478516e+01 4.684391498565673828e+00 6.989994812011718750e+01
9.466277122497558594e+00 4.003171324729919434e-01 7.153594970703125000e+01
9.746787071228027344e+00 8.603114485740661621e-01 6.961431121826171875e+01
1.057883358001708984e+01 4.002933204174041748e-01 7.146081542968750000e+01
8.995094299316406250e+00 4.003150165081024170e-01 7.093795013427734375e+01
1.099605846405029297e+01 8.603280186653137207e-01 6.982257843017578125e+01
9.881255149841308594e+00 1.445551067590713501e-01 7.159495544433593750e+01
8.825593948364257812e+00 8.603143692016601562e-01 6.959643554687500000e+01
1.103934001922607422e+01 4.003082811832427979e-01 7.105147552490234375e+01
8.930511474609375000e+00 4.003186523914337158e-01 7.158383941650390625e+01
1.018973731994628906e+01 3.983376920223236084e-01 6.967159271240234375e+01
1.031161785125732422e+01 8.170070499181747437e-02 7.159494018554687500e+01
6.778809547424316406e+00 1.474446535110473633e+00 6.989996337890625000e+01
9.913391113281250000e+00 -3.997145891189575195e-01 7.089997863769531250e+01
9.622546195983886719e+00 -1.526431459933519363e-02 7.159494018554687500e+01
9.351858139038085938e+00 4.003190994262695312e-01 6.933877563476562500e+01
1.123570156097412109e+01 2.799629867076873779e-01 7.159494781494140625e+01
8.108477592468261719e+00 4.002906382083892822e-01 7.137574768066406250e+01
1.098721122741699219e+01 4.003055989742279053e-01 6.922994232177734375e+01
1.003282928466796875e+01 -1.332033276557922363e-01 7.159495544433593750e+01
8.124389648437500000e+00 4.002965986728668213e-01 6.951447296142578125e+01
2.192454338073730469e+01 3.574081659317016602e+00 6.990487670898437500e+01
9.270524024963378906e+00 -1.096834763884544373e-01 7.159490203857421875e+01
9.921684265136718750e+00 8.219954371452331543e-02 6.919996643066406250e+01
1.054381752014160156e+01 -1.548351049423217773e-01 7.159493255615234375e+01
-8.705199360847473145e-01 2.187155723571777344e+00 6.990052795410156250e+01
1.215318393707275391e+01 2.106242626905441284e-01 6.920005798339843750e+01
9.786964416503906250e+00 -2.615824639797210693e-01 7.159493255615234375e+01
8.843547821044921875e+00 -4.958609864115715027e-02 6.919989013671875000e+01
1.244911098480224609e+01 3.305271500721573830e-03 7.159491729736328125e+01
8.559154510498046875e+00 -1.980902999639511108e-01 7.159494781494140625e+01
1.054367733001708984e+01 -1.969966888427734375e-01 6.919989013671875000e+01
1.019630622863769531e+01 -3.312169313430786133e-01 7.159495544433593750e+01
6.326191902160644531e+00 -1.183278486132621765e-01 6.919993591308593750e+01
1.542740154266357422e+01 -1.079214438796043396e-01 6.919995117187500000e+01
9.506134033203125000e+00 -3.752955496311187744e-01 7.159489440917968750e+01
9.548602104187011719e+00 -3.821633458137512207e-01 6.920121765136718750e+01
1.053390693664550781e+01 -4.074032306671142578e-01 7.134076690673828125e+01
9.908986091613769531e+00 -3.998491466045379639e-01 7.090052795410156250e+01
1.076437091827392578e+01 -4.661072194576263428e-01 6.990021514892578125e+01
9.913391113281250000e+00 -3.997145891189575195e-01 7.089997863769531250e+01
8.927928924560546875e+00 -5.278784632682800293e-01 6.989998626708984375e+01
1.397017669677734375e+01 -8.538694977760314941e-01 7.110740661621093750e+01
9.909109115600585938e+00 -4.004503786563873291e-01 7.090351867675781250e+01
1.005290794372558594e+01 -5.544825792312622070e-01 6.989998626708984375e+01
1.039181518554687500e+01 -5.467597842216491699e-01 7.159479522705078125e+01
5.567541599273681641e+00 -1.271772146224975586e+00 6.990000915527343750e+01
1.167844486236572266e+01 -8.400554656982421875e-01 6.989997100830078125e+01
9.910634040832519531e+00 -4.018487930297851562e-01 7.090847778320312500e+01
9.457277297973632812e+00 -6.865610480308532715e-01 6.989999389648437500e+01
1.140724277496337891e+01 -8.597153425216674805e-01 7.153374481201171875e+01
9.909403800964355469e+00 -4.010106325149536133e-01 7.090139007568359375e+01
1.044519805908203125e+01 -7.731484770774841309e-01 6.989999389648437500e+01
1.009291934967041016e+01 -6.534333229064941406e-01 7.159478759765625000e+01
8.374744415283203125e+00 -1.093256473541259766e+00 6.990000152587890625e+01
1.590733623504638672e+01 -2.848276376724243164e+00 6.989994049072265625e+01
9.910419464111328125e+00 -4.017814397811889648e-01 7.090377807617187500e+01
9.835453987121582031e+00 -8.560816645622253418e-01 6.989999389648437500e+01
1.061046409606933594e+01 -8.596993088722229004e-01 7.155117797851562500e+01
9.795873641967773438e+00 -4.596876204013824463e-01 7.089883422851562500e+01
1.102661228179931641e+01 -1.206898927688598633e+00 6.989997863769531250e+01
9.913266181945800781e+00 -4.004459679126739502e-01 7.090126037597656250e+01
9.162102699279785156e+00 -1.151470303535461426e+00 6.990000152587890625e+01
1.062675666809082031e+01 -8.597043752670288086e-01 7.103335571289062500e+01
9.910668373107910156e+00 -4.018573462963104248e-01 7.090167236328125000e+01
1.019269561767578125e+01 -1.130838513374328613e+00 6.990000152587890625e+01
1.019367694854736328e+01 -8.596938252449035645e-01 7.145277404785156250e+01
7.256057262420654297e+00 -2.620880126953125000e+00 6.990003204345703125e+01
1.240460777282714844e+01 -2.614257335662841797e+00 6.989997100830078125e+01
9.912517547607421875e+00 -4.014722406864166260e-01 7.090180206298828125e+01
9.610957145690917969e+00 -1.358536362648010254e+00 6.990177154541015625e+01
1.032052803039550781e+01 -8.596907854080200195e-01 7.114125823974609375e+01
9.911296844482421875e+00 -4.019163548946380615e-01 7.090042114257812500e+01
1.063110828399658203e+01 -1.743391513824462891e+00 6.989997863769531250e+01
9.960487365722656250e+00 -8.597018122673034668e-01 7.129351043701171875e+01
8.750150680541992188e+00 -2.297892808914184570e+00 6.990002441406250000e+01
9.958653450012207031e+00 -4.596733152866363525e-01 7.089855194091796875e+01
9.912501335144042969e+00 -4.014845490455627441e-01 7.090084838867187500e+01
9.969412803649902344e+00 -1.940190434455871582e+00 6.989999389648437500e+01
1.008730220794677734e+01 -8.596972227096557617e-01 7.111256408691406250e+01
9.881340980529785156e+00 -4.593487679958343506e-01 7.089534759521484375e+01
1.138103485107421875e+01 -4.045120239257812500e+00 6.989994049072265625e+01
9.913349151611328125e+00 -4.001433253288269043e-01 7.090015411376953125e+01
9.353269577026367188e+00 -3.540250062942504883e+00 6.990000152587890625e+01
9.929958343505859375e+00 -4.592061638832092285e-01 7.090544128417968750e+01
9.913243293762207031e+00 -4.005078971385955811e-01 7.090004730224609375e+01
9.913391113281250000e+00 -4.597080051898956299e-01 7.089997863769531250e+01
