-1.792585372924804688e+01 2.935022830963134766e+00 7.089999389648437500e+01
-1.792585372924804688e+01 1.024520277976989746e+00 7.089999389648437500e+01
-1.783810043334960938e+01 4.447596549987792969e+00 6.990009307861328125e+01
-1.752582168579101562e+01 2.826023340225219727e+00 7.142176818847656250e+01
-2.357899284362792969e+01 1.442435359954833984e+01 6.990003204345703125e+01
-1.635388755798339844e+01 4.848695755004882812e+00 6.990003967285156250e+01
-1.792585372924804688e+01 1.024520277976989746e+00 7.089999389648437500e+01
-1.844517707824707031e+01 2.911511182785034180e+00 6.990007019042968750e+01
-1.752583885192871094e+01 1.679524302482604980e+00 7.104608154296875000e+01
-1.792585372924804688e+01 1.024520277976989746e+00 7.089999389648437500e+01
-1.745791625976562500e+01 2.486299991607666016e+00 6.990003967285156250e+01
-1.770793914794921875e+01 1.925522804260253906e+00 7.159474182128906250e+01
-1.965119361877441406e+01 3.338894367218017578e+00 6.990012359619140625e+01
-1.338759231567382812e+01 6.096891403198242188e+00 6.990226745605468750e+01
-1.792585372924804688e+01 1.024520277976989746e+00 7.089999389648437500e+01
-1.805543136596679688e+01 2.004518747329711914e+00 6.990004730224609375e+01
-1.752584457397460938e+01 1.505418539047241211e+00 7.123712158203125000e+01
-1.792585372924804688e+01 1.024520277976989746e+00 7.089999389648437500e+01
-1.692101669311523438e+01 2.193981885910034180e+00 6.990004730224609375e+01
-1.792585372924804688e+01 1.024520277976989746e+00 7.089999389648437500e+01
-1.876026725769042969e+01 1.991047382354736328e+00 6.990008544921875000e+01
-1.752583122253417969e+01 1.308748602867126465e+00 7.095381927490234375e+01
-1.792585372924804688e+01 1.024520277976989746e+00 7.089999389648437500e+01
-1.770089530944824219e+01 1.674171447753906250e+00 6.990003204345703125e+01
-1.752766418457031250e+01 1.505891442298889160e+00 7.159488677978515625e+01
-2.105988121032714844e+01 2.898350477218627930e+00 6.990015411376953125e+01
-1.576163005828857422e+01 2.310505628585815430e+00 6.990007019042968750e+01
-1.792585372924804688e+01 1.024520277976989746e+00 7.089999389648437500e+01
-1.828550910949707031e+01 1.536931514739990234e+00 6.990006256103515625e+01
-1.752584457397460938e+01 1.230128288269042969e+00 7.111022949218750000e+01
-1.792585372924804688e+01 1.024520277976989746e+00 7.089999389648437500e+01
-1.683263969421386719e+01 1.838989734649658203e+00 6.919979095458984375e+01
-1.780643272399902344e+01 1.290993452072143555e+00 7.159487152099609375e+01
-1.921693229675292969e+01 1.601868510246276855e+00 6.990010833740234375e+01
-5.857004165649414062e+00 5.017405509948730469e+00 6.990011596679687500e+01
-1.792585372924804688e+01 1.024520277976989746e+00 7.089999389648437500e+01
-1.792097473144531250e+01 1.307983160018920898e+00 6.990003967285156250e+01
-1.752586174011230469e+01 1.179891228675842285e+00 7.134092712402343750e+01
-2.871681785583496094e+01 3.613082408905029297e+00 6.989988708496093750e+01
-1.660828781127929688e+01 1.383554100990295410e+00 6.990000915527343750e+01
-1.792585372924804688e+01 1.024520277976989746e+00 7.089999389648437500e+01
-1.855508995056152344e+01 1.230450749397277832e+00 6.990007781982421875e+01
-1.752583694458007812e+01 1.088097691535949707e+00 7.100962066650390625e+01
-1.792585372924804688e+01 1.024520277976989746e+00 7.089999389648437500e+01
-1.729559516906738281e+01 1.227229475975036621e+00 6.919998168945312500e+01
-1.764295387268066406e+01 1.093014121055603027e+00 7.159493255615234375e+01
-2.003561973571777344e+01 1.190014362335205078e+00 6.990013885498046875e+01
-1.468209171295166016e+01 1.196175336837768555e+00 6.989990997314453125e+01
-1.792585372924804688e+01 1.024520277976989746e+00 7.089999389648437500e+01
-1.814057922363281250e+01 1.034851431846618652e+00 6.990005493164062500e+01
-1.752585029602050781e+01 1.019563913345336914e+00 7.118413543701171875e+01
-2.140937423706054688e+01 9.180935621261596680e-01 7.133413696289062500e+01
-1.707467842102050781e+01 9.581123590469360352e-01 6.990000152587890625e+01
-1.790051269531250000e+01 9.752299189567565918e-01 7.159489440917968750e+01
-1.891123771667480469e+01 8.963664770126342773e-01 6.990008544921875000e+01
-1.792585372924804688e+01 1.024520277976989746e+00 7.089999389648437500e+01
-1.792585372924804688e+01 1.024520277976989746e+00 7.089999389648437500e+01
-1.768867301940917969e+01 7.614138722419738770e-01 6.920000457763671875e+01
-1.752586936950683594e+01 9.015839695930480957e-01 7.148089599609375000e+01
-2.227177429199218750e+01 1.524486690759658813e-01 6.990000915527343750e+01
-1.566427326202392578e+01 4.603071510791778564e-01 6.961867523193359375e+01
-1.792585372924804688e+01 1.024520277976989746e+00 7.089999389648437500e+01
-1.838194465637207031e+01 7.376879453659057617e-01 6.990005493164062500e+01
-1.752584266662597656e+01 9.013450741767883301e-01 7.106970214843750000e+01
-1.988801383972167969e+01 3.867855966091156006e-01 7.159494781494140625e+01
-1.712235641479492188e+01 4.603060483932495117e-01 6.938912963867187500e+01
-1.774628448486328125e+01 7.707424163818359375e-01 7.159496307373046875e+01
-1.946439933776855469e+01 3.310242295265197754e-01 6.990007781982421875e+01
-1.792346572875976562e+01 1.023545145988464355e+00 7.089959716796875000e+01
-1.792585372924804688e+01 1.024520277976989746e+00 7.089999389648437500e+01
-1.800377082824707031e+01 5.682736635208129883e-01 6.990027618408203125e+01
-1.718212318420410156e+01 5.337463021278381348e-01 7.159477996826171875e+01
-2.882305908203125000e+01 -4.536701202392578125e+00 7.079367065429687500e+01
-1.792449760437011719e+01 1.023537158966064453e+00 7.089877319335937500e+01
-1.792585372924804688e+01 1.024520277976989746e+00 7.089999389648437500e+01
-1.867711830139160156e+01 2.727890014648437500e-01 6.990004730224609375e+01
-1.705085945129394531e+01 4.603090882301330566e-01 7.106359100341796875e+01
-1.904197120666503906e+01 1.460983455181121826e-01 7.159477233886718750e+01
-1.745100212097167969e+01 -2.184805124998092651e-01 6.919990539550781250e+01
-1.758205604553222656e+01 4.603109061717987061e-01 7.157804870605468750e+01
-2.058298110961914062e+01 -1.196471929550170898e+00 6.990013122558593750e+01
-1.792101097106933594e+01 1.020215272903442383e+00 7.089804840087890625e+01
-1.825936126708984375e+01 3.535422682762145996e-01 7.159494018554687500e+01
-1.822882270812988281e+01 6.400540471076965332e-02 6.990002441406250000e+01
-1.742645645141601562e+01 4.603103697299957275e-01 7.119595336914062500e+01
-1.928037834167480469e+01 -3.997144103050231934e-01 7.118395996093750000e+01
-1.792444419860839844e+01 1.021880388259887695e+00 7.089802551269531250e+01
-1.786808586120605469e+01 4.602988064289093018e-01 7.138269805908203125e+01
-1.908906364440917969e+01 -8.736094236373901367e-01 6.990007019042968750e+01
-1.792134666442871094e+01 1.018549323081970215e+00 7.089984893798828125e+01
-1.863787269592285156e+01 -3.912293016910552979e-01 7.159485626220703125e+01
-1.785195541381835938e+01 -1.007523536682128906e+00 6.958091735839843750e+01
-1.771253204345703125e+01 4.603012800216674805e-01 7.116075134277343750e+01
-2.484603881835937500e+01 -1.185136222839355469e+01 6.990006256103515625e+01
-1.792405891418457031e+01 1.020060539245605469e+00 7.089877319335937500e+01
-1.806558036804199219e+01 -3.997235894203186035e-01 7.149397277832031250e+01
-1.848594474792480469e+01 -2.115848302841186523e+00 6.990007019042968750e+01
-1.776873207092285156e+01 4.602983891963958740e-01 7.095181274414062500e+01
-1.819092941284179688e+01 -3.997134268283843994e-01 7.101934051513671875e+01
-1.792585372924804688e+01 7.203096747398376465e-01 7.089999389648437500e+01
