-1.787606120109558105e+00 -3.997213244438171387e-01 7.089990234375000000e+01
-1.796462178230285645e+00 -4.008393883705139160e-01 7.090801239013671875e+01
-1.699843525886535645e+00 2.963761568069458008e+00 6.989989471435546875e+01
-1.774291753768920898e+00 -3.997205793857574463e-01 7.091726684570312500e+01
-1.812761664390563965e+00 -4.000536799430847168e-01 7.089545440673828125e+01
-2.161046415567398071e-01 3.363363981246948242e+00 6.990023803710937500e+01
-1.796059012413024902e+00 -3.997200727462768555e-01 7.093134307861328125e+01
-2.306970119476318359e+00 1.427460789680480957e+00 6.989990234375000000e+01
-1.750988245010375977e+00 -3.997206687927246094e-01 7.091327667236328125e+01
-1.826553940773010254e+00 -3.997207880020141602e-01 7.091597747802734375e+01
-8.579149246215820312e-01 2.444561004638671875e+00 6.891320800781250000e+01
-1.773104071617126465e+00 -3.997194170951843262e-01 7.094613647460937500e+01
-3.512707710266113281e+00 1.854373574256896973e+00 6.990016937255859375e+01
2.760609865188598633e+00 4.623816967010498047e+00 6.989998626708984375e+01
-1.821116566658020020e+00 -3.997194766998291016e-01 7.094757080078125000e+01
-1.917189717292785645e+00 5.203611850738525391e-01 6.989991760253906250e+01
-1.737730741500854492e+00 -3.997194766998291016e-01 7.094194030761718750e+01
-1.856274247169494629e+00 -3.998562395572662354e-01 7.090274047851562500e+01
-7.827597856521606445e-01 7.097910642623901367e-01 6.989994812011718750e+01
-1.791146636009216309e+00 -3.997182250022888184e-01 7.097647094726562500e+01
-2.622088432312011719e+00 5.069258213043212891e-01 6.989990997314453125e+01
-1.703218698501586914e+00 -3.997206091880798340e-01 7.091125488281250000e+01
-1.861271381378173828e+00 -3.997194468975067139e-01 7.095115661621093750e+01
-1.562646150588989258e+00 1.899743378162384033e-01 6.989993286132812500e+01
-1.738004803657531738e+00 -3.997176885604858398e-01 7.098646545410156250e+01
-4.921999931335449219e+00 1.414368152618408203e+00 6.989994812011718750e+01
3.765956461429595947e-01 8.262915015220642090e-01 6.989998626708984375e+01
-1.832969903945922852e+00 -3.997170627117156982e-01 7.100829315185546875e+01
-2.147280931472778320e+00 5.275927856564521790e-02 6.989991760253906250e+01
-1.670950055122375488e+00 -3.997185230255126953e-01 7.096121215820312500e+01
-1.922884345054626465e+00 -3.997202515602111816e-01 7.093556213378906250e+01
-1.144647240638732910e+00 1.933821663260459900e-02 6.989995574951171875e+01
-1.760732293128967285e+00 -3.997149169445037842e-01 7.105627441406250000e+01
-3.078806877136230469e+00 1.177225783467292786e-01 6.989992523193359375e+01
1.028266525268554688e+01 3.533674716949462891e+00 6.989990234375000000e+01
-1.920511603355407715e+00 -3.997199833393096924e-01 7.104357147216796875e+01
-1.782727956771850586e+00 -1.762125939130783081e-01 6.989993286132812500e+01
-1.633225917816162109e+00 -3.997139930725097656e-01 7.107008361816406250e+01
-1.257569885253906250e+01 2.128192663192749023e+00 6.990006256103515625e+01
-4.701244235038757324e-01 -1.006696373224258423e-01 6.989997863769531250e+01
-1.842489123344421387e+00 -3.997163772583007812e-01 7.120159149169921875e+01
-2.416886329650878906e+00 -2.537355720996856689e-01 6.989990997314453125e+01
-1.410321235656738281e+00 -3.997160792350769043e-01 7.100330352783203125e+01
-2.190334558486938477e+00 -3.997207880020141602e-01 7.110657501220703125e+01
-1.416886448860168457e+00 -3.404467105865478516e-01 6.989994812011718750e+01
-1.787606000900268555e+00 -4.596806168556213379e-01 7.089990234375000000e+01
-3.897597312927246094e+00 -2.941689193248748779e-01 6.989994049072265625e+01
1.455376744270324707e+00 -2.880668938159942627e-01 6.990005493164062500e+01
-1.787606716156005859e+00 -4.596806168556213379e-01 7.089990234375000000e+01
-2.002339601516723633e+00 -4.493490755558013916e-01 6.989992523193359375e+01
-8.092442750930786133e-01 -4.718032777309417725e-01 7.159488677978515625e+01
-7.364923000335693359e+00 -6.300759911537170410e-01 7.159499359130859375e+01
-3.405966162681579590e-01 -5.725749731063842773e-01 6.919989776611328125e+01
-1.762257695198059082e+00 -5.089850425720214844e-01 7.159500122070312500e+01
-3.460019111633300781e+00 -6.771856546401977539e-01 6.920283508300781250e+01
1.783897161483764648e+00 -8.595084547996520996e-01 7.108251190185546875e+01
-2.628787279129028320e+00 -6.042168140411376953e-01 7.159492492675781250e+01
-1.550425767898559570e+00 -7.227875590324401855e-01 6.919991302490234375e+01
-1.309039950370788574e+00 -6.067693829536437988e-01 7.159492492675781250e+01
-6.133235454559326172e+00 -1.331694006919860840e+00 6.989998626708984375e+01
-3.469128906726837158e-02 -8.969932794570922852e-01 6.990676879882812500e+01
-2.013066530227661133e+00 -6.342005729675292969e-01 7.159488677978515625e+01
-2.423698663711547852e+00 -8.597146868705749512e-01 6.950532531738281250e+01
-4.884444177150726318e-01 -8.597307801246643066e-01 7.145107269287109375e+01
-3.018439292907714844e+00 -8.597220778465270996e-01 7.133583831787109375e+01
-1.217941761016845703e+00 -8.596980571746826172e-01 6.982872772216796875e+01
-1.608026027679443359e+00 -7.134726643562316895e-01 7.159490966796875000e+01
-3.326234340667724609e+00 -1.153213977813720703e+00 6.989993286132812500e+01
4.205221652984619141e+00 -2.907786130905151367e+00 6.990005493164062500e+01
-2.331252574920654297e+00 -8.378425240516662598e-01 7.159484100341796875e+01
-1.787606120109558105e+00 -4.596806466579437256e-01 7.089990234375000000e+01
-1.181356668472290039e+00 -8.597328662872314453e-01 7.146625518798828125e+01
-1.886993169784545898e+00 -5.104013085365295410e-01 7.089893341064453125e+01
-6.744763851165771484e-01 -1.266798377037048340e+00 6.989997863769531250e+01
-1.855428099632263184e+00 -8.573749661445617676e-01 7.159477996826171875e+01
-1.787606120109558105e+00 -4.596806466579437256e-01 7.089990234375000000e+01
-1.167200446128845215e+00 -8.597284555435180664e-01 7.101589965820312500e+01
-2.295907735824584961e+00 -8.597307801246643066e-01 7.121631622314453125e+01
-1.508309602737426758e+00 -1.190784096717834473e+00 6.989994812011718750e+01
-1.543831348419189453e+00 -8.597415089607238770e-01 7.138068389892578125e+01
-1.787606120109558105e+00 -4.596806466579437256e-01 7.089990234375000000e+01
7.032774686813354492e-01 -2.673926830291748047e+00 6.990003204345703125e+01
-1.986450433731079102e+00 -8.597320914268493652e-01 7.131423950195312500e+01
-2.090574979782104492e+00 -1.420197963714599609e+00 6.989992523193359375e+01
-1.433514595031738281e+00 -8.597271442413330078e-01 7.110974884033203125e+01
-2.164914846420288086e+00 -8.564074039459228516e-01 7.097900390625000000e+01
-1.787606120109558105e+00 -4.596806466579437256e-01 7.089990234375000000e+01
-1.746645450592041016e+00 -8.597409725189208984e-01 7.124216461181640625e+01
-2.950862407684326172e+00 -2.357885360717773438e+00 6.989993286132812500e+01
-1.735531568527221680e+00 -5.286638736724853516e-01 7.089825439453125000e+01
-1.988804697990417480e+00 -8.597359061241149902e-01 7.109625244140625000e+01
-1.731582999229431152e+00 -2.000187873840332031e+00 6.989990234375000000e+01
-1.636353850364685059e+00 -8.597316741943359375e-01 7.108479309082031250e+01
-1.819099903106689453e+00 -5.182788372039794922e-01 7.089535522460937500e+01
-3.201719522476196289e-01 -4.104566097259521484e+00 6.990000915527343750e+01
-1.826853990554809570e+00 -8.597357869148254395e-01 7.106674194335937500e+01
-2.347718715667724609e+00 -3.600166320800781250e+00 6.989994049072265625e+01
-1.676203489303588867e+00 -8.597265481948852539e-01 7.093664550781250000e+01
-1.862063050270080566e+00 -8.597311973571777344e-01 7.093342590332031250e+01
-1.787606120109558105e+00 -5.181065201759338379e-01 7.089990234375000000e+01
