-1.258541393280029297e+01 1.462528705596923828e+01 7.090010070800781250e+01
-1.416258621215820312e+01 1.133939743041992188e+01 7.234491729736328125e+01
-1.249763965606689453e+01 4.284232139587402344e+00 6.989995574951171875e+01
-1.147759914398193359e+01 5.849246501922607422e+00 7.234504699707031250e+01
-1.823914909362792969e+01 1.426156520843505859e+01 6.990003204345703125e+01
-1.101309394836425781e+01 4.685355186462402344e+00 6.989991760253906250e+01
-1.258541393280029297e+01 8.603202700614929199e-01 7.090010070800781250e+01
-1.310479545593261719e+01 2.747524023056030273e+00 6.990006256103515625e+01
-8.628777503967285156e+00 7.339117527008056641e+00 7.234505462646484375e+01
-1.608586692810058594e+01 6.249249458312988281e+00 7.234503936767578125e+01
-1.211741542816162109e+01 2.322288751602172852e+00 6.990001678466796875e+01
-1.258541393280029297e+01 8.603202700614929199e-01 7.090010070800781250e+01
-1.431107807159423828e+01 3.175129175186157227e+00 6.990003967285156250e+01
-8.036806106567382812e+00 5.944256305694580078e+00 6.990010070800781250e+01
-1.258541393280029297e+01 8.603202700614929199e-01 7.090010070800781250e+01
-1.271466255187988281e+01 1.837829709053039551e+00 6.990269470214843750e+01
-1.258541393280029297e+01 8.603202700614929199e-01 7.090010070800781250e+01
-1.752585411071777344e+01 5.164482593536376953e+00 7.110440063476562500e+01
-1.158041286468505859e+01 2.029971361160278320e+00 6.989999389648437500e+01
-1.258541393280029297e+01 8.603202700614929199e-01 7.090010070800781250e+01
-1.341993999481201172e+01 1.826976895332336426e+00 6.990006256103515625e+01
-1.847833514213562012e+00 8.489718437194824219e+00 7.234482574462890625e+01
-1.258541393280029297e+01 8.603202700614929199e-01 7.090010070800781250e+01
-1.236044406890869141e+01 1.510003089904785156e+00 6.990008544921875000e+01
-1.258541393280029297e+01 8.603202700614929199e-01 7.090010070800781250e+01
-1.571996593475341797e+01 2.734463453292846680e+00 6.990009307861328125e+01
-1.042094326019287109e+01 2.146452426910400391e+00 6.990006256103515625e+01
-1.258541393280029297e+01 8.603202700614929199e-01 7.090010070800781250e+01
-1.294510173797607422e+01 1.372779011726379395e+00 6.990007781982421875e+01
-1.258541393280029297e+01 8.603202700614929199e-01 7.090010070800781250e+01
-1.258541393280029297e+01 8.603202700614929199e-01 7.090010070800781250e+01
-1.194240093231201172e+01 1.339379549026489258e+00 6.990007019042968750e+01
-1.258541393280029297e+01 8.603202700614929199e-01 7.090010070800781250e+01
-1.387672138214111328e+01 1.437771320343017578e+00 6.990003967285156250e+01
-5.135629177093505859e-01 4.854197978973388672e+00 6.989997100830078125e+01
-1.258541393280029297e+01 8.603202700614929199e-01 7.090010070800781250e+01
-1.258053588867187500e+01 1.143800258636474609e+00 6.990008544921875000e+01
-1.258541393280029297e+01 8.603202700614929199e-01 7.090010070800781250e+01
-2.337557601928710938e+01 3.448690176010131836e+00 6.990007019042968750e+01
-1.126778221130371094e+01 1.219372034072875977e+00 6.990006256103515625e+01
-1.258541393280029297e+01 8.603202700614929199e-01 7.090010070800781250e+01
-1.321472454071044922e+01 1.066275119781494141e+00 6.990006256103515625e+01
-1.258541393280029297e+01 8.603202700614929199e-01 7.090010070800781250e+01
-1.258541393280029297e+01 8.603202700614929199e-01 7.090010070800781250e+01
-1.221467781066894531e+01 9.795595407485961914e-01 6.990010070800781250e+01
-1.258541393280029297e+01 8.603202104568481445e-01 7.090010070800781250e+01
-1.469568347930908203e+01 1.025853753089904785e+00 6.990000152587890625e+01
-9.341990470886230469e+00 1.031957268714904785e+00 6.990011596679687500e+01
-1.258541393280029297e+01 8.603202104568481445e-01 7.090010070800781250e+01
-1.280015754699707031e+01 8.706522583961486816e-01 6.990007781982421875e+01
-1.160728740692138672e+01 8.482005000114440918e-01 7.159491729736328125e+01
-1.792584419250488281e+01 6.971621513366699219e-01 7.156566619873046875e+01
-1.173422336578369141e+01 7.939110994338989258e-01 6.990008544921875000e+01
-1.256007194519042969e+01 8.110284209251403809e-01 7.159502410888671875e+01
-1.357093811035156250e+01 7.321483492851257324e-01 6.990004730224609375e+01
-1.258541393280029297e+01 8.603202104568481445e-01 7.090010070800781250e+01
-1.342636585235595703e+01 7.158234715461730957e-01 7.159494018554687500e+01
-1.244589424133300781e+01 7.055492997169494629e-01 6.990009307861328125e+01
-1.210695075988769531e+01 7.132630944252014160e-01 7.159497833251953125e+01
-1.690581130981445312e+01 -6.630126852542161942e-03 6.990599060058593750e+01
-1.082042026519775391e+01 4.199943244457244873e-01 6.990012359619140625e+01
-1.281083869934082031e+01 6.858279109001159668e-01 7.159497833251953125e+01
-1.304154777526855469e+01 5.734606981277465820e-01 6.990007019042968750e+01
-1.258541393280029297e+01 8.603200912475585938e-01 7.090010070800781250e+01
-1.258541393280029297e+01 8.603200912475585938e-01 7.090010070800781250e+01
-1.205360317230224609e+01 4.868834316730499268e-01 6.990010833740234375e+01
-1.258541393280029297e+01 8.603201508522033691e-01 7.090010070800781250e+01
-1.412421226501464844e+01 1.667103320360183716e-01 6.990002441406250000e+01
-6.591031551361083984e+00 -1.588420391082763672e+00 6.989999389648437500e+01
-1.258541393280029297e+01 8.603200912475585938e-01 7.090010070800781250e+01
-1.266335391998291016e+01 4.039373993873596191e-01 6.990007781982421875e+01
-1.258541393280029297e+01 8.603200912475585938e-01 7.090010070800781250e+01
-1.258541393280029297e+01 8.603201508522033691e-01 7.090010070800781250e+01
-1.147251796722412109e+01 5.337211117148399353e-02 6.990039062500000000e+01
-1.258541393280029297e+01 8.603200912475585938e-01 7.090010070800781250e+01
-1.333675384521484375e+01 1.085129231214523315e-01 6.990005493164062500e+01
-1.258541393280029297e+01 8.603200912475585938e-01 7.090010070800781250e+01
-1.258541393280029297e+01 8.603200912475585938e-01 7.090010070800781250e+01
-1.230610179901123047e+01 1.291761696338653564e-01 6.990009307861328125e+01
-1.258541393280029297e+01 8.603200912475585938e-01 7.090010070800781250e+01
-1.524315929412841797e+01 -1.361189007759094238e+00 6.990000152587890625e+01
-1.009410762786865234e+01 -1.354301452636718750e+00 6.990006256103515625e+01
-1.258541393280029297e+01 8.603200912475585938e-01 7.090010070800781250e+01
-1.288839912414550781e+01 -1.002493426203727722e-01 6.990007019042968750e+01
-1.258541393280029297e+01 8.603200912475585938e-01 7.090010070800781250e+01
-1.258541393280029297e+01 8.603200912475585938e-01 7.090010070800781250e+01
-1.186770915985107422e+01 -4.833335578441619873e-01 6.990011596679687500e+01
-1.258541393280029297e+01 8.603200912475585938e-01 7.090010070800781250e+01
-1.374876308441162109e+01 -1.038035392761230469e+00 6.990005493164062500e+01
-1.258541393280029297e+01 8.603201508522033691e-01 7.090010070800781250e+01
-1.258541393280029297e+01 8.603200912475585938e-01 7.090010070800781250e+01
-1.252939033508300781e+01 -6.801900863647460938e-01 6.990009307861328125e+01
-1.258541393280029297e+01 8.603200912475585938e-01 7.090010070800781250e+01
-1.258541393280029297e+01 8.603201508522033691e-01 7.090010070800781250e+01
-1.258541297912597656e+01 8.603171706199645996e-01 7.090010070800781250e+01
-1.258541393280029297e+01 8.603200912475585938e-01 7.090010070800781250e+01
-1.258541488647460938e+01 8.603128790855407715e-01 7.090010070800781250e+01
-1.258541393280029297e+01 8.603201508522033691e-01 7.090010070800781250e+01
-1.258541393280029297e+01 8.603201508522033691e-01 7.090010070800781250e+01
-1.258541393280029297e+01 8.603201508522033691e-01 7.090010070800781250e+01
