6.490313529968261719e+00 4.603341519832611084e-01 7.089995574951171875e+01
6.481444358825683594e+00 4.592141807079315186e-01 7.090808105468750000e+01
6.665662765502929688e+00 7.240303516387939453e+00 6.890193939208984375e+01
6.503647327423095703e+00 4.603334665298461914e-01 7.091735076904296875e+01
6.465120315551757812e+00 4.600023627281188965e-01 7.089550018310546875e+01
8.057162284851074219e+00 4.212011337280273438e+00 6.990325164794921875e+01
6.481848239898681641e+00 4.603339135646820068e-01 7.093144226074218750e+01
5.970961093902587891e+00 2.287386178970336914e+00 6.989997100830078125e+01
6.526984691619873047e+00 4.603327810764312744e-01 7.091334533691406250e+01
6.451307773590087891e+00 4.603351056575775146e-01 7.091605377197265625e+01
6.958272933959960938e+00 1.862133860588073730e+00 6.989995574951171875e+01
6.504836559295654297e+00 4.603329598903656006e-01 7.094625854492187500e+01
4.764797210693359375e+00 2.714896678924560547e+00 6.989998626708984375e+01
1.103822612762451172e+01 5.483444213867187500e+00 6.990010833740234375e+01
6.456754207611083984e+00 4.603344202041625977e-01 7.094769287109375000e+01
6.360730648040771484e+00 1.380321621894836426e+00 6.989997100830078125e+01
6.540259361267089844e+00 4.603319168090820312e-01 7.094204711914062500e+01
6.421540737152099609e+00 4.602012932300567627e-01 7.090280151367187500e+01
7.495207786560058594e+00 1.569813489913940430e+00 6.989994812011718750e+01
6.486768245697021484e+00 4.603330194950103760e-01 7.097663116455078125e+01
5.655851840972900391e+00 1.366868376731872559e+00 6.989999389648437500e+01
6.574820995330810547e+00 4.603313505649566650e-01 7.091132354736328125e+01
6.489846706390380859e+00 4.006657004356384277e-01 7.090028381347656250e+01
6.715277671813964844e+00 1.049953103065490723e+00 6.989997100830078125e+01
6.539982795715332031e+00 4.603312015533447266e-01 7.098663330078125000e+01
3.355936050415039062e+00 2.274324893951416016e+00 6.990000152587890625e+01
8.654730796813964844e+00 1.686385869979858398e+00 6.989994049072265625e+01
6.444885730743408203e+00 4.603338241577148438e-01 7.100849914550781250e+01
6.130644798278808594e+00 9.127169847488403320e-01 6.989998626708984375e+01
6.607128143310546875e+00 4.603295326232910156e-01 7.096134948730468750e+01
6.354828834533691406e+00 4.603377878665924072e-01 7.093566894531250000e+01
7.133301734924316406e+00 8.793267607688903809e-01 6.989996337890625000e+01
6.517222881317138672e+00 4.603308141231536865e-01 7.105653381347656250e+01
5.199150562286376953e+00 9.776721596717834473e-01 6.990000915527343750e+01
1.846318244934082031e+01 4.361416339874267578e+00 6.990802764892578125e+01
6.489484786987304688e+00 4.006598889827728271e-01 7.090084838867187500e+01
6.495191574096679688e+00 6.837566494941711426e-01 6.989997863769531250e+01
6.644884586334228516e+00 4.603266119956970215e-01 7.107035064697265625e+01
-4.299333095550537109e+00 2.988532066345214844e+00 6.989997100830078125e+01
7.807898044586181641e+00 7.593248486518859863e-01 6.989995574951171875e+01
6.435359954833984375e+00 4.603270292282104492e-01 7.120202636718750000e+01
5.861051082611083984e+00 6.062250733375549316e-01 6.989999389648437500e+01
6.868040561676025391e+00 4.603207409381866455e-01 7.100347137451171875e+01
6.487284660339355469e+00 4.007368385791778564e-01 7.090151214599609375e+01
6.861046314239501953e+00 5.195240378379821777e-01 6.989997100830078125e+01
6.738246440887451172e+00 4.603137373924255371e-01 7.150899505615234375e+01
4.380412578582763672e+00 5.657905936241149902e-01 6.990003204345703125e+01
9.733777046203613281e+00 5.719251036643981934e-01 6.989996337890625000e+01
6.489718914031982422e+00 4.003215432167053223e-01 7.090097045898437500e+01
6.275581359863281250e+00 4.106174111366271973e-01 6.989998626708984375e+01
7.468621253967285156e+00 3.881639242172241211e-01 7.159490203857421875e+01
9.274014830589294434e-01 2.303306460380554199e-01 7.159325408935546875e+01
7.339818477630615234e+00 3.340082764625549316e-01 6.990192413330078125e+01
6.515648365020751953e+00 3.510077595710754395e-01 7.159468078613281250e+01
5.504892349243164062e+00 2.721273601055145264e-01 6.990000915527343750e+01
1.363618373870849609e+01 -3.996903598308563232e-01 7.126532745361328125e+01
5.649226188659667969e+00 2.557658553123474121e-01 7.159490203857421875e+01
6.629828929901123047e+00 2.455196827650070190e-01 6.989997863769531250e+01
6.968799591064453125e+00 2.532217502593994141e-01 7.159486389160156250e+01
6.490313529968261719e+00 4.002858698368072510e-01 7.089995574951171875e+01
8.255321502685546875e+00 -4.004377499222755432e-02 6.989997100830078125e+01
6.264872074127197266e+00 2.257807403802871704e-01 7.159487915039062500e+01
6.034211635589599609e+00 1.134468317031860352e-01 6.989999389648437500e+01
8.128455162048339844e+00 -1.041461899876594543e-01 7.159494018554687500e+01
4.528144836425781250e+00 -2.374518364667892456e-01 7.159491729736328125e+01
7.021206855773925781e+00 2.749345637857913971e-02 6.990168762207031250e+01
6.669852256774902344e+00 1.465521603822708130e-01 7.159480285644531250e+01
6.490313529968261719e+00 4.002858698368072510e-01 7.089995574951171875e+01
6.490313529968261719e+00 4.002858400344848633e-01 7.089995574951171875e+01
5.946660995483398438e+00 2.211999148130416870e-02 7.159490203857421875e+01
6.412377357482910156e+00 -5.607538670301437378e-02 6.989998626708984375e+01
7.234275817871093750e+00 -9.064033627510070801e-02 7.159495544433593750e+01
6.490313529968261719e+00 4.002858102321624756e-01 7.089995574951171875e+01
6.490313529968261719e+00 4.002858698368072510e-01 7.089995574951171875e+01
6.422486782073974609e+00 2.563313115388154984e-03 7.159488677978515625e+01
6.490313529968261719e+00 4.002858698368072510e-01 7.089995574951171875e+01
7.730964183807373047e+00 -3.997060060501098633e-01 7.113191223144531250e+01
5.475899219512939453e+00 -3.980915844440460205e-01 7.153142547607421875e+01
6.490313529968261719e+00 4.002858698368072510e-01 7.089995574951171875e+01
6.842658042907714844e+00 -1.779493242502212524e-01 7.159486389160156250e+01
6.490313529968261719e+00 4.002858400344848633e-01 7.089995574951171875e+01
6.490313529968261719e+00 4.002858400344848633e-01 7.089995574951171875e+01
6.156821727752685547e+00 -2.706608176231384277e-01 7.159486389160156250e+01
6.490313529968261719e+00 4.002858698368072510e-01 7.089995574951171875e+01
7.198409557342529297e+00 -3.997090458869934082e-01 7.131959533691406250e+01
5.729464530944824219e+00 -3.997195661067962646e-01 7.105946350097656250e+01
6.490313529968261719e+00 4.002858400344848633e-01 7.089995574951171875e+01
6.572220802307128906e+00 -3.996990621089935303e-01 7.158435821533203125e+01
6.490313529968261719e+00 4.002858400344848633e-01 7.089995574951171875e+01
6.490313529968261719e+00 4.002858102321624756e-01 7.089995574951171875e+01
6.087981224060058594e+00 -3.996954858303070068e-01 7.129259490966796875e+01
6.490313529968261719e+00 4.002858400344848633e-01 7.089995574951171875e+01
6.791674137115478516e+00 -3.967905938625335693e-01 7.126833343505859375e+01
6.490313529968261719e+00 4.002858102321624756e-01 7.089995574951171875e+01
6.490313529968261719e+00 4.002858400344848633e-01 7.089995574951171875e+01
6.411830425262451172e+00 -3.996943533420562744e-01 7.123358154296875000e+01
6.490313529968261719e+00 4.002858400344848633e-01 7.089995574951171875e+01
6.713090896606445312e+00 -3.997060656547546387e-01 7.097342681884765625e+01
6.341422557830810547e+00 -3.996936380863189697e-01 7.096699523925781250e+01
6.490313529968261719e+00 -3.519136309623718262e-01 7.089995574951171875e+01
