-3.000002288818359375e+01 -9.999872207641601562e+00 6.844976806640625000e+01
-2.888822937011718750e+01 -4.993029594421386719e+00 6.989990234375000000e+01
-2.844052505493164062e+01 -7.446272373199462891e+00 6.901929473876953125e+01
-3.000002288818359375e+01 -9.999872207641601562e+00 6.844976806640625000e+01
-2.870952033996582031e+01 -8.448405265808105469e+00 6.953740692138671875e+01
-2.751577568054199219e+01 -8.234733581542968750e+00 6.878401947021484375e+01
-2.916910743713378906e+01 -8.995379447937011719e+00 6.989982604980468750e+01
-2.852068138122558594e+01 -9.239479064941406250e+00 6.922727203369140625e+01
-3.000002288818359375e+01 -9.999872207641601562e+00 6.844976806640625000e+01
-2.875221824645996094e+01 -9.515181541442871094e+00 6.982529449462890625e+01
-2.824528312683105469e+01 -9.720978736877441406e+00 6.893067169189453125e+01
-2.940970611572265625e+01 -9.856948852539062500e+00 6.989986419677734375e+01
-2.861558532714843750e+01 -1.001702690124511719e+01 6.943320465087890625e+01
-3.000002288818359375e+01 -9.999872207641601562e+00 6.844976806640625000e+01
-1.870793533325195312e+01 -1.126401519775390625e+01 6.902713775634765625e+01
-2.900152397155761719e+01 -1.030676364898681641e+01 6.989990234375000000e+01
-2.837413406372070312e+01 -1.050053119659423828e+01 6.913955688476562500e+01
-3.000002288818359375e+01 -9.999872207641601562e+00 6.844976806640625000e+01
-2.872744560241699219e+01 -1.083962059020996094e+01 6.963859558105468750e+01
-2.695823287963867188e+01 -1.196126842498779297e+01 6.901847839355468750e+01
-2.926610565185546875e+01 -1.120431041717529297e+01 6.989723205566406250e+01
-2.847366714477539062e+01 -1.172432327270507812e+01 6.935433197021484375e+01
-3.000002288818359375e+01 -9.999872207641601562e+00 6.844976806640625000e+01
-2.881363487243652344e+01 -1.313778114318847656e+01 6.989998626708984375e+01
-3.000002288818359375e+01 -9.999872207641601562e+00 6.844976806640625000e+01
-3.000002288818359375e+01 -9.999872207641601562e+00 6.844976806640625000e+01
