1.153929233551025391e+01 -4.597335457801818848e-01 7.090002441406250000e+01
1.147908687591552734e+01 -4.597341716289520264e-01 7.095517730712890625e+01
1.171775817871093750e+01 6.101830005645751953e+00 6.886650085449218750e+01
1.162811946868896484e+01 -4.597307741641998291e-01 7.101588439941406250e+01
5.885869979858398438e+00 1.254074954986572266e+01 6.990001678466796875e+01
1.310540199279785156e+01 2.950172901153564453e+00 6.990379333496093750e+01
1.148289966583251953e+01 -4.597326219081878662e-01 7.110980224609375000e+01
1.101989173889160156e+01 1.027519702911376953e+00 6.989994812011718750e+01
1.178359127044677734e+01 -4.597280919551849365e-01 7.098924255371093750e+01
1.127945327758789062e+01 -4.597344696521759033e-01 7.100727844238281250e+01
1.200727558135986328e+01 6.021678447723388672e-01 6.989997100830078125e+01
1.163604164123535156e+01 -4.597287774085998535e-01 7.120848083496093750e+01
9.813587188720703125e+00 1.455108761787414551e+00 6.989994049072265625e+01
1.608751296997070312e+01 4.223748207092285156e+00 6.990010833740234375e+01
1.131572723388671875e+01 -4.597250819206237793e-01 7.121802520751953125e+01
1.140970039367675781e+01 1.203532367944717407e-01 6.989997100830078125e+01
1.187031459808349609e+01 -4.617936909198760986e-01 7.117900848388671875e+01
1.108013439178466797e+01 -4.597322046756744385e-01 7.091901397705078125e+01
1.254423713684082031e+01 3.098317086696624756e-01 6.989997100830078125e+01
1.151567268371582031e+01 -4.597207307815551758e-01 7.141082763671875000e+01
1.070475482940673828e+01 1.069157347083091736e-01 6.989997100830078125e+01
1.210229492187500000e+01 -4.597234725952148438e-01 7.097577667236328125e+01
1.104782390594482422e+01 -4.597153067588806152e-01 7.124197387695312500e+01
1.176426982879638672e+01 -2.100483328104019165e-01 6.989997863769531250e+01
1.186923217773437500e+01 -4.608920812606811523e-01 7.147581481933593750e+01
8.404533386230468750e+00 1.014511823654174805e+00 6.989994812011718750e+01
1.369236183166503906e+01 4.196023046970367432e-01 6.990525054931640625e+01
1.124861812591552734e+01 -4.755304455757141113e-01 7.159457397460937500e+01
1.117959594726562500e+01 -3.472850322723388672e-01 6.989997863769531250e+01
1.231754684448242188e+01 -4.597263634204864502e-01 7.130905151367187500e+01
1.063676166534423828e+01 -4.597199261188507080e-01 7.113793182373046875e+01
1.218231391906738281e+01 -3.806895911693572998e-01 6.989997863769531250e+01
1.165872287750244141e+01 -5.932612419128417969e-01 7.159495544433593750e+01
1.024800872802734375e+01 -2.823147773742675781e-01 6.989997863769531250e+01
2.361121940612792969e+01 3.134147882461547852e+00 6.989988708496093750e+01
1.089659881591796875e+01 -5.698024630546569824e-01 7.159475708007812500e+01
1.154417037963867188e+01 -5.762690901756286621e-01 6.989999389648437500e+01
1.216971492767333984e+01 -6.148769855499267578e-01 7.159497070312500000e+01
7.489066123962402344e-01 1.728668332099914551e+00 6.989997100830078125e+01
1.285694026947021484e+01 -5.006988644599914551e-01 6.989997863769531250e+01
1.141289043426513672e+01 -7.216508984565734863e-01 7.159484100341796875e+01
1.091113662719726562e+01 -6.541780829429626465e-01 6.990182495117187500e+01
1.405632019042968750e+01 -4.597059488296508789e-01 7.158983612060546875e+01
1.018546867370605469e+01 -6.581923365592956543e-01 7.159478759765625000e+01
1.191004657745361328e+01 -7.405101060867309570e-01 6.989997863769531250e+01
1.182215404510498047e+01 -7.912705540657043457e-01 7.159486389160156250e+01
9.429154396057128906e+00 -6.942318677902221680e-01 6.989999389648437500e+01
1.478293895721435547e+01 -6.881061792373657227e-01 6.989997100830078125e+01
1.113207912445068359e+01 -8.353387117385864258e-01 7.159486389160156250e+01
1.132454204559326172e+01 -8.494227528572082520e-01 6.989997100830078125e+01
1.153929233551025391e+01 -8.597550988197326660e-01 7.090002441406250000e+01
1.150382423400878906e+01 -8.608387112617492676e-01 7.090444183349609375e+01
1.239050579071044922e+01 -9.261659979820251465e-01 6.989998626708984375e+01
1.154080295562744141e+01 -8.626930713653564453e-01 7.094144439697265625e+01
1.055698108673095703e+01 -9.875091314315795898e-01 6.990322875976562500e+01
1.807485008239746094e+01 -1.591407179832458496e+00 7.123419189453125000e+01
1.150466156005859375e+01 -8.657054901123046875e-01 7.092863464355468750e+01
1.167881870269775391e+01 -1.014533162117004395e+00 6.989997100830078125e+01
1.153929233551025391e+01 -8.597550988197326660e-01 7.090002441406250000e+01
2.829754829406738281e+00 -2.607449531555175781e+00 6.889598083496093750e+01
1.330440235137939453e+01 -1.300110101699829102e+00 6.989998626708984375e+01
1.153043746948242188e+01 -8.666090965270996094e-01 7.092732238769531250e+01
1.108315086364746094e+01 -1.146619200706481934e+00 6.989997863769531250e+01
1.153929233551025391e+01 -8.597550988197326660e-01 7.090002441406250000e+01
1.151492214202880859e+01 -8.676756620407104492e-01 7.090865325927734375e+01
1.207113075256347656e+01 -1.233210921287536621e+00 6.989997863769531250e+01
1.153929233551025391e+01 -8.597550988197326660e-01 7.090002441406250000e+01
1.000057601928710938e+01 -1.553328156471252441e+00 6.990000152587890625e+01
1.753307342529296875e+01 -3.308249950408935547e+00 6.990001678466796875e+01
1.153929233551025391e+01 -8.597550988197326660e-01 7.090002441406250000e+01
1.146138286590576172e+01 -1.315961837768554688e+00 6.990039062500000000e+01
1.153929233551025391e+01 -8.597550988197326660e-01 7.090002441406250000e+01
-1.545167732238769531e+01 -1.463418197631835938e+01 7.063667297363281250e+01
1.264814472198486328e+01 -1.663771629333496094e+00 6.990394592285156250e+01
1.153929233551025391e+01 -8.597550988197326660e-01 7.090002441406250000e+01
1.078795337677001953e+01 -1.611561536788940430e+00 6.989997863769531250e+01
1.153929233551025391e+01 -8.597550988197326660e-01 7.090002441406250000e+01
1.153929233551025391e+01 -8.597550988197326660e-01 7.090002441406250000e+01
1.208871841430664062e+01 -2.297966718673706055e+00 6.893294525146484375e+01
1.153929233551025391e+01 -8.597550988197326660e-01 7.090002441406250000e+01
8.881789207458496094e+00 -3.081062078475952148e+00 6.990001678466796875e+01
1.466059494018554688e+01 -3.634406566619873047e+00 6.964709472656250000e+01
1.153929233551025391e+01 -8.597550988197326660e-01 7.090002441406250000e+01
1.094625091552734375e+01 -2.739903450012207031e+00 6.894264221191406250e+01
1.153929233551025391e+01 -8.597550988197326660e-01 7.090002441406250000e+01
1.153929233551025391e+01 -8.597550988197326660e-01 7.090002441406250000e+01
1.225704669952392578e+01 -2.203500747680664062e+00 6.989997100830078125e+01
1.153929233551025391e+01 -8.597550988197326660e-01 7.090002441406250000e+01
1.037594413757324219e+01 -2.758109092712402344e+00 6.989997863769531250e+01
1.728026008605957031e+01 -8.464834213256835938e+00 7.071870422363281250e+01
1.153929233551025391e+01 -8.597550988197326660e-01 7.090002441406250000e+01
1.159527397155761719e+01 -2.399113893508911133e+00 6.990076446533203125e+01
1.153929233551025391e+01 -8.597550988197326660e-01 7.090002441406250000e+01
4.179441928863525391e+00 -1.455368995666503906e+01 6.983656311035156250e+01
1.323165607452392578e+01 -5.063331127166748047e+00 6.974686431884765625e+01
1.153929233551025391e+01 -8.597550988197326660e-01 7.090002441406250000e+01
1.097911739349365234e+01 -4.000590324401855469e+00 6.989994812011718750e+01
1.153929233551025391e+01 -8.597550988197326660e-01 7.090002441406250000e+01
1.153929233551025391e+01 -8.597550988197326660e-01 7.090002441406250000e+01
1.153929233551025391e+01 -1.452099227905273438e+01 7.090002441406250000e+01
