-2.307112693786621094e+00 4.003396928310394287e-01 7.089989471435546875e+01
-2.367323398590087891e+00 4.003340303897857666e-01 7.095505523681640625e+01
-2.219349384307861328e+00 3.423750162124633789e+00 6.989987945556640625e+01
-2.218279361724853516e+00 4.003320038318634033e-01 7.101576232910156250e+01
-7.959808826446533203e+00 1.339906311035156250e+01 6.990000915527343750e+01
-7.350975871086120605e-01 3.824574470520019531e+00 6.989990997314453125e+01
-2.363508701324462891e+00 4.003256261348724365e-01 7.110968780517578125e+01
-2.823535680770874023e+00 1.876736044883728027e+00 6.990555572509765625e+01
-2.062805175781250000e+00 4.003217518329620361e-01 7.098911285400390625e+01
-2.566965103149414062e+00 4.003217816352844238e-01 7.100715637207031250e+01
-1.367942571640014648e+00 2.934133052825927734e+00 6.889294433593750000e+01
-2.210359811782836914e+00 4.003201425075531006e-01 7.120835876464843750e+01
-4.024327754974365234e+00 2.303755521774291992e+00 6.990473175048828125e+01
2.240837097167968750e+00 5.083480358123779297e+00 6.990003967285156250e+01
-2.530678749084472656e+00 4.003128111362457275e-01 7.121789550781250000e+01
-2.436696529388427734e+00 9.803237915039062500e-01 6.989990234375000000e+01
-1.974375128746032715e+00 4.003038704395294189e-01 7.118032836914062500e+01
-2.766285657882690430e+00 4.003165960311889648e-01 7.091888427734375000e+01
-3.218006193637847900e-01 2.310848712921142578e+00 6.892424774169921875e+01
-2.330732345581054688e+00 4.003093242645263672e-01 7.141069030761718750e+01
-3.141586780548095703e+00 9.668771624565124512e-01 6.989991760253906250e+01
-1.744129180908203125e+00 4.002983272075653076e-01 7.097564697265625000e+01
-2.798554658889770508e+00 4.002988338470458984e-01 7.124182891845703125e+01
-2.082148790359497070e+00 6.499465107917785645e-01 6.989990997314453125e+01
-1.976218461990356445e+00 4.002975821495056152e-01 7.147734832763671875e+01
-5.441331863403320312e+00 1.874224781990051270e+00 6.989999389648437500e+01
-1.428584605455398560e-01 1.286283612251281738e+00 6.989995574951171875e+01
-2.597918510437011719e+00 3.846787512302398682e-01 7.159475708007812500e+01
-2.666785001754760742e+00 5.127164721488952637e-01 6.989991760253906250e+01
-1.528880238533020020e+00 4.002977907657623291e-01 7.130891418457031250e+01
-3.209626197814941406e+00 4.003080427646636963e-01 7.113779449462890625e+01
-1.664138078689575195e+00 4.793108701705932617e-01 6.989992523193359375e+01
-2.187696933746337891e+00 2.667422592639923096e-01 7.159474182128906250e+01
-3.598296880722045898e+00 5.776762366294860840e-01 6.989992523193359375e+01
9.762598037719726562e+00 3.993450164794921875e+00 6.989994049072265625e+01
-2.950003147125244141e+00 2.903220355510711670e-01 7.159484100341796875e+01
-2.302234649658203125e+00 2.837459146976470947e-01 6.989993286132812500e+01
-1.676636099815368652e+00 2.451794296503067017e-01 7.159490203857421875e+01
-1.309502315521240234e+01 2.588109970092773438e+00 6.990007019042968750e+01
-9.895998239517211914e-01 3.592998385429382324e-01 6.989994812011718750e+01
-2.433537960052490234e+00 1.384103596210479736e-01 7.159484100341796875e+01
-2.936384439468383789e+00 2.062225639820098877e-01 6.989991760253906250e+01
2.098373919725418091e-01 4.003170430660247803e-01 7.158968353271484375e+01
-3.661539077758789062e+00 2.019328176975250244e-01 7.159496307373046875e+01
-1.936385035514831543e+00 1.195168122649192810e-01 6.989991760253906250e+01
-2.024226665496826172e+00 6.877081096172332764e-02 7.159479522705078125e+01
-4.417064189910888672e+00 1.657889336347579956e-01 6.989994812011718750e+01
9.359319210052490234e-01 1.718973517417907715e-01 6.990003204345703125e+01
-2.714401245117187500e+00 2.470120973885059357e-02 7.159486389160156250e+01
-2.521847009658813477e+00 1.061191968619823456e-02 6.989991760253906250e+01
-1.328693628311157227e+00 -1.184303592890501022e-02 7.159491729736328125e+01
-7.856874942779541016e+00 -1.692731976509094238e-01 7.159155273437500000e+01
-1.455974698066711426e+00 -6.612468510866165161e-02 6.989994049072265625e+01
-2.281767845153808594e+00 -4.901717603206634521e-02 7.159489440917968750e+01
-3.292551517486572266e+00 -1.278805136680603027e-01 6.989992523193359375e+01
1.265930771827697754e+00 -3.997199535369873047e-01 7.108258819580078125e+01
-3.148272514343261719e+00 -1.442521959543228149e-01 7.159490203857421875e+01
-2.167597293853759766e+00 -1.544857621192932129e-01 6.989991760253906250e+01
-1.828592181205749512e+00 -1.467944085597991943e-01 7.159485626220703125e+01
-6.652674674987792969e+00 -8.717194795608520508e-01 6.989999389648437500e+01
-5.497929453849792480e-01 -4.381312131881713867e-01 6.990426635742187500e+01
-2.532580375671386719e+00 -1.742453873157501221e-01 7.159490203857421875e+01
-2.763220310211181641e+00 -2.865625023841857910e-01 6.989991760253906250e+01
-1.008097529411315918e+00 -3.997246921062469482e-01 7.145100402832031250e+01
-3.537784337997436523e+00 -3.997085690498352051e-01 7.133576965332031250e+01
-1.775320768356323242e+00 -3.731430470943450928e-01 6.989993286132812500e+01
-2.127517938613891602e+00 -2.535322904586791992e-01 7.159495544433593750e+01
-3.845716953277587891e+00 -6.932423114776611328e-01 6.989994049072265625e+01
3.685706615447998047e+00 -2.447821617126464844e+00 6.990004730224609375e+01
-2.850808858871459961e+00 -3.779160976409912109e-01 7.159490203857421875e+01
-2.384947061538696289e+00 -4.554858505725860596e-01 6.990122985839843750e+01
-1.700957417488098145e+00 -3.997097909450531006e-01 7.146615600585937500e+01
-3.208141326904296875e+00 -4.595457911491394043e-01 7.089110565185546875e+01
-1.193967223167419434e+00 -8.068488240242004395e-01 6.989996337890625000e+01
-2.374951124191284180e+00 -3.975100815296173096e-01 7.159494018554687500e+01
-3.058391094207763672e+00 -7.514653205871582031e-01 6.989993286132812500e+01
-1.686786293983459473e+00 -3.997163474559783936e-01 7.101587677001953125e+01
-2.815320968627929688e+00 -3.996965289115905762e-01 7.121625518798828125e+01
-2.027811288833618164e+00 -7.308360338211059570e-01 6.989992523193359375e+01
-2.063373327255249023e+00 -3.997222483158111572e-01 7.138060760498046875e+01
-4.964406967163085938e+00 -2.220851898193359375e+00 6.989996337890625000e+01
1.837881654500961304e-01 -2.213981389999389648e+00 6.990001678466796875e+01
-2.505921125411987305e+00 -3.996990621089935303e-01 7.131416320800781250e+01
-2.878836393356323242e+00 -1.812283396720886230e+00 6.901287078857421875e+01
-1.958841562271118164e+00 -3.931904137134552002e-01 7.110629272460937500e+01
-2.687526941299438477e+00 -3.997116386890411377e-01 7.097964477539062500e+01
-1.589433550834655762e+00 -1.343324661254882812e+00 6.989994812011718750e+01
-2.266158103942871094e+00 -3.997205197811126709e-01 7.124210357666015625e+01
-3.470358133316040039e+00 -1.897906541824340820e+00 6.989994049072265625e+01
8.633332252502441406e+00 -1.449256229400634766e+01 7.055435943603515625e+01
-2.508279561996459961e+00 -3.997118473052978516e-01 7.109621429443359375e+01
-2.251091241836547852e+00 -1.540181040763854980e+00 6.989992523193359375e+01
-2.155879259109497070e+00 -3.997209966182708740e-01 7.108476257324218750e+01
-9.227293968200683594e+00 -1.287559413909912109e+01 6.989996337890625000e+01
-8.396588563919067383e-01 -3.644654035568237305e+00 6.989998626708984375e+01
-2.346355199813842773e+00 -3.997195959091186523e-01 7.106671142578125000e+01
-2.867219686508178711e+00 -3.140173435211181641e+00 6.989994049072265625e+01
-2.195722579956054688e+00 -3.997204303741455078e-01 7.093663024902343750e+01
-2.381560087203979492e+00 -3.997190892696380615e-01 7.093341064453125000e+01
-2.307112693786621094e+00 -4.596797525882720947e-01 7.089989471435546875e+01
