-1.752581787109375000e+01 3.822008848190307617e+00 7.089999389648437500e+01
-1.792585945129394531e+01 5.122406482696533203e+00 7.126646423339843750e+01
-1.743806266784667969e+01 5.887616634368896484e+00 6.990006256103515625e+01
-1.641793060302734375e+01 7.453699111938476562e+00 7.234503936767578125e+01
-1.752581787109375000e+01 2.464445829391479492e+00 7.089999389648437500e+01
-1.595378208160400391e+01 6.288789749145507812e+00 6.989999389648437500e+01
-1.771261787414550781e+01 3.789506435394287109e+00 7.159487915039062500e+01
-1.804513359069824219e+01 4.351413726806640625e+00 6.990008544921875000e+01
-1.358071327209472656e+01 8.924359321594238281e+00 7.234073638916015625e+01
-1.792585945129394531e+01 3.080306768417358398e+00 7.106512451171875000e+01
-1.705792617797851562e+01 3.926081180572509766e+00 6.990013885498046875e+01
-1.707256317138671875e+01 4.338502407073974609e+00 7.234504699707031250e+01
-1.925119590759277344e+01 4.778872013092041016e+00 6.990010070800781250e+01
-1.301848125457763672e+01 7.502252578735351562e+00 6.990906524658203125e+01
-1.792585372924804688e+01 3.180241346359252930e+00 7.146900177001953125e+01
-1.765538978576660156e+01 3.444405078887939453e+00 6.990009307861328125e+01
-1.581124210357666016e+01 4.525741100311279297e+00 7.234503936767578125e+01
-1.792583847045898438e+01 2.812947511672973633e+00 7.091653442382812500e+01
-1.652109336853027344e+01 3.633775711059570312e+00 6.990016174316406250e+01
-1.755794715881347656e+01 3.008590936660766602e+00 7.159481811523437500e+01
-1.836025047302246094e+01 3.430994272232055664e+00 6.990006256103515625e+01
-6.787187576293945312e+00 1.009458923339843750e+01 7.234486389160156250e+01
-1.792585372924804688e+01 2.790061712265014648e+00 7.117832946777343750e+01
-1.730112648010253906e+01 3.113325834274291992e+00 6.990121459960937500e+01
-1.669780158996582031e+01 3.465431928634643555e+00 7.234499359130859375e+01
-1.753001785278320312e+01 2.466956853866577148e+00 7.089865112304687500e+01
-1.536175060272216797e+01 3.750337839126586914e+00 6.990013885498046875e+01
-1.781661415100097656e+01 2.848830461502075195e+00 7.159483337402343750e+01
-1.788547706604003906e+01 2.976863861083984375e+00 6.990004730224609375e+01
-1.477634429931640625e+01 3.877696275711059570e+00 7.234503936767578125e+01
-1.792149925231933594e+01 2.639827013015747070e+00 7.100429534912109375e+01
-1.688289260864257812e+01 2.943440198898315430e+00 6.990009307861328125e+01
-1.727748489379882812e+01 3.018569469451904297e+00 7.234497070312500000e+01
-1.752725982666015625e+01 2.465090513229370117e+00 7.089888000488281250e+01
-5.456496238708496094e+00 6.457487106323242188e+00 6.990007781982421875e+01
-1.792585754394531250e+01 2.644925117492675781e+00 7.133242797851562500e+01
-1.752093887329101562e+01 2.747905969619750977e+00 6.990005493164062500e+01
-1.621498107910156250e+01 2.973620414733886719e+00 7.234500122070312500e+01
-1.753049087524414062e+01 2.465566873550415039e+00 7.089955902099609375e+01
-1.620840072631835938e+01 2.823439121246337891e+00 6.990012359619140625e+01
-1.765221405029296875e+01 2.602543354034423828e+00 7.159477233886718750e+01
-1.752629852294921875e+01 2.464603424072265625e+00 7.089923095703125000e+01
-1.225319194793701172e+01 3.302461624145507812e+00 7.234500122070312500e+01
-1.792584419250488281e+01 2.524003267288208008e+00 7.110527801513671875e+01
-1.715510559082031250e+01 2.583677530288696289e+00 6.990006256103515625e+01
-1.693758392333984375e+01 2.606865167617797852e+00 7.234497833251953125e+01
-1.752848434448242188e+01 2.464655160903930664e+00 7.089872741699218750e+01
-1.428245544433593750e+01 2.636079549789428711e+00 6.990003204345703125e+01
-1.792587089538574219e+01 2.488432884216308594e+00 7.158261108398437500e+01
-1.752590179443359375e+01 2.464449882507324219e+00 7.089960479736328125e+01
-1.549158573150634766e+01 2.439240217208862305e+00 7.234501647949218750e+01
-1.792583847045898438e+01 2.452224731445312500e+00 7.094984436035156250e+01
-1.667470550537109375e+01 2.398042678833007812e+00 6.990007019042968750e+01
-1.752581596374511719e+01 2.464441537857055664e+00 7.090005493164062500e+01
-1.752710723876953125e+01 2.464278221130371094e+00 7.089868927001953125e+01
-1.752581787109375000e+01 2.464445829391479492e+00 7.089999389648437500e+01
-1.792584991455078125e+01 2.395710229873657227e+00 7.123052215576171875e+01
-1.738630485534667969e+01 2.309681892395019531e+00 6.990003204345703125e+01
-1.653085708618164062e+01 2.158641576766967773e+00 7.234498596191406250e+01
-1.752872085571289062e+01 2.463863372802734375e+00 7.089932250976562500e+01
-1.576087856292724609e+01 2.024133443832397461e+00 6.990004730224609375e+01
-1.775119972229003906e+01 2.289986371994018555e+00 7.159473419189453125e+01
-1.752632331848144531e+01 2.464128255844116211e+00 7.089888763427734375e+01
-1.411977195739746094e+01 1.415623903274536133e+00 7.234500885009765625e+01
-1.792584228515625000e+01 2.334430932998657227e+00 7.104167175292968750e+01
-1.699402618408203125e+01 2.091022729873657227e+00 6.990003967285156250e+01
-1.752577400207519531e+01 2.464382410049438477e+00 7.090016937255859375e+01
-1.752767562866210938e+01 2.463608264923095703e+00 7.089878845214843750e+01
-1.155171108245849609e+01 2.398812584578990936e-02 6.990326690673828125e+01
-1.792586135864257812e+01 2.186175107955932617e+00 7.141136932373046875e+01
-1.752588653564453125e+01 2.464046716690063477e+00 7.089911651611328125e+01
-1.597901821136474609e+01 1.443742513656616211e+00 7.234499359130859375e+01
-1.752830886840820312e+01 2.463174343109130859e+00 7.089997100830078125e+01
-1.641264533996582031e+01 1.657297611236572266e+00 6.990003967285156250e+01
-1.759362602233886719e+01 2.066833972930908203e+00 7.159473419189453125e+01
-1.752682304382324219e+01 2.463439941406250000e+00 7.089865875244140625e+01
-1.505046272277832031e+01 8.682960271835327148e-01 7.136280059814453125e+01
-1.792427253723144531e+01 2.150848627090454102e+00 7.114803314208984375e+01
-1.721341323852539062e+01 1.646674752235412598e+00 6.978150177001953125e+01
-1.752554702758789062e+01 2.464002847671508789e+00 7.090052795410156250e+01
-1.752771949768066406e+01 2.462855815887451172e+00 7.089927673339843750e+01
-1.503459453582763672e+01 2.498972415924072266e-01 6.989998626708984375e+01
-1.785924148559570312e+01 1.793635010719299316e+00 7.159476470947265625e+01
-1.752622032165527344e+01 2.463168144226074219e+00 7.089866638183593750e+01
-1.752539634704589844e+01 2.463970422744750977e+00 7.090024566650390625e+01
-1.792583847045898438e+01 2.043838262557983398e+00 7.098385620117187500e+01
-1.680809020996093750e+01 1.120749473571777344e+00 6.989997863769531250e+01
-1.752566528320312500e+01 2.462959766387939453e+00 7.090126800537109375e+01
-1.752700996398925781e+01 2.462500572204589844e+00 7.089897155761718750e+01
-4.676156997680664062e+00 -1.455754184722900391e+01 7.049415588378906250e+01
-1.792584037780761719e+01 1.669058680534362793e+00 7.129037475585937500e+01
-1.746979713439941406e+01 9.239791631698608398e-01 6.990001678466796875e+01
-1.634370422363281250e+01 -6.621580123901367188e-01 7.234499359130859375e+01
-1.752714729309082031e+01 2.461973667144775391e+00 7.089980316162109375e+01
-1.605820655822753906e+01 -1.180879116058349609e+00 6.989997863769531250e+01
-1.768930244445800781e+01 7.980396151542663574e-01 7.159496307373046875e+01
-1.752632522583007812e+01 2.461601972579956055e+00 7.089908599853515625e+01
-1.707909965515136719e+01 8.602874875068664551e-01 7.104732513427734375e+01
-1.789882850646972656e+01 4.602958261966705322e-01 7.106793975830078125e+01
-1.752581787109375000e+01 2.460559606552124023e+00 7.089999389648437500e+01
