1.961561775207519531e+01 1.460121059417724609e+01 7.090009307861328125e+01
1.803834152221679688e+01 1.088010597229003906e+01 7.234500885009765625e+01
1.970338058471679688e+01 3.823780298233032227e+00 6.990008544921875000e+01
2.072334480285644531e+01 5.388862133026123047e+00 7.234492492675781250e+01
1.396154975891113281e+01 1.380237007141113281e+01 6.989997100830078125e+01
2.118766975402832031e+01 4.224720001220703125e+00 6.990008544921875000e+01
1.922722434997558594e+01 3.155403137207031250e+00 7.234489440917968750e+01
1.909622001647949219e+01 2.287603378295898438e+00 6.990002441406250000e+01
2.357205581665039062e+01 6.878808498382568359e+00 7.234497833251953125e+01
1.807487678527832031e+01 2.772299766540527344e+00 7.153608703613281250e+01
2.008359718322753906e+01 1.862245202064514160e+00 6.990004730224609375e+01
2.006880378723144531e+01 2.274109601974487305e+00 7.234492492675781250e+01
1.790597152709960938e+01 2.693658828735351562e+00 6.990931701660156250e+01
2.416467475891113281e+01 5.484774589538574219e+00 6.989999389648437500e+01
1.859984779357910156e+01 2.217880964279174805e+00 7.234492492675781250e+01
1.948602294921875000e+01 1.380460023880004883e+00 6.990002441406250000e+01
2.132993507385253906e+01 2.461321115493774414e+00 7.234492492675781250e+01
1.807487106323242188e+01 1.742650985717773438e+00 7.096380615234375000e+01
2.062053489685058594e+01 1.569890379905700684e+00 6.990007019042968750e+01
1.954880714416503906e+01 1.531863570213317871e+00 7.234494018554687500e+01
1.878105735778808594e+01 1.367033839225769043e+00 6.990000915527343750e+01
2.862143516540527344e+01 6.799261093139648438e+00 7.211181640625000000e+01
1.753903770446777344e+01 2.090608835220336914e+00 7.234492492675781250e+01
1.984059906005859375e+01 1.050055384635925293e+00 6.990002441406250000e+01
2.044355201721191406e+01 1.401224851608276367e+00 7.234494781494140625e+01
1.648101043701171875e+01 2.274513483047485352e+00 6.990007019042968750e+01
2.177441406250000000e+01 1.683097243309020996e+00 6.990267181396484375e+01
1.901093482971191406e+01 1.199629902839660645e+00 7.234495544433593750e+01
1.925591087341308594e+01 9.128230214118957520e-01 6.990001678466796875e+01
2.236470794677734375e+01 1.813390374183654785e+00 7.234494018554687500e+01
1.807850646972656250e+01 1.081642270088195801e+00 7.130526733398437500e+01
2.025864982604980469e+01 8.794094920158386230e-01 6.990003204345703125e+01
1.961561775207519531e+01 4.003366231918334961e-01 7.090009307861328125e+01
1.832426834106445312e+01 9.778061509132385254e-01 6.990000152587890625e+01
2.888803863525390625e+01 3.468044996261596680e+00 7.013188934326171875e+01
1.961175346374511719e+01 4.020798504352569580e-01 7.090426635742187500e+01
1.962049674987792969e+01 6.838344335556030273e-01 6.990001678466796875e+01
1.961561775207519531e+01 4.003366231918334961e-01 7.090009307861328125e+01
8.823984146118164062e+00 2.989059448242187500e+00 6.989992523193359375e+01
2.093327903747558594e+01 7.593967318534851074e-01 6.990003204345703125e+01
1.961348342895507812e+01 4.026692211627960205e-01 7.091182708740234375e+01
1.898627662658691406e+01 6.063014864921569824e-01 6.990000915527343750e+01
2.488718986511230469e+01 1.238184809684753418e+00 7.234481048583984375e+01
1.961106109619140625e+01 4.010150134563446045e-01 7.090242767333984375e+01
1.998638153076171875e+01 5.195845365524291992e-01 6.990002441406250000e+01
1.961561775207519531e+01 4.003366231918334961e-01 7.090009307861328125e+01
1.751279449462890625e+01 5.652861595153808594e-01 6.990352630615234375e+01
2.614295196533203125e+01 7.457532882690429688e-01 6.888764953613281250e+01
1.961101341247558594e+01 4.006126523017883301e-01 7.090795135498046875e+01
1.940086174011230469e+01 4.106692671775817871e-01 6.990000915527343750e+01
2.024049186706542969e+01 3.925939798355102539e-01 7.134397125244140625e+01
1.405259227752685547e+01 2.303778976202011108e-01 7.159339904785156250e+01
1.961562156677246094e+01 4.003362655639648438e-01 7.090008544921875000e+01
1.964095306396484375e+01 3.510560691356658936e-01 7.159485626220703125e+01
1.961561012268066406e+01 4.003356695175170898e-01 7.090008544921875000e+01
1.961585807800292969e+01 4.003098011016845703e-01 7.090010833740234375e+01
1.877474212646484375e+01 2.558530569076538086e-01 7.159486389160156250e+01
1.961561965942382812e+01 4.003353416919708252e-01 7.090008544921875000e+01
2.009399604797363281e+01 2.533053755760192871e-01 7.159484863281250000e+01
1.961553573608398438e+01 4.003199934959411621e-01 7.090007019042968750e+01
1.961564636230468750e+01 4.003297090530395508e-01 7.090007781982421875e+01
1.939021110534667969e+01 2.258579879999160767e-01 7.159490966796875000e+01
1.961561203002929688e+01 4.003331065177917480e-01 7.090007781982421875e+01
2.051863098144531250e+01 1.222724243998527527e-01 7.128319549560546875e+01
1.765363311767578125e+01 -2.373411357402801514e-01 7.159498596191406250e+01
1.961562538146972656e+01 4.003312587738037109e-01 7.090007781982421875e+01
1.979513740539550781e+01 1.466302573680877686e-01 7.159486389160156250e+01
1.961558914184570312e+01 4.003237485885620117e-01 7.090007781982421875e+01
1.961569213867187500e+01 4.003060460090637207e-01 7.090007781982421875e+01
1.907210731506347656e+01 2.226964011788368225e-02 7.159486389160156250e+01
1.961561584472656250e+01 4.003293514251708984e-01 7.090007781982421875e+01
2.035922813415527344e+01 -9.035699814558029175e-02 7.159476470947265625e+01
1.961561393737792969e+01 4.003351032733917236e-01 7.090009307861328125e+01
1.961563873291015625e+01 4.003213047981262207e-01 7.090007781982421875e+01
1.954780769348144531e+01 2.716529881581664085e-03 7.159484100341796875e+01
1.961560440063476562e+01 4.003224670886993408e-01 7.090007781982421875e+01
1.961561775207519531e+01 4.003362655639648438e-01 7.090009307861328125e+01
1.860114288330078125e+01 -3.980883359909057617e-01 7.153160095214843750e+01
1.961562347412109375e+01 4.003229141235351562e-01 7.090007781982421875e+01
1.996784400939941406e+01 -1.777033358812332153e-01 7.159477233886718750e+01
1.961558151245117188e+01 4.003068208694458008e-01 7.090007781982421875e+01
1.961565208435058594e+01 4.003068506717681885e-01 7.090007781982421875e+01
1.928222846984863281e+01 -2.704050540924072266e-01 7.159478759765625000e+01
1.961561203002929688e+01 4.003183245658874512e-01 7.090007781982421875e+01
1.961564064025878906e+01 4.003114104270935059e-01 7.090010833740234375e+01
1.961561775207519531e+01 4.003361463546752930e-01 7.090009307861328125e+01
1.961563110351562500e+01 4.003128409385681152e-01 7.090007781982421875e+01
1.969753074645996094e+01 -3.996992111206054688e-01 7.158454132080078125e+01
1.961560058593750000e+01 4.003083407878875732e-01 7.090007781982421875e+01
1.961561965942382812e+01 4.003350138664245605e-01 7.090009307861328125e+01
1.961560440063476562e+01 4.003106057643890381e-01 7.090010833740234375e+01
1.961561775207519531e+01 4.003108739852905273e-01 7.090007781982421875e+01
1.961562728881835938e+01 4.003099501132965088e-01 7.090010833740234375e+01
1.961561584472656250e+01 4.003326296806335449e-01 7.090009307861328125e+01
1.961563110351562500e+01 4.003039002418518066e-01 7.090008544921875000e+01
1.961561775207519531e+01 4.003363549709320068e-01 7.090009307861328125e+01
1.961561203002929688e+01 4.003045260906219482e-01 7.090008544921875000e+01
1.961561775207519531e+01 4.003359079360961914e-01 7.090009307861328125e+01
1.961561775207519531e+01 4.003358781337738037e-01 7.090009307861328125e+01
1.961561775207519531e+01 4.003353416919708252e-01 7.090009307861328125e+01
