1.846424102783203125e+01 8.384370803833007812e+00 7.089492034912109375e+01
1.840775108337402344e+01 8.624227523803710938e+00 7.094667053222656250e+01
1.846768569946289062e+01 8.383283615112304688e+00 7.085566711425781250e+01
1.846424102783203125e+01 8.248894691467285156e+00 7.089492034912109375e+01
1.820767784118652344e+01 8.857033729553222656e+00 7.084954071044921875e+01
2.002817153930664062e+01 1.205352306365966797e+01 6.990007781982421875e+01
1.841324996948242188e+01 8.610602378845214844e+00 7.108460998535156250e+01
1.832869911193847656e+01 8.741397857666015625e+00 7.063394165039062500e+01
2.228905487060546875e+01 1.451183986663818359e+01 7.229173278808593750e+01
1.801406097412109375e+01 8.941944122314453125e+00 7.108074951171875000e+01
1.892983055114746094e+01 9.703340530395507812e+00 6.989997863769531250e+01
1.846424102783203125e+01 8.248894691467285156e+00 7.089492034912109375e+01
1.793795013427734375e+01 8.954863548278808594e+00 7.058992004394531250e+01
2.298347473144531250e+01 1.329999828338623047e+01 6.990138244628906250e+01
1.808908271789550781e+01 8.920174598693847656e+00 7.142854309082031250e+01
1.841723823547363281e+01 8.604374885559082031e+00 7.053220367431640625e+01
2.018474197387695312e+01 1.031731319427490234e+01 7.234496307373046875e+01
1.768455314636230469e+01 8.928167343139648438e+00 7.092716217041015625e+01
1.946400070190429688e+01 9.412445068359375000e+00 6.990002441406250000e+01
1.844977569580078125e+01 8.493878364562988281e+00 7.120774078369140625e+01
1.785583496093750000e+01 8.953630447387695312e+00 7.016584777832031250e+01
2.751216316223144531e+01 1.467773532867431641e+01 7.211230468750000000e+01
1.764935684204101562e+01 8.912184715270996094e+00 7.146189117431640625e+01
1.890846061706542969e+01 9.531742095947265625e+00 6.892031860351562500e+01
1.929514503479003906e+01 9.253372192382812500e+00 7.234495544433593750e+01
1.750135993957519531e+01 8.824600219726562500e+00 7.058773803710937500e+01
2.061734771728515625e+01 9.528274536132812500e+00 6.990013122558593750e+01
1.817129898071289062e+01 8.636116027832031250e+00 7.159488677978515625e+01
1.797759628295898438e+01 8.942233085632324219e+00 6.954192352294921875e+01
2.122315788269042969e+01 9.666999816894531250e+00 7.234493255615234375e+01
1.739797782897949219e+01 8.721502304077148438e+00 7.117598724365234375e+01
1.910392189025878906e+01 8.725471496582031250e+00 6.990007019042968750e+01
1.871344375610351562e+01 8.804961204528808594e+00 7.234496307373046875e+01
1.740188789367675781e+01 8.723961830139160156e+00 7.007217407226562500e+01
2.877290534973144531e+01 1.165943622589111328e+01 7.004087066650390625e+01
1.781709480285644531e+01 8.540856361389160156e+00 7.159446716308593750e+01
1.846634483337402344e+01 8.371189117431640625e+00 7.046350860595703125e+01
1.977962684631347656e+01 8.759837150573730469e+00 7.234494018554687500e+01
1.730103492736816406e+01 8.527927398681640625e+00 7.078711700439453125e+01
1.977507781982421875e+01 8.606095314025878906e+00 6.990003967285156250e+01
1.833698081970214844e+01 8.387936592102050781e+00 7.159445190429687500e+01
1.733941078186035156e+01 8.617018699645996094e+00 6.910745239257812500e+01
2.375520324707031250e+01 9.089824676513671875e+00 7.234495544433593750e+01
1.728061485290527344e+01 8.425117492675781250e+00 7.150233459472656250e+01
1.883306503295898438e+01 8.367519378662109375e+00 6.990007781982421875e+01
1.905453300476074219e+01 8.391812324523925781e+00 7.234496307373046875e+01
1.727637863159179688e+01 8.342072486877441406e+00 7.033197021484375000e+01
2.169096374511718750e+01 8.419648170471191406e+00 6.990008544921875000e+01
1.805403137207031250e+01 8.273490905761718750e+00 7.159487152099609375e+01
1.846424102783203125e+01 8.248894691467285156e+00 7.089492034912109375e+01
2.050555992126464844e+01 8.223601341247558594e+00 7.234497833251953125e+01
1.729557228088378906e+01 8.213190078735351562e+00 7.104057312011718750e+01
1.931098175048828125e+01 8.182832717895507812e+00 6.990013885498046875e+01
1.851712036132812500e+01 8.146039962768554688e+00 7.234497833251953125e+01
1.734057617187500000e+01 8.102756500244140625e+00 6.975469207763671875e+01
2.888000679016113281e+01 7.082855224609375000e+00 7.142748260498046875e+01
1.761707115173339844e+01 8.103329658508300781e+00 7.159489440917968750e+01
1.860305213928222656e+01 8.094909667968750000e+00 6.989998626708984375e+01
1.946270179748535156e+01 7.942014694213867188e+00 7.234499359130859375e+01
1.737609481811523438e+01 8.030542373657226562e+00 7.064453887939453125e+01
2.022017478942871094e+01 7.810829162597656250e+00 6.990007781982421875e+01
1.823717689514160156e+01 8.073133468627929688e+00 7.159484863281250000e+01
1.772744750976562500e+01 7.785530567169189453e+00 6.927956390380859375e+01
2.188226318359375000e+01 7.196385383605957031e+00 7.234501647949218750e+01
1.746550559997558594e+01 7.924288749694824219e+00 7.124864959716796875e+01
1.899330329895019531e+01 7.877388000488281250e+00 6.990009307861328125e+01
1.883892440795898438e+01 7.719373226165771484e+00 7.234500885009765625e+01
1.756912803649902344e+01 7.845424175262451172e+00 7.031317901611328125e+01
2.442744827270507812e+01 5.812889575958251953e+00 6.990000915527343750e+01
1.791668891906738281e+01 7.868015289306640625e+00 7.159485626220703125e+01
1.838669967651367188e+01 7.794842720031738281e+00 6.990000915527343750e+01
2.001648902893066406e+01 7.224596023559570312e+00 7.234501647949218750e+01
1.846424102783203125e+01 8.248894691467285156e+00 7.089492034912109375e+01
1.957182121276855469e+01 7.445800781250000000e+00 6.989998626708984375e+01
1.832270812988281250e+01 7.418974876403808594e+00 7.234501647949218750e+01
1.799048805236816406e+01 7.774846076965332031e+00 7.026434326171875000e+01
2.621959114074707031e+01 3.248116970062255859e+00 7.234490203857421875e+01
1.767484283447265625e+01 7.627612590789794922e+00 7.138632202148437500e+01
1.874209022521972656e+01 7.521580219268798828e+00 6.990015411376953125e+01
1.919948387145996094e+01 7.042282581329345703e+00 7.234500122070312500e+01
1.788360977172851562e+01 7.763566970825195312e+00 7.067642974853515625e+01
2.094275665283203125e+01 6.045642375946044922e+00 6.990001678466796875e+01
1.832846069335937500e+01 7.975719451904296875e+00 7.117784881591796875e+01
1.842884826660156250e+01 8.136690139770507812e+00 7.077810668945312500e+01
2.091098403930664062e+01 5.484607219696044922e+00 7.234493255615234375e+01
1.767485618591308594e+01 7.418884277343750000e+00 7.106040954589843750e+01
1.917821311950683594e+01 6.912228584289550781e+00 6.990013885498046875e+01
1.863777923583984375e+01 6.553963661193847656e+00 7.234497070312500000e+01
1.824983215332031250e+01 7.899021625518798828e+00 7.071060943603515625e+01
2.874488449096679688e+01 -5.369906425476074219e+00 7.057022094726562500e+01
1.832816886901855469e+01 7.978333950042724609e+00 7.102770996093750000e+01
1.851997375488281250e+01 6.716389179229736328e+00 6.990011596679687500e+01
1.965044593811035156e+01 5.111472606658935547e+00 7.234491729736328125e+01
1.829565048217773438e+01 7.935210227966308594e+00 7.087055969238281250e+01
1.992421531677246094e+01 4.622537612915039062e+00 6.990010833740234375e+01
1.812314605712890625e+01 4.772100448608398438e+00 7.234490203857421875e+01
1.790695762634277344e+01 5.124268531799316406e+00 6.990000915527343750e+01
2.284995269775390625e+01 -7.500163555145263672e+00 7.234137725830078125e+01
1.807486915588378906e+01 6.156829833984375000e+00 7.107022857666015625e+01
1.846424102783203125e+01 4.003314375877380371e-01 7.089492034912109375e+01
