-2.517917442321777344e+01 5.391023159027099609e+00 7.090012359619140625e+01
-2.542509460449218750e+01 6.321824073791503906e+00 7.112540435791015625e+01
-2.509138298034667969e+01 8.112437248229980469e+00 6.989978790283203125e+01
-2.497359466552734375e+01 5.613687992095947266e+00 7.116826629638671875e+01
-2.598305892944335938e+01 6.593354701995849609e+00 7.075792694091796875e+01
-2.360688400268554688e+01 8.512840270996093750e+00 6.989996337890625000e+01
-2.536595726013183594e+01 6.012820243835449219e+00 7.159494781494140625e+01
-2.569080734252929688e+01 6.546931266784667969e+00 6.991500091552734375e+01
-2.475020790100097656e+01 5.390289306640625000e+00 7.105677795410156250e+01
-2.632163047790527344e+01 6.446681499481201172e+00 7.137171173095703125e+01
-2.471104049682617188e+01 6.150272369384765625e+00 6.989974975585937500e+01
-2.496352577209472656e+01 5.579512596130371094e+00 7.158764648437500000e+01
-2.641263008117675781e+01 6.342438220977783203e+00 7.018531036376953125e+01
-2.062954902648925781e+01 9.772950172424316406e+00 6.989990234375000000e+01
-2.566757392883300781e+01 5.561785221099853516e+00 7.159482574462890625e+01
-2.530878829956054688e+01 5.668147087097167969e+00 6.989990234375000000e+01
-2.466543006896972656e+01 5.305511951446533203e+00 7.133310699462890625e+01
-2.649366378784179688e+01 5.833075046539306641e+00 7.095448303222656250e+01
-2.417430496215820312e+01 5.857375621795654297e+00 6.990014648437500000e+01
-2.521130371093750000e+01 5.232017993927001953e+00 7.159494018554687500e+01
-2.648923683166503906e+01 6.205363273620605469e+00 6.933023071289062500e+01
-2.451790237426757812e+01 5.157732963562011719e+00 7.098909759521484375e+01
-2.616739273071289062e+01 5.492257595062255859e+00 7.158769989013671875e+01
-2.495415115356445312e+01 5.337717533111572266e+00 6.989987182617187500e+01
-2.478102493286132812e+01 5.169199943542480469e+00 7.159494781494140625e+01
-2.831348800659179688e+01 6.561879158020019531e+00 6.990019226074218750e+01
-2.301477622985839844e+01 5.973966598510742188e+00 6.990011596679687500e+01
-2.546995162963867188e+01 5.072238922119140625e+00 7.159492492675781250e+01
-2.553891563415527344e+01 5.200412273406982422e+00 6.989994812011718750e+01
-2.443188285827636719e+01 5.071991920471191406e+00 7.129287719726562500e+01
-2.517917442321777344e+01 4.687878131866455078e+00 7.090012359619140625e+01
-2.453864860534667969e+01 5.165083885192871094e+00 6.990396118164062500e+01
-2.505976867675781250e+01 4.954319000244140625e+00 7.159491729736328125e+01
-2.647052192687988281e+01 5.265347003936767578e+00 6.990003204345703125e+01
-1.310784053802490234e+01 8.681585311889648438e+00 6.990003967285156250e+01
-2.517917442321777344e+01 4.687878131866455078e+00 7.090012359619140625e+01
-2.517429542541503906e+01 4.971393585205078125e+00 6.989998626708984375e+01
-2.454889297485351562e+01 4.932701110839843750e+00 7.159491729736328125e+01
-2.885300827026367188e+01 5.569166183471679688e+00 7.055963134765625000e+01
-2.386144447326660156e+01 5.046956539154052734e+00 6.990001678466796875e+01
-2.530557823181152344e+01 4.825985431671142578e+00 7.159495544433593750e+01
-2.580857276916503906e+01 4.893861770629882812e+00 6.989994812011718750e+01
-2.420291328430175781e+01 4.843042373657226562e+00 7.116767883300781250e+01
-2.517917442321777344e+01 4.687878131866455078e+00 7.090012359619140625e+01
-2.480840301513671875e+01 4.807128906250000000e+00 6.990003204345703125e+01
-2.489632034301757812e+01 4.756361007690429688e+00 7.159494781494140625e+01
-2.860331916809082031e+01 4.956474781036376953e+00 6.927735900878906250e+01
-2.193544006347656250e+01 4.859531402587890625e+00 6.990004730224609375e+01
-2.517917442321777344e+01 4.687878131866455078e+00 7.090012359619140625e+01
-2.539352798461914062e+01 4.698191642761230469e+00 6.990191650390625000e+01
-2.420108413696289062e+01 4.675758838653564453e+00 7.159491729736328125e+01
-2.517917442321777344e+01 4.687878131866455078e+00 7.090012359619140625e+01
-2.432792472839355469e+01 4.621464252471923828e+00 6.990003967285156250e+01
-2.517917442321777344e+01 4.687878131866455078e+00 7.090012359619140625e+01
-2.616475677490234375e+01 4.559698581695556641e+00 6.990000915527343750e+01
-2.517917442321777344e+01 4.687878131866455078e+00 7.090012359619140625e+01
-2.517917442321777344e+01 4.687878131866455078e+00 7.090012359619140625e+01
-2.503964424133300781e+01 4.533096313476562500e+00 6.990004730224609375e+01
-2.470072364807128906e+01 4.540824890136718750e+00 7.159498596191406250e+01
-2.882440185546875000e+01 3.956410646438598633e+00 7.006136322021484375e+01
-2.341394424438476562e+01 4.247493267059326172e+00 6.990001678466796875e+01
-2.517917442321777344e+01 4.687878131866455078e+00 7.090012359619140625e+01
-2.563535118103027344e+01 4.400991439819335938e+00 6.989999389648437500e+01
-2.354442596435546875e+01 4.184490680694580078e+00 7.159366607666015625e+01
-2.517917442321777344e+01 4.687878131866455078e+00 7.090012359619140625e+01
-2.464731597900390625e+01 4.314408779144287109e+00 6.990003967285156250e+01
-2.517917442321777344e+01 4.687878131866455078e+00 7.090012359619140625e+01
-2.818431091308593750e+01 3.333319664001464844e+00 6.894705963134765625e+01
-1.918535995483398438e+01 2.239369869232177734e+00 6.990010833740234375e+01
-2.517917442321777344e+01 4.687878131866455078e+00 7.090012359619140625e+01
-2.525712013244628906e+01 4.231464862823486328e+00 6.990003967285156250e+01
-2.444189453125000000e+01 4.201362133026123047e+00 7.158888244628906250e+01
-2.885168457031250000e+01 2.813668966293334961e+00 7.086428833007812500e+01
-2.406733131408691406e+01 3.881692886352539062e+00 6.990135955810546875e+01
-2.517917442321777344e+01 4.687878131866455078e+00 7.090012359619140625e+01
-2.593057632446289062e+01 3.936009407043457031e+00 6.989999389648437500e+01
-2.199373245239257812e+01 2.633852958679199219e+00 7.149568939208984375e+01
-2.517917442321777344e+01 4.687878131866455078e+00 7.090012359619140625e+01
-2.489984130859375000e+01 3.956678152084350586e+00 6.990003967285156250e+01
-2.517917442321777344e+01 4.687878131866455078e+00 7.090012359619140625e+01
-2.783720970153808594e+01 2.466125726699829102e+00 6.989991760253906250e+01
-2.268780326843261719e+01 2.473197698593139648e+00 6.990005493164062500e+01
-2.517917442321777344e+01 4.687878131866455078e+00 7.090012359619140625e+01
-2.548132514953613281e+01 3.729952812194824219e+00 6.990284729003906250e+01
-2.517917442321777344e+01 4.687878131866455078e+00 7.090012359619140625e+01
-2.517917442321777344e+01 4.687878131866455078e+00 7.090012359619140625e+01
-2.446706008911132812e+01 3.354690074920654297e+00 6.990792846679687500e+01
-2.517917442321777344e+01 4.687878131866455078e+00 7.090012359619140625e+01
-2.748576736450195312e+01 9.239735603332519531e-01 6.891731262207031250e+01
-1.062786006927490234e+01 -1.458829498291015625e+01 7.044054412841796875e+01
-2.517917442321777344e+01 4.687878131866455078e+00 7.090012359619140625e+01
-2.512314414978027344e+01 3.147189140319824219e+00 6.990000152587890625e+01
-2.517917442321777344e+01 4.687878131866455078e+00 7.090012359619140625e+01
-2.879804229736328125e+01 -2.045483350753784180e+00 7.037721252441406250e+01
-2.371138954162597656e+01 1.042122721672058105e+00 6.989998626708984375e+01
-2.517917442321777344e+01 4.687878131866455078e+00 7.090012359619140625e+01
-2.632565307617187500e+01 -1.740292191505432129e+00 6.885332489013671875e+01
-2.517917442321777344e+01 4.687878131866455078e+00 7.090012359619140625e+01
-2.517917442321777344e+01 4.687878131866455078e+00 7.090012359619140625e+01
-2.517917442321777344e+01 4.687878131866455078e+00 7.090012359619140625e+01
