-2.476731872558593750e+01 1.469678878784179688e+01 7.090002441406250000e+01
-2.476731872558593750e+01 5.407407283782958984e+00 7.090002441406250000e+01
-2.467954635620117188e+01 8.831210136413574219e+00 6.989990997314453125e+01
-2.476731872558593750e+01 5.407407283782958984e+00 7.090002441406250000e+01
-2.866738700866699219e+01 1.465187644958496094e+01 7.021015930175781250e+01
-2.157953071594238281e+01 1.316244888305664062e+01 6.887221527099609375e+01
-2.476731872558593750e+01 5.407407283782958984e+00 7.090002441406250000e+01
-2.528668785095214844e+01 7.294564247131347656e+00 6.990000915527343750e+01
-2.476731872558593750e+01 5.407407283782958984e+00 7.090002441406250000e+01
-2.476731872558593750e+01 5.407407283782958984e+00 7.090002441406250000e+01
-2.429936408996582031e+01 6.869237899780273438e+00 6.990003204345703125e+01
-2.476731872558593750e+01 5.407407283782958984e+00 7.090002441406250000e+01
-2.537322616577148438e+01 6.220171928405761719e+00 7.054888916015625000e+01
-2.021822166442871094e+01 1.049189090728759766e+01 6.989991760253906250e+01
-2.476731872558593750e+01 5.407407283782958984e+00 7.090002441406250000e+01
-2.489690780639648438e+01 6.387487888336181641e+00 6.989999389648437500e+01
-2.476731872558593750e+01 5.407407283782958984e+00 7.090002441406250000e+01
-2.609838104248046875e+01 6.567042827606201172e+00 7.095507049560546875e+01
-2.376939582824707031e+01 6.568821907043457031e+00 6.990695953369140625e+01
-2.476731872558593750e+01 5.407407283782958984e+00 7.090002441406250000e+01
-2.533452796936035156e+01 6.064422607421875000e+00 7.022032165527343750e+01
-2.476731872558593750e+01 5.407407283782958984e+00 7.090002441406250000e+01
-2.576615333557128906e+01 6.220427513122558594e+00 7.159498596191406250e+01
-2.454234695434570312e+01 6.057095050811767578e+00 6.990000152587890625e+01
-2.476731872558593750e+01 5.407407283782958984e+00 7.090002441406250000e+01
-2.537602806091308594e+01 5.771353721618652344e+00 7.070582580566406250e+01
-2.260295867919921875e+01 6.693473815917968750e+00 6.990003204345703125e+01
-2.476731872558593750e+01 5.407407283782958984e+00 7.090002441406250000e+01
-2.512701225280761719e+01 5.919872283935546875e+00 6.989998626708984375e+01
-2.476731872558593750e+01 5.407407283782958984e+00 7.090002441406250000e+01
-2.649802017211914062e+01 6.174519062042236328e+00 7.135623168945312500e+01
-2.412440490722656250e+01 5.886392593383789062e+00 6.990014648437500000e+01
-2.476731872558593750e+01 5.407407283782958984e+00 7.090002441406250000e+01
-2.541020965576171875e+01 5.694897174835205078e+00 7.040213012695312500e+01
-1.765656852722167969e+01 7.759943485260009766e+00 7.031091308593750000e+01
-2.541008377075195312e+01 5.697392463684082031e+00 7.159483337402343750e+01
-2.476243972778320312e+01 5.690894126892089844e+00 6.989998626708984375e+01
-2.476731872558593750e+01 5.407407283782958984e+00 7.090002441406250000e+01
-2.549680137634277344e+01 5.582397460937500000e+00 7.083241271972656250e+01
-2.344993591308593750e+01 5.766391277313232422e+00 6.990017700195312500e+01
-2.484896659851074219e+01 5.496614456176757812e+00 7.134883880615234375e+01
-2.539660072326660156e+01 5.613352775573730469e+00 6.990003204345703125e+01
-2.476731872558593750e+01 5.407407283782958984e+00 7.090002441406250000e+01
-2.612149429321289062e+01 5.609022617340087891e+00 7.159496307373046875e+01
-2.439660644531250000e+01 5.526638507843017578e+00 6.990009307861328125e+01
-2.476731872558593750e+01 5.407407283782958984e+00 7.090002441406250000e+01
-2.564004707336425781e+01 5.475865840911865234e+00 7.048641967773437500e+01
-2.152408981323242188e+01 5.579033851623535156e+00 6.990010070800781250e+01
-2.517454719543457031e+01 5.431824684143066406e+00 7.159488677978515625e+01
-2.498204612731933594e+01 5.417738437652587891e+00 6.990007781982421875e+01
-2.476731872558593750e+01 5.407407283782958984e+00 7.090002441406250000e+01
-2.586519813537597656e+01 5.373865604400634766e+00 7.103684997558593750e+01
-2.391624450683593750e+01 5.341007232666015625e+00 6.990014648437500000e+01
-2.474197769165039062e+01 5.358118534088134766e+00 7.159490203857421875e+01
-2.575129890441894531e+01 5.279436111450195312e+00 6.990153503417968750e+01
-2.476731872558593750e+01 5.407407283782958984e+00 7.090002441406250000e+01
-2.560835075378417969e+01 5.262896537780761719e+00 7.159492492675781250e+01
-2.462779617309570312e+01 5.252632617950439453e+00 6.989999389648437500e+01
-2.476731872558593750e+01 5.407407283782958984e+00 7.090002441406250000e+01
-2.880721092224121094e+01 4.596744537353515625e+00 6.997045135498046875e+01
-2.300232696533203125e+01 4.967082023620605469e+00 6.990004730224609375e+01
-2.499275779724121094e+01 5.232903480529785156e+00 7.159494781494140625e+01
-2.522343063354492188e+01 5.120562076568603516e+00 6.990003967285156250e+01
-2.476731872558593750e+01 5.407407283782958984e+00 7.090002441406250000e+01
-2.562117767333984375e+01 5.129889011383056641e+00 7.120244598388671875e+01
-2.423554611206054688e+01 5.033997535705566406e+00 6.990010070800781250e+01
-2.458839607238769531e+01 5.154543399810791016e+00 7.159249114990234375e+01
-2.630588340759277344e+01 4.713902473449707031e+00 6.990010070800781250e+01
-1.877396774291992188e+01 2.959087848663330078e+00 6.990008544921875000e+01
-2.531093215942382812e+01 5.029268264770507812e+00 7.159492492675781250e+01
-2.484525871276855469e+01 4.951017856597900391e+00 6.989999389648437500e+01
-2.476731872558593750e+01 5.407407283782958984e+00 7.090002441406250000e+01
-2.884587287902832031e+01 3.325979232788085938e+00 7.086022949218750000e+01
-2.365408515930175781e+01 4.600214958190917969e+00 6.990000915527343750e+01
-2.483514213562011719e+01 5.009700775146484375e+00 7.159492492675781250e+01
-2.551866149902343750e+01 4.655596733093261719e+00 6.989997100830078125e+01
-2.476731872558593750e+01 5.407407283782958984e+00 7.090002441406250000e+01
-2.540041542053222656e+01 4.909139633178710938e+00 7.129412841796875000e+01
-2.448956108093261719e+01 4.680331230163574219e+00 6.990557861328125000e+01
-2.441499137878417969e+01 4.829200267791748047e+00 7.159490203857421875e+01
-2.742511940002441406e+01 3.185851097106933594e+00 6.989990234375000000e+01
-2.227631378173828125e+01 3.193052291870117188e+00 6.990010833740234375e+01
-2.510082626342773438e+01 4.736427307128906250e+00 7.159497070312500000e+01
-2.507028770446777344e+01 4.446888446807861328e+00 6.990004730224609375e+01
-2.359502220153808594e+01 4.082967758178710938e+00 7.159475708007812500e+01
-2.531881904602050781e+01 4.827524185180664062e+00 7.101564025878906250e+01
-2.404957962036132812e+01 4.063691616058349609e+00 6.989999389648437500e+01
-2.468414878845214844e+01 4.595096111297607422e+00 7.159497070312500000e+01
-2.593066024780273438e+01 3.509062767028808594e+00 6.989998626708984375e+01
-9.649982452392578125e+00 -1.461857700347900391e+01 7.042256927490234375e+01
-2.514591217041015625e+01 4.654626846313476562e+00 7.126949310302734375e+01
-2.471129608154296875e+01 3.866902112960815430e+00 6.990002441406250000e+01
-2.419889831542968750e+01 3.903976678848266602e+00 7.159484863281250000e+01
-2.880192947387695312e+01 -2.099497079849243164e+00 7.031703948974609375e+01
-2.329971313476562500e+01 1.762095451354980469e+00 6.990000915527343750e+01
-2.486839866638183594e+01 4.377089500427246094e+00 7.132971191406250000e+01
-2.532748985290527344e+01 2.266590356826782227e+00 6.989995574951171875e+01
-2.433065414428710938e+01 3.839350223541259766e+00 7.104404449462890625e+01
-2.494484901428222656e+01 4.453554630279541016e+00 7.097995758056640625e+01
-2.476731872558593750e+01 5.359131813049316406e+00 7.090002441406250000e+01
