-2.650638961791992188e+01 1.476477622985839844e+01 7.090017700195312500e+01
-2.779314994812011719e+01 1.469635963439941406e+01 7.207895660400390625e+01
-2.650618171691894531e+01 6.154924392700195312e+00 7.089781188964843750e+01
-2.650427627563476562e+01 6.156357765197753906e+00 7.090293121337890625e+01
-2.885331535339355469e+01 1.170983886718750000e+01 7.048503875732421875e+01
-2.649810218811035156e+01 6.166999816894531250e+00 7.089490509033203125e+01
-2.689475250244140625e+01 8.901694297790527344e+00 7.234487152099609375e+01
-2.650758361816406250e+01 6.151180267333984375e+00 7.089788055419921875e+01
-2.633673667907714844e+01 6.424637317657470703e+00 7.096213531494140625e+01
-2.885567092895507812e+01 9.763545989990234375e+00 7.186992645263671875e+01
-2.650390052795410156e+01 6.154613494873046875e+00 7.089485931396484375e+01
-2.650367164611816406e+01 6.158081054687500000e+00 7.090884399414062500e+01
-2.823214530944824219e+01 8.461771965026855469e+00 6.990006256103515625e+01
-2.614784622192382812e+01 6.547580718994140625e+00 7.082135009765625000e+01
-2.752205085754394531e+01 7.964190483093261719e+00 7.234484863281250000e+01
-2.650695800781250000e+01 6.151144981384277344e+00 7.089578247070312500e+01
-2.617983055114746094e+01 6.539436817169189453e+00 7.117539978027343750e+01
-2.886993598937988281e+01 8.205986022949218750e+00 7.099791717529296875e+01
-2.650218582153320312e+01 6.151733398437500000e+00 7.089599609375000000e+01
-2.657319068908691406e+01 7.278193950653076172e+00 7.234480285644531250e+01
-2.650836563110351562e+01 6.149129867553710938e+00 7.089781188964843750e+01
-2.587592887878417969e+01 6.594802856445312500e+00 7.098500823974609375e+01
-2.858279800415039062e+01 7.836972236633300781e+00 7.234488677978515625e+01
-2.650518608093261719e+01 6.150314331054687500e+00 7.089482879638671875e+01
-2.618684387207031250e+01 6.533139705657958984e+00 7.145782470703125000e+01
-2.885794639587402344e+01 7.552832603454589844e+00 7.014996337890625000e+01
-2.650305366516113281e+01 6.148822784423828125e+00 7.089863586425781250e+01
-2.711099815368652344e+01 6.946035861968994141e+00 7.234485626220703125e+01
-2.650790786743164062e+01 6.149003028869628906e+00 7.089595794677734375e+01
-2.571069717407226562e+01 6.555832862854003906e+00 7.131837463378906250e+01
-2.885427474975585938e+01 7.187510967254638672e+00 7.151907348632812500e+01
-2.650349235534667969e+01 6.148999214172363281e+00 7.089566802978515625e+01
-2.642769050598144531e+01 6.322446823120117188e+00 7.135810089111328125e+01
-2.779768753051757812e+01 6.724287033081054688e+00 6.990012359619140625e+01
-2.555307197570800781e+01 6.462238311767578125e+00 7.082119750976562500e+01
-2.784290122985839844e+01 6.749811649322509766e+00 7.234490966796875000e+01
-2.650636291503906250e+01 6.148343086242675781e+00 7.089487457275390625e+01
-2.587618637084960938e+01 6.391633987426757812e+00 7.159488677978515625e+01
-2.650686073303222656e+01 6.146953582763671875e+00 7.090013122558593750e+01
-2.650321960449218750e+01 6.147704124450683594e+00 7.089777374267578125e+01
-2.676921463012695312e+01 6.433998107910156250e+00 7.234489440917968750e+01
-2.650872993469238281e+01 6.147606849670410156e+00 7.089645385742187500e+01
-2.542415046691894531e+01 6.318848609924316406e+00 7.119677734375000000e+01
-2.882025146484375000e+01 6.491337776184082031e+00 7.208761596679687500e+01
-2.650457572937011719e+01 6.147424221038818359e+00 7.089527893066406250e+01
-2.622356414794921875e+01 6.215316295623779297e+00 7.159493255615234375e+01
-2.650845336914062500e+01 6.147002696990966797e+00 7.089920043945312500e+01
-2.536773300170898438e+01 6.207096576690673828e+00 7.054911804199218750e+01
-2.735309982299804688e+01 6.197608947753906250e+00 7.234494018554687500e+01
-2.650748825073242188e+01 6.146893501281738281e+00 7.089506530761718750e+01
-2.552833557128906250e+01 6.134721755981445312e+00 7.159494018554687500e+01
-2.887937355041503906e+01 6.074342250823974609e+00 7.119591522216796875e+01
-2.650366592407226562e+01 6.146627902984619141e+00 7.089698028564453125e+01
-2.648105430603027344e+01 6.097561836242675781e+00 7.159490966796875000e+01
-2.650913238525390625e+01 6.146483898162841797e+00 7.089739227294921875e+01
-2.650638961791992188e+01 6.146840572357177734e+00 7.090017700195312500e+01
-2.825490188598632812e+01 5.846402168273925781e+00 7.234488677978515625e+01
-2.650566864013671875e+01 6.146039962768554688e+00 7.089500427246093750e+01
-2.602808380126953125e+01 5.999831676483154297e+00 7.159482574462890625e+01
-2.650764083862304688e+01 6.146589279174804688e+00 7.089988708496093750e+01
-2.534655189514160156e+01 5.857487201690673828e+00 7.024305725097656250e+01
-2.697507858276367188e+01 5.784046649932861328e+00 7.234491729736328125e+01
-2.650847244262695312e+01 6.145530700683593750e+00 7.089561462402343750e+01
-2.506196975708007812e+01 5.702061653137207031e+00 7.151296997070312500e+01
-2.885984420776367188e+01 5.381928443908691406e+00 7.173371887207031250e+01
-2.650435066223144531e+01 6.145409584045410156e+00 7.089634704589843750e+01
-2.632688903808593750e+01 5.893160820007324219e+00 7.159487915039062500e+01
-2.650908470153808594e+01 6.145626068115234375e+00 7.089842224121093750e+01
-2.540888977050781250e+01 5.698505401611328125e+00 7.071707153320312500e+01
-2.763666534423828125e+01 5.360617637634277344e+00 7.234500885009765625e+01
-2.650680351257324219e+01 6.144418239593505859e+00 7.089486694335937500e+01
-2.576346206665039062e+01 5.656596660614013672e+00 7.159421539306640625e+01
-2.650645065307617188e+01 6.146809577941894531e+00 7.090017700195312500e+01
-2.650423049926757812e+01 6.145275115966796875e+00 7.089823913574218750e+01
-2.664740371704101562e+01 5.319958686828613281e+00 7.234496307373046875e+01
-2.650922775268554688e+01 6.144001007080078125e+00 7.089640045166015625e+01
-2.369206047058105469e+01 4.332114696502685547e+00 7.142636108398437500e+01
-2.879517173767089844e+01 4.345493793487548828e+00 7.232493591308593750e+01
-2.650521278381347656e+01 6.143759250640869141e+00 7.089596557617187500e+01
-2.615411376953125000e+01 5.568718910217285156e+00 7.159494781494140625e+01
-2.650858497619628906e+01 6.145005226135253906e+00 7.089935302734375000e+01
-2.571425056457519531e+01 5.442675590515136719e+00 7.058219909667968750e+01
-2.719976615905761719e+01 4.751849651336669922e+00 7.234499359130859375e+01
-2.650800514221191406e+01 6.141718387603759766e+00 7.089484405517578125e+01
-2.555023956298828125e+01 5.066599369049072266e+00 7.146681976318359375e+01
-2.886142730712890625e+01 3.670602798461914062e+00 7.139389038085937500e+01
-2.650472831726074219e+01 6.143730163574218750e+00 7.089786529541015625e+01
-2.646782112121582031e+01 5.770149230957031250e+00 7.122244262695312500e+01
-2.650982284545898438e+01 6.141237735748291016e+00 7.089722442626953125e+01
-2.594676399230957031e+01 5.405503273010253906e+00 7.088249969482421875e+01
-2.798677062988281250e+01 3.203310012817382812e+00 7.234487915039062500e+01
-2.650616836547851562e+01 6.140756130218505859e+00 7.089622497558593750e+01
-2.626683998107910156e+01 5.513251781463623047e+00 7.119300079345703125e+01
-2.650773239135742188e+01 6.144341945648193359e+00 7.089998626708984375e+01
-2.624514579772949219e+01 5.497951507568359375e+00 7.072216796875000000e+01
-2.652175521850585938e+01 5.990224361419677734e+00 7.096549224853515625e+01
-2.650938606262207031e+01 6.130039691925048828e+00 7.089482879638671875e+01
-2.634735107421875000e+01 5.575736045837402344e+00 7.095262908935546875e+01
-2.881243133544921875e+01 -6.243323802947998047e+00 7.193844604492187500e+01
-2.650638961791992188e+01 6.146840095520019531e+00 7.090017700195312500e+01
