-2.506073570251464844e+01 4.687875747680664062e+00 7.090008544921875000e+01
-2.526118659973144531e+01 5.901279449462890625e+00 7.108371734619140625e+01
-2.506062698364257812e+01 4.573658943176269531e+00 7.089885711669921875e+01
-2.485524368286132812e+01 5.494853496551513672e+00 7.116811370849609375e+01
-2.506236076354980469e+01 4.573294639587402344e+00 7.089979553222656250e+01
-2.505866813659667969e+01 4.574470996856689453e+00 7.089877319335937500e+01
-2.524641036987304688e+01 5.886523723602294922e+00 7.159078979492187500e+01
-2.506162643432617188e+01 4.572675704956054688e+00 7.089836883544921875e+01
-2.463208961486816406e+01 5.271329402923583984e+00 7.105662536621093750e+01
-2.629392242431640625e+01 6.467925548553466797e+00 7.140912628173828125e+01
-2.505976104736328125e+01 4.572486400604248047e+00 7.089800262451171875e+01
-2.484281158447265625e+01 5.470486164093017578e+00 7.159486389160156250e+01
-2.506302070617675781e+01 4.572505474090576172e+00 7.089875793457031250e+01
-2.505463218688964844e+01 4.576262950897216797e+00 7.089874267578125000e+01
-2.554921531677246094e+01 5.443491458892822266e+00 7.159490203857421875e+01
-2.506100845336914062e+01 4.571497440338134766e+00 7.089798736572265625e+01
-2.454698562622070312e+01 5.187081336975097656e+00 7.133307647705078125e+01
-2.602805900573730469e+01 5.412183284759521484e+00 7.094008636474609375e+01
-2.505879974365234375e+01 4.571693897247314453e+00 7.089816284179687500e+01
-2.509286689758300781e+01 5.113609313964843750e+00 7.159493255615234375e+01
-2.506245422363281250e+01 4.571431159973144531e+00 7.089802551269531250e+01
-2.440086555480957031e+01 5.038300514221191406e+00 7.098886871337890625e+01
-2.713732910156250000e+01 6.259723186492919922e+00 7.234492492675781250e+01
-2.506035804748535156e+01 4.570533752441406250e+00 7.089840698242187500e+01
-2.466257095336914062e+01 5.050780773162841797e+00 7.159493255615234375e+01
-2.819506263732910156e+01 6.443450450897216797e+00 6.990014648437500000e+01
-2.505833435058593750e+01 4.570868492126464844e+00 7.089897918701171875e+01
-2.535152816772460938e+01 4.953822135925292969e+00 7.159491729736328125e+01
-2.506141090393066406e+01 4.570402145385742188e+00 7.089820861816406250e+01
-2.431343650817871094e+01 4.953558921813964844e+00 7.129284667968750000e+01
-2.883926391601562500e+01 6.244226455688476562e+00 7.189609527587890625e+01
-2.506028175354003906e+01 4.569779872894287109e+00 7.089937591552734375e+01
-2.494132041931152344e+01 4.835901737213134766e+00 7.159492492675781250e+01
-2.635203933715820312e+01 5.146891117095947266e+00 6.990002441406250000e+01
-1.298988246917724609e+01 8.562989234924316406e+00 6.990003967285156250e+01
-2.639737701416015625e+01 5.172470569610595703e+00 7.234495544433593750e+01
-2.506072998046875000e+01 4.569727897644042969e+00 7.089907073974609375e+01
-2.443043327331542969e+01 4.814272880554199219e+00 7.159490203857421875e+01
-2.885065460205078125e+01 5.478576183319091797e+00 7.054883575439453125e+01
-2.374304199218750000e+01 4.928510189056396484e+00 6.990000152587890625e+01
-2.518715286254882812e+01 4.707561969757080078e+00 7.159498596191406250e+01
-2.569010162353515625e+01 4.775414466857910156e+00 6.989995574951171875e+01
-2.408447837829589844e+01 4.724604606628417969e+00 7.116764068603515625e+01
-2.787636375427246094e+01 4.988643169403076172e+00 7.234501647949218750e+01
-2.469002532958984375e+01 4.688672542572021484e+00 6.990015411376953125e+01
-2.477786636352539062e+01 4.637927532196044922e+00 7.159494781494140625e+01
-2.856815719604492188e+01 4.844570159912109375e+00 6.923785400390625000e+01
-2.181716537475585938e+01 4.741086006164550781e+00 6.990005493164062500e+01
-2.590751266479492188e+01 4.620213985443115234e+00 7.234496307373046875e+01
-2.527549171447753906e+01 4.579773902893066406e+00 6.990000152587890625e+01
-2.408258819580078125e+01 4.557321548461914062e+00 7.159491729736328125e+01
-2.887938690185546875e+01 4.452775955200195312e+00 7.137599945068359375e+01
-2.420946693420410156e+01 4.503026008605957031e+00 6.989997863769531250e+01
-2.500804328918457031e+01 4.466951847076416016e+00 7.234498596191406250e+01
-2.604632759094238281e+01 4.441260337829589844e+00 6.989996337890625000e+01
-2.506073570251464844e+01 4.569441318511962891e+00 7.090008544921875000e+01
-2.680946922302246094e+01 4.268964767456054688e+00 7.234497833251953125e+01
-2.492121505737304688e+01 4.414668560028076172e+00 6.990006256103515625e+01
-2.458229255676269531e+01 4.422390460968017578e+00 7.159493255615234375e+01
-2.882261848449707031e+01 3.814565420150756836e+00 7.003448486328125000e+01
-2.329527664184570312e+01 4.128999233245849609e+00 6.989984893798828125e+01
-2.552947235107421875e+01 4.206610679626464844e+00 7.234497070312500000e+01
-2.551688957214355469e+01 4.282569408416748047e+00 6.990000915527343750e+01
-2.342596817016601562e+01 4.066048145294189453e+00 7.159363555908203125e+01
-2.879474830627441406e+01 3.355824470520019531e+00 7.222259521484375000e+01
-2.452879524230957031e+01 4.195913791656494141e+00 6.989984893798828125e+01
-2.468740272521972656e+01 4.041828632354736328e+00 7.234494781494140625e+01
-2.659963607788085938e+01 3.875784873962402344e+00 6.989994049072265625e+01
-1.906711387634277344e+01 2.121011495590209961e+00 6.990010070800781250e+01
-2.619104385375976562e+01 3.783195734024047852e+00 7.234495544433593750e+01
-2.513867568969726562e+01 4.113057613372802734e+00 6.990006256103515625e+01
-2.431709671020507812e+01 4.078728675842285156e+00 7.159478759765625000e+01
-2.884627914428710938e+01 2.637547492980957031e+00 7.086315155029296875e+01
-2.394724464416503906e+01 3.762061357498168945e+00 6.989984130859375000e+01
-2.520142555236816406e+01 3.744461774826049805e+00 7.234155273437500000e+01
-2.581209564208984375e+01 3.817614555358886719e+00 6.990000915527343750e+01
-2.187529182434082031e+01 2.515415191650390625e+00 7.149565124511718750e+01
-2.738165855407714844e+01 2.742797613143920898e+00 7.234485626220703125e+01
-2.478140830993652344e+01 3.838259220123291016e+00 6.990002441406250000e+01
-2.432817459106445312e+01 3.367228984832763672e+00 7.234487915039062500e+01
-2.769555473327636719e+01 2.367094993591308594e+00 6.990861511230468750e+01
-2.256944656372070312e+01 2.354834794998168945e+00 6.990005493164062500e+01
-2.575411033630371094e+01 3.174453735351562500e+00 7.234489440917968750e+01
-2.536372184753417969e+01 3.608866691589355469e+00 6.990005493164062500e+01
-2.262290763854980469e+01 1.815225601196289062e+00 7.234481048583984375e+01
-2.884143447875976562e+01 5.941711068153381348e-01 7.169267272949218750e+01
-2.434294128417968750e+01 3.225619554519653320e+00 6.989997863769531250e+01
-2.488783073425292969e+01 2.880686521530151367e+00 7.234484863281250000e+01
-2.739303207397460938e+01 7.635934352874755859e-01 6.889517974853515625e+01
-1.059850215911865234e+01 -1.458872604370117188e+01 7.044332122802734375e+01
-2.654113006591796875e+01 1.625884175300598145e+00 7.234480285644531250e+01
-2.500470733642578125e+01 3.028786420822143555e+00 6.989998626708984375e+01
-2.387884140014648438e+01 1.443419575691223145e+00 7.234481048583984375e+01
-2.880802726745605469e+01 -2.402870416641235352e+00 7.035861968994140625e+01
-2.359299850463867188e+01 9.238019585609436035e-01 6.989997863769531250e+01
-2.540059280395507812e+01 1.105252027511596680e+00 7.234481048583984375e+01
-2.620615959167480469e+01 -1.852818727493286133e+00 6.885517120361328125e+01
-2.068013763427734375e+01 -1.116125488281250000e+01 7.234485626220703125e+01
-2.826975250244140625e+01 -1.267233753204345703e+01 7.234490966796875000e+01
-2.506073570251464844e+01 -1.463879489898681641e+01 7.090008544921875000e+01
