-1.719050598144531250e+01 8.620012283325195312e+00 7.089493560791015625e+01
-1.729318237304687500e+01 8.771973609924316406e+00 7.098899841308593750e+01
-1.717761802673339844e+01 8.592514991760253906e+00 7.074807739257812500e+01
-1.713359451293945312e+01 8.346058845520019531e+00 7.096916961669921875e+01
-1.754458427429199219e+01 8.929049491882324219e+00 7.083230590820312500e+01
-1.718902778625488281e+01 8.093359947204589844e+00 7.089399719238281250e+01
-1.728521919250488281e+01 8.761608123779296875e+00 7.124726104736328125e+01
-1.740301513671875000e+01 8.861931800842285156e+00 7.048576354980468750e+01
-1.719044494628906250e+01 8.089865684509277344e+00 7.089495849609375000e+01
-1.775376510620117188e+01 8.956897735595703125e+00 7.112744140625000000e+01
-1.713743400573730469e+01 8.255556106567382812e+00 7.078152465820312500e+01
-1.713044166564941406e+01 8.338108062744140625e+00 7.108642578125000000e+01
-1.782971572875976562e+01 8.947200775146484375e+00 7.052449798583984375e+01
-1.268426227569580078e+01 1.312634944915771484e+01 6.990425109863281250e+01
-1.767336082458496094e+01 8.953748703002929688e+00 7.158174896240234375e+01
-1.727826690673828125e+01 8.753502845764160156e+00 7.021768951416015625e+01
-1.547006130218505859e+01 1.015811634063720703e+01 7.234492492675781250e+01
-1.806390380859375000e+01 8.850677490234375000e+00 7.093105316162109375e+01
-1.619067573547363281e+01 9.253397941589355469e+00 6.989997100830078125e+01
-1.722286796569824219e+01 8.637860298156738281e+00 7.159480285644531250e+01
-1.791303062438964844e+01 8.926687240600585938e+00 7.002910614013671875e+01
-8.167490959167480469e+00 1.450090885162353516e+01 7.210897064208984375e+01
-1.809608650207519531e+01 8.826878547668457031e+00 7.152501678466796875e+01
-1.713884162902832031e+01 8.238963127136230469e+00 7.066528320312500000e+01
-1.635960578918457031e+01 9.094238281250000000e+00 7.234497070312500000e+01
-1.821484756469726562e+01 8.702216148376464844e+00 7.056814575195312500e+01
-1.504286384582519531e+01 9.365897178649902344e+00 6.990267181396484375e+01
-1.748339462280273438e+01 8.476916313171386719e+00 7.159477996826171875e+01
-1.779327964782714844e+01 8.948553085327148438e+00 6.921907043457031250e+01
-1.443152809143066406e+01 9.507900238037109375e+00 7.234497833251953125e+01
-1.828254127502441406e+01 8.573795318603515625e+00 7.118279266357421875e+01
-1.655075454711914062e+01 8.566393852233886719e+00 6.989997863769531250e+01
-1.718983078002929688e+01 8.091272354125976562e+00 7.089886474609375000e+01
-1.828092956542968750e+01 8.577383995056152344e+00 7.005045318603515625e+01
-5.181012630462646484e+00 1.206301212310791016e+01 6.989997100830078125e+01
-1.783810615539550781e+01 8.381931304931640625e+00 7.159497070312500000e+01
-1.718183517456054688e+01 8.593646049499511719e+00 6.911743164062500000e+01
-1.587509250640869141e+01 8.600717544555664062e+00 7.234498596191406250e+01
-1.832326316833496094e+01 8.361493110656738281e+00 7.078995513916015625e+01
-1.588338375091552734e+01 8.445952415466308594e+00 6.990287780761718750e+01
-1.731783485412597656e+01 8.228882789611816406e+00 7.159485626220703125e+01
-1.831720161437988281e+01 8.458498954772949219e+00 6.910449981689453125e+01
-1.189927959442138672e+01 8.930736541748046875e+00 7.234503936767578125e+01
-1.831435585021972656e+01 8.257087707519531250e+00 7.147167968750000000e+01
-1.682184600830078125e+01 8.208335876464843750e+00 6.990054321289062500e+01
-1.660020256042480469e+01 8.232685089111328125e+00 7.234500122070312500e+01
-1.829194641113281250e+01 8.176163673400878906e+00 7.037294006347656250e+01
-1.396376419067382812e+01 8.260519027709960938e+00 6.990009307861328125e+01
-1.760073471069335938e+01 8.114361763000488281e+00 7.159491729736328125e+01
-1.719050598144531250e+01 8.089764595031738281e+00 7.089493560791015625e+01
-1.514916324615478516e+01 8.064471244812011719e+00 7.234500885009765625e+01
-1.823956298828125000e+01 8.057714462280273438e+00 7.102568054199218750e+01
-1.634372138977050781e+01 8.023698806762695312e+00 6.990010070800781250e+01
-1.713762474060058594e+01 7.986907958984375000e+00 7.234501647949218750e+01
-1.816800880432128906e+01 7.962635993957519531e+00 6.990302276611328125e+01
-1.719050598144531250e+01 8.089764595031738281e+00 7.089493560791015625e+01
-1.803753852844238281e+01 7.944222927093505859e+00 7.159479522705078125e+01
-1.705168914794921875e+01 7.935773372650146484e+00 6.989996337890625000e+01
-1.619203758239746094e+01 7.782882213592529297e+00 7.234502410888671875e+01
-1.810243225097656250e+01 7.906773567199707031e+00 7.068510437011718750e+01
-1.543465900421142578e+01 7.651720523834228516e+00 6.990014648437500000e+01
-1.741757583618164062e+01 7.913999080657958984e+00 7.159487915039062500e+01
-1.769676208496093750e+01 7.771383285522460938e+00 6.978501129150390625e+01
-1.377247810363769531e+01 7.037252902984619141e+00 7.234503936767578125e+01
-1.799335098266601562e+01 7.828826427459716797e+00 7.117928314208984375e+01
-1.666137313842773438e+01 7.718207836151123047e+00 6.989997863769531250e+01
-1.681582069396972656e+01 7.560238838195800781e+00 7.234503936767578125e+01
-1.787232589721679688e+01 7.782435417175292969e+00 7.045181274414062500e+01
-1.122659492492675781e+01 5.653471469879150391e+00 6.989990997314453125e+01
-1.773802375793457031e+01 7.708910465240478516e+00 7.159482574462890625e+01
-1.726804733276367188e+01 7.635708808898925781e+00 6.990001678466796875e+01
-1.563825130462646484e+01 7.065462112426757812e+00 7.234503173828125000e+01
-1.781750869750976562e+01 7.769783496856689453e+00 7.088881683349609375e+01
-1.496222400665283203e+01 6.474062919616699219e+00 6.889328002929687500e+01
-1.733203887939453125e+01 7.259840488433837891e+00 7.234503936767578125e+01
-1.744415855407714844e+01 7.835954666137695312e+00 7.055731964111328125e+01
-9.434881210327148438e+00 3.088809728622436523e+00 7.234497070312500000e+01
-1.792586708068847656e+01 7.511011123657226562e+00 7.135269927978515625e+01
-1.691260528564453125e+01 7.362316608428955078e+00 6.989998626708984375e+01
-1.645525360107421875e+01 6.883134365081787109e+00 7.234503936767578125e+01
-1.755015563964843750e+01 7.789146423339843750e+00 7.075959777832031250e+01
-1.471194839477539062e+01 5.886475563049316406e+00 6.990001678466796875e+01
-1.752584838867187500e+01 7.415094852447509766e+00 7.159370422363281250e+01
-1.749193000793457031e+01 7.134147167205810547e+00 6.990006256103515625e+01
-1.474360656738281250e+01 5.325299739837646484e+00 7.234503936767578125e+01
-1.742060470581054688e+01 7.847823143005371094e+00 7.094317626953125000e+01
-1.648065567016601562e+01 6.760816097259521484e+00 6.990589904785156250e+01
-1.701696205139160156e+01 6.394771099090576172e+00 7.234503936767578125e+01
-1.834784126281738281e+01 6.201220512390136719e+00 6.990005493164062500e+01
-7.773721963167190552e-02 -1.457957553863525391e+01 7.035445404052734375e+01
-1.752583694458007812e+01 7.423007488250732422e+00 7.122218322753906250e+01
-1.713491821289062500e+01 6.561206340789794922e+00 6.990268707275390625e+01
-1.600421333312988281e+01 4.952109813690185547e+00 7.234503936767578125e+01
-2.407649993896484375e+01 -4.722500801086425781e+00 6.989994049072265625e+01
-1.573053932189941406e+01 4.463428020477294922e+00 6.990012359619140625e+01
-1.753162956237792969e+01 4.612675189971923828e+00 7.234504699707031250e+01
-1.774775314331054688e+01 4.965343952178955078e+00 6.990008544921875000e+01
-1.517728900909423828e+01 8.603181242942810059e-01 7.155891418457031250e+01
-1.752223968505859375e+01 6.307388782501220703e+00 7.104429626464843750e+01
-1.719050598144531250e+01 8.603132367134094238e-01 7.089493560791015625e+01
