8.143634796142578125e+00 -3.997188508510589600e-01 7.089997100830078125e+01
8.134780883789062500e+00 -4.008380472660064697e-01 7.090808105468750000e+01
8.231399536132812500e+00 2.963875770568847656e+00 6.989993286132812500e+01
8.156946182250976562e+00 -3.997180759906768799e-01 7.091733551025390625e+01
8.118485450744628906e+00 -4.000533819198608398e-01 7.089552307128906250e+01
9.715760231018066406e+00 3.364896774291992188e+00 6.989990997314453125e+01
8.135184288024902344e+00 -3.997207880020141602e-01 7.093140411376953125e+01
7.624262809753417969e+00 1.427504897117614746e+00 6.989994812011718750e+01
8.180247306823730469e+00 -3.997155725955963135e-01 7.091334533691406250e+01
8.104698181152343750e+00 -3.997233510017395020e-01 7.091604614257812500e+01
8.611602783203125000e+00 1.002207398414611816e+00 6.989994812011718750e+01
8.158133506774902344e+00 -3.997189402580261230e-01 7.094619750976562500e+01
6.418065547943115234e+00 1.855015635490417480e+00 6.989997100830078125e+01
1.269254207611083984e+01 4.624604701995849609e+00 6.989990997314453125e+01
8.110135078430175781e+00 -3.997238874435424805e-01 7.094762420654296875e+01
8.014048576354980469e+00 5.203975439071655273e-01 6.989996337890625000e+01
8.193501472473144531e+00 -3.997151851654052734e-01 7.094200134277343750e+01
8.074988365173339844e+00 -3.998605608940124512e-01 7.090280914306640625e+01
9.148537635803222656e+00 7.098715305328369141e-01 6.989995574951171875e+01
8.140095710754394531e+00 -3.997218012809753418e-01 7.097651672363281250e+01
7.309136390686035156e+00 5.069590806961059570e-01 6.989996337890625000e+01
8.228015899658203125e+00 -3.997106552124023438e-01 7.091132354736328125e+01
8.076086044311523438e+00 -4.046834111213684082e-01 7.094696807861328125e+01
8.368602752685546875e+00 1.900108456611633301e-01 6.989997100830078125e+01
8.193224906921386719e+00 -3.997167348861694336e-01 7.098651123046875000e+01
5.009212017059326172e+00 1.414400100708007812e+00 6.990000152587890625e+01
1.030202865600585938e+01 8.228552341461181641e-01 6.990274047851562500e+01
8.098288536071777344e+00 -3.997257053852081299e-01 7.100832366943359375e+01
7.783955097198486328e+00 5.278059095144271851e-02 6.989997100830078125e+01
8.260280609130859375e+00 -3.997090458869934082e-01 7.096127319335937500e+01
8.008406639099121094e+00 -3.997278213500976562e-01 7.093561553955078125e+01
8.786626815795898438e+00 1.937753893435001373e-02 6.989997100830078125e+01
8.169292449951171875e+00 -4.024149179458618164e-01 7.104926300048828125e+01
6.852407455444335938e+00 1.177491247653961182e-01 6.989997100830078125e+01
2.021238517761230469e+01 3.533186197280883789e+00 6.990010070800781250e+01
8.030040740966796875e+00 -4.084176123142242432e-01 7.102276611328125000e+01
8.148512840270996094e+00 -1.761911660432815552e-01 6.989997863769531250e+01
8.297990798950195312e+00 -3.997088968753814697e-01 7.107012939453125000e+01
-2.543604612350463867e+00 2.104014396667480469e+00 6.990947723388671875e+01
9.461215019226074219e+00 -1.006282791495323181e-01 6.989997863769531250e+01
8.088773727416992188e+00 -3.997262120246887207e-01 7.120153045654296875e+01
7.514353275299072266e+00 -2.537206113338470459e-01 6.989997863769531250e+01
8.521030426025390625e+00 -3.996839225292205811e-01 7.100340270996093750e+01
7.740910530090332031e+00 -3.997068107128143311e-01 7.110664367675781250e+01
8.514367103576660156e+00 -3.404279351234436035e-01 6.989998626708984375e+01
8.391283988952636719e+00 -3.997068703174591064e-01 7.150831604003906250e+01
6.033613204956054688e+00 -2.941519320011138916e-01 6.989999389648437500e+01
1.138710975646972656e+01 -2.880262136459350586e-01 6.989997100830078125e+01
7.296830654144287109e+00 -4.088919460773468018e-01 7.234489440917968750e+01
7.928918361663818359e+00 -4.493353068828582764e-01 6.990007781982421875e+01
9.121895790100097656e+00 -4.717874228954315186e-01 7.159487915039062500e+01
2.567110538482666016e+00 -6.300371885299682617e-01 7.159496307373046875e+01
8.994799613952636719e+00 -5.260731577873229980e-01 6.989998626708984375e+01
8.168969154357910156e+00 -5.089434981346130371e-01 7.159468841552734375e+01
7.158181190490722656e+00 -5.878288149833679199e-01 6.989998626708984375e+01
8.144006729125976562e+00 -4.597076773643493652e-01 7.089998626708984375e+01
7.302536964416503906e+00 -6.041879057884216309e-01 7.159492492675781250e+01
8.283150672912597656e+00 -6.144327521324157715e-01 6.989998626708984375e+01
8.622048377990722656e+00 -6.067080497741699219e-01 7.159477233886718750e+01
3.797979116439819336e+00 -1.331684589385986328e+00 6.990004730224609375e+01
1.173124504089355469e+01 -1.354693531990051270e+00 6.886737823486328125e+01
7.918179035186767578e+00 -6.341823339462280273e-01 7.159494018554687500e+01
7.687525272369384766e+00 -7.465100288391113281e-01 6.989999389648437500e+01
9.442718505859375000e+00 -8.596920371055603027e-01 7.145111083984375000e+01
6.936944484710693359e+00 -8.518606424331665039e-01 7.132735443115234375e+01
8.675436973571777344e+00 -8.330965042114257812e-01 6.989999389648437500e+01
8.323156356811523438e+00 -7.133759856224060059e-01 7.159474945068359375e+01
6.605002403259277344e+00 -1.153201222419738770e+00 6.990000152587890625e+01
1.413714122772216797e+01 -2.908048868179321289e+00 6.990000915527343750e+01
7.599930763244628906e+00 -8.378679156303405762e-01 7.159498596191406250e+01
7.986886978149414062e+00 -1.377519011497497559e+00 6.888878631591796875e+01
8.749844551086425781e+00 -8.596923351287841797e-01 7.146628570556640625e+01
8.143532752990722656e+00 -4.597181379795074463e-01 7.089997100830078125e+01
9.256818771362304688e+00 -1.266823291778564453e+00 6.990000152587890625e+01
8.075799942016601562e+00 -8.574357032775878906e-01 7.159498596191406250e+01
7.392352104187011719e+00 -1.211416244506835938e+00 6.990000152587890625e+01
8.143707275390625000e+00 -4.597130417823791504e-01 7.089998626708984375e+01
8.143596649169921875e+00 -4.596962034702301025e-01 7.089999389648437500e+01
8.422936439514160156e+00 -1.190783858299255371e+00 6.990000152587890625e+01
8.387401580810546875e+00 -8.597144484519958496e-01 7.138073730468750000e+01
5.486345291137695312e+00 -2.680794477462768555e+00 6.990003967285156250e+01
1.063483619689941406e+01 -2.674194574356079102e+00 6.989997100830078125e+01
7.944783210754394531e+00 -8.597322106361389160e-01 7.131432342529296875e+01
7.536032676696777344e+00 -2.385977029800415039e+00 6.889453125000000000e+01
8.143669128417968750e+00 -4.597052931785583496e-01 7.089999389648437500e+01
8.143588066101074219e+00 -4.597153663635253906e-01 7.089997863769531250e+01
8.861322402954101562e+00 -1.803287029266357422e+00 6.990001678466796875e+01
8.143637657165527344e+00 -4.596942067146301270e-01 7.089999389648437500e+01
6.980404376983642578e+00 -2.357828378677368164e+00 6.990002441406250000e+01
8.143673896789550781e+00 -4.597181677818298340e-01 7.089997100830078125e+01
8.143614768981933594e+00 -4.597064852714538574e-01 7.089999389648437500e+01
8.199655532836914062e+00 -2.000101804733276367e+00 6.990001678466796875e+01
8.143650054931640625e+00 -4.597074687480926514e-01 7.089999389648437500e+01
1.223948240280151367e+00 -1.333461952209472656e+01 6.990010833740234375e+01
9.611200332641601562e+00 -4.104877471923828125e+00 6.989998626708984375e+01
8.143630981445312500e+00 -4.597090184688568115e-01 7.089998626708984375e+01
7.583543300628662109e+00 -3.600032091140747070e+00 6.990004730224609375e+01
8.143649101257324219e+00 -4.597173035144805908e-01 7.089997863769531250e+01
8.143625259399414062e+00 -4.597174227237701416e-01 7.089997863769531250e+01
8.143634796142578125e+00 -4.597181081771850586e-01 7.089997100830078125e+01
