-2.620062065124511719e+01 6.529337882995605469e+00 7.089495849609375000e+01
-2.620062255859375000e+01 5.467072963714599609e+00 7.089495849609375000e+01
-2.617307662963867188e+01 6.541509628295898438e+00 7.058110809326171875e+01
-2.620061874389648438e+01 5.467066287994384766e+00 7.089495849609375000e+01
-2.649743652343750000e+01 6.170611381530761719e+00 7.084245300292968750e+01
-2.574745559692382812e+01 6.569491386413574219e+00 7.060668945312500000e+01
-2.620062065124511719e+01 5.467063426971435547e+00 7.089495849609375000e+01
-2.643355369567871094e+01 6.313438415527343750e+00 7.044645690917968750e+01
-2.620061492919921875e+01 5.467067718505859375e+00 7.089495849609375000e+01
-2.620062446594238281e+01 5.467066764831542969e+00 7.089495849609375000e+01
-2.584135627746582031e+01 6.589358806610107422e+00 7.012722778320312500e+01
-2.620062065124511719e+01 5.467062473297119141e+00 7.089495849609375000e+01
-2.650888633728027344e+01 5.880567073822021484e+00 7.071631622314453125e+01
-2.542868995666503906e+01 6.329839229583740234e+00 7.072525024414062500e+01
-2.620062255859375000e+01 5.467062473297119141e+00 7.089495849609375000e+01
-2.632912826538085938e+01 6.438969135284423828e+00 6.990326690673828125e+01
-2.620061874389648438e+01 5.467062473297119141e+00 7.089495849609375000e+01
-2.620066642761230469e+01 5.467099189758300781e+00 7.089495849609375000e+01
-2.544323539733886719e+01 6.348527908325195312e+00 7.014125823974609375e+01
-2.620062065124511719e+01 5.467061519622802734e+00 7.089495849609375000e+01
-2.648939514160156250e+01 5.801555156707763672e+00 7.054891204833984375e+01
-2.620060729980468750e+01 5.467069149017333984e+00 7.089495849609375000e+01
-2.620062255859375000e+01 5.467061996459960938e+00 7.089495849609375000e+01
-2.581244850158691406e+01 6.588052272796630859e+00 6.916949462890625000e+01
-2.620061874389648438e+01 5.467061042785644531e+00 7.089495849609375000e+01
-2.620166778564453125e+01 5.467686653137207031e+00 7.089462280273437500e+01
-2.532638168334960938e+01 5.986533641815185547e+00 7.049103546142578125e+01
-2.620062065124511719e+01 5.467061042785644531e+00 7.089495849609375000e+01
-2.651469612121582031e+01 5.914534091949462891e+00 7.002174377441406250e+01
-2.620061683654785156e+01 5.467061996459960938e+00 7.089495849609375000e+01
-2.620135116577148438e+01 5.467383861541748047e+00 7.089514923095703125e+01
-2.534390068054199219e+01 6.105335235595703125e+00 6.956256103515625000e+01
-2.620062065124511719e+01 5.467060565948486328e+00 7.089495849609375000e+01
-2.620070648193359375e+01 5.467098236083984375e+00 7.089488983154296875e+01
-2.539254379272460938e+01 5.734405994415283203e+00 7.082801055908203125e+01
-2.620062255859375000e+01 5.467060565948486328e+00 7.089495849609375000e+01
-2.620062065124511719e+01 5.467060089111328125e+00 7.089495849609375000e+01
-2.620061874389648438e+01 5.467060565948486328e+00 7.089495849609375000e+01
-2.886214256286621094e+01 6.105512619018554688e+00 7.064829254150390625e+01
-2.542084693908691406e+01 5.679546833038330078e+00 7.030313873291015625e+01
-2.620062065124511719e+01 5.467060565948486328e+00 7.089495849609375000e+01
-2.682672309875488281e+01 5.671965122222900391e+00 6.990001678466796875e+01
-2.620061492919921875e+01 5.467061042785644531e+00 7.089495849609375000e+01
-2.620642089843750000e+01 5.467923641204833984e+00 7.089793395996093750e+01
-2.543236923217773438e+01 5.714151382446289062e+00 6.882273101806640625e+01
-2.619934463500976562e+01 5.467369079589843750e+00 7.089809417724609375e+01
-2.829789352416992188e+01 5.631574153900146484e+00 6.990102386474609375e+01
-2.560058784484863281e+01 5.498812675476074219e+00 7.070996093750000000e+01
-2.620353698730468750e+01 5.467235088348388672e+00 7.089993286132812500e+01
-2.641417694091796875e+01 5.477334976196289062e+00 6.990045928955078125e+01
-2.620061874389648438e+01 5.467060089111328125e+00 7.089495849609375000e+01
-2.887648963928222656e+01 5.385308265686035156e+00 7.122844696044921875e+01
-2.574895668029785156e+01 5.431821823120117188e+00 7.036432647705078125e+01
-2.614774322509765625e+01 5.364209651947021484e+00 7.234495544433593750e+01
-2.718116188049316406e+01 5.339536190032958984e+00 6.989996337890625000e+01
-2.620062065124511719e+01 5.467060089111328125e+00 7.089495849609375000e+01
-2.620484733581542969e+01 5.466333866119384766e+00 7.089845275878906250e+01
-2.606180763244628906e+01 5.313072681427001953e+00 6.990000915527343750e+01
-2.620061874389648438e+01 5.467059612274169922e+00 7.089495849609375000e+01
-2.884019088745117188e+01 4.937392234802246094e+00 7.028759765625000000e+01
-2.601250076293945312e+01 5.420128345489501953e+00 7.078837585449218750e+01
-2.667101860046386719e+01 5.102943420410156250e+00 7.234497070312500000e+01
-2.665441131591796875e+01 5.181674957275390625e+00 6.990006256103515625e+01
-2.620061683654785156e+01 5.467058658599853516e+00 7.089495849609375000e+01
-2.884683036804199219e+01 4.606997489929199219e+00 7.183219146728515625e+01
-2.512164115905761719e+01 4.709402561187744141e+00 6.886608886718750000e+01
-2.582596015930175781e+01 4.937569618225097656e+00 7.234496307373046875e+01
-2.860116958618164062e+01 4.385017871856689453e+00 6.933482360839843750e+01
-2.619624900817871094e+01 5.465274333953857422e+00 7.089422607421875000e+01
-2.733497238159179688e+01 4.678002834320068359e+00 7.234499359130859375e+01
-2.627816581726074219e+01 5.012991905212402344e+00 6.990000915527343750e+01
-2.620061874389648438e+01 5.467058658599853516e+00 7.089495849609375000e+01
-2.885493469238281250e+01 4.112472057342529297e+00 7.086906433105468750e+01
-2.509304046630859375e+01 4.663966178894042969e+00 6.990002441406250000e+01
-2.634214401245117188e+01 4.637197494506835938e+00 7.234495544433593750e+01
-2.694812583923339844e+01 4.719090461730957031e+00 6.990001678466796875e+01
-2.620061111450195312e+01 5.467054367065429688e+00 7.089495849609375000e+01
-2.852986717224121094e+01 3.633866071701049805e+00 7.234490966796875000e+01
-2.592344665527343750e+01 4.741512775421142578e+00 6.990260314941406250e+01
-2.546541023254394531e+01 4.260499954223632812e+00 7.234497833251953125e+01
-2.881409835815429688e+01 3.282552719116210938e+00 6.991151428222656250e+01
-2.372202110290527344e+01 3.263733386993408203e+00 6.990001678466796875e+01
-2.689649581909179688e+01 4.067040443420410156e+00 7.234497833251953125e+01
-2.650202941894531250e+01 4.511490345001220703e+00 6.990013122558593750e+01
-2.375410652160644531e+01 2.703031301498413086e+00 7.234483337402343750e+01
-2.886294555664062500e+01 2.667719364166259766e+00 7.145308685302734375e+01
-2.548653793334960938e+01 4.130187988281250000e+00 6.990002441406250000e+01
-2.602709007263183594e+01 3.772194862365722656e+00 7.234495544433593750e+01
-2.735817337036132812e+01 3.578162193298339844e+00 6.989989471435546875e+01
-1.106618976593017578e+01 -1.458156871795654297e+01 7.041696166992187500e+01
-2.768630027770996094e+01 2.512992143630981445e+00 7.234483337402343750e+01
-2.614487838745117188e+01 3.934276819229125977e+00 6.989997100830078125e+01
-2.501452827453613281e+01 2.329933404922485352e+00 7.234481811523437500e+01
-2.882937622070312500e+01 5.759281516075134277e-01 7.051511383056640625e+01
-2.475358963012695312e+01 1.872852683067321777e+00 6.990896606445312500e+01
-2.654168319702148438e+01 1.990588784217834473e+00 7.234481048583984375e+01
-2.738058090209960938e+01 -1.148841619491577148e+00 6.878839111328125000e+01
-2.180417633056640625e+01 -1.032053947448730469e+01 7.234495544433593750e+01
-2.879700851440429688e+01 -8.483110427856445312e+00 7.206394958496093750e+01
-2.620062065124511719e+01 -1.461875152587890625e+01 7.089495849609375000e+01
