2.735654592514038086e+00 4.603134691715240479e-01 7.089995574951171875e+01
2.726796388626098633e+00 4.591946601867675781e-01 7.090807342529296875e+01
2.823415994644165039e+00 3.823732376098632812e+00 6.989996337890625000e+01
2.748972177505493164e+00 4.603134095668792725e-01 7.091732788085937500e+01
2.710492372512817383e+00 4.599814414978027344e-01 7.089550781250000000e+01
4.307696819305419922e+00 4.224699020385742188e+00 6.989994812011718750e+01
2.727199554443359375e+00 4.603134989738464355e-01 7.093140411376953125e+01
2.216319561004638672e+00 2.287374973297119141e+00 6.990000915527343750e+01
2.772281408309936523e+00 4.603132903575897217e-01 7.091333007812500000e+01
2.696696996688842773e+00 4.603136479854583740e-01 7.091603851318359375e+01
3.203583717346191406e+00 1.862091898918151855e+00 6.990001678466796875e+01
2.750159978866577148e+00 4.603133797645568848e-01 7.094619750976562500e+01
1.018146395683288574e+00 2.704207181930541992e+00 6.990462493896484375e+01
7.280879497528076172e+00 5.480493068695068359e+00 6.990070343017578125e+01
2.702136278152465820e+00 4.603136181831359863e-01 7.094763183593750000e+01
2.606080055236816406e+00 1.380311489105224609e+00 6.990003967285156250e+01
2.785541296005249023e+00 4.603132009506225586e-01 7.094200134277343750e+01
2.666968107223510742e+00 4.601790010929107666e-01 7.090279388427734375e+01
3.740476131439208984e+00 1.569781541824340820e+00 6.990002441406250000e+01
2.732113361358642578e+00 4.603134691715240479e-01 7.097653961181640625e+01
1.901222109794616699e+00 1.366887211799621582e+00 6.990002441406250000e+01
2.820062398910522461e+00 4.603130519390106201e-01 7.091131591796875000e+01
2.661972045898437500e+00 4.603138267993927002e-01 7.095122528076171875e+01
2.960600852966308594e+00 1.049954175949096680e+00 6.990004730224609375e+01
2.785265684127807617e+00 4.603132009506225586e-01 7.098653411865234375e+01
-3.989655077457427979e-01 2.274522781372070312e+00 6.989992523193359375e+01
4.899931907653808594e+00 1.686355710029602051e+00 6.990000152587890625e+01
2.690282106399536133e+00 4.603136777877807617e-01 7.100836944580078125e+01
2.376011133193969727e+00 9.127337336540222168e-01 6.990005493164062500e+01
2.852334499359130859e+00 4.603128731250762939e-01 7.096128082275390625e+01
2.600342035293579102e+00 4.603141248226165771e-01 7.093562316894531250e+01
3.378586292266845703e+00 8.793372511863708496e-01 6.990004730224609375e+01
2.762532472610473633e+00 4.603132903575897217e-01 7.105635070800781250e+01
3.059950768947601318e-01 1.486841440200805664e+00 6.901828765869140625e+01
1.469327640533447266e+01 4.356424808502197266e+00 6.990929412841796875e+01
2.602720737457275391e+00 4.603119790554046631e-01 7.104365539550781250e+01
2.740532398223876953e+00 6.837857365608215332e-01 6.990006256103515625e+01
2.890053987503051758e+00 4.603126645088195801e-01 7.107015991210937500e+01
-8.051918029785156250e+00 2.988087177276611328e+00 6.990016937255859375e+01
4.053129673004150391e+00 7.593477368354797363e-01 6.990003967285156250e+01
2.680764913558959961e+00 4.603100717067718506e-01 7.120167541503906250e+01
2.106432437896728516e+00 6.062646508216857910e-01 6.990005493164062500e+01
3.112992763519287109e+00 4.603115916252136230e-01 7.100337219238281250e+01
2.392165422439575195e+00 4.514786005020141602e-01 7.107622528076171875e+01
3.106080055236816406e+00 5.194779038429260254e-01 6.990079498291015625e+01
2.983351230621337891e+00 4.603092372417449951e-01 7.150841522216796875e+01
6.256887912750244141e-01 5.658482909202575684e-01 6.990000152587890625e+01
5.979018211364746094e+00 5.719724893569946289e-01 6.989999389648437500e+01
1.888888359069824219e+00 4.511103928089141846e-01 7.234481048583984375e+01
2.520940780639648438e+00 4.106691777706146240e-01 6.990007019042968750e+01
3.713916301727294922e+00 3.882171511650085449e-01 7.159486389160156250e+01
-2.822852849960327148e+00 2.305178791284561157e-01 7.159270477294921875e+01
2.735654830932617188e+00 4.003385305404663086e-01 7.089995574951171875e+01
2.760993480682373047e+00 3.510526418685913086e-01 7.159479522705078125e+01
2.735653877258300781e+00 4.003384709358215332e-01 7.089995574951171875e+01
9.882311820983886719e+00 -3.997257351875305176e-01 7.126536560058593750e+01
1.894510269165039062e+00 2.558087408542633057e-01 7.159494781494140625e+01
2.735654830932617188e+00 4.003384113311767578e-01 7.089995574951171875e+01
3.214102268218994141e+00 2.532861828804016113e-01 7.159481048583984375e+01
2.735641241073608398e+00 4.003359079360961914e-01 7.089995574951171875e+01
2.735658645629882812e+00 4.003375470638275146e-01 7.089995574951171875e+01
2.510236024856567383e+00 2.258509099483489990e-01 7.159481048583984375e+01
2.735653877258300781e+00 4.003380835056304932e-01 7.089995574951171875e+01
4.373746871948242188e+00 -1.040783151984214783e-01 7.159491729736328125e+01
7.736299037933349609e-01 -2.373523563146591187e-01 7.159486389160156250e+01
2.735655784606933594e+00 4.003378152847290039e-01 7.089995574951171875e+01
2.915193796157836914e+00 1.466044932603836060e-01 7.159480285644531250e+01
2.735650062561035156e+00 4.003365635871887207e-01 7.089995574951171875e+01
2.735667467117309570e+00 4.003332853317260742e-01 7.089995574951171875e+01
2.191990613937377930e+00 2.216446585953235626e-02 7.159491729736328125e+01
2.735654354095458984e+00 4.003374874591827393e-01 7.089995574951171875e+01
3.479475021362304688e+00 -9.049411118030548096e-02 7.159482574462890625e+01
2.735642433166503906e+00 4.003323912620544434e-01 7.089995574951171875e+01
2.735657930374145508e+00 4.003361165523529053e-01 7.089995574951171875e+01
2.667839050292968750e+00 2.681271638721227646e-03 7.159477233886718750e+01
2.735652446746826172e+00 4.003363251686096191e-01 7.089995574951171875e+01
3.976402997970581055e+00 -3.997164666652679443e-01 7.113193511962890625e+01
1.723198175430297852e+00 -3.964981734752655029e-01 7.153020477294921875e+01
2.735655307769775391e+00 4.003364145755767822e-01 7.089995574951171875e+01
3.087946891784667969e+00 -1.778113543987274170e-01 7.159476470947265625e+01
2.735648393630981445e+00 4.003334343433380127e-01 7.089995574951171875e+01
2.735660314559936523e+00 4.003334343433380127e-01 7.089995574951171875e+01
2.402135372161865234e+00 -2.706627547740936279e-01 7.159492492675781250e+01
2.735653638839721680e+00 4.003356099128723145e-01 7.089995574951171875e+01
3.443780899047851562e+00 -3.996904194355010986e-01 7.131961059570312500e+01
1.974741458892822266e+00 -3.997344970703125000e-01 7.105947113037109375e+01
2.735656738281250000e+00 4.003345966339111328e-01 7.089995574951171875e+01
2.817567825317382812e+00 -3.997039496898651123e-01 7.158441162109375000e+01
2.735651731491088867e+00 4.003337323665618896e-01 7.089995574951171875e+01
2.735659122467041016e+00 4.003323912620544434e-01 7.089995574951171875e+01
2.333284854888916016e+00 -3.997173905372619629e-01 7.129262542724609375e+01
2.735654830932617188e+00 4.003342390060424805e-01 7.089995574951171875e+01
3.037605285644531250e+00 -3.982988297939300537e-01 7.126905822753906250e+01
2.735651254653930664e+00 4.003324508666992188e-01 7.089995574951171875e+01
2.735656976699829102e+00 4.003328382968902588e-01 7.089995574951171875e+01
2.657164335250854492e+00 -3.997162282466888428e-01 7.123361968994140625e+01
2.735653638839721680e+00 4.003329575061798096e-01 7.089995574951171875e+01
2.958450317382812500e+00 -3.997189402580261230e-01 7.097343444824218750e+01
2.586747884750366211e+00 -3.997242748737335205e-01 7.096700286865234375e+01
2.735654592514038086e+00 -4.118464142084121704e-02 7.089995574951171875e+01
