-1.752586936950683594e+01 -7.212652683258056641e+00 7.090013122558593750e+01
-1.792372512817382812e+01 -4.573220729827880859e+00 7.126460266113281250e+01
-1.743810272216796875e+01 -3.793064355850219727e+00 6.990007781982421875e+01
-1.752486801147460938e+01 -7.212154865264892578e+00 7.090143585205078125e+01
-2.317954254150390625e+01 6.184434413909912109e+00 6.990007781982421875e+01
-1.595369338989257812e+01 -3.391981363296508789e+00 6.990003967285156250e+01
-1.771261024475097656e+01 -5.892018795013427734e+00 7.159479522705078125e+01
-1.804527854919433594e+01 -5.329358100891113281e+00 6.990003967285156250e+01
-1.356946945190429688e+01 -7.382563948631286621e-01 7.234500122070312500e+01
-1.792587089538574219e+01 -6.600866794586181641e+00 7.106524658203125000e+01
-1.705783271789550781e+01 -5.754576206207275391e+00 6.989996337890625000e+01
-1.752437591552734375e+01 -7.210491657257080078e+00 7.090489196777343750e+01
-1.925168228149414062e+01 -4.901656627655029297e+00 6.989998626708984375e+01
-1.297713851928710938e+01 -2.132593393325805664e+00 6.990010833740234375e+01
-1.792585754394531250e+01 -6.500957965850830078e+00 7.146907043457031250e+01
-1.765546417236328125e+01 -6.236541748046875000e+00 6.990006256103515625e+01
-1.581152820587158203e+01 -5.155652046203613281e+00 7.234497833251953125e+01
-1.792584800720214844e+01 -6.868200302124023438e+00 7.091667175292968750e+01
-1.652079391479492188e+01 -6.046927928924560547e+00 6.989994812011718750e+01
-1.755799674987792969e+01 -6.672560214996337891e+00 7.159490203857421875e+01
-1.836042976379394531e+01 -6.249968528747558594e+00 6.990004730224609375e+01
-6.787957668304443359e+00 4.129670858383178711e-01 7.234490203857421875e+01
-1.792585563659667969e+01 -6.891090393066406250e+00 7.117842864990234375e+01
-1.730118751525878906e+01 -6.567815780639648438e+00 6.990139770507812500e+01
-1.669796752929687500e+01 -6.215817928314208984e+00 7.234493255615234375e+01
-2.066078186035156250e+01 -5.342306613922119141e+00 6.990000915527343750e+01
-1.536756801605224609e+01 -5.934199810028076172e+00 6.990293884277343750e+01
-1.781665039062500000e+01 -6.832299709320068359e+00 7.159494018554687500e+01
-1.788542747497558594e+01 -6.704391956329345703e+00 6.990046691894531250e+01
-1.477683544158935547e+01 -5.803641796112060547e+00 7.234494781494140625e+01
-1.792583656311035156e+01 -7.039386272430419922e+00 7.100556182861328125e+01
-1.688276863098144531e+01 -6.737541675567626953e+00 6.989996337890625000e+01
-1.727757072448730469e+01 -6.662618160247802734e+00 7.234490966796875000e+01
-1.881720733642578125e+01 -6.639201164245605469e+00 6.990004730224609375e+01
-5.453704833984375000e+00 -3.222684621810913086e+00 6.989997863769531250e+01
-1.792584800720214844e+01 -7.036215305328369141e+00 7.133249664306640625e+01
-1.752099037170410156e+01 -6.933160305023193359e+00 6.990002441406250000e+01
-1.621524429321289062e+01 -6.707573413848876953e+00 7.234490203857421875e+01
-2.831666374206542969e+01 -4.628144741058349609e+00 6.990003967285156250e+01
-1.620808219909667969e+01 -6.857572078704833984e+00 6.989997863769531250e+01
-1.765226745605468750e+01 -7.078566074371337891e+00 7.159492492675781250e+01
-1.815524101257324219e+01 -7.010691165924072266e+00 6.989999389648437500e+01
-1.225405883789062500e+01 -6.378779888153076172e+00 7.234491729736328125e+01
-1.792582702636718750e+01 -7.157118797302246094e+00 7.110538482666015625e+01
-1.715509986877441406e+01 -7.097416400909423828e+00 6.990004730224609375e+01
-1.693772888183593750e+01 -7.074269294738769531e+00 7.234488677978515625e+01
-1.963630294799804688e+01 -7.051119804382324219e+00 6.989995574951171875e+01
-1.428201961517333984e+01 -7.045006752014160156e+00 6.990001678466796875e+01
-1.792584037780761719e+01 -7.192684173583984375e+00 7.158261108398437500e+01
-1.774063491821289062e+01 -7.206333160400390625e+00 6.990000915527343750e+01
-1.549202728271484375e+01 -7.241867065429687500e+00 7.234487915039062500e+01
-1.792572402954101562e+01 -7.228882312774658203e+00 7.094996643066406250e+01
-1.667463302612304688e+01 -7.283078670501708984e+00 6.990006256103515625e+01
-1.747318458557128906e+01 -7.319142341613769531e+00 7.234484863281250000e+01
-1.851140403747558594e+01 -7.344839572906494141e+00 6.990007019042968750e+01
-1.752586936950683594e+01 -7.216666221618652344e+00 7.090013122558593750e+01
-1.792583084106445312e+01 -7.285389423370361328e+00 7.123059844970703125e+01
-1.738632392883300781e+01 -7.371464729309082031e+00 6.989994812011718750e+01
-1.653109931945800781e+01 -7.522411823272705078e+00 7.234484100341796875e+01
-2.187215042114257812e+01 -8.088809967041015625e+00 6.990006256103515625e+01
-1.576056289672851562e+01 -7.657070159912109375e+00 6.989997863769531250e+01
-1.775125122070312500e+01 -7.391125679016113281e+00 7.159487152099609375e+01
-1.798155021667480469e+01 -7.503240108489990234e+00 6.990109252929687500e+01
-1.412055587768554688e+01 -8.265262603759765625e+00 7.234484100341796875e+01
-1.792583274841308594e+01 -7.346661090850830078e+00 7.104178619384765625e+01
-1.699401855468750000e+01 -7.590131282806396484e+00 6.990006256103515625e+01
-1.715256881713867188e+01 -7.744234561920166016e+00 7.234487152099609375e+01
-1.906466674804687500e+01 -7.910275459289550781e+00 6.990005493164062500e+01
-1.153793048858642578e+01 -9.662775039672851562e+00 6.990110015869140625e+01
-1.792584609985351562e+01 -7.494890689849853516e+00 7.141142272949218750e+01
-1.760382843017578125e+01 -7.673158168792724609e+00 6.989987182617187500e+01
-1.597935962677001953e+01 -8.237177848815917969e+00 7.234486389160156250e+01
-1.763875389099121094e+01 -7.274274826049804688e+00 7.089903259277343750e+01
-1.641254615783691406e+01 -8.023924827575683594e+00 6.990003967285156250e+01
-1.759368324279785156e+01 -7.614313602447509766e+00 7.159493255615234375e+01
-1.752586936950683594e+01 -7.216666221618652344e+00 7.090013122558593750e+01
-9.798741340637207031e+00 -1.219924545288085938e+01 7.234484100341796875e+01
-1.792585754394531250e+01 -7.531470775604248047e+00 7.114912414550781250e+01
-1.724751663208007812e+01 -7.945298194885253906e+00 6.990355682373046875e+01
-1.679332733154296875e+01 -8.418846130371093750e+00 7.234488677978515625e+01
-2.018356513977050781e+01 -9.438134193420410156e+00 6.990004730224609375e+01
-1.504965114593505859e+01 -9.417875289916992188e+00 6.990615081787109375e+01
-1.785761833190917969e+01 -7.884106159210205078e+00 7.159140777587890625e+01
-1.804374504089355469e+01 -8.858510017395019531e+00 6.919084167480468750e+01
-1.508782768249511719e+01 -9.971124649047851562e+00 7.234498596191406250e+01
-1.792589569091796875e+01 -7.637279033660888672e+00 7.098399353027343750e+01
-1.680803680419921875e+01 -8.560557365417480469e+00 6.989997100830078125e+01
-1.746352005004882812e+01 -7.825620174407958984e+00 7.142110443115234375e+01
-1.830712318420410156e+01 -8.491517066955566406e+00 7.022854614257812500e+01
-1.195101356506347656e+01 -1.460169601440429688e+01 7.072406005859375000e+01
-1.823766326904296875e+01 -8.631969451904296875e+00 7.159477233886718750e+01
-1.750469017028808594e+01 -7.799058437347412109e+00 7.052207946777343750e+01
-1.720300483703613281e+01 -8.070620536804199219e+00 7.129479980468750000e+01
-1.758498764038085938e+01 -7.326663970947265625e+00 7.089158630371093750e+01
-1.605818557739257812e+01 -1.086217117309570312e+01 6.990006256103515625e+01
-1.768929290771484375e+01 -8.882448196411132812e+00 7.159484100341796875e+01
-1.783429718017578125e+01 -8.945983886718750000e+00 7.034950256347656250e+01
-1.733169174194335938e+01 -7.913955211639404297e+00 7.096417236328125000e+01
-1.784737968444824219e+01 -8.944117546081542969e+00 7.104489135742187500e+01
-1.752586936950683594e+01 -7.386059284210205078e+00 7.090013122558593750e+01
