1.767487335205078125e+01 -7.015394568443298340e-01 7.089997863769531250e+01
1.761467170715332031e+01 -4.597089290618896484e-01 7.095513153076171875e+01
1.776263236999511719e+01 2.563618659973144531e+00 6.990000152587890625e+01
1.776369285583496094e+01 -4.597146511077880859e-01 7.101582336425781250e+01
1.202186679840087891e+01 1.253981876373291016e+01 6.990003967285156250e+01
1.924681282043457031e+01 2.964408636093139648e+00 6.990003967285156250e+01
1.761848640441894531e+01 -4.597153365612030029e-01 7.110973358154296875e+01
1.715551376342773438e+01 1.027428507804870605e+00 6.989997863769531250e+01
1.791914558410644531e+01 -4.597161114215850830e-01 7.098918914794921875e+01
1.741505050659179688e+01 -4.597031176090240479e-01 7.100723266601562500e+01
1.814109992980957031e+01 5.967370271682739258e-01 6.990367889404296875e+01
1.777161026000976562e+01 -4.597243964672088623e-01 7.120838928222656250e+01
1.594939136505126953e+01 1.454864501953125000e+00 6.990002441406250000e+01
2.222344970703125000e+01 4.224200725555419922e+00 6.989998626708984375e+01
1.745200729370117188e+01 -4.609182476997375488e-01 7.121698760986328125e+01
1.754528808593750000e+01 1.203490495681762695e-01 6.989998626708984375e+01
1.800756835937500000e+01 -4.597272276878356934e-01 7.118037414550781250e+01
1.721576118469238281e+01 -4.597159028053283691e-01 7.091896820068359375e+01
1.867974090576171875e+01 3.097971677780151367e-01 6.990000152587890625e+01
1.765125656127929688e+01 -4.597189128398895264e-01 7.141071319580078125e+01
1.684037780761718750e+01 1.069227308034896851e-01 6.989997100830078125e+01
1.807486915588378906e+01 -5.754890441894531250e-01 7.095379638671875000e+01
1.718345642089843750e+01 -4.597017467021942139e-01 7.124188995361328125e+01
1.789983558654785156e+01 -2.100366503000259399e-01 6.989999389648437500e+01
1.800571823120117188e+01 -4.597420096397399902e-01 7.147734832763671875e+01
1.454029750823974609e+01 1.014458179473876953e+00 6.989996337890625000e+01
1.983916664123535156e+01 4.263269603252410889e-01 6.990001678466796875e+01
1.738411521911621094e+01 -4.753646552562713623e-01 7.159472656250000000e+01
1.731532096862792969e+01 -3.474349379539489746e-01 6.990032958984375000e+01
1.807486534118652344e+01 -6.541002988815307617e-01 7.111020660400390625e+01
1.677248001098632812e+01 -4.597250819206237793e-01 7.113784790039062500e+01
1.831784629821777344e+01 -3.806706666946411133e-01 6.990000915527343750e+01
1.779430007934570312e+01 -5.932122468948364258e-01 7.159489440917968750e+01
1.638363838195800781e+01 -2.822809815406799316e-01 6.989997100830078125e+01
2.887911415100097656e+01 2.847136020660400391e+00 6.997173309326171875e+01
1.703210830688476562e+01 -5.697144865989685059e-01 7.159478759765625000e+01
1.767975234985351562e+01 -5.762345790863037109e-01 6.990001678466796875e+01
1.807485771179199219e+01 -7.043315768241882324e-01 7.134090423583984375e+01
6.923466205596923828e+00 1.719373583793640137e+00 6.990354156494140625e+01
1.899239349365234375e+01 -5.006781220436096191e-01 6.990002441406250000e+01
1.754845619201660156e+01 -7.215773463249206543e-01 7.159488677978515625e+01
1.704560089111328125e+01 -6.537569761276245117e-01 6.990000152587890625e+01
1.807487297058105469e+01 -7.961247563362121582e-01 7.100960540771484375e+01
1.632430648803710938e+01 -6.586216092109680176e-01 7.159307098388671875e+01
1.804558944702148438e+01 -7.404667139053344727e-01 6.990003204345703125e+01
1.795777702331542969e+01 -7.912050485610961914e-01 7.159492492675781250e+01
1.556479644775390625e+01 -6.941811442375183105e-01 6.989997100830078125e+01
2.091806411743164062e+01 -6.880748271942138672e-01 6.990007019042968750e+01
1.726760864257812500e+01 -8.352801799774169922e-01 7.159490203857421875e+01
1.746014404296875000e+01 -8.493682146072387695e-01 6.990001678466796875e+01
1.807486724853515625e+01 -8.646558523178100586e-01 7.118411254882812500e+01
1.767473983764648438e+01 -8.597036600112915039e-01 7.089999389648437500e+01
1.852598953247070312e+01 -9.261029362678527832e-01 6.990005493164062500e+01
1.770021629333496094e+01 -9.089946746826171875e-01 7.159494781494140625e+01
1.668940734863281250e+01 -9.878639578819274902e-01 6.989998626708984375e+01
1.807487869262695312e+01 -9.044800996780395508e-01 7.092043304443359375e+01
1.767414283752441406e+01 -8.598251342773437500e-01 7.090058135986328125e+01
1.781438446044921875e+01 -1.014460921287536621e+00 6.990003204345703125e+01
1.807485389709472656e+01 -9.826350808143615723e-01 7.148087310791015625e+01
1.332895183563232422e+01 -1.731771469116210938e+00 6.989999389648437500e+01
1.943972206115722656e+01 -1.299989342689514160e+00 6.990008544921875000e+01
1.767463874816894531e+01 -8.598811030387878418e-01 7.090070343017578125e+01
1.721876907348632812e+01 -1.146540522575378418e+00 6.990000915527343750e+01
1.807487487792968750e+01 -9.828718900680541992e-01 7.106967926025390625e+01
1.767361450195312500e+01 -8.601088523864746094e-01 7.090042114257812500e+01
1.820665168762207031e+01 -1.233113169670104980e+00 6.990004730224609375e+01
1.785441589355468750e+01 -1.113439202308654785e+00 7.159484100341796875e+01
1.614322853088378906e+01 -1.550085186958312988e+00 6.990454864501953125e+01
2.366759109497070312e+01 -3.307759761810302734e+00 6.990014648437500000e+01
1.767286872863769531e+01 -8.610942959785461426e-01 7.090254211425781250e+01
1.759693908691406250e+01 -1.316052079200744629e+00 6.990002441406250000e+01
1.807486152648925781e+01 -1.123644113540649414e+00 7.127364349365234375e+01
-9.293230056762695312e+00 -1.462245750427246094e+01 7.063685607910156250e+01
1.878799247741699219e+01 -1.666808962821960449e+00 6.990007019042968750e+01
1.767470359802246094e+01 -8.606970906257629395e-01 7.090171813964843750e+01
1.692358016967773438e+01 -1.611460566520690918e+00 6.989999389648437500e+01
1.807487678527832031e+01 -1.117628455162048340e+00 7.097476196289062500e+01
1.767280006408691406e+01 -8.613310456275939941e-01 7.090126800537109375e+01
1.795416641235351562e+01 -1.590794324874877930e+00 6.990003967285156250e+01
1.802722358703613281e+01 -1.437944412231445312e+00 7.159490203857421875e+01
1.501737594604492188e+01 -3.081001520156860352e+00 6.989997100830078125e+01
2.016583442687988281e+01 -3.074013948440551758e+00 6.990007781982421875e+01
1.767318153381347656e+01 -8.631032109260559082e-01 7.090350341796875000e+01
1.737190818786621094e+01 -1.820202589035034180e+00 6.990001678466796875e+01
1.807485389709472656e+01 -1.311589837074279785e+00 7.113701629638671875e+01
1.767274665832519531e+01 -8.619365096092224121e-01 7.090042114257812500e+01
1.839253425598144531e+01 -2.203271150588989258e+00 6.990005493164062500e+01
1.775803184509277344e+01 -1.671899557113647461e+00 7.159483337402343750e+01
1.651155090332031250e+01 -2.758012056350708008e+00 6.989995574951171875e+01
2.806448745727539062e+01 -1.462285614013671875e+01 7.057183837890625000e+01
1.767316627502441406e+01 -8.630939722061157227e-01 7.090164184570312500e+01
1.773089408874511719e+01 -2.400115966796875000e+00 6.990003204345703125e+01
1.807487678527832031e+01 -1.917676568031311035e+00 7.138893127441406250e+01
1.075438308715820312e+01 -1.373614883422851562e+01 6.990000152587890625e+01
1.914242553710937500e+01 -4.504877567291259766e+00 6.990000152587890625e+01
1.767445945739746094e+01 -8.639089465141296387e-01 7.090173339843750000e+01
1.711473846435546875e+01 -4.000307559967041016e+00 6.989997863769531250e+01
1.807415390014648438e+01 -2.293510675430297852e+00 7.103166198730468750e+01
1.767410659790039062e+01 -8.638154268264770508e-01 7.090032196044921875e+01
1.767487335205078125e+01 -8.639600276947021484e-01 7.089997863769531250e+01
