1.767484092712402344e+01 3.167376518249511719e+00 7.090002441406250000e+01
1.609752273559570312e+01 1.307395172119140625e+01 7.234497833251953125e+01
1.776207923889160156e+01 5.996900081634521484e+00 6.990598297119140625e+01
1.807487297058105469e+01 4.395404815673828125e+00 7.142179870605468750e+01
1.260804748535156250e+01 1.460389995574951172e+01 7.000377655029296875e+01
1.924679565429687500e+01 6.418050765991210938e+00 6.990007781982421875e+01
1.728642082214355469e+01 5.349158287048339844e+00 7.234492492675781250e+01
1.715551376342773438e+01 4.480913162231445312e+00 6.990009307861328125e+01
1.807485961914062500e+01 3.248912572860717773e+00 7.104611206054687500e+01
1.417437171936035156e+01 7.982855796813964844e+00 7.234497070312500000e+01
1.814279365539550781e+01 4.055728912353515625e+00 6.990003967285156250e+01
1.789281654357910156e+01 3.495159864425659180e+00 7.159497070312500000e+01
1.594925308227539062e+01 4.908608436584472656e+00 6.990000915527343750e+01
2.222321510314941406e+01 7.677576065063476562e+00 6.990007781982421875e+01
1.665904235839843750e+01 4.411497116088867188e+00 7.234489440917968750e+01
1.754526138305664062e+01 3.573907136917114258e+00 6.990007781982421875e+01
1.807485198974609375e+01 3.074803829193115234e+00 7.123715209960937500e+01
3.949909210205078125e+00 1.455120372772216797e+01 7.146759033203125000e+01
1.867324256896972656e+01 3.755874156951904297e+00 6.990647888183593750e+01
1.760803031921386719e+01 3.725430965423583984e+00 7.234487915039062500e+01
1.684042930603027344e+01 3.560426950454711914e+00 6.990012359619140625e+01
1.807484054565429688e+01 2.878115177154541016e+00 7.095384216308593750e+01
1.559820938110351562e+01 4.284215450286865234e+00 7.234488677978515625e+01
1.789980697631835938e+01 3.243572473526000977e+00 6.990003204345703125e+01
1.807300758361816406e+01 3.075244665145874023e+00 7.159487915039062500e+01
1.454008769989013672e+01 4.468166351318359375e+00 6.989995574951171875e+01
1.983908271789550781e+01 3.879897832870483398e+00 6.990009307861328125e+01
1.707015609741210938e+01 3.393196821212768555e+00 7.234488677978515625e+01
1.731517601013183594e+01 3.106329202651977539e+00 6.990006256103515625e+01
1.807485771179199219e+01 2.799514293670654297e+00 7.111026000976562500e+01
1.219356632232666016e+01 5.023408412933349609e+00 7.234487152099609375e+01
1.831793785095214844e+01 3.073023557662963867e+00 6.989986419677734375e+01
1.779424858093261719e+01 2.860345840454101562e+00 7.159482574462890625e+01
1.638374519348144531e+01 3.171258687973022461e+00 6.990013122558593750e+01
1.776882553100585938e+01 2.624996662139892578e+00 7.089223480224609375e+01
1.633820343017578125e+01 3.196929693222045898e+00 7.234488677978515625e+01
1.767971992492675781e+01 2.877379179000854492e+00 6.990002441406250000e+01
1.807487678527832031e+01 2.749290466308593750e+00 7.134100341796875000e+01
-2.612702131271362305e+00 7.460526466369628906e+00 6.901978302001953125e+01
1.899242210388183594e+01 2.952940225601196289e+00 6.990002441406250000e+01
1.741198730468750000e+01 2.881091833114624023e+00 7.234490203857421875e+01
1.704557800292968750e+01 2.799841880798339844e+00 6.990006256103515625e+01
1.807486534118652344e+01 2.657480955123901367e+00 7.100965118408203125e+01
1.485934448242187500e+01 3.013084888458251953e+00 7.234489440917968750e+01
1.804558372497558594e+01 2.713143587112426758e+00 6.990000915527343750e+01
1.795770263671875000e+01 2.662386894226074219e+00 7.159486389160156250e+01
1.556486225128173828e+01 2.759413242340087891e+00 6.990006256103515625e+01
2.090085029602050781e+01 2.764617919921875000e+00 6.990541076660156250e+01
1.682806015014648438e+01 2.644675016403198242e+00 7.234490966796875000e+01
1.746010208129882812e+01 2.604234218597412109e+00 6.990002441406250000e+01
1.807488250732421875e+01 2.588945627212524414e+00 7.118419647216796875e+01
6.081861972808837891e+00 2.239719629287719727e+00 7.234483337402343750e+01
1.852602767944335938e+01 2.527493476867675781e+00 6.990001678466796875e+01
1.770017814636230469e+01 2.544619560241699219e+00 7.159481811523437500e+01
1.668940925598144531e+01 2.465742588043212891e+00 6.990006256103515625e+01
1.807486915588378906e+01 2.549119234085083008e+00 7.092047882080078125e+01
1.592610740661621094e+01 2.293425798416137695e+00 7.234491729736328125e+01
1.781436157226562500e+01 2.439129590988159180e+00 6.990000152587890625e+01
1.807486534118652344e+01 2.470953464508056641e+00 7.148098754882812500e+01
1.332860469818115234e+01 1.721767306327819824e+00 6.989996337890625000e+01
1.943987274169921875e+01 2.153566598892211914e+00 6.990002441406250000e+01
1.720610237121582031e+01 2.231069803237915039e+00 7.234491729736328125e+01
1.721871948242187500e+01 2.307051420211791992e+00 6.990002441406250000e+01
1.807488632202148438e+01 2.470716476440429688e+00 7.106974792480468750e+01
1.359526729583740234e+01 1.267972469329833984e+00 7.234492492675781250e+01
1.820666313171386719e+01 2.220457553863525391e+00 6.990000915527343750e+01
1.785439491271972656e+01 2.340146541595458984e+00 7.159493255615234375e+01
1.613623237609863281e+01 1.900377988815307617e+00 6.990007019042968750e+01
2.366935539245605469e+01 1.451080143451690674e-01 6.989989471435546875e+01
1.654450607299804688e+01 1.807638287544250488e+00 7.234493255615234375e+01
1.759690093994140625e+01 2.137516498565673828e+00 6.990000152587890625e+01
1.807487106323242188e+01 2.329929590225219727e+00 7.127372741699218750e+01
1.878807067871093750e+01 1.786711573600769043e+00 6.990001678466796875e+01
1.767477798461914062e+01 2.593538045883178711e+00 7.090065765380859375e+01
1.692352867126464844e+01 1.842121958732604980e+00 6.990000915527343750e+01
1.807489013671875000e+01 2.335944414138793945e+00 7.097482299804687500e+01
1.535365486145019531e+01 7.670522332191467285e-01 7.234495544433593750e+01
1.795415687561035156e+01 1.862746357917785645e+00 6.990000152587890625e+01
1.802719306945800781e+01 2.015653371810913086e+00 7.159494781494140625e+01
1.501719856262207031e+01 3.724789023399353027e-01 6.989996337890625000e+01
2.057883071899414062e+01 1.242923457175493240e-02 6.973432922363281250e+01
1.767460632324218750e+01 2.593431949615478516e+00 7.090051269531250000e+01
1.737185478210449219e+01 1.633328080177307129e+00 6.989999389648437500e+01
1.807487297058105469e+01 2.141952276229858398e+00 7.113709259033203125e+01
1.602608680725097656e+01 8.602964282035827637e-01 7.124566650390625000e+01
1.839257431030273438e+01 1.250194907188415527e+00 6.990000152587890625e+01
1.775799942016601562e+01 1.781699895858764648e+00 7.159487915039062500e+01
1.651149368286132812e+01 6.955483555793762207e-01 6.989997863769531250e+01
1.772577857971191406e+01 2.526426315307617188e+00 7.089841461181640625e+01
1.767392349243164062e+01 2.592079401016235352e+00 7.090091705322265625e+01
1.775243377685546875e+01 4.602806866168975830e-01 6.951500701904296875e+01
1.807486534118652344e+01 1.535869002342224121e+00 7.138900756835937500e+01
1.075451564788818359e+01 -1.028224086761474609e+01 6.990007019042968750e+01
1.914267349243164062e+01 -1.051971554756164551e+00 6.989985656738281250e+01
1.767454719543457031e+01 2.590912103652954102e+00 7.090126800537109375e+01
1.711469650268554688e+01 -5.467659235000610352e-01 6.990000152587890625e+01
1.806704902648925781e+01 1.185484290122985840e+00 7.102938079833984375e+01
1.735218429565429688e+01 8.602980375289916992e-01 7.104529571533203125e+01
1.767484092712402344e+01 2.589650630950927734e+00 7.090002441406250000e+01
