3.471060514450073242e+00 -4.596947431564331055e-01 7.089998626708984375e+01
3.410853147506713867e+00 -4.596967399120330811e-01 7.095513916015625000e+01
3.471096277236938477e+00 -8.583326339721679688e-01 7.089958190917968750e+01
3.559889793395996094e+00 -4.596952199935913086e-01 7.101584625244140625e+01
3.470307350158691406e+00 -8.579433560371398926e-01 7.089985656738281250e+01
3.471584558486938477e+00 -8.584533929824829102e-01 7.089965057373046875e+01
3.414666652679443359e+00 -4.596993923187255859e-01 7.110977172851562500e+01
3.470721960067749023e+00 -8.584985136985778809e-01 7.089933776855468750e+01
3.715316534042358398e+00 -4.597710669040679932e-01 7.098918914794921875e+01
3.211217403411865234e+00 -4.597011208534240723e-01 7.100724792480468750e+01
3.471372365951538086e+00 -8.587542772293090820e-01 7.089932250976562500e+01
3.567810773849487305e+00 -4.596991240978240967e-01 7.120844268798828125e+01
3.469940185546875000e+00 -8.582254648208618164e-01 7.089933776855468750e+01
3.472088813781738281e+00 -8.585789203643798828e-01 7.089975738525390625e+01
3.247498989105224609e+00 -4.597041904926300049e-01 7.121797943115234375e+01
3.470966815948486328e+00 -8.590197563171386719e-01 7.089926147460937500e+01
3.800645351409912109e+00 -4.634951949119567871e-01 7.117775726318359375e+01
3.011901140213012695e+00 -4.597038924694061279e-01 7.091897583007812500e+01
3.471747636795043945e+00 -8.589286208152770996e-01 7.089929962158203125e+01
3.447441101074218750e+00 -4.597055912017822266e-01 7.141077423095703125e+01
3.470507144927978516e+00 -8.590873479843139648e-01 7.089932250976562500e+01
4.034055709838867188e+00 -4.597021043300628662e-01 7.097573852539062500e+01
2.979608058929443359e+00 -4.597014188766479492e-01 7.124192810058593750e+01
3.471213579177856445e+00 -8.592864871025085449e-01 7.089930725097656250e+01
3.800341844558715820e+00 -4.616608917713165283e-01 7.147462463378906250e+01
3.468863248825073242e+00 -8.584145307540893555e-01 7.089928436279296875e+01
3.472352981567382812e+00 -8.589603900909423828e-01 7.089939117431640625e+01
3.180325031280517578e+00 -4.754229485988616943e-01 7.159468078613281250e+01
3.470890522003173828e+00 -8.594862818717956543e-01 7.089951324462890625e+01
4.249264717102050781e+00 -4.597254097461700439e-01 7.130899047851562500e+01
2.568569660186767578e+00 -4.597106575965881348e-01 7.113787841796875000e+01
3.471491575241088867e+00 -8.594071865081787109e-01 7.089931488037109375e+01
3.590475559234619141e+00 -5.932678580284118652e-01 7.159482574462890625e+01
3.470824241638183594e+00 -8.596226572990417480e-01 7.089980316162109375e+01
3.473308801651000977e+00 -8.589845299720764160e-01 7.089980316162109375e+01
2.828221559524536133e+00 -5.697098374366760254e-01 7.159487915039062500e+01
3.471062183380126953e+00 -8.596245050430297852e-01 7.089962005615234375e+01
4.101518630981445312e+00 -6.148363351821899414e-01 7.159497070312500000e+01
3.463170528411865234e+00 -8.578356504440307617e-01 7.089925384521484375e+01
3.471987247467041016e+00 -8.594757914543151855e-01 7.089928436279296875e+01
3.344671487808227539e+00 -7.216377854347229004e-01 7.159473419189453125e+01
2.401996612548828125e+00 -5.098549127578735352e-01 6.920113372802734375e+01
5.987915992736816406e+00 -4.597066044807434082e-01 7.158975219726562500e+01
2.116855621337890625e+00 -6.581088304519653320e-01 7.159494018554687500e+01
3.471179962158203125e+00 -8.596899509429931641e-01 7.089966583251953125e+01
3.753904581069946289e+00 -7.912479639053344727e-01 7.159478759765625000e+01
-1.162354797124862671e-01 -5.783340334892272949e-01 6.919989776611328125e+01
3.473379135131835938e+00 -8.596056103706359863e-01 7.089926910400390625e+01
3.063832044601440430e+00 -8.353110551834106445e-01 7.159484863281250000e+01
3.106339454650878906e+00 -8.421803712844848633e-01 6.920154571533203125e+01
5.505105018615722656e+00 -8.849316835403442383e-01 7.234487915039062500e+01
-8.122973442077636719e+00 -1.213943362236022949e+00 7.234492492675781250e+01
4.322199344635009766e+00 -9.261333942413330078e-01 6.990003204345703125e+01
3.523751258850097656e+00 -9.622151255607604980e-01 7.234485626220703125e+01
2.485680818557739258e+00 -9.878814816474914551e-01 6.990007781982421875e+01
2.861598777770996094e+01 -3.674689292907714844e+00 7.218566131591796875e+01
1.722375035285949707e+00 -1.160196661949157715e+00 7.234484100341796875e+01
3.610569953918457031e+00 -1.014487862586975098e+00 6.990004730224609375e+01
4.465945720672607422e+00 -1.165509223937988281e+00 7.234486389160156250e+01
-8.749548792839050293e-01 -1.731819152832031250e+00 6.989997863769531250e+01
5.236056327819824219e+00 -1.300054907798767090e+00 6.990000915527343750e+01
3.002331018447875977e+00 -1.222553491592407227e+00 7.234484863281250000e+01
3.014977693557739258e+00 -1.146555542945861816e+00 6.990006256103515625e+01
6.876867294311523438e+00 -1.908476471900939941e+00 7.234490203857421875e+01
-6.083134412765502930e-01 -2.185593366622924805e+00 7.234481811523437500e+01
4.002845287322998047e+00 -1.233146667480468750e+00 6.990003967285156250e+01
3.844396829605102539e+00 -1.387346744537353516e+00 7.234486389160156250e+01
1.932513475418090820e+00 -1.553225159645080566e+00 6.990007019042968750e+01
9.464712142944335938e+00 -3.308170318603515625e+00 6.990000152587890625e+01
2.340757608413696289e+00 -1.645969986915588379e+00 7.234484863281250000e+01
3.393127918243408203e+00 -1.316070556640625000e+00 6.990005493164062500e+01
5.017746448516845703e+00 -1.880356431007385254e+00 7.234487915039062500e+01
-2.349128913879394531e+01 -1.461954975128173828e+01 7.063691711425781250e+01
4.584235668182373047e+00 -1.666878938674926758e+00 6.990002441406250000e+01
3.330037355422973633e+00 -1.686659693717956543e+00 7.234486389160156250e+01
2.719820499420166016e+00 -1.611435532569885254e+00 6.990007019042968750e+01
1.119983768463134766e+01 -5.843371391296386719e+00 7.234500122070312500e+01
1.150001168251037598e+00 -2.686478853225708008e+00 7.234484100341796875e+01
3.750354051589965820e+00 -1.590823650360107422e+00 6.990004730224609375e+01
4.203671455383300781e+00 -2.062022447586059570e+00 7.234487915039062500e+01
8.137073516845703125e-01 -3.080909967422485352e+00 6.990003204345703125e+01
5.962107181549072266e+00 -3.074119806289672852e+00 6.990004730224609375e+01
2.777654409408569336e+00 -2.254779815673828125e+00 7.234486389160156250e+01
3.168106317520141602e+00 -1.820199012756347656e+00 6.990006256103515625e+01
5.909232616424560547e+00 -3.614333391189575195e+00 7.234491729736328125e+01
-3.421104192733764648e+00 -8.106594085693359375e+00 7.234486389160156250e+01
4.188744544982910156e+00 -2.203342676162719727e+00 6.990003204345703125e+01
3.643980741500854492e+00 -2.548628807067871094e+00 7.234487915039062500e+01
2.308132648468017578e+00 -2.757397174835205078e+00 6.990029907226562500e+01
1.380087184906005859e+01 -1.454366302490234375e+01 7.057373809814453125e+01
1.990504741668701172e+00 -3.803606510162353516e+00 7.234486389160156250e+01
3.527079820632934570e+00 -2.400133848190307617e+00 6.990004730224609375e+01
4.653112888336181641e+00 -3.986169099807739258e+00 7.234490966796875000e+01
-3.450084686279296875e+00 -1.373739624023437500e+01 6.989991760253906250e+01
4.938555717468261719e+00 -4.504765510559082031e+00 6.990004730224609375e+01
3.131162166595458984e+00 -4.324329376220703125e+00 7.234488677978515625e+01
2.910973072052001953e+00 -4.000072002410888672e+00 6.990007019042968750e+01
7.264449119567871094e+00 -1.448175811767578125e+01 7.215108489990234375e+01
9.287412166595458984e-01 -1.451939678192138672e+01 7.204463958740234375e+01
3.471060514450073242e+00 -1.455212497711181641e+01 7.089998626708984375e+01
