-4.270415306091308594e+00 -3.997086286544799805e-01 7.089994812011718750e+01
-4.279277324676513672e+00 -4.008282423019409180e-01 7.090806579589843750e+01
-4.182654857635498047e+00 2.963642835617065430e+00 6.989996337890625000e+01
-4.257091522216796875e+00 -3.997075855731964111e-01 7.091732788085937500e+01
-4.295588970184326172e+00 -4.000406861305236816e-01 7.089549255371093750e+01
-2.698279380798339844e+00 3.364877223968505859e+00 6.989988708496093750e+01
-4.278874397277832031e+00 -3.997066020965576172e-01 7.093141174316406250e+01
-4.786721706390380859e+00 1.416320800781250000e+00 6.990583038330078125e+01
-4.233771324157714844e+00 -3.997079730033874512e-01 7.091333007812500000e+01
-4.309391498565673828e+00 -3.997074365615844727e-01 7.091603851318359375e+01
-3.802447795867919922e+00 1.002162575721740723e+00 6.989992523193359375e+01
-4.255902767181396484e+00 -3.997057974338531494e-01 7.094622039794921875e+01
-5.995837688446044922e+00 1.854773879051208496e+00 6.990003204345703125e+01
2.780778706073760986e-01 4.624096870422363281e+00 6.989997100830078125e+01
-4.303950309753417969e+00 -3.997054696083068848e-01 7.094764709472656250e+01
-4.400000572204589844e+00 5.203446149826049805e-01 6.989994812011718750e+01
-4.220503807067871094e+00 -3.997062146663665771e-01 7.094201660156250000e+01
-4.339132785797119141e+00 -3.998432159423828125e-01 7.090278625488281250e+01
-3.265497684478759766e+00 7.098439335823059082e-01 6.989991760253906250e+01
-4.273958206176757812e+00 -3.997038006782531738e-01 7.097657012939453125e+01
-5.104898452758789062e+00 5.068967938423156738e-01 6.989995574951171875e+01
-4.185967922210693359e+00 -3.997083008289337158e-01 7.091130828857421875e+01
-4.344135284423828125e+00 -3.997050821781158447e-01 7.095124053955078125e+01
-4.045447349548339844e+00 1.899674832820892334e-01 6.989994049072265625e+01
-4.220777034759521484e+00 -3.997034430503845215e-01 7.098657226562500000e+01
-7.404517173767089844e+00 1.414163708686828613e+00 6.990008544921875000e+01
-2.105940103530883789e+00 8.264238238334655762e-01 6.989990234375000000e+01
-4.315813541412353516e+00 -3.997016251087188721e-01 7.100842285156250000e+01
-4.630093097686767578e+00 5.273315683007240295e-02 6.989995574951171875e+01
-4.153675079345703125e+00 -3.997053205966949463e-01 7.096130371093750000e+01
-4.405794143676757812e+00 -3.997057676315307617e-01 7.093563079833984375e+01
-3.627414464950561523e+00 1.933939568698406219e-02 6.989993286132812500e+01
-4.243520736694335938e+00 -3.996989428997039795e-01 7.105644226074218750e+01
-5.561615943908691406e+00 1.176924481987953186e-01 6.989997100830078125e+01
7.800090312957763672e+00 3.533722162246704102e+00 6.989993286132812500e+01
-4.403421401977539062e+00 -3.997047245502471924e-01 7.104372406005859375e+01
-4.265536785125732422e+00 -1.762331724166870117e-01 6.989994812011718750e+01
-4.115918159484863281e+00 -3.996986746788024902e-01 7.107025909423828125e+01
-1.505952262878417969e+01 2.128406047821044922e+00 6.990001678466796875e+01
-2.952795267105102539e+00 -1.006620228290557861e-01 6.989992523193359375e+01
-4.325340747833251953e+00 -3.997003436088562012e-01 7.120186614990234375e+01
-4.899697303771972656e+00 -2.537651956081390381e-01 6.989995574951171875e+01
-3.892864465713500977e+00 -3.997038900852203369e-01 7.100341796875000000e+01
-4.673370361328125000e+00 -3.997171223163604736e-01 7.110673522949218750e+01
-3.899674415588378906e+00 -3.404699563980102539e-01 6.989994049072265625e+01
-4.022471427917480469e+00 -3.996801674365997314e-01 7.150901794433593750e+01
-6.380406379699707031e+00 -2.941990196704864502e-01 6.989998626708984375e+01
-1.026982307434082031e+00 -2.880731523036956787e-01 6.989996337890625000e+01
-5.117225170135498047e+00 -4.089362919330596924e-01 7.234487915039062500e+01
-4.485152721405029297e+00 -4.493789970874786377e-01 6.989995574951171875e+01
-3.292209625244140625e+00 -4.718314409255981445e-01 7.159481811523437500e+01
-9.845919609069824219e+00 -6.300507187843322754e-01 7.159481048583984375e+01
-4.270414829254150391e+00 -4.597108066082000732e-01 7.089994812011718750e+01
-4.245073795318603516e+00 -5.090018510818481445e-01 7.159485626220703125e+01
-4.270416736602783203e+00 -4.597109258174896240e-01 7.089994812011718750e+01
-6.971166133880615234e-01 -8.597396016120910645e-01 7.108265686035156250e+01
-5.111529350280761719e+00 -6.042354106903076172e-01 7.159491729736328125e+01
-4.270415306091308594e+00 -4.597109854221343994e-01 7.089994812011718750e+01
-3.791899919509887695e+00 -6.067839264869689941e-01 7.159490203857421875e+01
-4.270438194274902344e+00 -4.597153067588806152e-01 7.089994049072265625e+01
-4.270408630371093750e+00 -4.597124755382537842e-01 7.089994049072265625e+01
-4.495891571044921875e+00 -6.342429518699645996e-01 7.159497833251953125e+01
-4.270416736602783203e+00 -4.597115516662597656e-01 7.089994812011718750e+01
-2.971379518508911133e+00 -8.597220778465270996e-01 7.145106506347656250e+01
-5.501146316528320312e+00 -8.597189784049987793e-01 7.133584594726562500e+01
-4.270413398742675781e+00 -4.597120583057403564e-01 7.089994812011718750e+01
-4.090844154357910156e+00 -7.134902477264404297e-01 7.159491729736328125e+01
-4.270422935485839844e+00 -4.597141742706298828e-01 7.089994049072265625e+01
-4.270393371582031250e+00 -4.597197771072387695e-01 7.089994812011718750e+01
-4.814129829406738281e+00 -8.379198908805847168e-01 7.159497833251953125e+01
-4.270415782928466797e+00 -4.597125649452209473e-01 7.089994049072265625e+01
-3.664229869842529297e+00 -8.597207665443420410e-01 7.146623992919921875e+01
-4.270435810089111328e+00 -4.597211480140686035e-01 7.089994812011718750e+01
-4.270409584045410156e+00 -4.597149193286895752e-01 7.089994049072265625e+01
-4.338258266448974609e+00 -8.575275540351867676e-01 7.159503936767578125e+01
-4.270419120788574219e+00 -4.597145617008209229e-01 7.089994049072265625e+01
-3.650068521499633789e+00 -8.597205281257629395e-01 7.101593017578125000e+01
-4.778654098510742188e+00 -8.597113490104675293e-01 7.121632385253906250e+01
-4.270413875579833984e+00 -4.597144126892089844e-01 7.089994049072265625e+01
-4.026668548583984375e+00 -8.597255945205688477e-01 7.138067626953125000e+01
-4.270425796508789062e+00 -4.597195088863372803e-01 7.089994049072265625e+01
-4.270405292510986328e+00 -4.597195088863372803e-01 7.089994049072265625e+01
-4.469238281250000000e+00 -8.597188591957092285e-01 7.131423950195312500e+01
-4.270416736602783203e+00 -4.597158133983612061e-01 7.089994049072265625e+01
-3.916353225708007812e+00 -8.597240447998046875e-01 7.110977172851562500e+01
-4.650835990905761719e+00 -8.597097396850585938e-01 7.097969818115234375e+01
-4.270411491394042969e+00 -4.597175419330596924e-01 7.089994049072265625e+01
-4.229459762573242188e+00 -8.597227931022644043e-01 7.124216461181640625e+01
-4.270420551300048828e+00 -4.597190022468566895e-01 7.089994049072265625e+01
-4.270407676696777344e+00 -4.597211480140686035e-01 7.089994812011718750e+01
-4.471588134765625000e+00 -8.597146272659301758e-01 7.109627532958984375e+01
-4.270414829254150391e+00 -4.597181677818298340e-01 7.089994049072265625e+01
-4.119177818298339844e+00 -8.597226142883300781e-01 7.108481597900390625e+01
-4.270421028137207031e+00 -4.597210884094238281e-01 7.089994812011718750e+01
-4.270411491394042969e+00 -4.597205519676208496e-01 7.089994812011718750e+01
-4.309658527374267578e+00 -8.597178459167480469e-01 7.106677246093750000e+01
-4.270417213439941406e+00 -4.597203135490417480e-01 7.089994812011718750e+01
-4.159023284912109375e+00 -8.597188591957092285e-01 7.093668365478515625e+01
-4.344863414764404297e+00 -8.597144484519958496e-01 7.093346405029296875e+01
-4.270415306091308594e+00 -4.597212672233581543e-01 7.089994812011718750e+01
