9.288573265075683594e+00 -3.165819346904754639e-01 7.089997863769531250e+01
9.168166160583496094e+00 4.003139138221740723e-01 7.101028442382812500e+01
9.376351356506347656e+00 3.024360418319702148e+00 6.989978790283203125e+01
9.466219902038574219e+00 4.003121256828308105e-01 7.113168334960937500e+01
9.251641273498535156e+00 -3.121587336063385010e-01 7.089344787597656250e+01
1.230173397064208984e+01 6.930518627166748047e+00 6.898325347900390625e+01
9.175791740417480469e+00 4.003168940544128418e-01 7.131951904296875000e+01
8.769191741943359375e+00 1.487505316734313965e+00 6.989994049072265625e+01
9.777147293090820312e+00 4.003162980079650879e-01 7.107840728759765625e+01
8.768917083740234375e+00 4.003073573112487793e-01 7.111448669433593750e+01
9.756559371948242188e+00 1.062232375144958496e+00 6.989991760253906250e+01
9.482063293457031250e+00 4.003167748451232910e-01 7.151685333251953125e+01
7.562955379486083984e+00 1.915046930313110352e+00 6.989994812011718750e+01
1.399767017364501953e+01 4.863613128662109375e+00 6.986470031738281250e+01
8.841469764709472656e+00 4.003139436244964600e-01 7.153593444824218750e+01
9.121971130371093750e+00 8.603120446205139160e-01 6.961432647705078125e+01
9.954012870788574219e+00 4.003047645092010498e-01 7.146081542968750000e+01
8.370299339294433594e+00 4.003097116947174072e-01 7.093795013427734375e+01
1.037123107910156250e+01 8.603317737579345703e-01 6.982258605957031250e+01
9.256438255310058594e+00 1.445470303297042847e-01 7.159493255615234375e+01
8.200792312622070312e+00 8.603096604347229004e-01 6.959645080566406250e+01
1.041451168060302734e+01 4.003158211708068848e-01 7.105147552490234375e+01
8.305746078491210938e+00 4.002905786037445068e-01 7.158380126953125000e+01
9.565600395202636719e+00 4.003193080425262451e-01 6.966856384277343750e+01
9.686803817749023438e+00 8.172051608562469482e-02 7.159494781494140625e+01
6.154047012329101562e+00 1.474428057670593262e+00 6.989997863769531250e+01
1.145301246643066406e+01 8.864133954048156738e-01 6.989995574951171875e+01
8.997755050659179688e+00 -1.528520788997411728e-02 7.159487152099609375e+01
8.727048873901367188e+00 4.003213346004486084e-01 6.933879852294921875e+01
1.061084556579589844e+01 2.799580693244934082e-01 7.159492492675781250e+01
7.483647346496582031e+00 4.003108143806457520e-01 7.137574768066406250e+01
1.036234855651855469e+01 4.002873003482818604e-01 6.923001098632812500e+01
9.408003807067871094e+00 -1.332049220800399780e-01 7.159490966796875000e+01
7.499601840972900391e+00 4.002980887889862061e-01 6.951449584960937500e+01
2.135784149169921875e+01 3.593323707580566406e+00 6.990006256103515625e+01
8.645693778991699219e+00 -1.096631437540054321e-01 7.159490966796875000e+01
9.296866416931152344e+00 8.221549540758132935e-02 6.919995880126953125e+01
9.919012069702148438e+00 -1.548153311014175415e-01 7.159494781494140625e+01
-1.502069473266601562e+00 2.188785314559936523e+00 6.989990234375000000e+01
1.152867031097412109e+01 2.107218950986862183e-01 6.919982147216796875e+01
9.162158966064453125e+00 -2.615815699100494385e-01 7.159486389160156250e+01
8.218783378601074219e+00 -4.958895221352577209e-02 6.919997406005859375e+01
1.182441997528076172e+01 3.340204944834113121e-03 7.159494781494140625e+01
7.934395790100097656e+00 -1.980844289064407349e-01 7.159491729736328125e+01
9.918838500976562500e+00 -1.969886422157287598e-01 6.919994354248046875e+01
9.571468353271484375e+00 -3.312070965766906738e-01 7.159490203857421875e+01
5.701352596282958984e+00 -1.183114573359489441e-01 6.919992828369140625e+01
1.480237102508544922e+01 -1.079179868102073669e-01 6.920001220703125000e+01
8.881289482116699219e+00 -3.752792775630950928e-01 7.159493255615234375e+01
8.923775672912597656e+00 -3.821482062339782715e-01 6.920117950439453125e+01
1.132271766662597656e+01 -4.249044358730316162e-01 7.234494018554687500e+01
7.525905609130859375e+00 -4.535520076751708984e-01 7.111965942382812500e+01
1.013948917388916016e+01 -4.660875201225280762e-01 6.990029144287109375e+01
9.341266632080078125e+00 -5.021916627883911133e-01 7.234491729736328125e+01
8.303111076354980469e+00 -5.278637409210205078e-01 6.989998626708984375e+01
9.824612617492675781e+00 -4.597091376781463623e-01 7.092738342285156250e+01
8.987727165222167969e+00 -4.513927996158599854e-01 7.114855194091796875e+01
9.428090095520019531e+00 -5.544678568840026855e-01 6.989998626708984375e+01
9.483825683593750000e+00 -4.597112238407135010e-01 7.118354797363281250e+01
4.942761421203613281e+00 -1.271749734878540039e+00 6.990001678466796875e+01
1.105361366271972656e+01 -8.400374054908752441e-01 6.989997863769531250e+01
9.211040496826171875e+00 -4.597148597240447998e-01 7.113897705078125000e+01
8.832459449768066406e+00 -6.865463852882385254e-01 6.989999389648437500e+01
9.460409164428710938e+00 -4.526130557060241699e-01 7.097287750244140625e+01
9.103908538818359375e+00 -4.597190618515014648e-01 7.096538543701171875e+01
9.820380210876464844e+00 -7.731335759162902832e-01 6.989999389648437500e+01
9.331038475036621094e+00 -4.597136974334716797e-01 7.106432342529296875e+01
6.207666397094726562e+00 -1.788411974906921387e+00 6.889766693115234375e+01
1.528238105773925781e+01 -2.848205566406250000e+00 6.989996337890625000e+01
9.202292442321777344e+00 -4.597167074680328369e-01 7.101026916503906250e+01
9.210636138916015625e+00 -8.560669422149658203e-01 6.989999389648437500e+01
9.379520416259765625e+00 -4.597138762474060059e-01 7.098493957519531250e+01
9.171009063720703125e+00 -4.596968889236450195e-01 7.089883422851562500e+01
1.039668464660644531e+01 -1.203178524971008301e+00 6.990456390380859375e+01
9.278338432312011719e+00 -4.597154259681701660e-01 7.100484466552734375e+01
8.537284851074218750e+00 -1.151455640792846680e+00 6.990000152587890625e+01
9.381646156311035156e+00 -4.597147405147552490e-01 7.091738128662109375e+01
9.212315559387207031e+00 -4.597173631191253662e-01 7.094744873046875000e+01
9.567877769470214844e+00 -1.130824208259582520e+00 6.990000152587890625e+01
9.325142860412597656e+00 -4.597150385379791260e-01 7.097210693359375000e+01
6.631242752075195312e+00 -2.620862722396850586e+00 6.990003204345703125e+01
1.177984142303466797e+01 -2.614288330078125000e+00 6.989995574951171875e+01
9.258742332458496094e+00 -4.597163498401641846e-01 7.096213531494140625e+01
8.985604286193847656e+00 -1.360217452049255371e+00 6.990000152587890625e+01
9.341694831848144531e+00 -4.597152769565582275e-01 7.093145751953125000e+01
9.231492996215820312e+00 -4.597175121307373047e-01 7.091194152832031250e+01
1.000627803802490234e+01 -1.743353128433227539e+00 6.989999389648437500e+01
9.294717788696289062e+00 -4.597158432006835938e-01 7.095132446289062500e+01
8.125333786010742188e+00 -2.297876358032226562e+00 6.990002441406250000e+01
9.333852767944335938e+00 -4.596817493438720703e-01 7.089855194091796875e+01
9.258389472961425781e+00 -4.597167968750000000e-01 7.092943572998046875e+01
9.344594001770019531e+00 -1.940150260925292969e+00 6.990001678466796875e+01
9.311264038085937500e+00 -4.597158730030059814e-01 7.092771911621093750e+01
9.256509780883789062e+00 -4.593575596809387207e-01 7.089534759521484375e+01
1.075619316101074219e+01 -4.045045375823974609e+00 6.989995574951171875e+01
9.282685279846191406e+00 -4.597164094448089600e-01 7.092501068115234375e+01
8.728461265563964844e+00 -3.540183544158935547e+00 6.990001678466796875e+01
9.305146217346191406e+00 -4.592142403125762939e-01 7.090544128417968750e+01
9.277481079101562500e+00 -4.592982232570648193e-01 7.090497589111328125e+01
9.288573265075683594e+00 -4.597166478633880615e-01 7.089997863769531250e+01
