1.767483711242675781e+01 5.625432968139648438e+00 7.090006256103515625e+01
1.767420578002929688e+01 5.483203887939453125e+00 7.090064239501953125e+01
1.773384475708007812e+01 7.780819892883300781e+00 7.022769165039062500e+01
1.807488632202148438e+01 7.280595302581787109e+00 7.142185974121093750e+01
1.381286048889160156e+01 1.463319301605224609e+01 7.021693420410156250e+01
1.924698066711425781e+01 9.303620338439941406e+00 6.989999389648437500e+01
1.767424583435058594e+01 5.483215332031250000e+00 7.090226745605468750e+01
1.666070365905761719e+01 9.163931846618652344e+00 6.894741058349609375e+01
1.807486915588378906e+01 6.134046077728271484e+00 7.104615020751953125e+01
1.767288017272949219e+01 5.482027530670166016e+00 7.090087127685546875e+01
1.814274215698242188e+01 6.940694808959960938e+00 6.990017700195312500e+01
1.789274597167968750e+01 6.379994392395019531e+00 7.159478759765625000e+01
1.594946289062500000e+01 7.793433666229248047e+00 6.990016937255859375e+01
2.222377967834472656e+01 1.056332492828369141e+01 6.989999389648437500e+01
1.767301177978515625e+01 5.482278823852539062e+00 7.090265655517578125e+01
1.754525184631347656e+01 6.459068298339843750e+00 6.990006256103515625e+01
1.807485580444335938e+01 5.959923744201660156e+00 7.123719787597656250e+01
1.767271423339843750e+01 5.480863094329833984e+00 7.090015411376953125e+01
1.867968940734863281e+01 6.648492336273193359e+00 6.990010070800781250e+01
1.767458534240722656e+01 5.483283996582031250e+00 7.090551757812500000e+01
1.684032630920410156e+01 6.445652961730957031e+00 6.990003967285156250e+01
1.807486343383789062e+01 5.763246059417724609e+00 7.095388793945312500e+01
1.767273902893066406e+01 5.480721473693847656e+00 7.090151977539062500e+01
1.789980316162109375e+01 6.128685951232910156e+00 6.990007019042968750e+01
1.807303810119628906e+01 5.960399627685546875e+00 7.159497833251953125e+01
1.454046440124511719e+01 7.353050708770751953e+00 6.990010833740234375e+01
1.983915138244628906e+01 6.765052795410156250e+00 6.990009307861328125e+01
1.767277526855468750e+01 5.481739044189453125e+00 7.090499114990234375e+01
1.731514549255371094e+01 5.991477966308593750e+00 6.990002441406250000e+01
1.807485961914062500e+01 5.684628486633300781e+00 7.111030578613281250e+01
1.767325019836425781e+01 5.479717731475830078e+00 7.090048217773437500e+01
1.831787872314453125e+01 5.958095073699951172e+00 6.989998626708984375e+01
1.779425621032714844e+01 5.745483875274658203e+00 7.159492492675781250e+01
1.638354110717773438e+01 6.056459903717041016e+00 6.990000915527343750e+01
2.886707496643066406e+01 9.181879043579101562e+00 6.997280883789062500e+01
1.767323112487792969e+01 5.479738712310791016e+00 7.090180206298828125e+01
1.767971611022949219e+01 5.762500762939453125e+00 6.990002441406250000e+01
1.807485580444335938e+01 5.634395599365234375e+00 7.134102630615234375e+01
6.923470497131347656e+00 8.058077812194824219e+00 6.990362548828125000e+01
1.899250411987304688e+01 5.838076114654541016e+00 6.990000152587890625e+01
1.767270469665527344e+01 5.481345176696777344e+00 7.091178894042968750e+01
1.704552268981933594e+01 5.684970378875732422e+00 6.990001678466796875e+01
1.807486152648925781e+01 5.542593002319335938e+00 7.100968933105468750e+01
1.767421340942382812e+01 5.479107379913330078e+00 7.090038299560546875e+01
1.804561233520507812e+01 5.598266124725341797e+00 6.989995574951171875e+01
1.795768547058105469e+01 5.547495841979980469e+00 7.159487152099609375e+01
1.336845207214355469e+01 5.816815376281738281e+00 6.885918426513671875e+01
2.091382217407226562e+01 5.650416374206542969e+00 6.990145111083984375e+01
1.767458152770996094e+01 5.479029655456542969e+00 7.090049743652343750e+01
1.746009254455566406e+01 5.489346504211425781e+00 6.990003967285156250e+01
1.807486152648925781e+01 5.474057674407958984e+00 7.118421936035156250e+01
1.767483711242675781e+01 5.479014396667480469e+00 7.090006256103515625e+01
1.931212425231933594e+01 5.351274967193603516e+00 6.897650909423828125e+01
1.770017623901367188e+01 5.429728031158447266e+00 7.159490966796875000e+01
1.668932723999023438e+01 5.350844383239746094e+00 6.990002441406250000e+01
1.807486534118652344e+01 5.434231758117675781e+00 7.092051696777343750e+01
1.767483711242675781e+01 5.479014396667480469e+00 7.090006256103515625e+01
1.781435203552246094e+01 5.324248790740966797e+00 6.990008544921875000e+01
1.807486534118652344e+01 5.356064796447753906e+00 7.148102569580078125e+01
1.332828140258789062e+01 4.606815338134765625e+00 6.989993286132812500e+01
1.943982505798339844e+01 5.038689613342285156e+00 6.990009307861328125e+01
1.767483711242675781e+01 5.479014396667480469e+00 7.090006256103515625e+01
1.721871948242187500e+01 5.192165374755859375e+00 6.990006256103515625e+01
1.807486534118652344e+01 5.355834007263183594e+00 7.106977844238281250e+01
1.767483711242675781e+01 5.479014396667480469e+00 7.090006256103515625e+01
1.820669937133789062e+01 5.105542182922363281e+00 6.989997100830078125e+01
1.785435485839843750e+01 5.225309371948242188e+00 7.159483337402343750e+01
1.613613128662109375e+01 4.785446166992187500e+00 6.990004730224609375e+01
2.366958427429199219e+01 3.030125141143798828e+00 6.989989471435546875e+01
1.767483711242675781e+01 5.479014396667480469e+00 7.090006256103515625e+01
1.759689712524414062e+01 5.022632598876953125e+00 6.990004730224609375e+01
1.807487106323242188e+01 5.215040206909179688e+00 7.127376556396484375e+01
1.878809928894042969e+01 4.671800136566162109e+00 6.990002441406250000e+01
1.767483711242675781e+01 5.479014396667480469e+00 7.090006256103515625e+01
1.692355918884277344e+01 4.727269649505615234e+00 6.990010070800781250e+01
1.807487106323242188e+01 5.221066474914550781e+00 7.097485351562500000e+01
1.767483711242675781e+01 5.479014396667480469e+00 7.090006256103515625e+01
1.795415878295898438e+01 4.747847080230712891e+00 6.990002441406250000e+01
1.802711677551269531e+01 4.900884151458740234e+00 7.159484863281250000e+01
1.501730537414550781e+01 3.257683515548706055e+00 6.990004730224609375e+01
2.016597366333007812e+01 3.264542341232299805e+00 6.990009307861328125e+01
1.767483711242675781e+01 5.479014396667480469e+00 7.090006256103515625e+01
1.737186431884765625e+01 4.518484115600585938e+00 6.990007781982421875e+01
1.807487678527832031e+01 5.027055740356445312e+00 7.113713836669921875e+01
1.767483711242675781e+01 5.479014396667480469e+00 7.090006256103515625e+01
1.839259338378906250e+01 4.135263919830322266e+00 6.990000915527343750e+01
1.775798988342285156e+01 4.666873931884765625e+00 7.159486389160156250e+01
1.651163482666015625e+01 3.580899000167846680e+00 6.990014648437500000e+01
2.590340042114257812e+01 -5.421390056610107422e+00 7.064017486572265625e+01
1.767483711242675781e+01 5.479014396667480469e+00 7.090006256103515625e+01
1.773085975646972656e+01 3.938517808914184570e+00 6.990007019042968750e+01
1.807487487792968750e+01 4.420943737030029297e+00 7.138906097412109375e+01
1.075467491149902344e+01 -7.396824359893798828e+00 6.990013122558593750e+01
1.914248466491699219e+01 1.833598732948303223e+00 6.990001678466796875e+01
1.767483711242675781e+01 5.479014396667480469e+00 7.090006256103515625e+01
1.711468505859375000e+01 2.338308095932006836e+00 6.990003204345703125e+01
1.807485008239746094e+01 4.042572498321533203e+00 7.103199005126953125e+01
1.674075889587402344e+01 4.602954983711242676e-01 7.132061767578125000e+01
1.767483711242675781e+01 5.030304908752441406e+00 7.090006256103515625e+01
