2.388542938232421875e+01 -3.857930660247802734e+00 7.089999389648437500e+01
2.368497467041015625e+01 -3.044060230255126953e+00 7.108362579345703125e+01
2.397319030761718750e+01 -9.525525569915771484e-01 6.990000152587890625e+01
2.409101486206054688e+01 -3.450096130371093750e+00 7.116814422607421875e+01
1.839892578125000000e+01 8.628918647766113281e+00 6.992951202392578125e+01
2.545763778686523438e+01 -5.511653423309326172e-01 6.989988708496093750e+01
2.369975662231445312e+01 -3.058856010437011719e+00 7.159069061279296875e+01
2.336613273620605469e+01 -2.489034175872802734e+00 6.990012359619140625e+01
2.431440162658691406e+01 -3.673508882522583008e+00 7.105665588378906250e+01
2.220184135437011719e+01 -1.784057021141052246e+00 7.159495544433593750e+01
2.435335350036621094e+01 -2.914191007614135742e+00 6.990006256103515625e+01
2.410337066650390625e+01 -3.474817037582397461e+00 7.159482574462890625e+01
2.216005516052246094e+01 -2.061511278152465820e+00 6.990010070800781250e+01
2.389336585998535156e+01 -4.367061138153076172e+00 7.089824676513671875e+01
2.339685440063476562e+01 -3.501710176467895508e+00 7.159494018554687500e+01
2.375586509704589844e+01 -3.396028995513916016e+00 6.990014648437500000e+01
2.439917755126953125e+01 -3.758294105529785156e+00 7.133297729492187500e+01
1.840309715270996094e+01 4.003333449363708496e-01 7.112670898437500000e+01
2.388655090332031250e+01 -4.374624729156494141e+00 7.089888000488281250e+01
2.385330200195312500e+01 -3.831820726394653320e+00 7.159477233886718750e+01
2.305075836181640625e+01 -3.409105300903320312e+00 6.989978027343750000e+01
2.454685783386230469e+01 -3.905964136123657227e+00 7.098899078369140625e+01
2.388542938232421875e+01 -4.375930786132812500e+00 7.089999389648437500e+01
2.411035919189453125e+01 -3.726361036300659180e+00 6.990015411376953125e+01
2.428355216979980469e+01 -3.894642114639282227e+00 7.159477233886718750e+01
2.076849555969238281e+01 -2.512320756912231445e+00 6.990560913085937500e+01
2.388945198059082031e+01 -4.373539924621582031e+00 7.089813232421875000e+01
2.359488868713378906e+01 -3.991883277893066406e+00 7.159422302246093750e+01
2.352566719055175781e+01 -3.863365411758422852e+00 6.989975738525390625e+01
2.463271713256835938e+01 -3.991819620132446289e+00 7.129274749755859375e+01
2.388542938232421875e+01 -4.375930786132812500e+00 7.089999389648437500e+01
2.388617134094238281e+01 -4.375378131866455078e+00 7.089884185791015625e+01
2.400483131408691406e+01 -4.109497547149658203e+00 7.159476470947265625e+01
2.259438896179199219e+01 -3.798599004745483398e+00 6.990013885498046875e+01
2.389068984985351562e+01 -4.374190330505371094e+00 7.089955902099609375e+01
2.388542938232421875e+01 -4.375930786132812500e+00 7.089999389648437500e+01
2.389030647277832031e+01 -4.092491149902343750e+00 6.990012359619140625e+01
2.451573753356933594e+01 -4.131097316741943359e+00 7.159481811523437500e+01
1.309557723999023438e+01 -1.787635326385498047e+00 6.989999389648437500e+01
2.388795471191406250e+01 -4.375242710113525391e+00 7.089807891845703125e+01
2.375904655456542969e+01 -4.237847328186035156e+00 7.159470367431640625e+01
2.325622367858886719e+01 -4.170010089874267578e+00 6.990012359619140625e+01
2.486167716979980469e+01 -4.220768928527832031e+00 7.116754150390625000e+01
2.388542938232421875e+01 -4.375930786132812500e+00 7.089999389648437500e+01
2.388578414916992188e+01 -4.375816345214843750e+00 7.089903259277343750e+01
2.416824722290039062e+01 -4.307456970214843750e+00 7.159472656250000000e+01
2.177546119689941406e+01 -4.210421085357666016e+00 6.990003967285156250e+01
2.388940620422363281e+01 -4.375720500946044922e+00 7.089876556396484375e+01
2.388542938232421875e+01 -4.375930786132812500e+00 7.089999389648437500e+01
2.367071342468261719e+01 -4.365600109100341797e+00 6.990010070800781250e+01
2.486350059509277344e+01 -4.388049602508544922e+00 7.159477233886718750e+01
2.388542938232421875e+01 -4.375930786132812500e+00 7.089999389648437500e+01
2.388701057434082031e+01 -4.376054286956787109e+00 7.089813232421875000e+01
2.388542938232421875e+01 -4.375930786132812500e+00 7.089999389648437500e+01
2.290003585815429688e+01 -4.504085540771484375e+00 6.990007019042968750e+01
2.515946006774902344e+01 -4.518558025360107422e+00 7.096513366699218750e+01
2.388542938232421875e+01 -4.375930786132812500e+00 7.089999389648437500e+01
2.402493095397949219e+01 -4.530682086944580078e+00 6.990011596679687500e+01
2.436378288269042969e+01 -4.522953987121582031e+00 7.159471130371093750e+01
1.953921127319335938e+01 -5.248062610626220703e+00 6.989994049072265625e+01
2.388833618164062500e+01 -4.376655578613281250e+00 7.089834594726562500e+01
2.388542938232421875e+01 -4.375930786132812500e+00 7.089999389648437500e+01
2.342934989929199219e+01 -4.662755966186523438e+00 6.990007781982421875e+01
2.552025985717773438e+01 -4.879343032836914062e+00 7.159357452392578125e+01
2.388542938232421875e+01 -4.375930786132812500e+00 7.089999389648437500e+01
2.388635826110839844e+01 -4.376583099365234375e+00 7.089824676513671875e+01
2.388542938232421875e+01 -4.375930786132812500e+00 7.089999389648437500e+01
2.234684562683105469e+01 -5.069444179534912109e+00 6.990005493164062500e+01
2.388891601562500000e+01 -4.377355098724365234e+00 7.089941406250000000e+01
2.388542938232421875e+01 -4.375930786132812500e+00 7.089999389648437500e+01
2.380749893188476562e+01 -4.832254886627197266e+00 6.990010070800781250e+01
2.462916564941406250e+01 -4.866708278656005859e+00 7.159478759765625000e+01
3.917416572570800781e+00 -1.456629943847656250e+01 7.070516967773437500e+01
2.388746452331542969e+01 -4.377406120300292969e+00 7.089816284179687500e+01
2.388542938232421875e+01 -4.375930786132812500e+00 7.089999389648437500e+01
2.313421249389648438e+01 -5.127614974975585938e+00 6.990010833740234375e+01
2.665245056152343750e+01 -6.160151958465576172e+00 7.141732788085937500e+01
2.388542938232421875e+01 -4.375930786132812500e+00 7.089999389648437500e+01
2.416470146179199219e+01 -5.106968402862548828e+00 6.990013122558593750e+01
2.388542938232421875e+01 -4.375930786132812500e+00 7.089999389648437500e+01
2.122807502746582031e+01 -6.597113609313964844e+00 6.990003967285156250e+01
2.388811492919921875e+01 -4.378317832946777344e+00 7.089891815185546875e+01
2.388542938232421875e+01 -4.375930786132812500e+00 7.089999389648437500e+01
2.358249855041503906e+01 -5.336329460144042969e+00 6.990014648437500000e+01
2.388542938232421875e+01 -4.375930786132812500e+00 7.089999389648437500e+01
2.388542938232421875e+01 -4.375930786132812500e+00 7.089999389648437500e+01
2.460309410095214844e+01 -5.719510078430175781e+00 6.990007019042968750e+01
2.388542938232421875e+01 -4.375930786132812500e+00 7.089999389648437500e+01
2.272231483459472656e+01 -6.273905277252197266e+00 6.990014648437500000e+01
2.854371452331542969e+01 -1.054677677154541016e+01 7.075286865234375000e+01
2.388542938232421875e+01 -4.375930786132812500e+00 7.089999389648437500e+01
2.394145011901855469e+01 -5.916372299194335938e+00 6.990003204345703125e+01
2.388542938232421875e+01 -4.375930786132812500e+00 7.089999389648437500e+01
1.844079589843750000e+01 -1.450636005401611328e+01 7.011327362060546875e+01
2.535289573669433594e+01 -8.020894050598144531e+00 6.990007781982421875e+01
2.388542938232421875e+01 -4.375930786132812500e+00 7.089999389648437500e+01
2.332800292968750000e+01 -7.501356124877929688e+00 6.990482330322265625e+01
2.388542938232421875e+01 -4.375930786132812500e+00 7.089999389648437500e+01
2.388542938232421875e+01 -4.375930786132812500e+00 7.089999389648437500e+01
2.388542938232421875e+01 -1.458838653564453125e+01 7.089999389648437500e+01
