2.557322978973388672e+00 -3.997263312339782715e-01 7.089997100830078125e+01
2.427881479263305664e+00 4.003195762634277344e-01 7.101854705810546875e+01
2.645083427429199219e+00 2.963638544082641602e+00 6.989998626708984375e+01
2.747921943664550781e+00 3.986245691776275635e-01 7.114857482910156250e+01
2.532154083251953125e+00 -4.000588953495025635e-01 7.089551544189453125e+01
4.129367351531982422e+00 3.364647865295410156e+00 6.989996337890625000e+01
2.436078548431396484e+00 4.003288447856903076e-01 7.135099029541015625e+01
2.037991285324096680e+00 1.427306413650512695e+00 6.990003204345703125e+01
3.082555294036865234e+00 4.003244042396545410e-01 7.109178161621093750e+01
1.998688817024230957e+00 4.002965688705444336e-01 7.113056945800781250e+01
3.025245428085327148e+00 1.002015233039855957e+00 6.990004730224609375e+01
2.765331268310546875e+00 4.003255367279052734e-01 7.156313323974609375e+01
8.333634734153747559e-01 1.852804660797119141e+00 6.990090179443359375e+01
7.106067180633544922e+00 4.624370574951171875e+00 6.989994049072265625e+01
2.076673269271850586e+00 4.003212153911590576e-01 7.158364868164062500e+01
2.427750349044799805e+00 5.202414989471435547e-01 6.990007019042968750e+01
3.272677183151245117e+00 4.002949893474578857e-01 7.150286865234375000e+01
1.570168852806091309e+00 4.003011584281921387e-01 7.094079589843750000e+01
3.562131404876708984e+00 7.097100019454956055e-01 6.990005493164062500e+01
2.525193929672241211e+00 8.442652970552444458e-02 7.159478759765625000e+01
1.722894906997680664e+00 5.068259239196777344e-01 6.990004730224609375e+01
3.767695665359497070e+00 4.002912342548370361e-01 7.106282806396484375e+01
1.558360219001770020e+00 3.534069061279296875e-01 7.159502410888671875e+01
2.782266855239868164e+00 1.898905783891677856e-01 6.990007019042968750e+01
2.955465078353881836e+00 2.159537002444267273e-02 7.159477996826171875e+01
-5.535618662834167480e-01 1.400275230407714844e+00 6.990751647949218750e+01
4.721597671508789062e+00 8.262978196144104004e-01 6.990002441406250000e+01
2.266481637954711914e+00 -7.527224719524383545e-02 7.159492492675781250e+01
2.197682619094848633e+00 5.267297849059104919e-02 6.990007781982421875e+01
3.879527568817138672e+00 2.199056446552276611e-01 7.159488677978515625e+01
6.169973015785217285e-01 4.003073275089263916e-01 7.141143798828125000e+01
3.200255393981933594e+00 1.928157918155193329e-02 6.990006256103515625e+01
2.676733493804931641e+00 -1.932672858238220215e-01 7.159478759765625000e+01
1.267552733421325684e+00 1.170459538698196411e-01 6.990110015869140625e+01
1.462699699401855469e+01 3.533439874649047852e+00 6.990002441406250000e+01
1.914391994476318359e+00 -1.696576625108718872e-01 7.159496307373046875e+01
2.562200784683227539e+00 -1.762714534997940063e-01 6.990007781982421875e+01
3.187616348266601562e+00 -2.148897051811218262e-01 7.159477996826171875e+01
-8.230642318725585938e+00 2.128125190734863281e+00 6.990014648437500000e+01
3.874808549880981445e+00 -1.007055491209030151e-01 6.990004730224609375e+01
2.430896043777465820e+00 -3.215858340263366699e-01 7.159492492675781250e+01
1.928100585937500000e+00 -2.537915110588073730e-01 6.990007019042968750e+01
5.092740535736083984e+00 -5.674576759338378906e-02 7.159482574462890625e+01
1.203191161155700684e+00 -2.581089735031127930e-01 7.159488677978515625e+01
2.928023815155029297e+00 -3.404897749423980713e-01 6.990007019042968750e+01
2.840168476104736328e+00 -3.912369310855865479e-01 7.159477233886718750e+01
4.473541080951690674e-01 -2.942076623439788818e-01 6.990001678466796875e+01
5.800715923309326172e+00 -2.880821526050567627e-01 6.990000152587890625e+01
2.557322978973388672e+00 -4.597176313400268555e-01 7.089997100830078125e+01
2.342608690261840820e+00 -4.493869841098785400e-01 6.990008544921875000e+01
3.535588026046752930e+00 -4.718390703201293945e-01 7.159488677978515625e+01
-3.018035173416137695e+00 -6.300531029701232910e-01 7.159481811523437500e+01
3.408428668975830078e+00 -5.261201262474060059e-01 6.990005493164062500e+01
2.582666873931884766e+00 -5.090132355690002441e-01 7.159494781494140625e+01
1.575115323066711426e+00 -5.874582529067993164e-01 6.990328216552734375e+01
6.103014469146728516e+00 -8.566558361053466797e-01 7.108126831054687500e+01
1.716185212135314941e+00 -6.042463779449462891e-01 7.159496307373046875e+01
2.696826934814453125e+00 -6.144711375236511230e-01 6.990007781982421875e+01
3.035798549652099609e+00 -6.067785024642944336e-01 7.159486389160156250e+01
-1.788782000541687012e+00 -1.331826448440551758e+00 6.989994049072265625e+01
4.322250366210937500e+00 -9.000270962715148926e-01 6.990003204345703125e+01
2.332087278366088867e+00 -6.340636610984802246e-01 7.159426116943359375e+01
2.101252794265747070e+00 -7.465369701385498047e-01 6.990007781982421875e+01
3.856308698654174805e+00 -8.597136139869689941e-01 7.145106506347656250e+01
1.326579213142395020e+00 -8.597300052642822266e-01 7.133587646484375000e+01
3.089087247848510742e+00 -8.331215381622314453e-01 6.990006256103515625e+01
2.736887454986572266e+00 -7.134876251220703125e-01 7.159491729736328125e+01
1.018760204315185547e+00 -1.153221487998962402e+00 6.990004730224609375e+01
8.550718307495117188e+00 -2.908054828643798828e+00 6.990002441406250000e+01
2.013615846633911133e+00 -8.379216790199279785e-01 7.159499359130859375e+01
2.479393243789672852e+00 -9.160421490669250488e-01 6.990007781982421875e+01
3.163471221923828125e+00 -8.597030639648437500e-01 7.146622467041015625e+01
-2.523667907714843750e+01 -1.464395999908447266e+01 7.062878417968750000e+01
3.670454978942871094e+00 -1.266837000846862793e+00 6.990004730224609375e+01
2.489484548568725586e+00 -8.575092554092407227e-01 7.159502410888671875e+01
1.806091547012329102e+00 -1.211416363716125488e+00 6.990007019042968750e+01
3.177655220031738281e+00 -8.597180247306823730e-01 7.101595306396484375e+01
2.049081325531005859e+00 -8.597207069396972656e-01 7.121634674072265625e+01
2.836605548858642578e+00 -1.190784692764282227e+00 6.990007019042968750e+01
2.801044940948486328e+00 -8.596919178962707520e-01 7.138065338134765625e+01
-1.000599712133407593e-01 -2.680924177169799805e+00 6.990000915527343750e+01
5.025858879089355469e+00 -2.654098033905029297e+00 6.990907287597656250e+01
2.358505725860595703e+00 -8.597145080566406250e-01 7.131425476074218750e+01
2.254379510879516602e+00 -1.420153856277465820e+00 6.990007781982421875e+01
2.911366224288940430e+00 -8.597096204757690430e-01 7.110978698730468750e+01
2.176892042160034180e+00 -8.597272038459777832e-01 7.097972106933593750e+01
3.274979352951049805e+00 -1.803279876708984375e+00 6.990005493164062500e+01
2.598275899887084961e+00 -8.597031235694885254e-01 7.124216461181640625e+01
1.394123196601867676e+00 -2.357830047607421875e+00 6.990005493164062500e+01
1.319342231750488281e+01 -1.454939365386962891e+01 7.056404876708984375e+01
2.356151819229125977e+00 -8.597184419631958008e-01 7.109629058837890625e+01
2.613340139389038086e+00 -2.000063419342041016e+00 6.990007019042968750e+01
2.708554029464721680e+00 -8.597123026847839355e-01 7.108483123779296875e+01
-5.029111862182617188e+00 -1.457524108886718750e+01 6.980376434326171875e+01
4.024774551391601562e+00 -4.104646682739257812e+00 6.990006256103515625e+01
2.518080711364746094e+00 -8.597155213356018066e-01 7.106678771972656250e+01
1.997244238853454590e+00 -3.600013017654418945e+00 6.990007019042968750e+01
2.668714046478271484e+00 -8.597224354743957520e-01 7.093670654296875000e+01
2.482874155044555664e+00 -8.597246408462524414e-01 7.093348693847656250e+01
2.557322978973388672e+00 -4.877124130725860596e-01 7.089997100830078125e+01
