-1.639972496032714844e+01 1.512846443802118301e-02 7.089990234375000000e+01
-1.652013206481933594e+01 4.003013372421264648e-01 7.101020812988281250e+01
-1.631198310852050781e+01 3.022920131683349609e+00 6.990013122558593750e+01
-1.622207832336425781e+01 4.003009796142578125e-01 7.113160705566406250e+01
-2.205264091491699219e+01 1.299959373474121094e+01 6.989997863769531250e+01
-1.482798290252685547e+01 3.423919439315795898e+00 6.990008544921875000e+01
-1.651250648498535156e+01 4.003066420555114746e-01 7.131944274902343750e+01
-1.701697540283203125e+01 1.843106627464294434e+00 6.971142578125000000e+01
-1.591115760803222656e+01 4.002943634986877441e-01 7.107832336425781250e+01
-1.691938400268554688e+01 4.003020226955413818e-01 7.111441040039062500e+01
-1.593181133270263672e+01 1.061993956565856934e+00 6.990000152587890625e+01
-1.620623970031738281e+01 4.002872705459594727e-01 7.151676940917968750e+01
-1.812502861022949219e+01 1.914613246917724609e+00 6.990005493164062500e+01
-1.185113334655761719e+01 4.684206485748291016e+00 6.989990997314453125e+01
-1.684683227539062500e+01 4.003092646598815918e-01 7.153586578369140625e+01
-1.652930068969726562e+01 5.802781581878662109e-01 6.989997100830078125e+01
-1.573428535461425781e+01 4.002934992313385010e-01 7.146073913574218750e+01
-1.731800079345703125e+01 4.003011584281921387e-01 7.093787384033203125e+01
-1.531706619262695312e+01 8.603212237358093262e-01 6.982250976562500000e+01
-1.643186378479003906e+01 1.446070522069931030e-01 7.159494018554687500e+01
-1.772485351562500000e+01 1.135226964950561523e+00 6.931195831298828125e+01
-1.527376461029052734e+01 4.003201425075531006e-01 7.105139923095703125e+01
-1.738258361816406250e+01 4.003051817417144775e-01 7.158374786376953125e+01
-1.617505645751953125e+01 2.491018027067184448e-01 6.990122985839843750e+01
-1.600147247314453125e+01 8.173592388629913330e-02 7.159490966796875000e+01
-1.953038406372070312e+01 1.472105383872985840e+00 6.990113830566406250e+01
-1.423523426055908203e+01 8.864329457283020020e-01 6.989985656738281250e+01
-1.669056320190429688e+01 -1.526867132633924484e-02 7.159484863281250000e+01
-1.696125793457031250e+01 4.003230035305023193e-01 6.933869934082031250e+01
-1.507739257812500000e+01 2.799782454967498779e-01 7.159488677978515625e+01
-1.820471191406250000e+01 4.003271758556365967e-01 7.137569427490234375e+01
-1.575676822662353516e+01 7.930637151002883911e-02 6.989995574951171875e+01
-1.628028488159179688e+01 -1.331968158483505249e-01 7.159488677978515625e+01
-1.818875694274902344e+01 4.003138840198516846e-01 6.951437377929687500e+01
-4.330657958984375000e+00 3.593245983123779297e+00 6.990000152587890625e+01
-1.704264831542968750e+01 -1.096543297171592712e-01 7.159488677978515625e+01
-1.639143180847167969e+01 8.222144097089767456e-02 6.919982147216796875e+01
-1.576926231384277344e+01 -1.548172384500503540e-01 7.159489440917968750e+01
-1.639972496032714844e+01 -3.997108936309814453e-01 7.089990234375000000e+01
-1.415970706939697266e+01 2.106893509626388550e-01 6.919980621337890625e+01
-1.652614212036132812e+01 -2.615886628627777100e-01 7.159481048583984375e+01
-1.746952247619628906e+01 -4.959766939282417297e-02 6.919989013671875000e+01
-1.386407947540283203e+01 3.297277959063649178e-03 7.159481811523437500e+01
-1.775394058227539062e+01 -1.980898380279541016e-01 7.159486389160156250e+01
-1.576946926116943359e+01 -1.970029026269912720e-01 6.919989776611328125e+01
-1.611681938171386719e+01 -3.312155902385711670e-01 7.159485626220703125e+01
-1.998715591430664062e+01 -1.183059290051460266e-01 6.919975280761718750e+01
-1.088589000701904297e+01 -1.079270690679550171e-01 6.919992828369140625e+01
-1.680701255798339844e+01 -3.752900958061218262e-01 7.159486389160156250e+01
-1.676479339599609375e+01 -3.821461796760559082e-01 6.919983673095703125e+01
-1.436537265777587891e+01 -4.249180555343627930e-01 7.234500885009765625e+01
-2.799370002746582031e+01 -7.539240717887878418e-01 7.234483337402343750e+01
-1.554882144927978516e+01 -4.660975933074951172e-01 6.990022277832031250e+01
-1.634702682495117188e+01 -5.022132396697998047e-01 7.234498596191406250e+01
-1.738510131835937500e+01 -5.278636217117309570e-01 6.990000152587890625e+01
-1.639972496032714844e+01 -3.997108936309814453e-01 7.089990234375000000e+01
-1.674887275695800781e+01 -4.597033560276031494e-01 7.118838500976562500e+01
-1.626021385192871094e+01 -5.544717311859130859e-01 6.989995574951171875e+01
-1.620452308654785156e+01 -4.597066342830657959e-01 7.118339538574218750e+01
-2.074470138549804688e+01 -1.271593213081359863e+00 6.990013122558593750e+01
-1.463488769531250000e+01 -8.399978876113891602e-01 6.990001678466796875e+01
-1.647722816467285156e+01 -4.597035646438598633e-01 7.113880920410156250e+01
-1.685580825805664062e+01 -6.865386366844177246e-01 6.989997863769531250e+01
-1.621309852600097656e+01 -4.571788012981414795e-01 7.097908020019531250e+01
-1.658430671691894531e+01 -4.597030580043792725e-01 7.096527862548828125e+01
-1.586794662475585938e+01 -7.731247544288635254e-01 6.989997100830078125e+01
-1.635727500915527344e+01 -4.597046673297882080e-01 7.106419372558593750e+01
-1.793820571899414062e+01 -1.093178272247314453e+00 6.990003204345703125e+01
-1.042052268981933594e+01 -2.842250347137451172e+00 6.990232849121093750e+01
-1.647948837280273438e+01 -4.551945030689239502e-01 7.100186157226562500e+01
-1.647765731811523438e+01 -8.560538291931152344e-01 6.989997100830078125e+01
-1.630880737304687500e+01 -4.597051739692687988e-01 7.098483276367187500e+01
-1.651723670959472656e+01 -4.596815109252929688e-01 7.089875793457031250e+01
-1.528661155700683594e+01 -1.206816911697387695e+00 6.989999389648437500e+01
-1.640995597839355469e+01 -4.597043395042419434e-01 7.100473022460937500e+01
-1.714875602722167969e+01 -1.149208545684814453e+00 6.990292358398437500e+01
-1.630668449401855469e+01 -4.597053229808807373e-01 7.091729736328125000e+01
-1.647595214843750000e+01 -4.597039520740509033e-01 7.094735717773437500e+01
-1.612043380737304688e+01 -1.130798220634460449e+00 6.989997100830078125e+01
-1.636316871643066406e+01 -4.597047865390777588e-01 7.097200012207031250e+01
-1.905667686462402344e+01 -2.620557785034179688e+00 6.990010070800781250e+01
-1.390895462036132812e+01 -2.613856792449951172e+00 6.990007781982421875e+01
-1.642954444885253906e+01 -4.597042798995971680e-01 7.096203613281250000e+01
-1.670267486572265625e+01 -1.360169529914855957e+00 6.989998626708984375e+01
-1.634662246704101562e+01 -4.597049951553344727e-01 7.093137359619140625e+01
-1.645678138732910156e+01 -4.597041606903076172e-01 7.091186523437500000e+01
-1.568207740783691406e+01 -1.743257045745849609e+00 6.990000152587890625e+01
-1.639358329772949219e+01 -4.597045779228210449e-01 7.095122528076171875e+01
-1.756284523010253906e+01 -2.297693729400634766e+00 6.990005493164062500e+01
-1.635446166992187500e+01 -4.596709012985229492e-01 7.089847564697265625e+01
-1.642989730834960938e+01 -4.597043395042419434e-01 7.092934417724609375e+01
-1.634370803833007812e+01 -1.940063476562500000e+00 6.990000152587890625e+01
-1.637704277038574219e+01 -4.597047567367553711e-01 7.092762756347656250e+01
-1.643177413940429688e+01 -4.593440294265747070e-01 7.089527130126953125e+01
-1.493236446380615234e+01 -4.044412612915039062e+00 6.990005493164062500e+01
-1.640561103820800781e+01 -4.597045481204986572e-01 7.092491912841796875e+01
-1.695977020263671875e+01 -3.539816856384277344e+00 6.990006256103515625e+01
-1.638315773010253906e+01 -4.592032730579376221e-01 7.090536499023437500e+01
-1.641089057922363281e+01 -4.597045481204986572e-01 7.090493011474609375e+01
-1.639972496032714844e+01 -4.597046375274658203e-01 7.089990234375000000e+01
