5.328450202941894531e+00 -4.597046673297882080e-01 7.089997863769531250e+01
5.268246173858642578e+00 -4.597035348415374756e-01 7.095513153076171875e+01
5.416211605072021484e+00 2.563680887222290039e+00 6.989998626708984375e+01
5.417273521423339844e+00 -4.597064852714538574e-01 7.101583099365234375e+01
-3.257846534252166748e-01 1.254271793365478516e+01 6.989982604980468750e+01
6.900538921356201172e+00 2.964760780334472656e+00 6.989994812011718750e+01
5.272059440612792969e+00 -4.597037434577941895e-01 7.110974884033203125e+01
4.809107303619384766e+00 1.027352213859558105e+00 6.990001678466796875e+01
5.572733879089355469e+00 -4.597094953060150146e-01 7.098918914794921875e+01
5.068616390228271484e+00 -4.596997201442718506e-01 7.100723266601562500e+01
5.879055023193359375e+00 8.603102564811706543e-01 6.972336578369140625e+01
5.425194740295410156e+00 -4.597057998180389404e-01 7.120841979980468750e+01
3.602972030639648438e+00 1.454847335815429688e+00 6.990003204345703125e+01
9.877096176147460938e+00 4.224266529083251953e+00 6.989997100830078125e+01
5.104895591735839844e+00 -4.597005844116210938e-01 7.121796417236328125e+01
5.161847114562988281e+00 4.003084003925323486e-01 6.961431121826171875e+01
5.661028861999511719e+00 -4.598796367645263672e-01 7.118027496337890625e+01
4.869309902191162109e+00 -4.597043395042419434e-01 7.091896820068359375e+01
6.411081314086914062e+00 4.002876877784729004e-01 6.982261657714843750e+01
5.304831504821777344e+00 -4.597022235393524170e-01 7.141075134277343750e+01
4.240653038024902344e+00 4.003165662288665771e-01 6.959643554687500000e+01
5.891417980194091797e+00 -4.597054123878479004e-01 7.097572326660156250e+01
4.837033271789550781e+00 -4.597141444683074951e-01 7.124188995361328125e+01
5.710896015167236328e+00 2.447411417961120605e-01 6.919996643066406250e+01
5.659340858459472656e+00 -4.596993923187255859e-01 7.147742462158203125e+01
2.194140911102294922e+00 1.014286160469055176e+00 6.990004730224609375e+01
7.478778362274169922e+00 4.180163741111755371e-01 6.990647125244140625e+01
5.037645816802978516e+00 -4.753158688545227051e-01 7.159484100341796875e+01
4.716917991638183594e+00 1.155680045485496521e-02 6.919976043701171875e+01
6.106652259826660156e+00 -4.597103893756866455e-01 7.130898284912109375e+01
4.426027774810791016e+00 -4.597248136997222900e-01 7.113785552978515625e+01
6.421556949615478516e+00 -4.532297328114509583e-02 6.919994354248046875e+01
5.447873115539550781e+00 -5.932340621948242188e-01 7.159486389160156250e+01
3.133192062377929688e+00 1.219703182578086853e-01 6.919984436035156250e+01
1.730923652648925781e+01 3.104037523269653320e+00 6.990739440917968750e+01
4.685688018798828125e+00 -5.697284340858459473e-01 7.159478759765625000e+01
5.335333824157714844e+00 -4.596970975399017334e-01 6.948887634277343750e+01
5.958891868591308594e+00 -6.148266792297363281e-01 7.159494781494140625e+01
-5.462388038635253906e+00 1.728819847106933594e+00 6.989988708496093750e+01
6.796343803405761719e+00 -4.597141742706298828e-01 6.978589630126953125e+01
5.202040672302246094e+00 -7.215995192527770996e-01 7.159483337402343750e+01
4.260113716125488281e+00 -5.100768804550170898e-01 6.920228576660156250e+01
7.845170974731445312e+00 -4.597118794918060303e-01 7.158970642089843750e+01
3.974270105361938477e+00 -6.580963134765625000e-01 7.159492492675781250e+01
5.958708763122558594e+00 -6.570032835006713867e-01 6.919996643066406250e+01
5.611319065093994141e+00 -7.912258505821228027e-01 7.159484100341796875e+01
1.741105198860168457e+00 -5.783140063285827637e-01 6.919986724853515625e+01
1.084264373779296875e+01 -5.679093599319458008e-01 6.919989013671875000e+01
4.921175956726074219e+00 -8.352921605110168457e-01 7.159491729736328125e+01
4.963387489318847656e+00 -8.421477675437927246e-01 6.919994354248046875e+01
7.362535953521728516e+00 -8.849160671234130859e-01 7.234489440917968750e+01
-6.265432834625244141e+00 -1.213922619819641113e+00 7.234490203857421875e+01
6.179611682891845703e+00 -9.261190295219421387e-01 6.990000152587890625e+01
5.381142139434814453e+00 -9.622010588645935059e-01 7.234487915039062500e+01
4.343032836914062500e+00 -9.878702759742736816e-01 6.990003204345703125e+01
1.767484664916992188e+01 -2.241884469985961914e+00 7.153125762939453125e+01
3.579731225967407227e+00 -1.160186290740966797e+00 7.234485626220703125e+01
5.467704296112060547e+00 -1.014188408851623535e+00 6.990187072753906250e+01
6.323355197906494141e+00 -1.165499329566955566e+00 7.234488677978515625e+01
9.827464818954467773e-01 -1.731740474700927734e+00 6.990003967285156250e+01
7.093449115753173828e+00 -1.300039529800415039e+00 6.990000152587890625e+01
4.860452651977539062e+00 -1.221970558166503906e+00 7.234259033203125000e+01
4.872349739074707031e+00 -1.146550416946411133e+00 6.990001678466796875e+01
8.734324455261230469e+00 -1.908481240272521973e+00 7.234492492675781250e+01
1.248991847038269043e+00 -2.185604572296142578e+00 7.234484100341796875e+01
5.860248565673828125e+00 -1.233140230178833008e+00 6.990000915527343750e+01
5.701793670654296875e+00 -1.387340784072875977e+00 7.234488677978515625e+01
3.789875507354736328e+00 -1.553221464157104492e+00 6.990004730224609375e+01
1.131689262390136719e+01 -3.306026220321655273e+00 6.990086364746093750e+01
4.198125362396240234e+00 -1.645968914031982422e+00 7.234487152099609375e+01
5.250514507293701172e+00 -1.316071987152099609e+00 6.990000915527343750e+01
6.875165939331054688e+00 -1.880359888076782227e+00 7.234490203857421875e+01
-2.159250640869140625e+01 -1.459840869903564453e+01 7.063731384277343750e+01
6.441633701324462891e+00 -1.666868925094604492e+00 6.990000915527343750e+01
5.187424182891845703e+00 -1.686659455299377441e+00 7.234487915039062500e+01
4.577181339263916016e+00 -1.611448287963867188e+00 6.990002441406250000e+01
1.305730915069580078e+01 -5.843407630920410156e+00 7.234500885009765625e+01
3.007327795028686523e+00 -2.686512470245361328e+00 7.234487152099609375e+01
5.607749938964843750e+00 -1.590823411941528320e+00 6.990001678466796875e+01
6.061075210571289062e+00 -2.062029361724853516e+00 7.234489440917968750e+01
2.671211957931518555e+00 -3.080797672271728516e+00 6.990007019042968750e+01
7.819492816925048828e+00 -3.074100017547607422e+00 6.990004730224609375e+01
4.635030746459960938e+00 -2.254790544509887695e+00 7.234488677978515625e+01
5.025487422943115234e+00 -1.820210576057434082e+00 6.990002441406250000e+01
7.766669273376464844e+00 -3.614370107650756836e+00 7.234493255615234375e+01
-1.563741803169250488e+00 -8.106606483459472656e+00 7.234486389160156250e+01
6.046134948730468750e+00 -2.203327417373657227e+00 6.990002441406250000e+01
5.501373767852783203e+00 -2.548645019531250000e+00 7.234489440917968750e+01
4.165236949920654297e+00 -2.757846832275390625e+00 6.990004730224609375e+01
1.563611793518066406e+01 -1.451431274414062500e+01 7.057442474365234375e+01
3.847851991653442383e+00 -3.803674459457397461e+00 7.234489440917968750e+01
5.384469985961914062e+00 -2.400125980377197266e+00 6.990003967285156250e+01
6.510525226593017578e+00 -3.986212968826293945e+00 7.234492492675781250e+01
-1.591860294342041016e+00 -1.373582649230957031e+01 6.990002441406250000e+01
6.795886993408203125e+00 -4.504604339599609375e+00 6.990007781982421875e+01
4.988543033599853516e+00 -4.324401378631591797e+00 7.234491729736328125e+01
4.768363475799560547e+00 -4.000051498413085938e+00 6.990006256103515625e+01
9.108642578125000000e+00 -1.443435382843017578e+01 7.214672851562500000e+01
2.784704685211181641e+00 -1.452704334259033203e+01 7.204527282714843750e+01
5.328450202941894531e+00 -1.455210685729980469e+01 7.089997863769531250e+01
