2.355317175388336182e-01 4.603148996829986572e-01 7.089993286132812500e+01
2.265007495880126953e-01 4.603153765201568604e-01 7.090820312500000000e+01
3.232938647270202637e-01 3.823736429214477539e+00 6.989992523193359375e+01
2.488555908203125000e-01 4.603142738342285156e-01 7.091731262207031250e+01
2.103569209575653076e-01 4.599843323230743408e-01 7.089547729492187500e+01
1.807490468025207520e+00 4.224468708038330078e+00 6.989997863769531250e+01
2.270727306604385376e-01 4.603154063224792480e-01 7.093139648437500000e+01
-2.838327586650848389e-01 2.287455081939697266e+00 6.989992523193359375e+01
2.721749246120452881e-01 4.603130817413330078e-01 7.091331481933593750e+01
1.965544372797012329e-01 4.603169262409210205e-01 7.091602325439453125e+01
7.034746408462524414e-01 1.862107992172241211e+00 6.989996337890625000e+01
2.500438392162322998e-01 4.603142738342285156e-01 7.094619750976562500e+01
-1.490090131759643555e+00 2.715063810348510742e+00 6.989990234375000000e+01
4.784088611602783203e+00 5.484189987182617188e+00 6.989994812011718750e+01
-2.154801227152347565e-02 8.603108525276184082e-01 7.126560211181640625e+01
1.059501916170120239e-01 1.380337715148925781e+00 6.989996337890625000e+01
2.854401469230651855e-01 4.603124856948852539e-01 7.094199371337890625e+01
1.666542142629623413e-01 4.603184163570404053e-01 7.090277862548828125e+01
2.219892978668212891e+00 2.709773302078247070e+00 6.892523193359375000e+01
2.083712369203567505e-01 8.603075146675109863e-01 7.148730468750000000e+01
-5.989591479301452637e-01 1.366927981376647949e+00 6.989993286132812500e+01
3.199740946292877197e-01 4.603106677532196045e-01 7.091129302978515625e+01
-3.296016454696655273e-01 8.603125810623168945e-01 7.129313659667968750e+01
4.603549242019653320e-01 1.049571633338928223e+00 6.990057373046875000e+01
6.160336732864379883e-01 8.602995276451110840e-01 7.156395721435546875e+01
-2.899104118347167969e+00 2.274505138397216797e+00 6.989990234375000000e+01
2.393966913223266602e+00 1.682857275009155273e+00 6.990267944335937500e+01
-5.533154308795928955e-02 7.847858667373657227e-01 7.159493255615234375e+01
-1.241356208920478821e-01 9.127407670021057129e-01 6.989996337890625000e+01
1.130417823791503906e+00 8.602899909019470215e-01 7.137026214599609375e+01
1.001410037279129028e-01 4.603218436241149902e-01 7.093562316894531250e+01
8.759263753890991211e-01 8.774201273918151855e-01 6.990396881103515625e+01
3.549812138080596924e-01 6.668487191200256348e-01 7.159497833251953125e+01
-2.266483545303344727e+00 1.519170761108398438e+00 6.896223449707031250e+01
1.230621910095214844e+01 4.393804550170898438e+00 6.989990234375000000e+01
-4.073567390441894531e-01 6.903524398803710938e-01 7.159487915039062500e+01
2.404097914695739746e-01 6.837728619575500488e-01 6.989998626708984375e+01
8.659810423851013184e-01 6.452001333236694336e-01 7.159490966796875000e+01
-1.055366230010986328e+01 2.988449096679687500e+00 6.989999389648437500e+01
1.552983999252319336e+00 7.593145966529846191e-01 6.990003204345703125e+01
1.091036349534988403e-01 5.384447574615478516e-01 7.159489440917968750e+01
-3.937342464923858643e-01 6.062520146369934082e-01 6.989996337890625000e+01
2.771706104278564453e+00 8.034037947654724121e-01 7.159499359130859375e+01
-1.118842124938964844e+00 6.019563078880310059e-01 7.159497833251953125e+01
6.062426567077636719e-01 5.195427536964416504e-01 6.990000152587890625e+01
5.184615254402160645e-01 4.688127338886260986e-01 7.159494018554687500e+01
-1.874570608139038086e+00 5.658320784568786621e-01 6.989991760253906250e+01
3.463482141494750977e+00 5.711299180984497070e-01 6.990472412109375000e+01
2.355317175388336182e-01 4.003116190433502197e-01 7.089993286132812500e+01
2.082243561744689941e-02 4.106420278549194336e-01 6.990007019042968750e+01
1.213886022567749023e+00 3.881890773773193359e-01 7.159490966796875000e+01
-5.322926521301269531e+00 2.304924428462982178e-01 7.159267425537109375e+01
1.086630225181579590e+00 3.339096903800964355e-01 6.990002441406250000e+01
2.608780264854431152e-01 3.510113656520843506e-01 7.159497070312500000e+01
-7.499116063117980957e-01 2.721501886844635010e-01 6.989996337890625000e+01
2.355322390794754028e-01 4.003115594387054443e-01 7.089993286132812500e+01
-6.055654287338256836e-01 2.557898759841918945e-01 7.159488677978515625e+01
3.750399649143218994e-01 2.455534636974334717e-01 6.990000915527343750e+01
7.140403389930725098e-01 2.532405555248260498e-01 7.159487915039062500e+01
2.355311065912246704e-01 4.003114998340606689e-01 7.089993286132812500e+01
2.355325222015380859e-01 4.003114104270935059e-01 7.089993286132812500e+01
1.007299777120351791e-02 2.257929146289825439e-01 7.159490966796875000e+01
2.355306297540664673e-01 4.003109335899353027e-01 7.089993286132812500e+01
1.873798608779907227e+00 -1.041589900851249695e-01 7.159497070312500000e+01
-1.726586222648620605e+00 -2.374096214771270752e-01 7.159487152099609375e+01
2.355320900678634644e-01 4.003113508224487305e-01 7.089993286132812500e+01
4.151125848293304443e-01 1.465185284614562988e-01 7.159494018554687500e+01
2.355314195156097412e-01 4.003114700317382812e-01 7.089993286132812500e+01
2.355320155620574951e-01 4.003114998340606689e-01 7.089993286132812500e+01
-3.081328272819519043e-01 2.213718742132186890e-02 7.159490203857421875e+01
2.355316877365112305e-01 4.003114402294158936e-01 7.089993286132812500e+01
9.794414043426513672e-01 -9.057996422052383423e-02 7.159488677978515625e+01
2.355314940214157104e-01 4.003114998340606689e-01 7.089993286132812500e+01
2.355318963527679443e-01 4.003114998340606689e-01 7.089993286132812500e+01
1.677082628011703491e-01 2.608351409435272217e-03 7.159482574462890625e+01
2.355315834283828735e-01 4.003114998340606689e-01 7.089993286132812500e+01
2.355318367481231689e-01 4.003115296363830566e-01 7.089993286132812500e+01
-7.768958806991577148e-01 -3.965024352073669434e-01 7.153016662597656250e+01
2.355317622423171997e-01 4.003114998340606689e-01 7.089993286132812500e+01
5.878689289093017578e-01 -1.779118627309799194e-01 7.159482574462890625e+01
2.355315685272216797e-01 4.003114998340606689e-01 7.089993286132812500e+01
2.355318516492843628e-01 4.003114998340606689e-01 7.089993286132812500e+01
-9.797123819589614868e-02 -2.706572115421295166e-01 7.159486389160156250e+01
2.355316728353500366e-01 4.003114998340606689e-01 7.089993286132812500e+01
2.355320602655410767e-01 4.003112316131591797e-01 7.089993286132812500e+01
2.355316281318664551e-01 4.003115296363830566e-01 7.089993286132812500e+01
2.355317771434783936e-01 4.003114998340606689e-01 7.089993286132812500e+01
3.174445927143096924e-01 -3.997262716293334961e-01 7.158438110351562500e+01
2.355316430330276489e-01 4.003114998340606689e-01 7.089993286132812500e+01
2.355318069458007812e-01 4.003114998340606689e-01 7.089993286132812500e+01
2.355316877365112305e-01 4.003115594387054443e-01 7.089993286132812500e+01
2.355317175388336182e-01 4.003114998340606689e-01 7.089993286132812500e+01
2.355317324399948120e-01 4.003115594387054443e-01 7.089993286132812500e+01
2.355316579341888428e-01 4.003114998340606689e-01 7.089993286132812500e+01
2.355317622423171997e-01 4.003114998340606689e-01 7.089993286132812500e+01
2.355317175388336182e-01 4.003115594387054443e-01 7.089993286132812500e+01
2.355317026376724243e-01 4.003114998340606689e-01 7.089993286132812500e+01
2.355317473411560059e-01 4.003115296363830566e-01 7.089993286132812500e+01
2.355317026376724243e-01 4.003115296363830566e-01 7.089993286132812500e+01
2.355317175388336182e-01 4.003114998340606689e-01 7.089993286132812500e+01
