-2.633372306823730469e+01 6.435564994812011719e+00 7.089484405517578125e+01
-2.644275856018066406e+01 6.285667419433593750e+00 7.099472808837890625e+01
-2.631083297729492188e+01 6.454105854034423828e+00 7.063402557373046875e+01
-2.611042404174804688e+01 6.566817283630371094e+00 7.118609619140625000e+01
-2.651760864257812500e+01 5.997085571289062500e+00 7.086231994628906250e+01
-2.590895080566406250e+01 6.594573974609375000e+00 7.062464141845703125e+01
-2.643863105773925781e+01 6.305374145507812500e+00 7.128509521484375000e+01
-2.649975204467773438e+01 6.164487838745117188e+00 7.057516479492187500e+01
-2.572290420532226562e+01 6.561398983001708984e+00 7.111791229248046875e+01
-2.645663070678710938e+01 5.750428199768066406e+00 7.094557952880859375e+01
-2.600436019897460938e+01 6.590100765228271484e+00 7.019101715087890625e+01
-2.611414909362792969e+01 6.469076156616210938e+00 7.159487915039062500e+01
-2.642495727539062500e+01 5.683597087860107422e+00 7.084197235107421875e+01
-2.553678894042968750e+01 6.451938629150390625e+00 7.071964263916015625e+01
-2.650887489318847656e+01 5.874618530273437500e+00 7.114398193359375000e+01
-2.643324279785156250e+01 6.313880920410156250e+00 7.012686157226562500e+01
-2.557076263427734375e+01 6.478458881378173828e+00 7.153786468505859375e+01
-2.633886718750000000e+01 5.565694808959960938e+00 7.089505767822265625e+01
-2.555600357055664062e+01 6.466347694396972656e+00 7.012091064453125000e+01
-2.636609458923339844e+01 6.109475612640380859e+00 7.159492492675781250e+01
-2.716388511657714844e+01 6.522817134857177734e+00 6.990003204345703125e+01
-2.537979316711425781e+01 6.239011287689208984e+00 7.102319335937500000e+01
-2.634052276611328125e+01 5.566749095916748047e+00 7.089957427978515625e+01
-2.597657012939453125e+01 6.592625617980957031e+00 6.930726623535156250e+01
-2.593255424499511719e+01 6.046185970306396484e+00 7.159494018554687500e+01
-2.884015655517578125e+01 7.059806346893310547e+00 7.009522247314453125e+01
-2.534568595886230469e+01 6.148307800292968750e+00 7.043834686279296875e+01
-2.645080947875976562e+01 5.715983867645263672e+00 7.117461395263671875e+01
-2.645068740844726562e+01 5.727856636047363281e+00 7.056965637207031250e+01
-2.533525276184082031e+01 6.074435234069824219e+00 7.141960906982421875e+01
-2.633839607238769531e+01 5.563284873962402344e+00 7.089607238769531250e+01
-2.539550209045410156e+01 6.260209560394287109e+00 6.943569183349609375e+01
-2.621341133117675781e+01 5.829675674438476562e+00 7.159490203857421875e+01
-2.761826133728027344e+01 6.135637760162353516e+00 6.990002441406250000e+01
-2.534079933166503906e+01 5.889715194702148438e+00 7.081258392333984375e+01
-2.633783531188964844e+01 5.563068866729736328e+00 7.089929199218750000e+01
-2.633372306823730469e+01 5.561213970184326172e+00 7.089484405517578125e+01
-2.569949531555175781e+01 5.807569980621337891e+00 7.159398651123046875e+01
-2.886327552795410156e+01 6.168009281158447266e+00 7.066040802001953125e+01
-2.535383224487304688e+01 5.828231811523437500e+00 7.015114593505859375e+01
-2.633468437194824219e+01 5.562264442443847656e+00 7.090013122558593750e+01
-2.695974922180175781e+01 5.766094207763671875e+00 6.990002441406250000e+01
-2.511757469177246094e+01 5.754505157470703125e+00 7.122814178466796875e+01
-2.633755111694335938e+01 5.561783790588378906e+00 7.089680480957031250e+01
-2.633372306823730469e+01 5.561213970184326172e+00 7.089484405517578125e+01
-2.604902839660644531e+01 5.630142211914062500e+00 7.159419250488281250e+01
-2.843291091918945312e+01 5.725878238677978516e+00 6.990000152587890625e+01
-2.547796249389648438e+01 5.606499671936035156e+00 7.063100433349609375e+01
-2.633635330200195312e+01 5.561371803283691406e+00 7.089933013916015625e+01
-2.654745101928710938e+01 5.571496963500976562e+00 6.989955139160156250e+01
-2.534849357604980469e+01 5.549006462097167969e+00 7.159470367431640625e+01
-2.633477401733398438e+01 5.561182022094726562e+00 7.089497375488281250e+01
-2.559456062316894531e+01 5.503545284271240234e+00 7.002644348144531250e+01
-2.633353042602539062e+01 5.560838222503662109e+00 7.090013885498046875e+01
-2.731412696838378906e+01 5.433707714080810547e+00 6.989998626708984375e+01
-2.633372306823730469e+01 5.561213970184326172e+00 7.089484405517578125e+01
-2.633674621582031250e+01 5.560694694519042969e+00 7.089733886718750000e+01
-2.632998657226562500e+01 5.557069301605224609e+00 7.086806488037109375e+01
-2.585318374633789062e+01 5.413518905639648438e+00 7.159273529052734375e+01
-2.884161567687988281e+01 5.057969093322753906e+00 7.031778717041015625e+01
-2.577632331848144531e+01 5.422155380249023438e+00 7.057904052734375000e+01
-2.633519554138183594e+01 5.560073852539062500e+00 7.089938354492187500e+01
-2.678753471374511719e+01 5.275815486907958984e+00 6.989990234375000000e+01
-2.468354225158691406e+01 5.053074836730957031e+00 7.159493255615234375e+01
-2.633547210693359375e+01 5.560645580291748047e+00 7.089546203613281250e+01
-2.626558876037597656e+01 5.513369560241699219e+00 7.076672363281250000e+01
-2.633238220214843750e+01 5.559318065643310547e+00 7.090003967285156250e+01
-2.864897727966308594e+01 4.517618179321289062e+00 6.939013671875000000e+01
-2.595388984680175781e+01 5.406049728393554688e+00 7.083147430419921875e+01
-2.633590698242187500e+01 5.559695243835449219e+00 7.089763641357421875e+01
-2.641125488281250000e+01 5.107223987579345703e+00 6.990007019042968750e+01
-2.620317459106445312e+01 5.475067138671875000e+00 7.101679992675781250e+01
-2.885560035705566406e+01 4.274212360382080078e+00 7.087023925781250000e+01
-2.627642822265625000e+01 5.519670963287353516e+00 7.084337615966796875e+01
-2.647525787353515625e+01 4.731282711029052734e+00 7.234496307373046875e+01
-2.784630775451660156e+01 4.047688484191894531e+00 6.888156890869140625e+01
-2.620232963562011719e+01 5.476488590240478516e+00 7.091941070556640625e+01
-2.633536911010742188e+01 5.559917926788330078e+00 7.089586639404296875e+01
-2.605599784851074219e+01 4.834223270416259766e+00 6.990052032470703125e+01
-2.559845733642578125e+01 4.354561805725097656e+00 7.234497070312500000e+01
-2.881103706359863281e+01 3.490519523620605469e+00 6.996263885498046875e+01
-2.633037185668945312e+01 5.558235168457031250e+00 7.089350128173828125e+01
-2.702965545654296875e+01 4.161078929901123047e+00 7.234498596191406250e+01
-2.663473892211914062e+01 4.606887817382812500e+00 6.990131378173828125e+01
-2.632694053649902344e+01 5.553551673889160156e+00 7.089886474609375000e+01
-2.633424949645996094e+01 5.560659885406494141e+00 7.089495086669921875e+01
-2.561971473693847656e+01 4.224480628967285156e+00 6.990001678466796875e+01
-2.616017723083496094e+01 3.866208791732788086e+00 7.234495544433593750e+01
-2.749115371704101562e+01 3.672514200210571289e+00 6.989988708496093750e+01
-1.112895679473876953e+01 -1.458058929443359375e+01 7.041462707519531250e+01
-2.781952476501464844e+01 2.606904983520507812e+00 7.234484100341796875e+01
-2.627798652648925781e+01 4.028578758239746094e+00 6.989995574951171875e+01
-2.514825248718261719e+01 2.425731182098388672e+00 7.234394073486328125e+01
-2.883996963500976562e+01 8.980262875556945801e-01 7.053270721435546875e+01
-2.487363433837890625e+01 1.934574127197265625e+00 6.989995574951171875e+01
-2.667455673217773438e+01 2.087084770202636719e+00 7.234371948242187500e+01
-2.750354957580566406e+01 -9.978704452514648438e-01 6.880636596679687500e+01
-2.193689727783203125e+01 -1.022775268554687500e+01 7.234496307373046875e+01
-2.880302619934082031e+01 -7.706142902374267578e+00 7.200662231445312500e+01
-2.633372306823730469e+01 -1.461543464660644531e+01 7.089484405517578125e+01
