3.000120353698730469e+01 -1.124992370605468750e+01 6.844976806640625000e+01
2.881065177917480469e+01 -3.339633226394653320e+00 6.954041290283203125e+01
3.000120353698730469e+01 -1.124992370605468750e+01 6.844976806640625000e+01
2.852213478088378906e+01 -8.972905158996582031e+00 6.906030273437500000e+01
2.898172569274902344e+01 -9.425745964050292969e+00 6.989987182617187500e+01
3.000120353698730469e+01 -1.124992370605468750e+01 6.844976806640625000e+01
3.000120353698730469e+01 -1.124992370605468750e+01 6.844976806640625000e+01
2.856135940551757812e+01 -1.007793617248535156e+01 6.945157623291015625e+01
2.939431953430175781e+01 -1.044772148132324219e+01 6.989988708496093750e+01
2.820682716369628906e+01 -1.045458889007568359e+01 6.892276000976562500e+01
2.865970230102539062e+01 -1.064470195770263672e+01 6.989989471435546875e+01
3.000120353698730469e+01 -1.124992370605468750e+01 6.844976806640625000e+01
2.844526863098144531e+01 -1.101826953887939453e+01 6.924824523925781250e+01
2.915133857727050781e+01 -1.119896602630615234e+01 6.989990997314453125e+01
2.794878196716308594e+01 -1.131262779235839844e+01 6.870555877685546875e+01
2.854461097717285156e+01 -1.150020313262939453e+01 6.965327453613281250e+01
3.000120353698730469e+01 -1.124992370605468750e+01 6.844976806640625000e+01
2.822392463684082031e+01 -1.182756900787353516e+01 6.907924652099609375e+01
2.886669540405273438e+01 -1.203909111022949219e+01 6.990000915527343750e+01
3.000120353698730469e+01 -1.124992370605468750e+01 6.844976806640625000e+01
2.843794059753417969e+01 -1.248026275634765625e+01 6.942289733886718750e+01
3.000120353698730469e+01 -1.124992370605468750e+01 6.844976806640625000e+01
2.816068077087402344e+01 -1.318516731262207031e+01 6.883561706542968750e+01
3.000120353698730469e+01 -1.124992370605468750e+01 6.844976806640625000e+01
3.000120353698730469e+01 -1.124992370605468750e+01 6.844976806640625000e+01
3.000120353698730469e+01 -1.124992370605468750e+01 6.844976806640625000e+01
3.000120353698730469e+01 -1.124992370605468750e+01 6.844976806640625000e+01
