2.659911346435546875e+01 1.458082389831542969e+01 7.090014648437500000e+01
2.502211189270019531e+01 4.765661716461181641e+00 7.234481048583984375e+01
2.668688583374023438e+01 -2.288435220718383789e+00 6.990001678466796875e+01
2.770668411254882812e+01 -7.244537472724914551e-01 7.234477996826171875e+01
2.094517517089843750e+01 7.689445972442626953e+00 6.990004730224609375e+01
2.817108917236328125e+01 -1.888084650039672852e+00 6.990018463134765625e+01
2.621074104309082031e+01 -2.957361459732055664e+00 7.234487152099609375e+01
2.564281845092773438e+01 -2.237522363662719727e+00 6.905886077880859375e+01
2.883148193359375000e+01 -2.056888103485107422e+00 7.171540069580078125e+01
2.654953002929687500e+01 -5.635948657989501953e+00 7.092061614990234375e+01
2.706712722778320312e+01 -4.250264167785644531e+00 6.990003204345703125e+01
2.705228424072265625e+01 -3.838573455810546875e+00 7.234492492675781250e+01
2.650742530822753906e+01 -5.589290618896484375e+00 7.084700775146484375e+01
2.876924133300781250e+01 -3.286749601364135742e+00 7.042304992675781250e+01
2.657489395141601562e+01 -5.668944358825683594e+00 7.093459320068359375e+01
2.632966995239257812e+01 -3.674482107162475586e+00 6.882087707519531250e+01
2.831340789794921875e+01 -3.651322603225708008e+00 7.234495544433593750e+01
2.628790283203125000e+01 -5.441151618957519531e+00 7.091301727294921875e+01
2.760413360595703125e+01 -4.542606830596923828e+00 6.990001678466796875e+01
2.653230857849121094e+01 -4.580854892730712891e+00 7.234487152099609375e+01
2.644168663024902344e+01 -5.529928684234619141e+00 7.071149444580078125e+01
2.886435890197753906e+01 -4.102751255035400391e+00 7.120493316650390625e+01
2.624580383300781250e+01 -5.424697875976562500e+00 7.114597320556640625e+01
2.682413291931152344e+01 -5.062456607818603516e+00 6.989991760253906250e+01
2.742696380615234375e+01 -4.711495876312255859e+00 7.234485626220703125e+01
2.608288574218750000e+01 -5.403629302978515625e+00 7.073545837402343750e+01
2.876388740539550781e+01 -4.425969600677490234e+00 6.989996337890625000e+01
2.652072525024414062e+01 -5.608664512634277344e+00 7.108744812011718750e+01
2.652077484130859375e+01 -5.600670814514160156e+00 7.068235015869140625e+01
2.868931579589843750e+01 -4.637901306152343750e+00 7.199869537353515625e+01
2.412527275085449219e+01 -4.615782737731933594e+00 7.155224609375000000e+01
2.724223327636718750e+01 -5.233141899108886719e+00 6.989994812011718750e+01
2.684739494323730469e+01 -5.158269882202148438e+00 7.234482574462890625e+01
2.594117736816406250e+01 -5.418063640594482422e+00 7.039060211181640625e+01
2.872944259643554688e+01 -5.007478237152099609e+00 7.072365570068359375e+01
2.595715522766113281e+01 -5.422659873962402344e+00 7.159408569335937500e+01
2.660399246215820312e+01 -5.428812026977539062e+00 6.990016937255859375e+01
2.790964698791503906e+01 -5.203224182128906250e+00 7.234481811523437500e+01
2.573754119873046875e+01 -5.505605220794677734e+00 7.082029724121093750e+01
2.791682243347167969e+01 -5.353208065032958984e+00 6.990005493164062500e+01
2.647272491455078125e+01 -5.574191570281982422e+00 7.159488677978515625e+01
2.582481956481933594e+01 -5.458877563476562500e+00 6.966971588134765625e+01
2.877578926086425781e+01 -5.366326808929443359e+00 7.149668121337890625e+01
2.524534416198730469e+01 -5.510726451873779297e+00 7.159487915039062500e+01
2.696986389160156250e+01 -5.593037605285644531e+00 6.990011596679687500e+01
2.718721771240234375e+01 -5.569893360137939453e+00 7.234481048583984375e+01
2.560281372070312500e+01 -5.634129524230957031e+00 7.042797851562500000e+01
2.874274826049804688e+01 -5.598843574523925781e+00 7.023924255371093750e+01
2.619398880004882812e+01 -5.687990188598632812e+00 7.159142303466796875e+01
2.659911346435546875e+01 -5.712281227111816406e+00 7.090014648437500000e+01
2.851353073120117188e+01 -5.736002445220947266e+00 7.226005554199218750e+01
2.526262664794921875e+01 -5.753112792968750000e+00 7.106671142578125000e+01
2.745037651062011719e+01 -5.778696060180664062e+00 6.990004730224609375e+01
2.662445068359375000e+01 -5.761565685272216797e+00 7.159496307373046875e+01
2.549789810180664062e+01 -5.855499267578125000e+00 6.978269195556640625e+01
2.871398544311523438e+01 -5.949039936065673828e+00 7.100827789306640625e+01
2.575815773010253906e+01 -5.856778621673583984e+00 7.159498596191406250e+01
2.673863792419433594e+01 -5.867057323455810547e+00 6.990010070800781250e+01
2.759387588500976562e+01 -6.018024444580078125e+00 7.234484863281250000e+01
2.548107910156250000e+01 -5.936631202697753906e+00 7.064289093017578125e+01
2.836438179016113281e+01 -6.152676105499267578e+00 6.990001678466796875e+01
2.637463951110839844e+01 -5.886037349700927734e+00 7.159208679199218750e+01
2.566552162170410156e+01 -6.299410820007324219e+00 6.885332489013671875e+01
2.861862945556640625e+01 -6.334149360656738281e+00 7.175692749023437500e+01
2.548134231567382812e+01 -6.075575828552246094e+00 7.129603576660156250e+01
2.713033676147460938e+01 -6.085305213928222656e+00 6.990126037597656250e+01
2.697240829467773438e+01 -6.239841938018798828e+00 7.234486389160156250e+01
2.551258277893066406e+01 -6.202032566070556641e+00 7.019400024414062500e+01
2.865819358825683594e+01 -6.553427696228027344e+00 7.055661010742187500e+01
2.605654335021972656e+01 -6.089694499969482422e+00 7.159371185302734375e+01
2.647460365295410156e+01 -6.441359519958496094e+00 6.930260467529296875e+01
2.814570617675781250e+01 -6.732848167419433594e+00 7.234495544433593750e+01
2.553346061706542969e+01 -6.256120681762695312e+00 7.088974761962890625e+01
2.848149871826171875e+01 -7.077177047729492188e+00 6.920920562744140625e+01
2.653170394897460938e+01 -6.107557296752929688e+00 7.159080505371093750e+01
2.579135322570800781e+01 -6.520543575286865234e+00 6.982500457763671875e+01
2.859955406188964844e+01 -7.002197742462158203e+00 7.127416229248046875e+01
2.567183303833007812e+01 -6.442081928253173828e+00 7.147737884521484375e+01
2.661851119995117188e+01 -5.763057231903076172e+00 7.083069610595703125e+01
2.733165740966796875e+01 -6.914464950561523438e+00 7.234490203857421875e+01
2.569911575317382812e+01 -6.464554786682128906e+00 7.056147766113281250e+01
2.862227630615234375e+01 -7.510751724243164062e+00 7.008802795410156250e+01
2.626636695861816406e+01 -6.381728172302246094e+00 7.159350585937500000e+01
2.634007263183593750e+01 -6.533532142639160156e+00 7.004515838623046875e+01
2.848008537292480469e+01 -7.837371826171875000e+00 7.201486206054687500e+01
2.581352233886718750e+01 -6.538303375244140625e+00 7.106484222412109375e+01
2.662155723571777344e+01 -5.754299163818359375e+00 7.086887359619140625e+01
2.664486503601074219e+01 -6.159127235412597656e+00 7.128243255615234375e+01
2.605808639526367188e+01 -6.595130920410156250e+00 7.043506622314453125e+01
2.866152000427246094e+01 -8.444356918334960938e+00 7.083500671386718750e+01
2.615633010864257812e+01 -6.592695236206054688e+00 7.133226013183593750e+01
2.661877822875976562e+01 -6.253001213073730469e+00 7.054914093017578125e+01
2.661578178405761719e+01 -5.756366729736328125e+00 7.092052459716796875e+01
2.612577056884765625e+01 -6.592995166778564453e+00 7.083174896240234375e+01
2.661676597595214844e+01 -5.756128787994384766e+00 7.088811492919921875e+01
2.653398895263671875e+01 -6.376107215881347656e+00 7.117699432373046875e+01
2.646737670898437500e+01 -6.450916290283203125e+00 7.066495513916015625e+01
2.666687202453613281e+01 -5.955600261688232422e+00 7.092249298095703125e+01
2.646057128906250000e+01 -6.456659317016601562e+00 7.096252441406250000e+01
2.659911346435546875e+01 -6.287704467773437500e+00 7.090014648437500000e+01
