8.768779754638671875e+00 6.360478401184082031e-01 7.089995574951171875e+01
8.708571434020996094e+00 8.603361248970031738e-01 7.095510864257812500e+01
8.856543540954589844e+00 3.883770465850830078e+00 6.989994049072265625e+01
8.857610702514648438e+00 8.603378534317016602e-01 7.101582336425781250e+01
3.126059532165527344e+00 1.383543300628662109e+01 6.990184020996093750e+01
1.034078407287597656e+01 4.284564495086669922e+00 6.989997863769531250e+01
8.712385177612304688e+00 8.603335618972778320e-01 7.110974121093750000e+01
8.249350547790527344e+00 2.347673177719116211e+00 6.989982604980468750e+01
9.013089179992675781e+00 8.603412508964538574e-01 7.098917388916015625e+01
8.508931159973144531e+00 8.603315353393554688e-01 7.100721740722656250e+01
9.235873222351074219e+00 1.919440269470214844e+00 6.990180206298828125e+01
8.865531921386718750e+00 8.603346943855285645e-01 7.120841979980468750e+01
7.043195724487304688e+00 2.774997472763061523e+00 6.989994812011718750e+01
1.331723022460937500e+01 5.544055461883544922e+00 6.989999389648437500e+01
8.545213699340820312e+00 8.603285551071166992e-01 7.121795654296875000e+01
8.639171600341796875e+00 1.440526962280273438e+00 6.989977264404296875e+01
9.101531982421875000e+00 8.603374958038330078e-01 7.118039703369140625e+01
8.309615135192871094e+00 8.603249192237854004e-01 7.091894531250000000e+01
9.773754119873046875e+00 1.629917144775390625e+00 6.989987182617187500e+01
8.745160102844238281e+00 8.603289723396301270e-01 7.141075897216796875e+01
7.934282302856445312e+00 1.426919817924499512e+00 6.989994812011718750e+01
9.331798553466796875e+00 8.603387475013732910e-01 7.097570800781250000e+01
8.277333259582519531e+00 8.603181838989257812e-01 7.124188995361328125e+01
8.993792533874511719e+00 1.110103726387023926e+00 6.989974975585937500e+01
9.099689483642578125e+00 8.603323698043823242e-01 7.147743988037109375e+01
5.634330272674560547e+00 2.334378242492675781e+00 6.989997863769531250e+01
8.768779754638671875e+00 4.602960050106048584e-01 7.089995574951171875e+01
8.477899551391601562e+00 8.447924852371215820e-01 7.159500122070312500e+01
8.409098625183105469e+00 9.727441668510437012e-01 6.989994812011718750e+01
9.547064781188964844e+00 8.603404760360717773e-01 7.130899810791015625e+01
7.866332530975341797e+00 8.602943420410156250e-01 7.113784027099609375e+01
9.411772727966308594e+00 9.393404126167297363e-01 6.989995574951171875e+01
8.888194084167480469e+00 7.267554998397827148e-01 7.159479522705078125e+01
7.477552413940429688e+00 1.037711262702941895e+00 6.989995574951171875e+01
2.077069091796875000e+01 4.431035041809082031e+00 6.990562438964843750e+01
8.125786781311035156e+00 7.503837347030639648e-01 7.159500885009765625e+01
8.775663375854492188e+00 8.603106737136840820e-01 6.948885345458984375e+01
9.399163246154785156e+00 7.051588892936706543e-01 7.159486389160156250e+01
8.761466026306152344e+00 4.620504975318908691e-01 7.089927673339843750e+01
1.023681163787841797e+01 8.603317141532897949e-01 6.978577423095703125e+01
8.642352104187011719e+00 5.984291434288024902e-01 7.159491729736328125e+01
7.698960304260253906e+00 8.104167580604553223e-01 6.919990539550781250e+01
1.128563117980957031e+01 8.603171110153198242e-01 7.158972167968750000e+01
7.414551734924316406e+00 6.619189381599426270e-01 7.159492492675781250e+01
9.398979187011718750e+00 6.629858613014221191e-01 6.920010375976562500e+01
9.051673889160156250e+00 5.287885069847106934e-01 7.159487915039062500e+01
5.181752204895019531e+00 7.416692972183227539e-01 6.919999694824218750e+01
1.428281593322753906e+01 7.520904541015625000e-01 6.919992065429687500e+01
8.361465454101562500e+00 4.847184419631958008e-01 7.159496307373046875e+01
8.403691291809082031e+00 4.778616428375244141e-01 6.919980621337890625e+01
8.768779754638671875e+00 4.602960050106048584e-01 7.089995574951171875e+01
8.764329910278320312e+00 4.601600766181945801e-01 7.090051269531250000e+01
9.619132041931152344e+00 3.939523100852966309e-01 6.990092468261718750e+01
8.768779754638671875e+00 4.602960050106048584e-01 7.089995574951171875e+01
7.783317565917968750e+00 3.321321308612823486e-01 6.989996337890625000e+01
1.645086097717285156e+01 -3.997088372707366943e-01 7.129274749755859375e+01
8.764453887939453125e+00 4.595527350902557373e-01 7.090352630615234375e+01
8.908296585083007812e+00 3.055279850959777832e-01 6.989996337890625000e+01
9.247316360473632812e+00 3.132164776325225830e-01 7.159494018554687500e+01
4.428537368774414062e+00 -4.106363058090209961e-01 6.990127563476562500e+01
1.053379154205322266e+01 1.996549591422080994e-02 6.989997100830078125e+01
8.765995025634765625e+00 4.581401944160461426e-01 7.090853881835937500e+01
8.312665939331054688e+00 1.734495460987091064e-01 6.989997100830078125e+01
1.040386390686035156e+01 -4.319452121853828430e-02 7.159364318847656250e+01
8.764751434326171875e+00 4.589867889881134033e-01 7.090138244628906250e+01
9.300586700439453125e+00 8.686233311891555786e-02 6.989997100830078125e+01
8.948343276977539062e+00 2.065274715423583984e-01 7.159489440917968750e+01
7.239936828613281250e+00 -2.288267910480499268e-01 6.990634918212890625e+01
1.476227855682373047e+01 -1.988083481788635254e+00 6.989999389648437500e+01
8.765778541564941406e+00 4.582081437110900879e-01 7.090379333496093750e+01
8.690842628479003906e+00 3.928953316062688828e-03 6.989997100830078125e+01
9.512717247009277344e+00 -3.061378374695777893e-02 7.159493255615234375e+01
8.651285171508789062e+00 4.003343582153320312e-01 7.089881134033203125e+01
9.881967544555664062e+00 -3.468635380268096924e-01 6.989998626708984375e+01
8.768653869628906250e+00 4.595571458339691162e-01 7.090124511718750000e+01
8.017495155334472656e+00 -2.914562523365020752e-01 6.989997863769531250e+01
1.010250759124755859e+01 -3.997134864330291748e-01 7.114931488037109375e+01
8.766029357910156250e+00 4.581314027309417725e-01 7.090166473388671875e+01
9.048083305358886719e+00 -2.708248198032379150e-01 6.989997863769531250e+01
9.121130943298339844e+00 -1.179497614502906799e-01 7.159487915039062500e+01
6.111454963684082031e+00 -1.760861754417419434e+00 6.990001678466796875e+01
1.123701286315917969e+01 -1.733815670013427734e+00 6.990917968750000000e+01
8.767897605895996094e+00 4.585204422473907471e-01 7.090179443359375000e+01
8.465812683105468750e+00 -5.002156496047973633e-01 6.989998626708984375e+01
9.530006408691406250e+00 -3.997247517108917236e-01 7.135108184814453125e+01
8.766664505004882812e+00 4.580717980861663818e-01 7.090039825439453125e+01
9.486471176147460938e+00 -8.833315968513488770e-01 6.989999389648437500e+01
8.851952552795410156e+00 -3.520506322383880615e-01 7.159493255615234375e+01
6.460906982421875000e+00 -3.305696725845336914e+00 6.891604614257812500e+01
8.814034461975097656e+00 4.003475010395050049e-01 7.089852905273437500e+01
8.767880439758300781e+00 4.585079550743103027e-01 7.090083312988281250e+01
8.824698448181152344e+00 -1.077350258827209473e+00 6.990180969238281250e+01
9.093934059143066406e+00 -3.997128307819366455e-01 7.129741668701171875e+01
8.736735343933105469e+00 4.006725549697875977e-01 7.089532470703125000e+01
1.023633003234863281e+01 -3.184877872467041016e+00 6.989997863769531250e+01
8.768736839294433594e+00 4.598627686500549316e-01 7.090013885498046875e+01
8.208691596984863281e+00 -2.680052757263183594e+00 6.990003967285156250e+01
8.785344123840332031e+00 4.008150100708007812e-01 7.090541839599609375e+01
8.768630981445312500e+00 4.594944715499877930e-01 7.090002441406250000e+01
8.768779754638671875e+00 4.003131687641143799e-01 7.089995574951171875e+01
