6.908715367317199707e-01 4.620763659477233887e-01 7.089993286132812500e+01
6.306702494621276855e-01 8.602821230888366699e-01 7.095508575439453125e+01
7.786325812339782715e-01 3.883673667907714844e+00 6.989994049072265625e+01
7.796920537948608398e-01 8.602854609489440918e-01 7.101578521728515625e+01
-4.962192535400390625e+00 1.385994720458984375e+01 6.989998626708984375e+01
6.910448074340820312e-01 4.607133567333221436e-01 7.089982604980468750e+01
6.344823837280273438e-01 8.602882027626037598e-01 7.110969543457031250e+01
1.715115606784820557e-01 2.347419023513793945e+00 6.989994049072265625e+01
9.351494908332824707e-01 8.602849841117858887e-01 7.098914337158203125e+01
4.310518205165863037e-01 8.602828383445739746e-01 7.100717926025390625e+01
1.634493112564086914e+00 3.408050060272216797e+00 6.888346862792968750e+01
7.876145243644714355e-01 8.602911233901977539e-01 7.120836639404296875e+01
-1.034735918045043945e+00 2.775024652481079102e+00 6.989990997314453125e+01
6.915282607078552246e-01 4.610258340835571289e-01 7.089978790283203125e+01
4.673238992691040039e-01 8.602913022041320801e-01 7.121790313720703125e+01
5.612919926643371582e-01 1.440303206443786621e+00 6.989997863769531250e+01
1.023584842681884766e+00 8.602861166000366211e-01 7.118034362792968750e+01
2.317443788051605225e-01 8.602881431579589844e-01 7.091892242431640625e+01
6.910687088966369629e-01 4.605213105678558350e-01 7.089973449707031250e+01
6.672532558441162109e-01 8.602964282035827637e-01 7.141069793701171875e+01
-1.436056494712829590e-01 1.426892280578613281e+00 6.989994812011718750e+01
1.253822803497314453e+00 8.602868914604187012e-01 7.097567749023437500e+01
1.994390040636062622e-01 8.603026270866394043e-01 7.124185943603515625e+01
9.156254529953002930e-01 1.109351754188537598e+00 6.990087890625000000e+01
1.021749734878540039e+00 8.602897524833679199e-01 7.147735595703125000e+01
-2.443791866302490234e+00 2.334501743316650391e+00 6.989988708496093750e+01
6.917008757591247559e-01 4.607846438884735107e-01 7.089955139160156250e+01
3.999815285205841064e-01 8.448014259338378906e-01 7.159500122070312500e+01
3.312101662158966064e-01 9.727124571800231934e-01 6.989998626708984375e+01
1.469091415405273438e+00 8.603028059005737305e-01 7.130894470214843750e+01
-2.116276919841766357e-01 8.603132963180541992e-01 7.113782501220703125e+01
1.880601763725280762e+00 1.346667766571044922e+00 6.904962921142578125e+01
8.103095889091491699e-01 7.268034219741821289e-01 7.159490966796875000e+01
-1.817720293998718262e+00 1.582091927528381348e+00 6.895713806152343750e+01
6.924973130226135254e-01 4.608297049999237061e-01 7.089979553222656250e+01
4.791992530226707458e-02 7.503611445426940918e-01 7.159494781494140625e+01
6.957495212554931641e-01 7.437488436698913574e-01 6.990000152587890625e+01
1.321359157562255859e+00 7.051952481269836426e-01 7.159495544433593750e+01
-1.009802532196044922e+01 3.048358201980590820e+00 6.990001678466796875e+01
2.008304357528686523e+00 8.192895054817199707e-01 6.990004730224609375e+01
5.644258260726928711e-01 5.984442830085754395e-01 7.159499359130859375e+01
6.161504983901977539e-02 6.662291288375854492e-01 6.989997863769531250e+01
3.207827806472778320e+00 8.603295683860778809e-01 7.158972930908203125e+01
-6.633199453353881836e-01 6.619093418121337891e-01 7.159487915039062500e+01
1.061576843261718750e+00 5.795211791992187500e-01 6.990001678466796875e+01
9.738155603408813477e-01 5.287963747978210449e-01 7.159497833251953125e+01
-1.419208765029907227e+00 6.258105635643005371e-01 6.989992523193359375e+01
3.933991670608520508e+00 6.319128870964050293e-01 6.990004730224609375e+01
2.835778594017028809e-01 4.847130179405212402e-01 7.159490966796875000e+01
4.761474430561065674e-01 4.706229269504547119e-01 6.990000152587890625e+01
2.724915504455566406e+00 4.350884854793548584e-01 7.234482574462890625e+01
-1.010087370872497559e+00 4.083250164985656738e-01 7.111192321777343750e+01
1.541689634323120117e+00 3.939117789268493652e-01 6.990036010742187500e+01
7.435624003410339355e-01 3.578045666217803955e-01 7.234481048583984375e+01
-2.945542931556701660e-01 3.321326971054077148e-01 6.989997863769531250e+01
1.226728796958923340e+00 4.003029167652130127e-01 7.092733001708984375e+01
3.417978882789611816e-01 4.003121554851531982e-01 7.118835449218750000e+01
8.303779363632202148e-01 3.055357635021209717e-01 6.990001678466796875e+01
8.670409321784973145e-01 4.061456322669982910e-01 7.115578460693359375e+01
-3.643186092376708984e+00 -4.093994498252868652e-01 6.990267944335937500e+01
2.455646753311157227e+00 2.002032473683357239e-02 6.990008544921875000e+01
6.133794784545898438e-01 4.003082811832427979e-01 7.113880157470703125e+01
2.347838580608367920e-01 1.734615713357925415e-01 6.990000152587890625e+01
8.670166730880737305e-01 4.060515761375427246e-01 7.097466278076171875e+01
5.063168406486511230e-01 4.003084599971771240e-01 7.096530151367187500e+01
1.222627520561218262e+00 8.689364790916442871e-02 6.990003967285156250e+01
7.296399474143981934e-01 4.055022895336151123e-01 7.104997253417968750e+01
-8.477526903152465820e-01 -2.332397550344467163e-01 6.989997100830078125e+01
6.723167419433593750e+00 -2.003936529159545898e+00 6.989350128173828125e+01
6.046379208564758301e-01 4.003075063228607178e-01 7.101016235351562500e+01
6.129402518272399902e-01 3.958018496632575989e-03 6.990002441406250000e+01
7.817770838737487793e-01 4.003050029277801514e-01 7.098485565185546875e+01
5.733745694160461426e-01 4.003290534019470215e-01 7.089878845214843750e+01
1.803937554359436035e+00 -3.467797040939331055e-01 6.990007019042968750e+01
6.806417703628540039e-01 4.003064632415771484e-01 7.100474548339843750e+01
-6.038385257124900818e-02 -2.914308011531829834e-01 6.990000152587890625e+01
7.839016318321228027e-01 4.003045260906219482e-01 7.091732788085937500e+01
6.146550178527832031e-01 4.003069400787353516e-01 7.094738006591796875e+01
9.701526761054992676e-01 -2.707712352275848389e-01 6.990003967285156250e+01
7.274237871170043945e-01 4.003056287765502930e-01 7.097202301025390625e+01
-1.965319395065307617e+00 -1.759918332099914551e+00 6.990042114257812500e+01
3.181761026382446289e+00 -1.753959774971008301e+00 6.990006256103515625e+01
6.610559821128845215e-01 4.003064334392547607e-01 7.096205902099609375e+01
3.879212141036987305e-01 -5.001665353775024414e-01 6.990001678466796875e+01
7.439672946929931641e-01 4.003051221370697021e-01 7.093139648437500000e+01
6.338221430778503418e-01 4.003064334392547607e-01 7.091189575195312500e+01
1.408501267433166504e+00 -8.832204937934875488e-01 6.990005493164062500e+01
6.970132589340209961e-01 4.003058671951293945e-01 7.095125579833984375e+01
-4.707244634628295898e-01 -1.435203552246093750e+00 6.990139007568359375e+01
7.361290454864501953e-01 4.003390967845916748e-01 7.089850616455078125e+01
6.607031226158142090e-01 4.003061950206756592e-01 7.092937469482421875e+01
7.469034790992736816e-01 -1.080458283424377441e+00 6.989977264404296875e+01
7.135513424873352051e-01 4.003055095672607422e-01 7.092765808105468750e+01
6.588252186775207520e-01 4.006656110286712646e-01 7.089530181884765625e+01
2.158249139785766602e+00 -3.184452772140502930e+00 6.990007781982421875e+01
6.849865317344665527e-01 4.003058671951293945e-01 7.092494964599609375e+01
1.307840049266815186e-01 -2.680052995681762695e+00 6.990001678466796875e+01
7.074365019798278809e-01 4.008070826530456543e-01 7.090539550781250000e+01
6.797848343849182129e-01 4.007239639759063721e-01 7.090492248535156250e+01
6.908715367317199707e-01 4.003055989742279053e-01 7.089993286132812500e+01
