-1.806053733825683594e+01 8.853030204772949219e+00 7.089483642578125000e+01
-1.819128036499023438e+01 8.731412887573242188e+00 7.101461029052734375e+01
-1.803465652465820312e+01 8.872300148010253906e+00 7.059992980957031250e+01
-1.781943702697753906e+01 8.948489189147949219e+00 7.120930480957031250e+01
-1.831261253356933594e+01 8.460227966308593750e+00 7.085025024414062500e+01
-1.761545753479003906e+01 8.945486068725585938e+00 7.061170959472656250e+01
-1.818422889709472656e+01 8.740136146545410156e+00 7.135496520996093750e+01
-1.826619911193847656e+01 8.610010147094726562e+00 7.049884796142578125e+01
-1.743598937988281250e+01 8.885392189025878906e+00 7.112291717529296875e+01
-1.830494117736816406e+01 8.238983154296875000e+00 7.099571990966796875e+01
-1.771010208129882812e+01 8.957439422607421875e+00 7.014598083496093750e+01
-1.784096527099609375e+01 8.770584106445312500e+00 7.159487152099609375e+01
-1.828993034362792969e+01 8.170433044433593750e+00 7.076190185546875000e+01
-1.727128791809082031e+01 8.744861602783203125e+00 7.072132110595703125e+01
-1.831169891357421875e+01 8.312135696411132812e+00 7.125209045410156250e+01
-1.817762947082519531e+01 8.748292922973632812e+00 6.999124145507812500e+01
-1.729860687255859375e+01 8.778731346130371094e+00 7.153699493408203125e+01
-1.806054306030273438e+01 7.862728595733642578e+00 7.089483642578125000e+01
-1.728645133972167969e+01 8.763630867004394531e+00 7.012451934814453125e+01
-1.809291267395019531e+01 8.411047935485839844e+00 7.159499359130859375e+01
-1.823753547668457031e+01 8.067747116088867188e+00 7.068273162841796875e+01
-1.714786148071289062e+01 8.511210441589355469e+00 7.101763916015625000e+01
-1.806172370910644531e+01 7.863689422607421875e+00 7.089566040039062500e+01
-1.768303108215332031e+01 8.952915191650390625e+00 6.921678161621093750e+01
-1.766166877746582031e+01 8.344915390014648438e+00 7.159091186523437500e+01
-1.806238937377929688e+01 7.863831520080566406e+00 7.089424896240234375e+01
-1.713132476806640625e+01 8.414863586425781250e+00 7.046551513671875000e+01
-1.826840591430664062e+01 8.137492179870605469e+00 7.139152526855468750e+01
-1.830350875854492188e+01 8.208892822265625000e+00 7.021931457519531250e+01
-1.713051795959472656e+01 8.340761184692382812e+00 7.138362884521484375e+01
-2.356147956848144531e+01 1.030094814300537109e+01 7.234486389160156250e+01
-1.716020774841308594e+01 8.533491134643554688e+00 6.949461364746093750e+01
-1.794056320190429688e+01 8.130430221557617188e+00 7.159292602539062500e+01
-1.934215354919433594e+01 8.435841560363769531e+00 6.990228271484375000e+01
-1.716592407226562500e+01 8.158699989318847656e+00 7.082071685791015625e+01
-1.940207481384277344e+01 8.467962265014648438e+00 7.234500122070312500e+01
-1.806053733825683594e+01 7.862724304199218750e+00 7.089483642578125000e+01
-1.742541885375976562e+01 8.109426498413085938e+00 7.159496307373046875e+01
-2.879376411437988281e+01 1.043743610382080078e+01 6.990008544921875000e+01
-1.719268226623535156e+01 8.099213600158691406e+00 7.023616790771484375e+01
-1.818788909912109375e+01 8.001866340637207031e+00 7.159487152099609375e+01
-1.868653869628906250e+01 8.067596435546875000e+00 6.990005493164062500e+01
-1.725767326354980469e+01 7.990329265594482422e+00 7.111486816406250000e+01
-2.088638305664062500e+01 8.283448219299316406e+00 7.234501647949218750e+01
-1.737994766235351562e+01 8.081621170043945312e+00 6.905906677246093750e+01
-1.777621650695800781e+01 7.931562423706054688e+00 7.159326171875000000e+01
-2.015977287292480469e+01 8.027392387390136719e+00 6.989997100830078125e+01
-1.734769630432128906e+01 7.900446891784667969e+00 7.067505645751953125e+01
-1.891042900085449219e+01 7.913683414459228516e+00 7.234502410888671875e+01
-1.827414512634277344e+01 7.873001575469970703e+00 6.990010833740234375e+01
-1.740719985961914062e+01 7.854629039764404297e+00 7.135893249511718750e+01
-2.871819877624511719e+01 7.537117004394531250e+00 7.222308349609375000e+01
-1.748078918457031250e+01 7.817492961883544922e+00 7.021372222900390625e+01
-1.800765228271484375e+01 7.759859561920166016e+00 7.234503173828125000e+01
-1.903525924682617188e+01 7.735957145690917969e+00 6.990574645996093750e+01
-1.806053733825683594e+01 7.862724304199218750e+00 7.089483642578125000e+01
-1.981571006774902344e+01 7.561141014099121094e+00 7.234504699707031250e+01
-1.792175292968750000e+01 7.708768367767333984e+00 6.990009307861328125e+01
-1.757964897155761719e+01 7.714921474456787109e+00 7.159323883056640625e+01
-2.238361549377441406e+01 6.995236396789550781e+00 6.990010833740234375e+01
-1.768628692626953125e+01 7.769357204437255859e+00 7.068280029296875000e+01
-1.853085517883300781e+01 7.498670101165771484e+00 7.234459686279296875e+01
-1.851424407958984375e+01 7.577391147613525391e+00 6.990012359619140625e+01
-1.752583312988281250e+01 7.698073387145996094e+00 7.112168121337890625e+01
-2.215512847900390625e+01 6.531913280487060547e+00 7.234505462646484375e+01
-1.753309249877929688e+01 7.492352962493896484e+00 6.990305328369140625e+01
-1.792586708068847656e+01 7.672401905059814453e+00 7.141603088378906250e+01
-1.959119606018066406e+01 7.172782897949218750e+00 6.990004730224609375e+01
-1.785309028625488281e+01 7.777981281280517578e+00 7.086022949218750000e+01
-1.919502258300781250e+01 7.073573589324951172e+00 7.234504699707031250e+01
-1.813807678222656250e+01 7.408686637878417969e+00 6.989995574951171875e+01
-1.792586135864257812e+01 7.773854255676269531e+00 7.102065277099609375e+01
-2.884070205688476562e+01 2.361232280731201172e+00 7.078965759277343750e+01
-1.695314025878906250e+01 7.059763908386230469e+00 6.990007019042968750e+01
-1.820208168029785156e+01 7.032742023468017578e+00 7.234503936767578125e+01
-1.880801582336425781e+01 7.114781379699707031e+00 6.989993286132812500e+01
-1.792585945129394531e+01 7.775881767272949219e+00 7.092001342773437500e+01
-2.039020347595214844e+01 6.029199600219726562e+00 7.234504699707031250e+01
-1.778266143798828125e+01 7.135338306427001953e+00 6.989997100830078125e+01
-1.792586326599121094e+01 7.641708850860595703e+00 7.116044616699218750e+01
-2.070411682128906250e+01 5.653055667877197266e+00 6.990007019042968750e+01
-1.558208656311035156e+01 5.659529685974121094e+00 6.989995574951171875e+01
-1.875650024414062500e+01 6.462526798248291016e+00 7.234504699707031250e+01
-1.836196327209472656e+01 6.907097816467285156e+00 6.989995574951171875e+01
-1.792613410949707031e+01 7.710878372192382812e+00 7.097448730468750000e+01
-2.497707939147949219e+01 5.902267098426818848e-01 7.234482574462890625e+01
-1.734781074523925781e+01 6.528391361236572266e+00 6.990179443359375000e+01
-1.788698196411132812e+01 6.167611598968505859e+00 7.234503936767578125e+01
-1.921769142150878906e+01 5.974478721618652344e+00 6.990011596679687500e+01
-1.792615127563476562e+01 7.684702873229980469e+00 7.089059448242187500e+01
-1.954656028747558594e+01 4.907974243164062500e+00 7.234504699707031250e+01
-1.800480079650878906e+01 6.330122947692871094e+00 6.989996337890625000e+01
-1.792586135864257812e+01 7.506514549255371094e+00 7.105946350097656250e+01
-2.494584465026855469e+01 -4.948264122009277344e+00 6.989994049072265625e+01
-1.660075759887695312e+01 4.236852645874023438e+00 6.990015411376953125e+01
-1.840167999267578125e+01 4.385444164276123047e+00 7.234502410888671875e+01
-1.861774253845214844e+01 4.738540649414062500e+00 6.990006256103515625e+01
-1.792585754394531250e+01 7.379092693328857422e+00 7.093925476074218750e+01
-1.944943809509277344e+01 4.002818167209625244e-01 7.152017211914062500e+01
-1.806053733825683594e+01 4.003227949142456055e-01 7.089483642578125000e+01
