-1.801745986938476562e+01 -7.840361118316650391e+00 7.089997863769531250e+01
-1.801745986938476562e+01 -8.884100914001464844e+00 7.089997863769531250e+01
-1.799035263061523438e+01 -7.826670646667480469e+00 7.059109497070312500e+01
-1.752584648132324219e+01 -6.670176506042480469e+00 7.154119873046875000e+01
-1.801745986938476562e+01 -8.884100914001464844e+00 7.089997863769531250e+01
-1.756566047668457031e+01 -7.784993171691894531e+00 7.061257934570312500e+01
-1.801745986938476562e+01 -8.884100914001464844e+00 7.089997863769531250e+01
-1.801745986938476562e+01 -8.884100914001464844e+00 7.089997863769531250e+01
-1.739282417297363281e+01 -7.861292839050292969e+00 7.112809753417968750e+01
-1.801745986938476562e+01 -8.884100914001464844e+00 7.089997863769531250e+01
-1.765879631042480469e+01 -7.763680458068847656e+00 7.013353729248046875e+01
-1.779951858520507812e+01 -7.982988834381103516e+00 7.159481048583984375e+01
-1.801745986938476562e+01 -8.884100914001464844e+00 7.089997863769531250e+01
-1.724028587341308594e+01 -8.015462875366210938e+00 7.072911834716796875e+01
-1.832148742675781250e+01 -8.340099334716796875e+00 7.133242797851562500e+01
-1.801745986938476562e+01 -8.884100914001464844e+00 7.089997863769531250e+01
-1.726475715637207031e+01 -7.979187488555908203e+00 7.153435516357421875e+01
-1.801746177673339844e+01 -8.884100914001464844e+00 7.089997863769531250e+01
-1.725384712219238281e+01 -7.995386123657226562e+00 7.014008331298828125e+01
-1.804959487915039062e+01 -8.339846611022949219e+00 7.159494018554687500e+01
-1.801745986938476562e+01 -8.884100914001464844e+00 7.089997863769531250e+01
-1.713716125488281250e+01 -8.258621215820312500e+00 7.101842498779296875e+01
-1.816344642639160156e+01 -8.765274047851562500e+00 7.100154876708984375e+01
-1.763364219665527344e+01 -7.775689125061035156e+00 6.919387054443359375e+01
-1.761925697326660156e+01 -8.402715682983398438e+00 7.159489440917968750e+01
-1.801746177673339844e+01 -8.884099960327148438e+00 7.089997863769531250e+01
-1.712887001037597656e+01 -8.356101036071777344e+00 7.048942565917968750e+01
-1.830494499206542969e+01 -8.504094123840332031e+00 7.158690643310546875e+01
-1.801745986938476562e+01 -8.884100914001464844e+00 7.089997863769531250e+01
-1.713644218444824219e+01 -8.431252479553222656e+00 7.136301422119140625e+01
-1.801856994628906250e+01 -8.883609771728515625e+00 7.090026855468750000e+01
-1.714288520812988281e+01 -8.232523918151855469e+00 6.953981781005859375e+01
-1.789801788330078125e+01 -8.617580413818359375e+00 7.159497833251953125e+01
-1.801746940612792969e+01 -8.884097099304199219e+00 7.089997100830078125e+01
-1.718521690368652344e+01 -8.608760833740234375e+00 7.083103179931640625e+01
-1.801860046386718750e+01 -8.883587837219238281e+00 7.090121459960937500e+01
-1.801745986938476562e+01 -8.884101867675781250e+00 7.089997863769531250e+01
-1.738944244384765625e+01 -8.640157699584960938e+00 7.159227752685546875e+01
-1.801847076416015625e+01 -8.883859634399414062e+00 7.089988708496093750e+01
-1.721723365783691406e+01 -8.666042327880859375e+00 7.029263305664062500e+01
-1.814387321472167969e+01 -8.745985984802246094e+00 7.159485626220703125e+01
-1.864671325683593750e+01 -8.678165435791015625e+00 6.990003204345703125e+01
-1.729096221923828125e+01 -8.768634796142578125e+00 7.109908294677734375e+01
-1.801847076416015625e+01 -8.883951187133789062e+00 7.090049743652343750e+01
-1.732171058654785156e+01 -8.660329818725585938e+00 6.902331542968750000e+01
-1.773461723327636719e+01 -8.815621376037597656e+00 7.159477233886718750e+01
-2.012736701965332031e+01 -8.718596458435058594e+00 6.990005493164062500e+01
-1.801745796203613281e+01 -8.884101867675781250e+00 7.089997863769531250e+01
-1.801845359802246094e+01 -8.884041786193847656e+00 7.090167236328125000e+01
-1.823218345642089844e+01 -8.873770713806152344e+00 6.990004730224609375e+01
-1.746087074279785156e+01 -8.890998840332031250e+00 7.129535675048828125e+01
-1.801842117309570312e+01 -8.884131431579589844e+00 7.090010070800781250e+01
-1.801745796203613281e+01 -8.884101867675781250e+00 7.089997863769531250e+01
-1.801745986938476562e+01 -8.884101867675781250e+00 7.089997863769531250e+01
-1.900297737121582031e+01 -9.012272834777832031e+00 6.989993286132812500e+01
-1.801745986938476562e+01 -8.884101867675781250e+00 7.089997863769531250e+01
-1.801834106445312500e+01 -8.884253501892089844e+00 7.090070343017578125e+01
-1.787800407409667969e+01 -9.038803100585937500e+00 6.990042114257812500e+01
-1.781046104431152344e+01 -8.947723388671875000e+00 7.120060729980468750e+01
-1.801831817626953125e+01 -8.884274482727050781e+00 7.089978027343750000e+01
-1.801745605468750000e+01 -8.884102821350097656e+00 7.089997863769531250e+01
-1.801787948608398438e+01 -8.884427070617675781e+00 7.090127563476562500e+01
-1.847351837158203125e+01 -9.170914649963378906e+00 6.990010833740234375e+01
-1.785813140869140625e+01 -8.933163642883300781e+00 7.096757507324218750e+01
-1.801822662353515625e+01 -8.884350776672363281e+00 7.090025329589843750e+01
-1.748572158813476562e+01 -9.257488250732421875e+00 6.990012359619140625e+01
-1.801745986938476562e+01 -8.884101867675781250e+00 7.089997863769531250e+01
-1.801808357238769531e+01 -8.884383201599121094e+00 7.089957427978515625e+01
-1.202477073669433594e+01 -1.133215045928955078e+01 6.990015411376953125e+01
-1.801793289184570312e+01 -8.884430885314941406e+00 7.090058135986328125e+01
-1.809539222717285156e+01 -9.340436935424804688e+00 6.990006256103515625e+01
-1.801745986938476562e+01 -8.884101867675781250e+00 7.089997863769531250e+01
-1.801807403564453125e+01 -8.884415626525878906e+00 7.089997100830078125e+01
-1.690416145324707031e+01 -9.691341400146484375e+00 6.989990997314453125e+01
-1.801745986938476562e+01 -8.884101867675781250e+00 7.089997863769531250e+01
-1.876879882812500000e+01 -9.635907173156738281e+00 6.989993286132812500e+01
-1.801745986938476562e+01 -8.884101867675781250e+00 7.089997863769531250e+01
-1.801787185668945312e+01 -8.884425163269042969e+00 7.090023803710937500e+01
-1.773877906799316406e+01 -9.613594055175781250e+00 6.990222930908203125e+01
-1.801745986938476562e+01 -8.884101867675781250e+00 7.089997863769531250e+01
-1.801783752441406250e+01 -8.884417533874511719e+00 7.089983367919921875e+01
-1.552657413482666016e+01 -1.109835052490234375e+01 6.990010833740234375e+01
-1.801749610900878906e+01 -8.884176254272460938e+00 7.090005493164062500e+01
-1.832028961181640625e+01 -9.844179153442382812e+00 6.990045928955078125e+01
-1.801745986938476562e+01 -8.884101867675781250e+00 7.089997863769531250e+01
-1.801772689819335938e+01 -8.884383201599121094e+00 7.090003204345703125e+01
-1.730235481262207031e+01 -1.022288799285888672e+01 6.990361785888671875e+01
-1.801745986938476562e+01 -8.884101867675781250e+00 7.089997863769531250e+01
-1.801754760742187500e+01 -8.884243965148925781e+00 7.089990234375000000e+01
-1.801745986938476562e+01 -8.884101867675781250e+00 7.089997863769531250e+01
-1.801749992370605469e+01 -8.884180068969726562e+00 7.090001678466796875e+01
-1.796143722534179688e+01 -1.042458343505859375e+01 6.989999389648437500e+01
-1.801745986938476562e+01 -8.884101867675781250e+00 7.089997863769531250e+01
-1.801751518249511719e+01 -8.884203910827636719e+00 7.089997100830078125e+01
-1.654971313476562500e+01 -1.252976608276367188e+01 6.989987182617187500e+01
-1.801745986938476562e+01 -8.884101867675781250e+00 7.089997863769531250e+01
-1.857754325866699219e+01 -1.202442646026611328e+01 6.990007019042968750e+01
-1.801745986938476562e+01 -8.884101867675781250e+00 7.089997863769531250e+01
-1.801745986938476562e+01 -8.884101867675781250e+00 7.089997863769531250e+01
-1.801745986938476562e+01 -1.460541629791259766e+01 7.089997863769531250e+01
