-2.490564346313476562e+01 1.469822025299072266e+01 7.090009307861328125e+01
-2.490564346313476562e+01 5.545741558074951172e+00 7.090009307861328125e+01
-2.481786727905273438e+01 8.969690322875976562e+00 6.989993286132812500e+01
-2.490564346313476562e+01 5.545741558074951172e+00 7.090009307861328125e+01
-2.871808052062988281e+01 1.458249473571777344e+01 7.022572326660156250e+01
-2.173357582092285156e+01 1.326253890991210938e+01 6.888228607177734375e+01
-2.490564346313476562e+01 5.545741558074951172e+00 7.090009307861328125e+01
-2.542511367797851562e+01 7.433268070220947266e+00 6.989988708496093750e+01
-2.490564346313476562e+01 5.545741558074951172e+00 7.090009307861328125e+01
-2.492346572875976562e+01 5.573178768157958984e+00 7.090744781494140625e+01
-2.443762588500976562e+01 7.007771968841552734e+00 6.989996337890625000e+01
-2.490564346313476562e+01 5.545741558074951172e+00 7.090009307861328125e+01
-2.534369087219238281e+01 6.133340358734130859e+00 7.064623260498046875e+01
-2.035611152648925781e+01 1.063070964813232422e+01 6.989989471435546875e+01
-2.492134475708007812e+01 5.573835372924804688e+00 7.092242431640625000e+01
-2.503522491455078125e+01 6.525768756866455078e+00 6.990012359619140625e+01
-2.490564346313476562e+01 5.545741558074951172e+00 7.090009307861328125e+01
-2.608475875854492188e+01 6.572999000549316406e+00 7.094885253906250000e+01
-2.390071105957031250e+01 6.715313434600830078e+00 6.990004730224609375e+01
-2.490564346313476562e+01 5.545741558074951172e+00 7.090009307861328125e+01
-2.533049583435058594e+01 6.037862300872802734e+00 7.039097595214843750e+01
-2.490564346313476562e+01 5.545741558074951172e+00 7.090009307861328125e+01
-2.590430068969726562e+01 6.358616828918457031e+00 7.159493255615234375e+01
-2.468064689636230469e+01 6.195501327514648438e+00 6.989996337890625000e+01
-2.490564346313476562e+01 5.545741558074951172e+00 7.090009307861328125e+01
-2.535640144348144531e+01 5.815249443054199219e+00 7.075628662109375000e+01
-2.274118041992187500e+01 6.831868648529052734e+00 6.990005493164062500e+01
-2.492563247680664062e+01 5.572163581848144531e+00 7.094785308837890625e+01
-2.526485443115234375e+01 6.057521343231201172e+00 6.990139007568359375e+01
-2.490564346313476562e+01 5.545741558074951172e+00 7.090009307861328125e+01
-2.647062301635742188e+01 6.239398956298828125e+00 7.131261444091796875e+01
-2.426267242431640625e+01 6.024769783020019531e+00 6.990012359619140625e+01
-2.490564346313476562e+01 5.545741558074951172e+00 7.090009307861328125e+01
-2.538171768188476562e+01 5.758633613586425781e+00 7.053139495849609375e+01
-1.799788856506347656e+01 7.831118583679199219e+00 7.032779693603515625e+01
-2.554838943481445312e+01 5.835718154907226562e+00 7.159488677978515625e+01
-2.490077209472656250e+01 5.828778743743896484e+00 6.990164184570312500e+01
-2.490564346313476562e+01 5.545741558074951172e+00 7.090009307861328125e+01
-2.542756652832031250e+01 5.670941352844238281e+00 7.085172271728515625e+01
-2.358813858032226562e+01 5.904758930206298828e+00 6.990015411376953125e+01
-2.492820358276367188e+01 5.570391178131103516e+00 7.102410888671875000e+01
-2.540398406982421875e+01 5.708833694458007812e+00 7.010817718505859375e+01
-2.490564346313476562e+01 5.545741558074951172e+00 7.090009307861328125e+01
-2.625954627990722656e+01 5.747316360473632812e+00 7.159489440917968750e+01
-2.453489303588867188e+01 5.664985179901123047e+00 6.990006256103515625e+01
-2.490564346313476562e+01 5.545741558074951172e+00 7.090009307861328125e+01
-2.548965072631835938e+01 5.591552257537841797e+00 7.062332153320312500e+01
-2.166218185424804688e+01 5.717380523681640625e+00 6.990010070800781250e+01
-2.531278610229492188e+01 5.570153713226318359e+00 7.159481048583984375e+01
-2.512008476257324219e+01 5.556058883666992188e+00 6.990148162841796875e+01
-2.490564346313476562e+01 5.545741558074951172e+00 7.090009307861328125e+01
-2.624486923217773438e+01 5.504826068878173828e+00 7.106700134277343750e+01
-2.405451393127441406e+01 5.479337215423583984e+00 6.990015411376953125e+01
-2.488030815124511719e+01 5.496460914611816406e+00 7.159485626220703125e+01
-2.572083663940429688e+01 5.439722061157226562e+00 7.007288360595703125e+01
-2.490564346313476562e+01 5.545741558074951172e+00 7.090009307861328125e+01
-2.574658393859863281e+01 5.401246547698974609e+00 7.159491729736328125e+01
-2.476610755920410156e+01 5.390951633453369141e+00 6.989996337890625000e+01
-2.490564346313476562e+01 5.545741558074951172e+00 7.090009307861328125e+01
-2.881338882446289062e+01 4.761595726013183594e+00 7.000093078613281250e+01
-2.314059448242187500e+01 5.105401992797851562e+00 6.990008544921875000e+01
-2.513104820251464844e+01 5.371263980865478516e+00 7.159490966796875000e+01
-2.536175155639648438e+01 5.258898258209228516e+00 6.990011596679687500e+01
-2.490564346313476562e+01 5.545741558074951172e+00 7.090009307861328125e+01
-2.575952339172363281e+01 5.268216133117675781e+00 7.120252227783203125e+01
-2.437381935119628906e+01 5.172295093536376953e+00 6.990007019042968750e+01
-2.472610855102539062e+01 5.292014598846435547e+00 7.159492492675781250e+01
-2.643971824645996094e+01 4.854260444641113281e+00 6.990308380126953125e+01
-1.891192245483398438e+01 3.097271203994750977e+00 6.990009307861328125e+01
-2.544920539855957031e+01 5.167638778686523438e+00 7.159492492675781250e+01
-2.498359107971191406e+01 5.089315891265869141e+00 6.989997863769531250e+01
-2.490564346313476562e+01 5.545741558074951172e+00 7.090009307861328125e+01
-2.884695816040039062e+01 3.534352540969848633e+00 7.086164093017578125e+01
-2.379235649108886719e+01 4.738509178161621094e+00 6.990003204345703125e+01
-2.497346305847167969e+01 5.148066043853759766e+00 7.159494018554687500e+01
-2.565704917907714844e+01 4.793868541717529297e+00 6.989995574951171875e+01
-2.490564346313476562e+01 5.545741558074951172e+00 7.090009307861328125e+01
-2.553874397277832031e+01 5.047469615936279297e+00 7.129419708251953125e+01
-2.462633132934570312e+01 4.814595222473144531e+00 6.990008544921875000e+01
-2.455334091186523438e+01 4.967573642730712891e+00 7.159492492675781250e+01
-2.756365776062011719e+01 3.324006557464599609e+00 6.989989471435546875e+01
-2.241448020935058594e+01 3.331246852874755859e+00 6.990010833740234375e+01
-2.523910331726074219e+01 4.874859809875488281e+00 7.159493255615234375e+01
-2.520864486694335938e+01 4.585121154785156250e+00 6.990000915527343750e+01
-2.373335266113281250e+01 4.221306324005126953e+00 7.159482574462890625e+01
-2.545714759826660156e+01 4.965854644775390625e+00 7.101570892333984375e+01
-2.418786621093750000e+01 4.201951503753662109e+00 6.990000915527343750e+01
-2.482248497009277344e+01 4.733536720275878906e+00 7.159495544433593750e+01
-2.606907272338867188e+01 3.647255420684814453e+00 6.989997863769531250e+01
-9.684696197509765625e+00 -1.461749553680419922e+01 7.041936492919921875e+01
-2.528424072265625000e+01 4.792954444885253906e+00 7.126956939697265625e+01
-2.484961700439453125e+01 4.005155086517333984e+00 6.990003967285156250e+01
-2.433731842041015625e+01 4.042564392089843750e+00 7.159480285644531250e+01
-2.880771827697753906e+01 -1.714563727378845215e+00 7.033626556396484375e+01
-2.343792724609375000e+01 1.900155544281005859e+00 6.990000152587890625e+01
-2.500672340393066406e+01 4.515432357788085938e+00 7.132978057861328125e+01
-2.546585083007812500e+01 2.404721975326538086e+00 6.989996337890625000e+01
-2.446898460388183594e+01 3.977703571319580078e+00 7.104410552978515625e+01
-2.508317375183105469e+01 4.591883182525634766e+00 7.098002624511718750e+01
-2.490564346313476562e+01 5.391036510467529297e+00 7.090009307861328125e+01
