-1.718774604797363281e+01 8.614896774291992188e+00 7.090003204345703125e+01
-1.728845405578613281e+01 8.766119003295898438e+00 7.099228668212890625e+01
-1.717518043518066406e+01 8.587125778198242188e+00 7.075685882568359375e+01
-1.713245201110839844e+01 8.345999717712402344e+00 7.097215270996093750e+01
-1.753759002685546875e+01 8.926236152648925781e+00 7.083815002441406250e+01
-1.561574363708496094e+01 1.192125415802001953e+01 6.990005493164062500e+01
-1.728073120117187500e+01 8.756575584411621094e+00 7.124593353271484375e+01
-1.739373970031738281e+01 8.845479011535644531e+00 7.050340270996093750e+01
-1.325510597229003906e+01 1.453649425506591797e+01 7.233622741699218750e+01
-1.774688529968261719e+01 8.957779884338378906e+00 7.113083648681640625e+01
-1.713759422302246094e+01 8.253658294677734375e+00 7.079286193847656250e+01
-1.713098716735839844e+01 8.331665992736816406e+00 7.108098602294921875e+01
-1.782227897644042969e+01 8.948151588439941406e+00 7.053231048583984375e+01
-1.263975620269775391e+01 1.318023395538330078e+01 6.990016937255859375e+01
-1.766603851318359375e+01 8.952810287475585938e+00 7.158035278320312500e+01
-1.727382469177246094e+01 8.748003005981445312e+00 7.023577117919921875e+01
-1.547334861755371094e+01 1.015807151794433594e+01 7.234492492675781250e+01
-1.805792427062988281e+01 8.855097770690917969e+00 7.093601989746093750e+01
-1.618278884887695312e+01 9.266590118408203125e+00 6.989996337890625000e+01
-1.721987342834472656e+01 8.641091346740722656e+00 7.159479522705078125e+01
-1.790364456176757812e+01 8.926237106323242188e+00 7.004214477539062500e+01
-8.175058364868164062e+00 1.450079536437988281e+01 7.211267852783203125e+01
-1.808999061584472656e+01 8.831387519836425781e+00 7.152778625488281250e+01
-1.713892555236816406e+01 8.237977981567382812e+00 7.068302154541015625e+01
-1.635976600646972656e+01 9.097932815551757812e+00 7.234497070312500000e+01
-1.820893287658691406e+01 8.707555770874023438e+00 7.057424926757812500e+01
-1.503121662139892578e+01 9.378402709960937500e+00 6.990366363525390625e+01
-1.747850036621093750e+01 8.481320381164550781e+00 7.159477233886718750e+01
-1.778631210327148438e+01 8.949786186218261719e+00 6.923586273193359375e+01
-1.443846511840820312e+01 9.510141372680664062e+00 7.234497833251953125e+01
-1.827935981750488281e+01 8.580833435058593750e+00 7.118777465820312500e+01
-1.654471778869628906e+01 8.576059341430664062e+00 6.989997863769531250e+01
-1.693941688537597656e+01 8.651104927062988281e+00 7.234498596191406250e+01
-1.827775192260742188e+01 8.584421157836914062e+00 7.005587005615234375e+01
-5.116737842559814453e+00 1.209058856964111328e+01 6.989997100830078125e+01
-1.783063316345214844e+01 8.387030601501464844e+00 7.159497833251953125e+01
-1.717963790893554688e+01 8.568163871765136719e+00 6.923790740966796875e+01
-1.587695598602294922e+01 8.606146812438964844e+00 7.234498596191406250e+01
-1.832394790649414062e+01 8.369544029235839844e+00 7.079473114013671875e+01
-1.587014484405517578e+01 8.456032752990722656e+00 6.990001678466796875e+01
-1.731414604187011719e+01 8.235092163085937500e+00 7.159484100341796875e+01
-1.831570625305175781e+01 8.466137886047363281e+00 6.910758972167968750e+01
-1.191511631011962891e+01 8.935006141662597656e+00 7.234503936767578125e+01
-1.831336402893066406e+01 8.264575958251953125e+00 7.147768402099609375e+01
-1.681698608398437500e+01 8.216236114501953125e+00 6.989997100830078125e+01
-1.659951591491699219e+01 8.239407539367675781e+00 7.234500122070312500e+01
-1.829465103149414062e+01 8.183817863464355469e+00 7.037545013427734375e+01
-1.394447040557861328e+01 8.268618583679199219e+00 6.990009307861328125e+01
-1.759499931335449219e+01 8.121408462524414062e+00 7.159494018554687500e+01
-1.718774604797363281e+01 8.096989631652832031e+00 7.090003204345703125e+01
-1.515357875823974609e+01 8.071784973144531250e+00 7.234500885009765625e+01
-1.824429130554199219e+01 8.064710617065429688e+00 7.103170776367187500e+01
-1.633661842346191406e+01 8.030585289001464844e+00 6.990009307861328125e+01
-1.713505172729492188e+01 7.994494915008544922e+00 7.234501647949218750e+01
-1.817150306701660156e+01 7.969047546386718750e+00 6.990177154541015625e+01
-1.718774604797363281e+01 8.096989631652832031e+00 7.090003204345703125e+01
-1.802861404418945312e+01 7.952507495880126953e+00 7.159479522705078125e+01
-1.704821777343750000e+01 7.942210197448730469e+00 6.989997100830078125e+01
-1.619297981262207031e+01 7.791244983673095703e+00 7.234474182128906250e+01
-1.811572265625000000e+01 7.910778045654296875e+00 7.068650817871093750e+01
-1.542291355133056641e+01 7.656703948974609375e+00 6.990014648437500000e+01
-1.741315841674804688e+01 7.922506332397460938e+00 7.159487152099609375e+01
-1.772177314758300781e+01 7.761144161224365234e+00 6.972922515869140625e+01
-1.378173065185546875e+01 7.048177242279052734e+00 7.234503936767578125e+01
-1.799969100952148438e+01 7.833093643188476562e+00 7.118760681152343750e+01
-1.665590095520019531e+01 7.723528861999511719e+00 6.989997100830078125e+01
-1.681437683105468750e+01 7.569324970245361328e+00 7.234503173828125000e+01
-1.788110733032226562e+01 7.784458637237548828e+00 7.044940948486328125e+01
-1.119719123840332031e+01 5.649812698364257812e+00 6.990055847167968750e+01
-1.773127365112304688e+01 7.718910694122314453e+00 7.159482574462890625e+01
-1.726568603515625000e+01 7.640608787536621094e+00 6.990001678466796875e+01
-1.564094734191894531e+01 7.076286792755126953e+00 7.234503173828125000e+01
-1.782536125183105469e+01 7.771592140197753906e+00 7.089381408691406250e+01
-1.495238399505615234e+01 6.476153850555419922e+00 6.889201354980468750e+01
-1.732878303527832031e+01 7.269982337951660156e+00 7.234503936767578125e+01
-1.745315361022949219e+01 7.831417560577392578e+00 7.054676818847656250e+01
-9.459375381469726562e+00 3.113608598709106445e+00 7.234497070312500000e+01
-1.792586708068847656e+01 7.516064167022705078e+00 7.135951232910156250e+01
-1.690842247009277344e+01 7.365814685821533203e+00 6.989998626708984375e+01
-1.645507621765136719e+01 6.894600391387939453e+00 7.234503936767578125e+01
-1.755827522277832031e+01 7.787278652191162109e+00 7.076060485839843750e+01
-1.469648838043212891e+01 5.882411003112792969e+00 6.990000915527343750e+01
-1.719363594055175781e+01 8.085139274597167969e+00 7.091230773925781250e+01
-1.749071311950683594e+01 7.136477470397949219e+00 6.990006256103515625e+01
-1.474944686889648438e+01 5.342240810394287109e+00 7.234503936767578125e+01
-1.742850685119628906e+01 7.843837738037109375e+00 7.095050811767578125e+01
-1.647548294067382812e+01 6.763524532318115234e+00 6.990763092041015625e+01
-1.701481246948242188e+01 6.407953262329101562e+00 7.234503936767578125e+01
-1.719129753112792969e+01 8.091194152832031250e+00 7.089698028564453125e+01
-6.993225216865539551e-02 -1.457903385162353516e+01 7.035939025878906250e+01
-1.719012641906738281e+01 8.092256546020507812e+00 7.090235137939453125e+01
-1.713188743591308594e+01 6.561020374298095703e+00 6.990297698974609375e+01
-1.600562286376953125e+01 4.970362186431884766e+00 7.234503936767578125e+01
-1.719597816467285156e+01 8.081673622131347656e+00 7.089884185791015625e+01
-1.572082614898681641e+01 4.453382492065429688e+00 6.990048217773437500e+01
-1.752766990661621094e+01 4.632120609283447266e+00 7.234504699707031250e+01
-1.774784851074218750e+01 4.956563472747802734e+00 6.990008544921875000e+01
-1.517251682281494141e+01 8.603181242942810059e-01 7.156467437744140625e+01
-1.752016448974609375e+01 6.310933113098144531e+00 7.104969787597656250e+01
-1.718774604797363281e+01 8.603128790855407715e-01 7.090003204345703125e+01
