1.807487678527832031e+01 -3.997007012367248535e-01 7.089998626708984375e+01
1.802671051025390625e+01 -4.597158133983612061e-01 7.094410705566406250e+01
1.816263580322265625e+01 2.643586635589599609e+00 6.990000915527343750e+01
1.807488059997558594e+01 -7.797224521636962891e-01 7.089999389648437500e+01
1.242164802551269531e+01 1.262030887603759766e+01 6.990000915527343750e+01
1.964679527282714844e+01 3.044320583343505859e+00 6.990006256103515625e+01
1.802976226806640625e+01 -4.597220420837402344e-01 7.106781005859375000e+01
1.755551719665527344e+01 1.107390880584716797e+00 6.989998626708984375e+01
1.807487869262695312e+01 -7.797337770462036133e-01 7.089998626708984375e+01
1.786700057983398438e+01 -4.597150087356567383e-01 7.098579406738281250e+01
1.854282760620117188e+01 6.820852756500244141e-01 6.990000152587890625e+01
1.807487869262695312e+01 -7.797297835350036621e-01 7.089999389648437500e+01
1.634939384460449219e+01 1.534829139709472656e+00 6.990003204345703125e+01
2.801285171508789062e+01 1.032784175872802734e+01 6.871514892578125000e+01
1.789603042602539062e+01 -4.597239196300506592e-01 7.115437316894531250e+01
1.794529151916503906e+01 2.003124207258224487e-01 6.989998626708984375e+01
1.807488059997558594e+01 -7.797336578369140625e-01 7.089998626708984375e+01
1.770753860473632812e+01 -4.597086012363433838e-01 7.091517639160156250e+01
1.907688140869140625e+01 3.864268064498901367e-01 6.990285491943359375e+01
1.805598258972167969e+01 -4.597344994544982910e-01 7.130860137939453125e+01
1.724037933349609375e+01 1.868860721588134766e-01 6.989997863769531250e+01
1.807487869262695312e+01 -7.797369956970214844e-01 7.089998626708984375e+01
1.769000434875488281e+01 -4.664632976055145264e-01 7.116777038574218750e+01
1.829984092712402344e+01 -1.300720870494842529e-01 6.990000152587890625e+01
1.807488059997558594e+01 -7.797342538833618164e-01 7.089999389648437500e+01
1.494027709960937500e+01 1.094434142112731934e+00 6.989996337890625000e+01
2.023917198181152344e+01 5.062891840934753418e-01 6.990002441406250000e+01
1.783278465270996094e+01 -4.597318172454833984e-01 7.147845458984375000e+01
1.771520042419433594e+01 -2.672967314720153809e-01 6.989999389648437500e+01
1.807488059997558594e+01 -7.797363400459289551e-01 7.089998626708984375e+01
1.735283660888671875e+01 -4.597028195858001709e-01 7.109031677246093750e+01
1.871785163879394531e+01 -3.007068634033203125e-01 6.990000915527343750e+01
1.807487869262695312e+01 -7.797353863716125488e-01 7.089999389648437500e+01
1.678364753723144531e+01 -2.023217380046844482e-01 6.989998626708984375e+01
2.889212989807128906e+01 2.799066305160522461e+00 7.000379943847656250e+01
1.743216514587402344e+01 -4.897770881652832031e-01 7.159474182128906250e+01
1.807975578308105469e+01 -4.962694048881530762e-01 6.990001678466796875e+01
1.807488059997558594e+01 -7.797365784645080566e-01 7.089999389648437500e+01
7.284658432006835938e+00 1.808645248413085938e+00 6.989994812011718750e+01
1.939240264892578125e+01 -4.207147061824798584e-01 6.990003204345703125e+01
1.794845008850097656e+01 -6.416071057319641113e-01 7.159493255615234375e+01
1.744560813903808594e+01 -5.737968087196350098e-01 6.990001678466796875e+01
1.807487869262695312e+01 -7.797375917434692383e-01 7.089998626708984375e+01
1.672093963623046875e+01 -5.781581997871398926e-01 7.159480285644531250e+01
1.844559860229492188e+01 -6.605036258697509766e-01 6.990003204345703125e+01
1.807487869262695312e+01 -7.797373533248901367e-01 7.089999389648437500e+01
1.597610759735107422e+01 -6.151064634323120117e-01 6.990534210205078125e+01
2.131813240051269531e+01 -6.081097126007080078e-01 6.990005493164062500e+01
1.766760635375976562e+01 -7.553181052207946777e-01 7.159492492675781250e+01
1.786014747619628906e+01 -7.694066166877746582e-01 6.990003204345703125e+01
1.807488059997558594e+01 -7.797380089759826660e-01 7.089998626708984375e+01
1.549300193786621094e+01 -8.586180806159973145e-01 7.122176361083984375e+01
1.892600440979003906e+01 -8.461420536041259766e-01 6.990004730224609375e+01
1.807487678527832031e+01 -7.797387838363647461e-01 7.090000152587890625e+01
1.708942222595214844e+01 -9.079006910324096680e-01 6.990000152587890625e+01
1.807487678527832031e+01 -7.797380089759826660e-01 7.089998626708984375e+01
1.760938072204589844e+01 -8.597217798233032227e-01 7.128459930419921875e+01
1.821438789367675781e+01 -9.344984292984008789e-01 6.990004730224609375e+01
1.807488059997558594e+01 -7.797389626502990723e-01 7.089999389648437500e+01
1.372890758514404297e+01 -1.651819348335266113e+00 6.989998626708984375e+01
1.983974075317382812e+01 -1.220031857490539551e+00 6.990008544921875000e+01
1.784964942932128906e+01 -9.540780782699584961e-01 7.159425354003906250e+01
1.761877632141113281e+01 -1.066576838493347168e+00 6.990002441406250000e+01
1.807487869262695312e+01 -7.797387838363647461e-01 7.089998626708984375e+01
1.767486572265625000e+01 -9.097481369972229004e-01 7.104166412353515625e+01
1.860665130615234375e+01 -1.153149366378784180e+00 6.990006256103515625e+01
1.807487869262695312e+01 -7.797403335571289062e-01 7.089999389648437500e+01
1.653617286682128906e+01 -1.473305225372314453e+00 6.989997100830078125e+01
2.406778335571289062e+01 -3.227875709533691406e+00 6.990012359619140625e+01
1.767484855651855469e+01 -1.057998895645141602e+00 7.141133880615234375e+01
1.799694252014160156e+01 -1.236087799072265625e+00 6.990003967285156250e+01
1.807488059997558594e+01 -7.797403335571289062e-01 7.089998626708984375e+01
-9.061817169189453125e+00 -1.462853336334228516e+01 7.063521575927734375e+01
1.918798828125000000e+01 -1.586842775344848633e+00 6.990008544921875000e+01
1.800705718994140625e+01 -1.177420735359191895e+00 7.159484863281250000e+01
1.732359504699707031e+01 -1.531487226486206055e+00 6.990001678466796875e+01
1.807487869262695312e+01 -7.797390222549438477e-01 7.089998626708984375e+01
1.767486572265625000e+01 -1.094560503959655762e+00 7.114899444580078125e+01
1.835416793823242188e+01 -1.510828495025634766e+00 6.990005493164062500e+01
1.807487869262695312e+01 -7.797425985336303711e-01 7.089999389648437500e+01
1.541732215881347656e+01 -3.001087665557861328e+00 6.989995574951171875e+01
2.056586265563964844e+01 -2.994076013565063477e+00 6.990007781982421875e+01
1.774147987365722656e+01 -1.450494408607482910e+00 7.159469604492187500e+01
1.777191543579101562e+01 -1.740233659744262695e+00 6.990003204345703125e+01
1.807488059997558594e+01 -7.797416448593139648e-01 7.089998626708984375e+01
1.767486190795898438e+01 -1.200339317321777344e+00 7.098384857177734375e+01
1.879253387451171875e+01 -2.123301744461059570e+00 6.990007019042968750e+01
1.807487678527832031e+01 -7.797458171844482422e-01 7.089999389648437500e+01
1.691157531738281250e+01 -2.678016662597656250e+00 6.989997863769531250e+01
2.832290077209472656e+01 -1.435532951354980469e+01 7.057631683349609375e+01
1.767485427856445312e+01 -1.575127124786376953e+00 7.129036712646484375e+01
1.813089561462402344e+01 -2.320143699645996094e+00 6.990004730224609375e+01
1.807488059997558594e+01 -7.797471880912780762e-01 7.089999389648437500e+01
1.115453338623046875e+01 -1.365591335296630859e+01 6.990003204345703125e+01
1.954244232177734375e+01 -4.424951553344726562e+00 6.990000152587890625e+01
1.791141128540039062e+01 -2.445940732955932617e+00 7.159487152099609375e+01
1.751475334167480469e+01 -3.920282125473022461e+00 6.990000152587890625e+01
1.807487869262695312e+01 -7.797465920448303223e-01 7.089998626708984375e+01
1.767486190795898438e+01 -2.928979396820068359e+00 7.108008575439453125e+01
1.807487678527832031e+01 -1.112379074096679688e+00 7.089998626708984375e+01
