-1.752585792541503906e+01 7.500451564788818359e+00 7.090000915527343750e+01
-1.781444931030273438e+01 8.949129104614257812e+00 7.116438293457031250e+01
-1.750604057312011719e+01 7.804732322692871094e+00 7.067419433593750000e+01
-1.752585220336914062e+01 7.031695365905761719e+00 7.090001678466796875e+01
-1.783938217163085938e+01 7.774825096130371094e+00 7.084455108642578125e+01
-1.595374393463134766e+01 1.085620212554931641e+01 6.989995574951171875e+01
-1.771228408813476562e+01 8.354083061218261719e+00 7.159350585937500000e+01
-1.772749519348144531e+01 7.764327526092529297e+00 7.051177215576171875e+01
-1.752585220336914062e+01 7.031675815582275391e+00 7.090000915527343750e+01
-1.792586135864257812e+01 7.647469997406005859e+00 7.106512451171875000e+01
-1.718729019165039062e+01 8.089308738708496094e+00 7.017651367187500000e+01
-1.752585411071777344e+01 7.031681537628173828e+00 7.090001678466796875e+01
-1.925157165527343750e+01 9.346542358398437500e+00 6.989992523193359375e+01
-1.297778701782226562e+01 1.211500167846679688e+01 6.990013122558593750e+01
-1.792313957214355469e+01 7.742532253265380859e+00 7.146510314941406250e+01
-1.762376976013183594e+01 7.772177219390869141e+00 7.014442443847656250e+01
-1.752585029602050781e+01 7.031674861907958984e+00 7.090001678466796875e+01
-1.792585754394531250e+01 7.380150794982910156e+00 7.091654968261718750e+01
-1.652092933654785156e+01 8.201232910156250000e+00 6.989997100830078125e+01
-1.755798530578613281e+01 7.575796604156494141e+00 7.159481048583984375e+01
-1.836023330688476562e+01 7.998149394989013672e+00 6.990014648437500000e+01
-1.752585411071777344e+01 7.031669139862060547e+00 7.090000915527343750e+01
-1.792586326599121094e+01 7.357258796691894531e+00 7.117832183837890625e+01
-1.730127716064453125e+01 7.680225372314453125e+00 6.990172576904296875e+01
-1.752585220336914062e+01 7.031673431396484375e+00 7.090001678466796875e+01
-2.066073608398437500e+01 8.906004905700683594e+00 6.989989471435546875e+01
-1.536165904998779297e+01 8.317636489868164062e+00 6.990009307861328125e+01
-1.781667709350585938e+01 7.416083812713623047e+00 7.159490966796875000e+01
-1.788539886474609375e+01 7.543916702270507812e+00 6.990039062500000000e+01
-1.752585220336914062e+01 7.031670093536376953e+00 7.090000915527343750e+01
-1.792585754394531250e+01 7.208961486816406250e+00 7.100544738769531250e+01
-1.688552093505859375e+01 7.508732318878173828e+00 6.990413665771484375e+01
-1.752585601806640625e+01 7.031671047210693359e+00 7.090002441406250000e+01
-1.881706619262695312e+01 7.609073162078857422e+00 6.990002441406250000e+01
3.961851835250854492e+00 1.414070796966552734e+01 6.911979675292968750e+01
-1.792586708068847656e+01 7.212131977081298828e+00 7.133240509033203125e+01
-1.752097892761230469e+01 7.315128326416015625e+00 6.990006256103515625e+01
-1.752585029602050781e+01 7.031669139862060547e+00 7.090001678466796875e+01
-2.831525230407714844e+01 9.619852066040039062e+00 6.990004730224609375e+01
-1.476000308990478516e+01 7.785356521606445312e+00 6.880082702636718750e+01
-1.765227127075195312e+01 7.169784545898437500e+00 7.159489440917968750e+01
-1.815519332885742188e+01 7.237629890441894531e+00 6.989993286132812500e+01
-1.752585220336914062e+01 7.031667709350585938e+00 7.090000915527343750e+01
-1.792585563659667969e+01 7.091219902038574219e+00 7.110527801513671875e+01
-1.715514183044433594e+01 7.150899410247802734e+00 6.990007019042968750e+01
-1.752585411071777344e+01 7.031667709350585938e+00 7.090001678466796875e+01
-1.961894607543945312e+01 7.195852756500244141e+00 6.990805816650390625e+01
-1.428255271911621094e+01 7.203297615051269531e+00 6.990006256103515625e+01
-1.792586708068847656e+01 7.055651187896728516e+00 7.158255004882812500e+01
-1.774060249328613281e+01 7.041998863220214844e+00 6.989997863769531250e+01
-1.752585029602050781e+01 7.031666755676269531e+00 7.090001678466796875e+01
-1.792586326599121094e+01 7.019445896148681641e+00 7.094985961914062500e+01
-1.667468833923339844e+01 6.965259075164794922e+00 6.990001678466796875e+01
-1.752585792541503906e+01 7.031665802001953125e+00 7.090002441406250000e+01
-1.850907135009765625e+01 6.903795242309570312e+00 6.990229797363281250e+01
-1.752585792541503906e+01 7.031666755676269531e+00 7.090000915527343750e+01
-1.792509651184082031e+01 6.963067531585693359e+00 7.122988128662109375e+01
-1.738635063171386719e+01 6.876909255981445312e+00 6.990008544921875000e+01
-1.752585220336914062e+01 7.031664848327636719e+00 7.090001678466796875e+01
-2.187173843383789062e+01 6.159603118896484375e+00 6.990003204345703125e+01
-1.576087665557861328e+01 6.591343879699707031e+00 6.990003967285156250e+01
-1.775127983093261719e+01 6.857175827026367188e+00 7.159487915039062500e+01
-1.798199462890625000e+01 6.744805335998535156e+00 6.989997100830078125e+01
-1.752585220336914062e+01 7.031664848327636719e+00 7.090000915527343750e+01
-1.792586517333984375e+01 6.901657581329345703e+00 7.104168701171875000e+01
-1.699405097961425781e+01 6.658232212066650391e+00 6.990002441406250000e+01
-1.752585411071777344e+01 7.031662464141845703e+00 7.090002441406250000e+01
-1.906443214416503906e+01 6.338157176971435547e+00 6.990007781982421875e+01
-1.153792285919189453e+01 4.585559844970703125e+00 6.990097808837890625e+01
-1.792568016052246094e+01 6.753548622131347656e+00 7.141110229492187500e+01
-1.760379600524902344e+01 6.575294017791748047e+00 6.990000915527343750e+01
-1.752585029602050781e+01 7.031661987304687500e+00 7.090001678466796875e+01
-1.792583465576171875e+01 6.827544212341308594e+00 7.089610290527343750e+01
-1.641254234313964844e+01 6.224413871765136719e+00 6.989992523193359375e+01
-1.759367942810058594e+01 6.633972644805908203e+00 7.159488677978515625e+01
-1.827713775634765625e+01 6.279920578002929688e+00 6.990003967285156250e+01
-1.752585411071777344e+01 7.031664371490478516e+00 7.090000915527343750e+01
-1.792586898803710938e+01 6.716844558715820312e+00 7.114901733398437500e+01
-1.724656486511230469e+01 6.300573348999023438e+00 6.990007019042968750e+01
-1.752585220336914062e+01 7.031658172607421875e+00 7.090001678466796875e+01
-2.018301010131835938e+01 4.810653209686279297e+00 6.990013122558593750e+01
-1.503481769561767578e+01 4.817281723022460938e+00 6.990007781982421875e+01
-1.785930442810058594e+01 6.360812187194824219e+00 7.159482574462890625e+01
-1.782883453369140625e+01 6.071126937866210938e+00 6.990000915527343750e+01
-1.752585220336914062e+01 7.031659126281738281e+00 7.090001678466796875e+01
-1.792588233947753906e+01 6.611055374145507812e+00 7.098387145996093750e+01
-1.680812835693359375e+01 5.687968254089355469e+00 6.989999389648437500e+01
-1.752585601806640625e+01 7.031647682189941406e+00 7.090002441406250000e+01
-1.868909072875976562e+01 5.133499622344970703e+00 6.990006256103515625e+01
-1.197364568710327148e+00 -1.459874057769775391e+01 7.038430023193359375e+01
-1.792587661743164062e+01 6.236284255981445312e+00 7.129039001464843750e+01
-1.746983909606933594e+01 5.491293907165527344e+00 6.990009307861328125e+01
-1.752585220336914062e+01 7.031649589538574219e+00 7.090001678466796875e+01
-2.439080810546875000e+01 -5.741443634033203125e+00 6.990805816650390625e+01
-1.606221199035644531e+01 3.396188497543334961e+00 6.990269470214843750e+01
-1.768931198120117188e+01 5.365572929382324219e+00 7.159484863281250000e+01
-1.808594703674316406e+01 3.891307830810546875e+00 6.990008544921875000e+01
-1.752585220336914062e+01 7.031647682189941406e+00 7.090000915527343750e+01
-1.792585754394531250e+01 4.882498264312744141e+00 7.108010864257812500e+01
-1.752585792541503906e+01 6.992940902709960938e+00 7.090000915527343750e+01
