-1.047742652893066406e+01 8.589006662368774414e-01 7.090010833740234375e+01
-1.053763484954833984e+01 8.603160381317138672e-01 7.095526123046875000e+01
-1.038965129852294922e+01 3.884221076965332031e+00 6.989995574951171875e+01
-1.038859558105468750e+01 8.603219389915466309e-01 7.101597595214843750e+01
-1.048195743560791016e+01 4.710182845592498779e-01 7.089930725097656250e+01
-8.905318260192871094e+00 4.284801006317138672e+00 6.990006256103515625e+01
-1.053382205963134766e+01 8.603186607360839844e-01 7.110989379882812500e+01
-1.047844600677490234e+01 4.639844000339508057e-01 7.089814758300781250e+01
-1.023311519622802734e+01 8.603266477584838867e-01 7.098933410644531250e+01
-1.073591804504394531e+01 8.582260012626647949e-01 7.100681304931640625e+01
-1.000946617126464844e+01 1.922130346298217773e+00 6.990010070800781250e+01
-1.038161563873291016e+01 8.564240336418151855e-01 7.120556640625000000e+01
-1.048095893859863281e+01 4.650174081325531006e-01 7.089806365966796875e+01
-5.928835391998291016e+00 5.544196128845214844e+00 6.990011596679687500e+01
-1.070099449157714844e+01 8.603149056434631348e-01 7.121810913085937500e+01
-1.047750854492187500e+01 4.608987867832183838e-01 7.089947509765625000e+01
-1.014467620849609375e+01 8.603183031082153320e-01 7.118054962158203125e+01
-1.093659496307373047e+01 8.603118658065795898e-01 7.091909790039062500e+01
-9.472579956054687500e+00 1.629751324653625488e+00 6.990015411376953125e+01
-1.050104713439941406e+01 8.603202104568481445e-01 7.141091918945312500e+01
-1.047937393188476562e+01 4.625355005264282227e-01 7.089777374267578125e+01
-9.914407730102539062e+00 8.603224754333496094e-01 7.097586059570312500e+01
-1.096889591217041016e+01 8.603200912475585938e-01 7.124205780029296875e+01
-1.025246620178222656e+01 1.109934449195861816e+00 6.990013885498046875e+01
-1.014652442932128906e+01 8.603063225746154785e-01 7.147757720947265625e+01
-1.048171424865722656e+01 4.628430306911468506e-01 7.089874267578125000e+01
-8.313085556030273438e+00 1.746334433555603027e+00 6.990013122558593750e+01
-1.076826763153076172e+01 8.447238802909851074e-01 7.159505462646484375e+01
-1.047797298431396484e+01 4.610581696033477783e-01 7.089859008789062500e+01
-9.699162483215332031e+00 8.603131175041198730e-01 7.130914306640625000e+01
-1.137997436523437500e+01 8.603224158287048340e-01 7.113801574707031250e+01
-9.834446907043457031e+00 9.393141269683837891e-01 6.990012359619140625e+01
-1.035800075531005859e+01 7.267638444900512695e-01 7.159501647949218750e+01
-1.048038673400878906e+01 4.616031050682067871e-01 7.089781951904296875e+01
1.594296813011169434e+00 4.454115390777587891e+00 6.989999389648437500e+01
-1.112021636962890625e+01 7.502756714820861816e-01 7.159494781494140625e+01
-1.047254848480224609e+01 7.437490820884704590e-01 6.990013122558593750e+01
-9.847079277038574219e+00 7.051283717155456543e-01 7.159497070312500000e+01
-1.048211765289306641e+01 4.614048600196838379e-01 7.089967346191406250e+01
-9.159834861755371094e+00 8.193204402923583984e-01 6.990010070800781250e+01
-1.060382938385009766e+01 5.983852744102478027e-01 7.159493255615234375e+01
-1.047877216339111328e+01 4.607197642326354980e-01 7.089797210693359375e+01
-7.960388660430908203e+00 8.603301644325256348e-01 7.158992767333984375e+01
-1.183132553100585938e+01 6.618534326553344727e-01 7.159490966796875000e+01
-1.010669231414794922e+01 5.795181393623352051e-01 6.990011596679687500e+01
-1.019457244873046875e+01 5.287621021270751953e-01 7.159493255615234375e+01
-1.048129463195800781e+01 4.605829119682312012e-01 7.089827728271484375e+01
-7.233716964721679688e+00 6.319316625595092773e-01 6.990003967285156250e+01
-1.088455677032470703e+01 4.846908450126647949e-01 7.159480285644531250e+01
-1.047763538360595703e+01 4.602895081043243408e-01 7.089913177490234375e+01
-8.443484306335449219e+00 4.350773990154266357e-01 7.234492492675781250e+01
-1.226021862030029297e+01 4.058125019073486328e-01 7.112229156494140625e+01
-9.626413345336914062e+00 3.938841819763183594e-01 6.990030670166015625e+01
-1.042473697662353516e+01 3.577942848205566406e-01 7.234495544433593750e+01
-1.145705413818359375e+01 3.328743875026702881e-01 6.990603637695312500e+01
-1.047742652893066406e+01 4.602794647216796875e-01 7.090010833740234375e+01
-1.082653236389160156e+01 4.002943038940429688e-01 7.118856048583984375e+01
-1.033790779113769531e+01 3.055098950862884521e-01 6.990010833740234375e+01
-1.028225040435791016e+01 4.002914428710937500e-01 7.118356323242187500e+01
-1.482387447357177734e+01 -4.118981361389160156e-01 6.990000152587890625e+01
-8.712277412414550781e+00 1.991473324596881866e-02 6.990004730224609375e+01
-1.055492305755615234e+01 4.002924263477325439e-01 7.113899230957031250e+01
-1.093354129791259766e+01 1.734319031238555908e-01 6.990011596679687500e+01
-1.028261184692382812e+01 4.002901613712310791e-01 7.098275756835937500e+01
-1.066199588775634766e+01 4.002911746501922607e-01 7.096547698974609375e+01
-9.945600509643554688e+00 8.683186769485473633e-02 6.990008544921875000e+01
-1.043497943878173828e+01 4.002908468246459961e-01 7.106438446044921875e+01
-1.201610279083251953e+01 -2.332757860422134399e-01 6.990010833740234375e+01
1.438933014869689941e+00 -4.407623767852783203e+00 6.891197204589843750e+01
-1.056366539001464844e+01 4.002913236618041992e-01 7.101034545898437500e+01
-1.055536556243896484e+01 3.899950766935944557e-03 6.990009307861328125e+01
-1.038651657104492188e+01 4.002899229526519775e-01 7.098503875732421875e+01
-1.059493255615234375e+01 4.003122150897979736e-01 7.089896392822265625e+01
-9.364150047302246094e+00 -3.469444513320922852e-01 6.990005493164062500e+01
-1.048765659332275391e+01 4.002909660339355469e-01 7.100492095947265625e+01
-1.122872924804687500e+01 -2.914907634258270264e-01 6.990010833740234375e+01
-1.039597892761230469e+01 4.077606499195098877e-01 7.091533660888671875e+01
-1.055364799499511719e+01 4.002905786037445068e-01 7.094755554199218750e+01
-1.019810867309570312e+01 -2.708795070648193359e-01 6.990007781982421875e+01
-1.044381904602050781e+01 4.051264226436614990e-01 7.096639251708984375e+01
-1.313495063781738281e+01 -1.761044621467590332e+00 6.990009307861328125e+01
-7.985978603363037109e+00 -1.754468560218811035e+00 6.990000915527343750e+01
-1.050724411010742188e+01 4.002905488014221191e-01 7.096224212646484375e+01
-1.078040790557861328e+01 -5.002760291099548340e-01 6.990009307861328125e+01
-1.042432785034179688e+01 4.002898931503295898e-01 7.093157958984375000e+01
-1.053448009490966797e+01 4.002901017665863037e-01 7.091207122802734375e+01
-9.759673118591308594e+00 -8.834653496742248535e-01 6.990006256103515625e+01
-1.047128486633300781e+01 4.002903103828430176e-01 7.095143127441406250e+01
-1.164072990417480469e+01 -1.438001513481140137e+00 6.990010070800781250e+01
-1.043216705322265625e+01 4.003234803676605225e-01 7.089868164062500000e+01
-1.050759696960449219e+01 4.002901911735534668e-01 7.092955017089843750e+01
-1.042140197753906250e+01 -1.080276608467102051e+00 6.990007781982421875e+01
-1.045474529266357422e+01 4.002899825572967529e-01 7.092783355712890625e+01
-1.050947475433349609e+01 4.006493389606475830e-01 7.089547729492187500e+01
-9.009723663330078125e+00 -3.185274362564086914e+00 6.990002441406250000e+01
-1.048331165313720703e+01 4.002900421619415283e-01 7.092512512207031250e+01
-1.103758430480957031e+01 -2.680456638336181641e+00 6.990006256103515625e+01
-1.046086120605468750e+01 4.007920026779174805e-01 7.090557098388671875e+01
-1.048851394653320312e+01 4.007084071636199951e-01 7.090509796142578125e+01
-1.047742652893066406e+01 4.002897441387176514e-01 7.090010833740234375e+01
