-3.000000190734863281e+01 8.750472068786621094e+00 6.844993591308593750e+01
-2.888829040527343750e+01 1.375694561004638672e+01 6.989996337890625000e+01
-2.839025688171386719e+01 1.138635158538818359e+01 6.903781127929687500e+01
-2.954524612426757812e+01 1.063073444366455078e+01 6.989977264404296875e+01
-2.869425582885742188e+01 1.032026481628417969e+01 6.955042266845703125e+01
-2.667788887023925781e+01 1.111094093322753906e+01 6.889691925048828125e+01
-2.916918182373046875e+01 9.754848480224609375e+00 6.989982604980468750e+01
-2.846379280090332031e+01 9.540095329284667969e+00 6.925732421875000000e+01
-3.000000190734863281e+01 8.750472068786621094e+00 6.844993591308593750e+01
-2.879553604125976562e+01 9.218328475952148438e+00 6.977768707275390625e+01
-2.827959632873535156e+01 9.023908615112304688e+00 6.892142486572265625e+01
-2.940980911254882812e+01 8.893365859985351562e+00 6.989972686767578125e+01
-2.861279296875000000e+01 8.733283042907714844e+00 6.943534088134765625e+01
-3.000000190734863281e+01 8.750472068786621094e+00 6.844993591308593750e+01
-2.405473899841308594e+01 8.084902763366699219e+00 6.875392150878906250e+01
-2.900171470642089844e+01 8.443645477294921875e+00 6.989975738525390625e+01
-2.850080299377441406e+01 8.288825035095214844e+00 6.908597564697265625e+01
-3.000000190734863281e+01 8.750472068786621094e+00 6.844993591308593750e+01
-2.874448204040527344e+01 7.921978473663330078e+00 6.962282562255859375e+01
-2.830396461486816406e+01 7.656838893890380859e+00 6.876703643798828125e+01
-2.926483726501464844e+01 7.543988704681396484e+00 6.989986419677734375e+01
-2.868504142761230469e+01 7.264852523803710938e+00 6.922921752929687500e+01
-3.000000190734863281e+01 8.750472068786621094e+00 6.844993591308593750e+01
-2.881382942199707031e+01 5.613135814666748047e+00 6.989989471435546875e+01
-2.826770019531250000e+01 2.529788017272949219e+00 6.902127075195312500e+01
-3.000000190734863281e+01 8.750472068786621094e+00 6.844993591308593750e+01
