1.807489013671875000e+01 3.520789384841918945e+00 7.090003967285156250e+01
1.768025207519531250e+01 6.138414382934570312e+00 7.126155853271484375e+01
1.816263961791992188e+01 6.939290046691894531e+00 6.990017700195312500e+01
1.807582855224609375e+01 3.520573377609252930e+00 7.090126037597656250e+01
1.339091110229492188e+01 1.461894702911376953e+01 7.007151031494140625e+01
1.964700126647949219e+01 7.340875625610351562e+00 6.989999389648437500e+01
1.788810920715332031e+01 4.841272830963134766e+00 7.159485626220703125e+01
1.755552482604980469e+01 5.403496265411376953e+00 6.990003204345703125e+01
1.807686424255371094e+01 3.519580364227294922e+00 7.090076446533203125e+01
1.767487335205078125e+01 4.132170677185058594e+00 7.106516265869140625e+01
1.854288673400878906e+01 4.978308677673339844e+00 6.989996337890625000e+01
1.807590103149414062e+01 3.520525455474853516e+00 7.090325927734375000e+01
1.459490966796875000e+01 8.184398651123046875e+00 6.888331604003906250e+01
2.262336730957031250e+01 8.600135803222656250e+00 6.990007019042968750e+01
1.767487144470214844e+01 4.232110023498535156e+00 7.146902465820312500e+01
1.794530487060546875e+01 4.496403217315673828e+00 6.990003967285156250e+01
1.807707214355468750e+01 3.518970489501953125e+00 7.090187835693359375e+01
1.767484092712402344e+01 3.864873647689819336e+00 7.091658020019531250e+01
1.907975196838378906e+01 4.685836315155029297e+00 6.990007019042968750e+01
1.804276084899902344e+01 4.060489654541015625e+00 7.159485626220703125e+01
1.724043655395507812e+01 4.482921123504638672e+00 6.990008544921875000e+01
1.807698822021484375e+01 3.517837762832641602e+00 7.090032196044921875e+01
1.767485046386718750e+01 3.841967344284057617e+00 7.117837524414062500e+01
1.829986190795898438e+01 4.166035175323486328e+00 6.990001678466796875e+01
1.807706832885742188e+01 3.518979787826538086e+00 7.090383911132812500e+01
1.494002437591552734e+01 5.390677928924560547e+00 6.989993286132812500e+01
2.023913383483886719e+01 4.802344322204589844e+00 6.990010070800781250e+01
1.778406333923339844e+01 3.900773525238037109e+00 7.159495544433593750e+01
1.771521949768066406e+01 4.028779506683349609e+00 6.990006256103515625e+01
1.807670402526855469e+01 3.517278909683227539e+00 7.090099334716796875e+01
1.767483520507812500e+01 3.693666458129882812e+00 7.100549316406250000e+01
1.871788215637207031e+01 3.995390176773071289e+00 6.990003967285156250e+01
1.807653045654296875e+01 3.520004987716674805e+00 7.090957641601562500e+01
1.678377342224121094e+01 4.093712806701660156e+00 6.990012359619140625e+01
2.886536979675292969e+01 7.086293220520019531e+00 7.000607299804687500e+01
1.767484855651855469e+01 3.696826934814453125e+00 7.133247375488281250e+01
1.807976913452148438e+01 3.799821138381958008e+00 6.990004730224609375e+01
1.807641029357910156e+01 3.516937017440795898e+00 7.090171813964843750e+01
7.284064292907714844e+00 6.104876041412353516e+00 6.989994812011718750e+01
1.939243507385253906e+01 3.875375270843505859e+00 6.990007019042968750e+01
1.794846534729003906e+01 3.654476881027221680e+00 7.159498596191406250e+01
1.744563484191894531e+01 3.722283840179443359e+00 6.990009307861328125e+01
1.807558631896972656e+01 3.516457557678222656e+00 7.090023040771484375e+01
1.767484283447265625e+01 3.575907707214355469e+00 7.110533905029296875e+01
1.844555282592773438e+01 3.635562181472778320e+00 6.990024566650390625e+01
1.807596397399902344e+01 3.516607046127319336e+00 7.090267944335937500e+01
1.596506786346435547e+01 3.681845426559448242e+00 6.990015411376953125e+01
2.131827163696289062e+01 3.687981843948364258e+00 6.990007019042968750e+01
1.767486190795898438e+01 3.540332555770874023e+00 7.158261871337890625e+01
1.786015319824218750e+01 3.526678562164306641e+00 6.990004730224609375e+01
1.807489013671875000e+01 3.516346931457519531e+00 7.090003967285156250e+01
1.767484283447265625e+01 3.504124879837036133e+00 7.094989776611328125e+01
1.892607116699218750e+01 3.449938535690307617e+00 6.990003967285156250e+01
1.807489013671875000e+01 3.516346931457519531e+00 7.090003967285156250e+01
1.708947181701660156e+01 3.388188838958740234e+00 6.990009307861328125e+01
1.807489013671875000e+01 3.516346931457519531e+00 7.090003967285156250e+01
1.767485046386718750e+01 3.447609901428222656e+00 7.123057556152343750e+01
1.821441078186035156e+01 3.361573934555053711e+00 6.990001678466796875e+01
1.807489013671875000e+01 3.516346931457519531e+00 7.090003967285156250e+01
1.372857856750488281e+01 2.644196748733520508e+00 6.989996337890625000e+01
1.983987426757812500e+01 3.076023340225219727e+00 6.990007019042968750e+01
1.784946441650390625e+01 3.341853857040405273e+00 7.159491729736328125e+01
1.761877632141113281e+01 3.229499816894531250e+00 6.990004730224609375e+01
1.807489013671875000e+01 3.516346931457519531e+00 7.090003967285156250e+01
1.767485046386718750e+01 3.386327266693115234e+00 7.104172515869140625e+01
1.860671424865722656e+01 3.142901420593261719e+00 6.990002441406250000e+01
1.807489013671875000e+01 3.516346931457519531e+00 7.090003967285156250e+01
1.653630065917968750e+01 2.822830677032470703e+00 6.990009307861328125e+01
2.406917381286621094e+01 1.067646741867065430e+00 6.989994812011718750e+01
1.767486381530761719e+01 3.238087415695190430e+00 7.141139221191406250e+01
1.799695014953613281e+01 3.059961557388305664e+00 6.990001678466796875e+01
1.807489013671875000e+01 3.516346931457519531e+00 7.090003967285156250e+01
1.918811988830566406e+01 2.709157228469848633e+00 6.990003204345703125e+01
1.800707244873046875e+01 3.118675708770751953e+00 7.159487915039062500e+01
1.732358741760253906e+01 2.764576435089111328e+00 6.990003967285156250e+01
1.807489013671875000e+01 3.516346931457519531e+00 7.090003967285156250e+01
1.767486190795898438e+01 3.201511383056640625e+00 7.114905548095703125e+01
1.835363578796386719e+01 2.786685466766357422e+00 6.990206146240234375e+01
1.807489013671875000e+01 3.516346931457519531e+00 7.090003967285156250e+01
1.489730453491210938e+01 8.603224754333496094e-01 6.970432281494140625e+01
2.056605339050292969e+01 1.301851749420166016e+00 6.990005493164062500e+01
1.774146080017089844e+01 2.845525741577148438e+00 7.159481811523437500e+01
1.777190208435058594e+01 2.555771827697753906e+00 6.990000152587890625e+01
1.807489013671875000e+01 3.516346931457519531e+00 7.090003967285156250e+01
1.767572212219238281e+01 3.096635818481445312e+00 7.098371887207031250e+01
1.879262542724609375e+01 2.172637701034545898e+00 6.990001678466796875e+01
1.807489013671875000e+01 3.516346931457519531e+00 7.090003967285156250e+01
1.691154861450195312e+01 1.618004560470581055e+00 6.990000152587890625e+01
2.855828666687011719e+01 -1.037104320526123047e+01 7.056893920898437500e+01
1.767484283447265625e+01 2.720909118652343750e+00 7.129044342041015625e+01
1.813091468811035156e+01 1.975790023803710938e+00 6.990000915527343750e+01
1.807489013671875000e+01 3.516346931457519531e+00 7.090003967285156250e+01
1.121656990051269531e+01 -9.244427680969238281e+00 6.990904235839843750e+01
1.954250717163085938e+01 -1.289920359849929810e-01 6.990001678466796875e+01
1.791143226623535156e+01 1.850216388702392578e+00 7.159489440917968750e+01
1.751872253417968750e+01 3.979842364788055420e-01 6.990711975097656250e+01
1.916541099548339844e+01 -3.997077941894531250e-01 7.125970458984375000e+01
1.767484664916992188e+01 1.366941928863525391e+00 7.108015441894531250e+01
1.807489013671875000e+01 2.909579753875732422e+00 7.090003967285156250e+01
