-9.134962081909179688e+00 4.603339731693267822e-01 7.090005493164062500e+01
-9.143826484680175781e+00 4.592166543006896973e-01 7.090817260742187500e+01
-9.047199249267578125e+00 3.823761940002441406e+00 6.990004730224609375e+01
-9.121636390686035156e+00 4.603320062160491943e-01 7.091743469238281250e+01
-9.160140991210937500e+00 4.600024223327636719e-01 7.089559936523437500e+01
-7.563074111938476562e+00 4.224305629730224609e+00 6.990014648437500000e+01
-9.143422126770019531e+00 4.603327810764312744e-01 7.093152618408203125e+01
-9.654298782348632812e+00 2.287362813949584961e+00 6.990010070800781250e+01
-9.098313331604003906e+00 4.603305459022521973e-01 7.091343688964843750e+01
-9.173946380615234375e+00 4.603358805179595947e-01 7.091614532470703125e+01
-8.667044639587402344e+00 1.862036705017089844e+00 6.990014648437500000e+01
-9.120448112487792969e+00 4.603302478790283203e-01 7.094632720947265625e+01
-1.086063861846923828e+01 2.715145111083984375e+00 6.989999389648437500e+01
-4.586240291595458984e+00 5.484383106231689453e+00 6.990003204345703125e+01
-9.168501853942871094e+00 4.603336751461029053e-01 7.094776153564453125e+01
-9.264536857604980469e+00 1.380296587944030762e+00 6.990013122558593750e+01
-9.085047721862792969e+00 4.603279531002044678e-01 7.094212341308593750e+01
-9.203699111938476562e+00 4.602048099040985107e-01 7.090290069580078125e+01
-8.130484580993652344e+00 1.569362759590148926e+00 6.990046691894531250e+01
-9.138504981994628906e+00 4.603298306465148926e-01 7.097668457031250000e+01
-9.969381332397460938e+00 1.366854071617126465e+00 6.990013885498046875e+01
-9.050508499145507812e+00 4.603272080421447754e-01 7.091141510009765625e+01
-9.208694458007812500e+00 4.603363573551177979e-01 7.095135498046875000e+01
-8.910007476806640625e+00 1.049960136413574219e+00 6.990010833740234375e+01
-9.085326194763183594e+00 4.603253901004791260e-01 7.098667907714843750e+01
-1.226956272125244141e+01 2.274492502212524414e+00 6.990003204345703125e+01
-6.983815670013427734e+00 1.678534865379333496e+00 6.990617370605468750e+01
-9.180361747741699219e+00 4.603310227394104004e-01 7.100853729248046875e+01
-9.494619369506835938e+00 9.127347469329833984e-01 6.990011596679687500e+01
-9.018228530883789062e+00 4.603219926357269287e-01 7.096140289306640625e+01
-9.268367767333984375e+00 4.594507515430450439e-01 7.093521881103515625e+01
-8.491991996765136719e+00 8.793472647666931152e-01 6.990008544921875000e+01
-9.108071327209472656e+00 4.603230059146881104e-01 7.105652618408203125e+01
-1.042608642578125000e+01 9.776893258094787598e-01 6.990013885498046875e+01
2.936408996582031250e+00 4.394039154052734375e+00 6.989996337890625000e+01
-9.267986297607421875e+00 4.603344500064849854e-01 7.104385375976562500e+01
-9.130084037780761719e+00 6.837853789329528809e-01 6.990009307861328125e+01
-8.980514526367187500e+00 4.603129625320434570e-01 7.107031250000000000e+01
-1.992387771606445312e+01 2.988391160964965820e+00 6.990013885498046875e+01
-7.817386150360107422e+00 7.593568563461303711e-01 6.990006256103515625e+01
-9.134962081909179688e+00 4.003205299377441406e-01 7.090005493164062500e+01
-9.764215469360351562e+00 6.062564849853515625e-01 6.990010833740234375e+01
-8.757576942443847656e+00 4.603006839752197266e-01 7.100347900390625000e+01
-9.538057327270507812e+00 4.603346288204193115e-01 7.110691833496093750e+01
-8.764233589172363281e+00 5.195569992065429688e-01 6.990007781982421875e+01
-8.852153778076171875e+00 4.687919616699218750e-01 7.159476470947265625e+01
-1.124491691589355469e+01 5.658290982246398926e-01 6.990010833740234375e+01
-5.891220569610595703e+00 5.719740986824035645e-01 6.989997100830078125e+01
-9.134963035583496094e+00 4.003202617168426514e-01 7.090005493164062500e+01
-9.349693298339843750e+00 4.106516540050506592e-01 6.990008544921875000e+01
-8.156788825988769531e+00 3.881998956203460693e-01 7.159490203857421875e+01
-1.469793796539306641e+01 2.303630113601684570e-01 7.159336090087890625e+01
-8.283782958984375000e+00 3.339120149612426758e-01 6.990005493164062500e+01
-9.109624862670898438e+00 3.510375320911407471e-01 7.159484863281250000e+01
-9.134962081909179688e+00 4.003201723098754883e-01 7.090005493164062500e+01
-9.134962081909179688e+00 4.003202021121978760e-01 7.090005493164062500e+01
-9.975869178771972656e+00 2.558310925960540771e-01 7.159485626220703125e+01
-9.134962081909179688e+00 4.003201723098754883e-01 7.090005493164062500e+01
-8.656562805175781250e+00 2.532827556133270264e-01 7.159484100341796875e+01
-9.134963035583496094e+00 4.003200829029083252e-01 7.090005493164062500e+01
-9.134962081909179688e+00 4.003201425075531006e-01 7.090005493164062500e+01
-9.360384941101074219e+00 2.258290648460388184e-01 7.159492492675781250e+01
-9.134962081909179688e+00 4.003201723098754883e-01 7.090005493164062500e+01
-7.497256755828857422e+00 -1.039775535464286804e-01 7.159485626220703125e+01
-1.109685897827148438e+01 -2.373292297124862671e-01 7.159491729736328125e+01
-9.134962081909179688e+00 4.003201425075531006e-01 7.090005493164062500e+01
-8.955424308776855469e+00 1.465882211923599243e-01 7.159489440917968750e+01
-9.134962081909179688e+00 4.003201127052307129e-01 7.090005493164062500e+01
-9.134961128234863281e+00 4.003199636936187744e-01 7.090005493164062500e+01
-9.678541183471679688e+00 2.220554277300834656e-02 7.159490966796875000e+01
-9.134962081909179688e+00 4.003201425075531006e-01 7.090005493164062500e+01
-8.391287803649902344e+00 -9.041614085435867310e-02 7.159478759765625000e+01
-9.134963035583496094e+00 4.003196358680725098e-01 7.090005493164062500e+01
-9.134962081909179688e+00 4.003200829029083252e-01 7.090005493164062500e+01
-9.202784538269042969e+00 2.624165266752243042e-03 7.159494018554687500e+01
-9.134962081909179688e+00 4.003201127052307129e-01 7.090005493164062500e+01
-7.894247531890869141e+00 -3.997129797935485840e-01 7.113202667236328125e+01
-1.014939212799072266e+01 -3.980700969696044922e-01 7.153153228759765625e+01
-9.134962081909179688e+00 4.003201127052307129e-01 7.090005493164062500e+01
-8.782650947570800781e+00 -1.778611242771148682e-01 7.159490203857421875e+01
-9.134962081909179688e+00 4.003199636936187744e-01 7.090005493164062500e+01
-9.134962081909179688e+00 4.003199636936187744e-01 7.090005493164062500e+01
-9.468438148498535156e+00 -2.705947458744049072e-01 7.159493255615234375e+01
-9.134962081909179688e+00 4.003200829029083252e-01 7.090005493164062500e+01
-8.426835060119628906e+00 -3.997092545032501221e-01 7.131970977783203125e+01
-9.134963989257812500e+00 4.003179371356964111e-01 7.090005493164062500e+01
-9.134962081909179688e+00 4.003200232982635498e-01 7.090005493164062500e+01
-9.053051948547363281e+00 -3.996956348419189453e-01 7.158448791503906250e+01
-9.134962081909179688e+00 4.003199934959411621e-01 7.090005493164062500e+01
-9.134962081909179688e+00 4.003196358680725098e-01 7.090005493164062500e+01
-9.537314414978027344e+00 -3.997008204460144043e-01 7.129270935058593750e+01
-9.134962081909179688e+00 4.003200232982635498e-01 7.090005493164062500e+01
-8.833602905273437500e+00 -3.967512547969818115e-01 7.126843261718750000e+01
-9.134962081909179688e+00 4.003197252750396729e-01 7.090005493164062500e+01
-9.134962081909179688e+00 4.003199040889739990e-01 7.090005493164062500e+01
-9.213448524475097656e+00 -3.997000753879547119e-01 7.123370361328125000e+01
-9.134962081909179688e+00 4.003199338912963867e-01 7.090005493164062500e+01
-9.134962081909179688e+00 4.003192782402038574e-01 7.090005493164062500e+01
-9.134962081909179688e+00 4.003193080425262451e-01 7.090005493164062500e+01
-9.134962081909179688e+00 4.003195762634277344e-01 7.090005493164062500e+01
