-1.171282768249511719e+00 -3.997237086296081543e-01 7.089991760253906250e+01
-1.180141210556030273e+00 -4.008423984050750732e-01 7.090803527832031250e+01
-1.083519935607910156e+00 2.963752508163452148e+00 6.989990234375000000e+01
-1.157964825630187988e+00 -3.997242152690887451e-01 7.091728973388671875e+01
-1.196445703506469727e+00 -4.000553488731384277e-01 7.089546966552734375e+01
3.971361219882965088e-01 3.355845689773559570e+00 6.990222167968750000e+01
-1.179737806320190430e+00 -3.997239768505096436e-01 7.093137359619140625e+01
-2.231298208236694336e+00 3.391932725906372070e+00 6.885892486572265625e+01
-1.134655475616455078e+00 -3.997246026992797852e-01 7.091329193115234375e+01
-1.210241556167602539e+00 -3.997231721878051758e-01 7.091600036621093750e+01
-2.434557080268859863e-01 2.438718318939208984e+00 6.891720581054687500e+01
-1.156777262687683105e+00 -3.997246325016021729e-01 7.094616699218750000e+01
-2.896874189376831055e+00 1.855011582374572754e+00 6.989990234375000000e+01
3.367950439453125000e+00 4.613757610321044922e+00 6.990197753906250000e+01
-1.204801678657531738e+00 -3.997237086296081543e-01 7.094759368896484375e+01
-1.300865650177001953e+00 5.203367471694946289e-01 6.989993286132812500e+01
-1.121396183967590332e+00 -3.997252583503723145e-01 7.094196319580078125e+01
-1.239971995353698730e+00 -3.998571932315826416e-01 7.090275573730468750e+01
-1.664457917213439941e-01 7.097608447074890137e-01 6.989997100830078125e+01
-1.174823999404907227e+00 -3.997247219085693359e-01 7.097650146484375000e+01
-2.005780220031738281e+00 5.069239735603332520e-01 6.989990997314453125e+01
-1.086875081062316895e+00 -3.997254967689514160e-01 7.091127777099609375e+01
-1.244967341423034668e+00 -3.997229933738708496e-01 7.095118713378906250e+01
-9.463246464729309082e-01 1.899497509002685547e-01 6.989995574951171875e+01
-1.121672272682189941e+00 -3.997258841991424561e-01 7.098649597167968750e+01
-4.305756092071533203e+00 1.414396405220031738e+00 6.989993286132812500e+01
9.928987622261047363e-01 8.262602090835571289e-01 6.990000915527343750e+01
-1.216655611991882324e+00 -3.997243344783782959e-01 7.100833129882812500e+01
-1.530954718589782715e+00 5.273580923676490784e-02 6.989994049072265625e+01
-1.054605364799499512e+00 -3.997268378734588623e-01 7.096124267578125000e+01
-1.305455446243286133e+00 -4.002295434474945068e-01 7.093528747558593750e+01
-5.283291935920715332e-01 1.931501924991607666e-02 6.989997863769531250e+01
-1.144405484199523926e+00 -3.997264504432678223e-01 7.105631256103515625e+01
-2.462519168853759766e+00 1.177192777395248413e-01 6.989990997314453125e+01
1.086543273925781250e+01 3.522553682327270508e+00 6.990270233154296875e+01
-1.304237008094787598e+00 -3.997172713279724121e-01 7.104364013671875000e+01
-1.166404604911804199e+00 -1.762337833642959595e-01 6.989995574951171875e+01
-1.016891956329345703e+00 -3.997291326522827148e-01 7.107011413574218750e+01
-1.196006202697753906e+01 2.128338336944580078e+00 6.990001678466796875e+01
1.461881548166275024e-01 -1.006918549537658691e-01 6.990000152587890625e+01
-1.226182699203491211e+00 -3.997171521186828613e-01 7.120169830322265625e+01
-1.800559759140014648e+00 -2.537559270858764648e-01 6.989993286132812500e+01
-7.939800620079040527e-01 -3.997325301170349121e-01 7.100331878662109375e+01
-1.574197411537170410e+00 -3.997123539447784424e-01 7.110668945312500000e+01
-8.005658984184265137e-01 -3.404668867588043213e-01 6.989997100830078125e+01
-9.235859513282775879e-01 -3.997291922569274902e-01 7.150837707519531250e+01
-3.281327724456787109e+00 -2.941839993000030518e-01 6.989992523193359375e+01
2.071679115295410156e+00 -2.880872786045074463e-01 6.990007781982421875e+01
-2.018084764480590820e+00 -4.089259505271911621e-01 7.234483337402343750e+01
-1.385993003845214844e+00 -4.493694901466369629e-01 6.990004730224609375e+01
-1.929145008325576782e-01 -4.718226492404937744e-01 7.159490203857421875e+01
-6.748195648193359375e+00 -6.300829052925109863e-01 7.159495544433593750e+01
-1.171279668807983398e+00 -4.597001671791076660e-01 7.089991760253906250e+01
-1.145936608314514160e+00 -5.089998841285705566e-01 7.159495544433593750e+01
-1.171286702156066895e+00 -4.597004354000091553e-01 7.089990997314453125e+01
2.398146390914916992e+00 -8.592955470085144043e-01 7.108242797851562500e+01
-2.012417316436767578e+00 -6.042280793190002441e-01 7.159490203857421875e+01
-1.171282172203063965e+00 -4.597005546092987061e-01 7.089990997314453125e+01
-6.927942633628845215e-01 -6.067647933959960938e-01 7.159483337402343750e+01
-1.171298742294311523e+00 -4.597031474113464355e-01 7.089991760253906250e+01
-1.171275973320007324e+00 -4.597016274929046631e-01 7.089990997314453125e+01
-1.396750688552856445e+00 -6.342257857322692871e-01 7.159492492675781250e+01
-1.171284556388854980e+00 -4.597010612487792969e-01 7.089990997314453125e+01
1.278050988912582397e-01 -8.597273230552673340e-01 7.145105743408203125e+01
-2.402078628540039062e+00 -8.597292304039001465e-01 7.133583831787109375e+01
-1.171280741691589355e+00 -4.597013890743255615e-01 7.089990997314453125e+01
-9.917153120040893555e-01 -7.134740352630615234e-01 7.159487152099609375e+01
-1.171288609504699707e+00 -4.597025215625762939e-01 7.089991760253906250e+01
-1.171276450157165527e+00 -4.597025215625762939e-01 7.089991760253906250e+01
-1.714897036552429199e+00 -8.378394246101379395e-01 7.159481811523437500e+01
-1.171283125877380371e+00 -4.597016870975494385e-01 7.089990997314453125e+01
-5.650665760040283203e-01 -8.597302436828613281e-01 7.146623992919921875e+01
-1.171285748481750488e+00 -4.597014486789703369e-01 7.089991760253906250e+01
-1.171278595924377441e+00 -4.597029387950897217e-01 7.089991760253906250e+01
-1.239108562469482422e+00 -8.574168682098388672e-01 7.159484100341796875e+01
-1.171285629272460938e+00 -4.597027301788330078e-01 7.089991760253906250e+01
-5.509116053581237793e-01 -8.597254753112792969e-01 7.101590728759765625e+01
-1.679569244384765625e+00 -8.597382307052612305e-01 7.121632385253906250e+01
-1.171281695365905762e+00 -4.597026705741882324e-01 7.089991760253906250e+01
-9.275274276733398438e-01 -8.597288131713867188e-01 7.138066101074218750e+01
-1.171291351318359375e+00 -4.597070813179016113e-01 7.089991760253906250e+01
-1.171274781227111816e+00 -4.597070813179016113e-01 7.089991760253906250e+01
-1.370118141174316406e+00 -8.597333431243896484e-01 7.131423950195312500e+01
-1.171283841133117676e+00 -4.597034454345703125e-01 7.089991760253906250e+01
-8.171981573104858398e-01 -8.597386479377746582e-01 7.110975646972656250e+01
-1.551728606224060059e+00 -8.597251772880554199e-01 7.097967529296875000e+01
-1.171280264854431152e+00 -4.597046375274658203e-01 7.089991760253906250e+01
-1.130325794219970703e+00 -8.597242832183837891e-01 7.124214935302734375e+01
-1.171286582946777344e+00 -4.597062468528747559e-01 7.089991760253906250e+01
-1.171281576156616211e+00 -4.597014784812927246e-01 7.089991760253906250e+01
-1.372465848922729492e+00 -8.597244024276733398e-01 7.109625244140625000e+01
-1.171282529830932617e+00 -4.597052335739135742e-01 7.089991760253906250e+01
-1.020037412643432617e+00 -8.597325682640075684e-01 7.108480072021484375e+01
-1.171283721923828125e+00 -4.597016572952270508e-01 7.089991760253906250e+01
-1.171281814575195312e+00 -4.597022831439971924e-01 7.089991760253906250e+01
-1.210527658462524414e+00 -8.597254753112792969e-01 7.106674957275390625e+01
-1.171283245086669922e+00 -4.597023725509643555e-01 7.089991760253906250e+01
-1.171282410621643066e+00 -4.597010016441345215e-01 7.089991760253906250e+01
-1.171283006668090820e+00 -4.597010314464569092e-01 7.089991760253906250e+01
-1.171282768249511719e+00 -4.597013890743255615e-01 7.089991760253906250e+01
