6.554277896881103516e+00 1.463898468017578125e+01 7.089995574951171875e+01
6.554277896881103516e+00 8.603150248527526855e-01 7.089995574951171875e+01
6.728898048400878906e+00 7.671895980834960938e+00 6.891024780273437500e+01
6.554277896881103516e+00 8.603150248527526855e-01 7.089995574951171875e+01
9.526275396347045898e-01 1.413810253143310547e+01 6.990910339355468750e+01
8.126264572143554688e+00 4.684540271759033203e+00 6.989998626708984375e+01
6.554277896881103516e+00 8.603150248527526855e-01 7.089995574951171875e+01
6.034921646118164062e+00 2.747428178787231445e+00 6.989996337890625000e+01
6.554277896881103516e+00 8.603150248527526855e-01 7.089995574951171875e+01
6.554277896881103516e+00 8.603150248527526855e-01 7.089995574951171875e+01
7.022239685058593750e+00 2.322170019149780273e+00 6.989994812011718750e+01
6.554277896881103516e+00 8.603150248527526855e-01 7.089995574951171875e+01
4.828732967376708984e+00 3.174964189529418945e+00 6.989996337890625000e+01
1.110218715667724609e+01 5.943469524383544922e+00 6.990010833740234375e+01
6.554277896881103516e+00 8.603150248527526855e-01 7.089995574951171875e+01
6.424694538116455078e+00 1.840356588363647461e+00 6.989997100830078125e+01
6.554277896881103516e+00 8.603150248527526855e-01 7.089995574951171875e+01
6.554277896881103516e+00 8.603150248527526855e-01 7.089995574951171875e+01
7.559176921844482422e+00 2.029848337173461914e+00 6.989994812011718750e+01
6.554277896881103516e+00 8.603150248527526855e-01 7.089995574951171875e+01
5.719810485839843750e+00 1.826904177665710449e+00 6.989998626708984375e+01
6.554277896881103516e+00 8.603150248527526855e-01 7.089995574951171875e+01
6.554277896881103516e+00 8.603150248527526855e-01 7.089995574951171875e+01
6.779243469238281250e+00 1.509986042976379395e+00 6.989996337890625000e+01
6.554277896881103516e+00 8.603150248527526855e-01 7.089995574951171875e+01
3.419852018356323242e+00 2.734383106231689453e+00 6.989998626708984375e+01
8.718705177307128906e+00 2.146421194076538086e+00 6.989993286132812500e+01
6.554277896881103516e+00 8.603150248527526855e-01 7.089995574951171875e+01
6.194607257843017578e+00 1.372749209403991699e+00 6.989997863769531250e+01
6.554277896881103516e+00 8.603150248527526855e-01 7.089995574951171875e+01
6.554277896881103516e+00 8.603150248527526855e-01 7.089995574951171875e+01
7.197269439697265625e+00 1.339358210563659668e+00 6.989995574951171875e+01
6.554277896881103516e+00 8.603150248527526855e-01 7.089995574951171875e+01
5.263105869293212891e+00 1.437705397605895996e+00 6.990000152587890625e+01
1.862426185607910156e+01 4.853575229644775391e+00 6.989997863769531250e+01
6.554277896881103516e+00 8.603150248527526855e-01 7.089995574951171875e+01
6.559154987335205078e+00 1.143713951110839844e+00 6.990023040771484375e+01
6.554277896881103516e+00 8.603150248527526855e-01 7.089995574951171875e+01
-4.235179424285888672e+00 3.448515892028808594e+00 6.989999389648437500e+01
7.871868610382080078e+00 1.219355702400207520e+00 6.989994812011718750e+01
6.554277896881103516e+00 8.603150248527526855e-01 7.089995574951171875e+01
5.925950527191162109e+00 1.065948247909545898e+00 6.990148162841796875e+01
6.554277896881103516e+00 8.603150248527526855e-01 7.089995574951171875e+01
6.554277896881103516e+00 8.603150248527526855e-01 7.089995574951171875e+01
6.924865722656250000e+00 9.795064926147460938e-01 6.990036010742187500e+01
6.554277896881103516e+00 8.603150248527526855e-01 7.089995574951171875e+01
4.444357395172119141e+00 1.025821208953857422e+00 6.990002441406250000e+01
9.797771453857421875e+00 1.031955838203430176e+00 6.989995574951171875e+01
6.554277896881103516e+00 8.603150248527526855e-01 7.089995574951171875e+01
6.339544296264648438e+00 8.706465959548950195e-01 6.989997863769531250e+01
7.532672405242919922e+00 8.481919765472412109e-01 7.159496307373046875e+01
9.780814051628112793e-01 6.899539232254028320e-01 7.159490966796875000e+01
8.001324653625488281e+00 7.474177479743957520e-01 6.919990539550781250e+01
6.579620361328125000e+00 8.110218644142150879e-01 7.159489440917968750e+01
5.568851947784423828e+00 7.321558594703674316e-01 6.990000152587890625e+01
1.012745857238769531e+01 4.602994024753570557e-01 7.108265686035156250e+01
5.713264942169189453e+00 7.158077955245971680e-01 7.159484100341796875e+01
6.693794250488281250e+00 7.055478692054748535e-01 6.989997100830078125e+01
7.032832622528076172e+00 7.132297754287719727e-01 7.159496307373046875e+01
2.749398052692413330e-01 -3.997248709201812744e-01 6.945509338378906250e+01
8.309821128845214844e+00 4.223465919494628906e-01 6.990533447265625000e+01
6.328826904296875000e+00 6.858024001121520996e-01 7.159490966796875000e+01
6.098174095153808594e+00 5.734745860099792480e-01 6.989998626708984375e+01
7.853287696838378906e+00 4.603115916252136230e-01 7.145106506347656250e+01
5.323547840118408203e+00 4.603070914745330811e-01 7.133585357666015625e+01
7.123937606811523438e+00 4.603010118007659912e-01 6.982878875732421875e+01
6.733860015869140625e+00 6.065202951431274414e-01 7.159497070312500000e+01
3.943889856338500977e+00 -3.163118362426757812e-01 6.920344543457031250e+01
6.560741424560546875e+00 8.576746582984924316e-01 7.089888000488281250e+01
6.010650634765625000e+00 4.821665883064270020e-01 7.159487152099609375e+01
6.476341724395751953e+00 4.039520919322967529e-01 6.989997863769531250e+01
7.160449504852294922e+00 4.603140056133270264e-01 7.146623229980468750e+01
6.554277896881103516e+00 8.603150248527526855e-01 7.089995574951171875e+01
8.291655540466308594e+00 -3.994375169277191162e-01 6.933927917480468750e+01
6.486443042755126953e+00 4.625444710254669189e-01 7.159497070312500000e+01
5.295060634613037109e+00 -3.996852338314056396e-01 6.922391510009765625e+01
7.174606800079345703e+00 4.603167474269866943e-01 7.101593780517578125e+01
6.046020507812500000e+00 4.602994918823242188e-01 7.121634674072265625e+01
7.029150485992431641e+00 -3.827395737171173096e-01 6.919979858398437500e+01
6.798014640808105469e+00 4.603168964385986328e-01 7.138066101074218750e+01
3.897028923034667969e+00 -1.360779404640197754e+00 6.990003967285156250e+01
6.556892871856689453e+00 8.579903244972229004e-01 7.089890289306640625e+01
6.355462551116943359e+00 4.603216946125030518e-01 7.131423187255859375e+01
6.156844615936279297e+00 -3.996877968311309814e-01 6.958819580078125000e+01
6.905652046203613281e+00 4.633387625217437744e-01 7.110819244384765625e+01
6.173865318298339844e+00 4.603247344493865967e-01 7.097970581054687500e+01
7.472921371459960938e+00 -8.595260977745056152e-01 6.962000274658203125e+01
6.595231533050537109e+00 4.603254199028015137e-01 7.124215698242187500e+01
5.390872955322265625e+00 -1.038132071495056152e+00 6.989986419677734375e+01
6.845324993133544922e+00 4.747638106346130371e-01 7.089076232910156250e+01
6.353115558624267578e+00 4.603316783905029297e-01 7.109626770019531250e+01
6.610299110412597656e+00 -6.801353096961975098e-01 6.989999389648437500e+01
6.705507278442382812e+00 4.603244960308074951e-01 7.108481597900390625e+01
-3.655041456222534180e-01 -1.201481628417968750e+01 6.990007781982421875e+01
8.021740913391113281e+00 -2.784641981124877930e+00 6.990003967285156250e+01
6.515037059783935547e+00 4.603307247161865234e-01 7.106676483154296875e+01
5.994185924530029297e+00 -2.280054330825805664e+00 6.990003204345703125e+01
6.665664196014404297e+00 4.603281021118164062e-01 7.093669128417968750e+01
6.479834079742431641e+00 4.603339433670043945e-01 7.093347167968750000e+01
6.554277896881103516e+00 4.603321552276611328e-01 7.089995574951171875e+01
