-1.731070327758789062e+01 -7.932428836822509766e+00 7.089472961425781250e+01
-1.745571899414062500e+01 -7.829556941986083984e+00 7.102757263183593750e+01
-1.728912734985351562e+01 -7.951418876647949219e+00 7.064888000488281250e+01
-1.716824913024902344e+01 -8.151536941528320312e+00 7.108053588867187500e+01
-1.774497985839843750e+01 -7.763688087463378906e+00 7.081790924072265625e+01
-1.713612556457519531e+01 -8.368368148803710938e+00 7.078367614746093750e+01
-1.744582939147949219e+01 -7.834545135498046875e+00 7.139739227294921875e+01
-1.758966064453125000e+01 -7.779458999633789062e+00 7.035761260986328125e+01
-1.715311431884765625e+01 -8.535023689270019531e+00 7.095227813720703125e+01
-1.795124244689941406e+01 -7.806960582733154297e+00 7.115913391113281250e+01
-1.713768196105957031e+01 -8.252572059631347656e+00 7.052499389648437500e+01
-1.716070938110351562e+01 -8.172894477844238281e+00 7.137293243408203125e+01
-1.801998901367187500e+01 -7.841629981994628906e+00 7.048368072509765625e+01
-1.727938079833984375e+01 -8.758059501647949219e+00 7.088784027099609375e+01
-1.780289840698242188e+01 -7.912369728088378906e+00 7.159482574462890625e+01
-1.743684196472167969e+01 -7.839078903198242188e+00 6.992132568359375000e+01
-1.728183937072753906e+01 -8.758365631103515625e+00 7.091905975341796875e+01
-1.820837783813476562e+01 -8.011004447937011719e+00 7.093185424804687500e+01
-1.728077316284179688e+01 -8.758234977722167969e+00 7.086494445800781250e+01
-1.734307289123535156e+01 -8.244837760925292969e+00 7.159476470947265625e+01
-1.809140205383300781e+01 -7.888761043548583984e+00 6.995919036865234375e+01
-6.532622337341308594e+00 -1.134893178939819336e+00 7.234490203857421875e+01
-1.823079299926757812e+01 -8.044144630432128906e+00 7.153490447998046875e+01
-1.713489723205566406e+01 -8.285362243652343750e+00 7.011325073242187500e+01
-1.727875328063964844e+01 -8.754442214965820312e+00 7.095048522949218750e+01
-1.830093193054199219e+01 -8.201011657714843750e+00 7.057881927490234375e+01
-1.515772819519042969e+01 -7.513766765594482422e+00 6.990000152587890625e+01
-1.760372352600097656e+01 -8.405742645263671875e+00 7.159488677978515625e+01
-1.798738670349121094e+01 -7.828977108001708984e+00 6.901338195800781250e+01
-1.455153846740722656e+01 -7.374835968017578125e+00 7.234487152099609375e+01
-1.831981658935546875e+01 -8.345790863037109375e+00 7.116072845458984375e+01
-1.667101669311523438e+01 -8.316486358642578125e+00 6.989987182617187500e+01
-1.719065093994140625e+01 -8.525184631347656250e+00 7.159328460693359375e+01
-1.832156372070312500e+01 -8.341028213500976562e+00 7.011186218261718750e+01
-5.303353786468505859e+00 -4.820529937744140625e+00 6.989994812011718750e+01
-1.795713233947753906e+01 -8.501429557800292969e+00 7.159349822998046875e+01
-1.731070327758789062e+01 -8.793067932128906250e+00 7.089472961425781250e+01
-1.599521732330322266e+01 -8.282087326049804688e+00 7.234486389160156250e+01
-1.828928184509277344e+01 -8.558323860168457031e+00 7.080403137207031250e+01
-1.600070953369140625e+01 -8.436097145080566406e+00 6.990048980712890625e+01
-1.743799400329589844e+01 -8.653992652893066406e+00 7.159442901611328125e+01
-1.831628417968750000e+01 -8.463971138000488281e+00 6.929676055908203125e+01
-1.201943588256835938e+01 -7.952089309692382812e+00 7.234484863281250000e+01
-1.824610328674316406e+01 -8.653801918029785156e+00 7.137476348876953125e+01
-1.694190025329589844e+01 -8.674450874328613281e+00 6.989994812011718750e+01
-1.672036933898925781e+01 -8.650139808654785156e+00 7.234487152099609375e+01
-1.819716835021972656e+01 -8.723531723022460938e+00 7.047461700439453125e+01
-1.408480739593505859e+01 -8.622358322143554688e+00 6.990015411376953125e+01
-1.772102737426757812e+01 -8.768465042114257812e+00 7.159487152099609375e+01
-1.731070327758789062e+01 -8.793067932128906250e+00 7.089472961425781250e+01
-1.526920604705810547e+01 -8.818363189697265625e+00 7.234490966796875000e+01
-1.810808944702148438e+01 -8.817429542541503906e+00 7.099410247802734375e+01
-1.646396255493164062e+01 -8.859129905700683594e+00 6.989994812011718750e+01
-1.731051826477050781e+01 -8.793429374694824219e+00 7.089982604980468750e+01
-1.801577377319335938e+01 -8.884765625000000000e+00 7.017926788330078125e+01
-1.731070327758789062e+01 -8.793067932128906250e+00 7.089472961425781250e+01
-1.796444511413574219e+01 -8.905397415161132812e+00 7.143488311767578125e+01
-1.717192459106445312e+01 -8.947016716003417969e+00 6.990003204345703125e+01
-1.631220436096191406e+01 -9.099959373474121094e+00 7.234485626220703125e+01
-1.793315505981445312e+01 -8.917971611022949219e+00 7.075150299072265625e+01
-1.555494308471679688e+01 -9.231090545654296875e+00 6.989998626708984375e+01
-1.731236839294433594e+01 -8.794356346130371094e+00 7.089985656738281250e+01
-1.747592163085937500e+01 -8.896972656250000000e+00 7.053250122070312500e+01
-1.389253520965576172e+01 -9.845622062683105469e+00 7.234489440917968750e+01
-1.779621505737304688e+01 -8.950866699218750000e+00 7.106668853759765625e+01
-1.678163528442382812e+01 -9.164578437805175781e+00 6.989989471435546875e+01
-1.730959892272949219e+01 -8.794628143310546875e+00 7.089900207519531250e+01
-1.766290473937988281e+01 -8.951822280883789062e+00 7.066583251953125000e+01
-1.134950160980224609e+01 -1.122825336456298828e+01 6.990015411376953125e+01
-1.745164680480957031e+01 -8.891108512878417969e+00 7.107489776611328125e+01
-1.738821983337402344e+01 -9.246970176696777344e+00 6.990014648437500000e+01
-1.575833702087402344e+01 -9.817443847656250000e+00 7.234493255615234375e+01
-1.760772323608398438e+01 -8.944647789001464844e+00 7.089183044433593750e+01
-1.620332336425781250e+01 -9.596016883850097656e+00 6.989997100830078125e+01
-1.731113433837890625e+01 -8.795596122741699219e+00 7.089914703369140625e+01
-1.731134033203125000e+01 -8.793705940246582031e+00 7.089388275146484375e+01
-9.554267883300781250e+00 -1.379454517364501953e+01 7.234491729736328125e+01
-1.731894302368164062e+01 -8.799552917480468750e+00 7.089985656738281250e+01
-1.703285026550292969e+01 -9.520391464233398438e+00 6.989994812011718750e+01
-1.657542037963867188e+01 -9.999746322631835938e+00 7.234488677978515625e+01
-1.731133270263671875e+01 -8.793594360351562500e+00 7.089449310302734375e+01
-1.483289241790771484e+01 -1.099569320678710938e+01 6.990010833740234375e+01
-1.731268882751464844e+01 -8.797062873840332031e+00 7.089886474609375000e+01
-1.761207771301269531e+01 -9.748527526855468750e+00 6.990001678466796875e+01
-1.486346149444580078e+01 -1.155792045593261719e+01 7.234503173828125000e+01
-1.732075691223144531e+01 -8.803638458251953125e+00 7.089683532714843750e+01
-1.659673118591308594e+01 -1.012973403930664062e+01 6.989994812011718750e+01
-1.713715362548828125e+01 -1.048811244964599609e+01 7.234487915039062500e+01
-1.846406936645507812e+01 -1.067513275146484375e+01 6.990326690673828125e+01
-1.294909954071044922e+01 -1.457089805603027344e+01 7.075697326660156250e+01
-1.879664421081542969e+01 -1.174765396118164062e+01 7.234486389160156250e+01
-1.725531005859375000e+01 -1.031626129150390625e+01 6.990596771240234375e+01
-1.612424659729003906e+01 -1.193115901947021484e+01 7.234503173828125000e+01
-2.041459083557128906e+01 -1.456824493408203125e+01 7.044623565673828125e+01
-1.585098266601562500e+01 -1.241879367828369141e+01 6.990008544921875000e+01
-1.765186119079589844e+01 -1.227051162719726562e+01 7.234498596191406250e+01
-1.786787414550781250e+01 -1.191705513000488281e+01 6.990001678466796875e+01
-1.567738246917724609e+01 -1.465831184387207031e+01 7.143341827392578125e+01
-1.839486122131347656e+01 -1.461815357208251953e+01 7.138285827636718750e+01
-1.731070327758789062e+01 -1.462146759033203125e+01 7.089472961425781250e+01
