1.741473007202148438e+01 1.465162849426269531e+01 7.089469146728515625e+01
1.653018951416015625e+01 1.462258052825927734e+01 7.170500183105468750e+01
1.750201797485351562e+01 1.215046024322509766e+01 6.990007781982421875e+01
1.852656555175781250e+01 1.375253772735595703e+01 7.234488677978515625e+01
1.492386817932128906e+01 1.464968013763427734e+01 7.045409393310546875e+01
1.897817039489746094e+01 1.254893684387207031e+01 6.990016174316406250e+01
1.702485656738281250e+01 1.151107597351074219e+01 7.234500122070312500e+01
1.689817237854003906e+01 1.062244510650634766e+01 6.990009307861328125e+01
2.094184112548828125e+01 1.452097511291503906e+01 7.218278503417968750e+01
1.390132236480712891e+01 1.415437507629394531e+01 7.234497833251953125e+01
1.788022613525390625e+01 1.019965457916259766e+01 6.989995574951171875e+01
1.786963653564453125e+01 1.062638854980468750e+01 7.234500885009765625e+01
1.569830989837646484e+01 1.104791259765625000e+01 6.989999389648437500e+01
2.193914222717285156e+01 1.380239582061767578e+01 6.990000915527343750e+01
1.639508628845214844e+01 1.056997776031494141e+01 7.234503173828125000e+01
1.728583335876464844e+01 9.720355033874511719e+00 6.990000152587890625e+01
1.913553428649902344e+01 1.081428718566894531e+01 7.234498596191406250e+01
1.062536144256591797e+01 1.466047096252441406e+01 7.117545318603515625e+01
1.925339317321777344e+01 1.088539791107177734e+01 6.906497192382812500e+01
1.734766578674316406e+01 9.881307601928710938e+00 7.234500122070312500e+01
1.658470535278320312e+01 9.706946372985839844e+00 6.990004730224609375e+01
1.765928649902343750e+01 8.919269561767578125e+00 7.092759704589843750e+01
1.533021163940429688e+01 1.044223690032958984e+01 7.234504699707031250e+01
1.763850212097167969e+01 9.391729354858398438e+00 6.990000152587890625e+01
1.824578094482421875e+01 9.750159263610839844e+00 7.234498596191406250e+01
1.429699516296386719e+01 1.060959243774414062e+01 6.990004730224609375e+01
1.775277709960937500e+01 8.946371078491210938e+00 7.073850250244140625e+01
1.680776214599609375e+01 9.547816276550292969e+00 7.234500885009765625e+01
1.705782699584960938e+01 9.253993988037109375e+00 6.990241241455078125e+01
1.780640983581542969e+01 8.946829795837402344e+00 7.110054779052734375e+01
1.191352558135986328e+01 1.118384265899658203e+01 7.234478759765625000e+01
1.760748100280761719e+01 8.889107704162597656e+00 7.059491729736328125e+01
1.766397666931152344e+01 9.301668167114257812e+00 7.234498596191406250e+01
1.613032913208007812e+01 9.319866180419921875e+00 6.989997863769531250e+01
1.801099967956542969e+01 8.942774772644042969e+00 7.084529113769531250e+01
1.607304191589355469e+01 9.350810050964355469e+00 7.234501647949218750e+01
1.741958236694335938e+01 9.027468681335449219e+00 6.990002441406250000e+01
1.795076370239257812e+01 8.953717231750488281e+00 7.148558807373046875e+01
6.682723999023437500e+00 1.131992244720458984e+01 6.990005493164062500e+01
1.807490539550781250e+01 8.925399780273437500e+00 7.039363861083984375e+01
1.715088844299316406e+01 9.033771514892578125e+00 7.234499359130859375e+01
1.678878021240234375e+01 8.950358390808105469e+00 6.989999389648437500e+01
1.819091987609863281e+01 8.868868827819824219e+00 7.110741424560546875e+01
1.458863544464111328e+01 9.166263580322265625e+00 7.234499359130859375e+01
1.800007629394531250e+01 8.933767318725585938e+00 6.931581878662109375e+01
1.769966888427734375e+01 8.814491271972656250e+00 7.159463500976562500e+01
1.531591033935546875e+01 8.910139083862304688e+00 6.990002441406250000e+01
1.828338241577148438e+01 8.791471481323242188e+00 7.062687683105468750e+01
1.656476783752441406e+01 8.796466827392578125e+00 7.234500122070312500e+01
1.720113754272460938e+01 8.755780220031738281e+00 6.990003204345703125e+01
1.833643150329589844e+01 8.734083175659179688e+00 7.154942321777343750e+01
5.778603076934814453e+00 8.390002250671386719e+00 7.234487915039062500e+01
1.838274574279785156e+01 8.669980049133300781e+00 6.975743103027343750e+01
1.744026374816894531e+01 8.695838928222656250e+00 7.159487152099609375e+01
1.643449783325195312e+01 8.618020057678222656e+00 6.990000915527343750e+01
1.840671920776367188e+01 8.634450912475585938e+00 7.094541168212890625e+01
1.565942573547363281e+01 8.443898200988769531e+00 7.234500885009765625e+01
1.741473007202148438e+01 8.745503425598144531e+00 7.089469146728515625e+01
1.789691543579101562e+01 8.597302436828613281e+00 7.159497070312500000e+01
1.309177398681640625e+01 7.878039836883544922e+00 6.989998626708984375e+01
1.845985031127929688e+01 8.484769821166992188e+00 7.030256652832031250e+01
1.694423866271972656e+01 8.381314277648925781e+00 7.234498596191406250e+01
1.696108055114746094e+01 8.460206985473632812e+00 6.990010833740234375e+01
1.846948623657226562e+01 8.420713424682617188e+00 7.134217071533203125e+01
1.331996059417724609e+01 7.414634704589843750e+00 7.234497833251953125e+01
1.839228248596191406e+01 8.059066772460937500e+00 6.905654144287109375e+01
1.759564018249511719e+01 8.489832878112792969e+00 7.159484100341796875e+01
1.588446807861328125e+01 8.055741310119628906e+00 6.990016174316406250e+01
1.847070693969726562e+01 8.314130783081054688e+00 7.071851348876953125e+01
1.628017425537109375e+01 7.956303119659423828e+00 7.234499359130859375e+01
1.731614112854003906e+01 8.168210983276367188e+00 6.962973785400390625e+01
1.816429519653320312e+01 8.250880241394042969e+00 7.159492492675781250e+01
1.838303756713867188e+01 8.043395042419433594e+00 7.002486419677734375e+01
1.734687423706054688e+01 8.347605705261230469e+00 7.158992767333984375e+01
1.666748809814453125e+01 7.997797489166259766e+00 6.990010070800781250e+01
1.841335487365722656e+01 8.101572990417480469e+00 7.108139801025390625e+01
1.508492946624755859e+01 6.911872863769531250e+00 7.234498596191406250e+01
1.778491592407226562e+01 7.776482105255126953e+00 6.956933593750000000e+01
1.776972961425781250e+01 8.162911415100097656e+00 7.159484100341796875e+01
1.477156352996826172e+01 6.536180019378662109e+00 6.990007781982421875e+01
1.831020355224609375e+01 7.949481010437011719e+00 7.053524017333984375e+01
1.731640243530273438e+01 8.547679901123046875e+00 7.109957885742187500e+01
1.727889442443847656e+01 8.314856529235839844e+00 7.044635009765625000e+01
1.819976615905761719e+01 7.858582496643066406e+00 7.135992431640625000e+01
1.049721431732177734e+01 1.471981883049011230e+00 7.234488677978515625e+01
1.793922615051269531e+01 7.763567924499511719e+00 7.016390991210937500e+01
1.749853515625000000e+01 7.926991462707519531e+00 7.159494781494140625e+01
1.733220100402832031e+01 8.610831260681152344e+00 7.082374572753906250e+01
1.811778831481933594e+01 7.814160346984863281e+00 7.087248992919921875e+01
1.731463623046875000e+01 8.546481132507324219e+00 7.099237060546875000e+01
1.744342422485351562e+01 7.956458091735839844e+00 7.038249206542968750e+01
1.798752784729003906e+01 7.230496883392333984e+00 7.159487152099609375e+01
1.731650924682617188e+01 8.562750816345214844e+00 7.088050079345703125e+01
1.780962562561035156e+01 7.764640808105468750e+00 7.062561035156250000e+01
1.734896087646484375e+01 8.075110435485839844e+00 7.117427825927734375e+01
1.731201171875000000e+01 8.169578552246093750e+00 7.071131134033203125e+01
1.767915344238281250e+01 7.795958995819091797e+00 7.098190307617187500e+01
1.730758476257324219e+01 8.169820785522460938e+00 7.094293212890625000e+01
1.741473007202148438e+01 7.975956439971923828e+00 7.089469146728515625e+01
