-1.792587471008300781e+01 -6.562358856201171875e+00 7.089999389648437500e+01
-1.792587661743164062e+01 -6.572416305541992188e+00 7.089999389648437500e+01
-1.783811950683593750e+01 -3.149276018142700195e+00 6.990007019042968750e+01
-1.752583503723144531e+01 -4.770886421203613281e+00 7.142177581787109375e+01
-2.354852104187011719e+01 6.755130290985107422e+00 6.990542602539062500e+01
-1.635388755798339844e+01 -2.748196125030517578e+00 6.990002441406250000e+01
-1.792587471008300781e+01 -6.572419643402099609e+00 7.089999389648437500e+01
-1.844519042968750000e+01 -4.685459136962890625e+00 6.990008544921875000e+01
-1.752587127685546875e+01 -5.917438030242919922e+00 7.104607391357421875e+01
-1.792587471008300781e+01 -6.572422027587890625e+00 7.089999389648437500e+01
-1.745792007446289062e+01 -5.110592365264892578e+00 6.990000152587890625e+01
-1.770791244506835938e+01 -5.671222209930419922e+00 7.159489440917968750e+01
-1.965130043029785156e+01 -4.257935047149658203e+00 6.990007781982421875e+01
-1.789827156066894531e+01 -6.541572570800781250e+00 7.089392852783203125e+01
-1.792587661743164062e+01 -6.572421550750732422e+00 7.089999389648437500e+01
-1.805545425415039062e+01 -5.592410564422607422e+00 6.990003204345703125e+01
-1.752587127685546875e+01 -6.091532230377197266e+00 7.123711395263671875e+01
-1.793080329895019531e+01 -6.568130016326904297e+00 7.090019989013671875e+01
-1.692096900939941406e+01 -5.402883529663085938e+00 6.989997863769531250e+01
-1.792587471008300781e+01 -6.572421550750732422e+00 7.089999389648437500e+01
-1.876033592224121094e+01 -5.605841636657714844e+00 6.990003204345703125e+01
-1.752586555480957031e+01 -6.288204193115234375e+00 7.095381164550781250e+01
-1.792587661743164062e+01 -6.572422504425048828e+00 7.089999389648437500e+01
-1.770091629028320312e+01 -5.922775745391845703e+00 6.990003204345703125e+01
-1.752767562866210938e+01 -6.091040611267089844e+00 7.159490203857421875e+01
-2.106006431579589844e+01 -4.698496341705322266e+00 6.990010070800781250e+01
-1.576144981384277344e+01 -5.286318302154541016e+00 6.989997100830078125e+01
-1.792587471008300781e+01 -6.572422504425048828e+00 7.089999389648437500e+01
-1.828552436828613281e+01 -6.060018539428710938e+00 6.990007781982421875e+01
-1.752586174011230469e+01 -6.366813182830810547e+00 7.111022949218750000e+01
-1.792587471008300781e+01 -6.572422981262207031e+00 7.089999389648437500e+01
-1.728287124633789062e+01 -6.093371391296386719e+00 6.989997863769531250e+01
-1.780645751953125000e+01 -6.305960655212402344e+00 7.159484100341796875e+01
-1.921700668334960938e+01 -5.995051383972167969e+00 6.990007019042968750e+01
-1.788652038574218750e+01 -6.559403419494628906e+00 7.089673614501953125e+01
-1.792587661743164062e+01 -6.572422981262207031e+00 7.089999389648437500e+01
-1.792099761962890625e+01 -6.288974285125732422e+00 6.990009307861328125e+01
-1.752585792541503906e+01 -6.417042732238769531e+00 7.134095764160156250e+01
-2.871440887451171875e+01 -3.984443902969360352e+00 6.990011596679687500e+01
-1.660821914672851562e+01 -6.213365077972412109e+00 6.989994049072265625e+01
-1.792587471008300781e+01 -6.572422981262207031e+00 7.089999389648437500e+01
-1.855513572692871094e+01 -6.366484642028808594e+00 6.990003204345703125e+01
-1.752585411071777344e+01 -6.508845329284667969e+00 7.100962066650390625e+01
-1.792587661743164062e+01 -6.572422981262207031e+00 7.089999389648437500e+01
-1.755515480041503906e+01 -6.453189373016357422e+00 6.990003967285156250e+01
-1.764297866821289062e+01 -6.503930568695068359e+00 7.159492492675781250e+01
-2.003494071960449219e+01 -6.406984329223632812e+00 6.990046691894531250e+01
-1.468240356445312500e+01 -6.400784015655517578e+00 6.989999389648437500e+01
-1.792587661743164062e+01 -6.572423458099365234e+00 7.089999389648437500e+01
-1.814059638977050781e+01 -6.562092304229736328e+00 6.990007019042968750e+01
-1.752585029602050781e+01 -6.577380180358886719e+00 7.118415069580078125e+01
-1.792587471008300781e+01 -6.572423458099365234e+00 7.089999389648437500e+01
-1.707467460632324219e+01 -6.638833522796630859e+00 6.989997100830078125e+01
-1.790053176879882812e+01 -6.621718406677246094e+00 7.159496307373046875e+01
-1.891129112243652344e+01 -6.700581550598144531e+00 6.990004730224609375e+01
-1.792587471008300781e+01 -6.572423458099365234e+00 7.089999389648437500e+01
-1.792587661743164062e+01 -6.572423458099365234e+00 7.089999389648437500e+01
-1.778636741638183594e+01 -6.727181434631347656e+00 6.990007019042968750e+01
-1.752584648132324219e+01 -6.695373535156250000e+00 7.148095703125000000e+01
-2.227181434631347656e+01 -7.444499015808105469e+00 6.990000152587890625e+01
-1.616081047058105469e+01 -7.012767314910888672e+00 6.989997863769531250e+01
-1.792587471008300781e+01 -6.572423934936523438e+00 7.089999389648437500e+01
-1.838200187683105469e+01 -6.859278678894042969e+00 6.989997863769531250e+01
-1.752584838867187500e+01 -6.695603370666503906e+00 7.106970214843750000e+01
-1.792587471008300781e+01 -6.572423458099365234e+00 7.089999389648437500e+01
-1.739396286010742188e+01 -6.945931911468505859e+00 6.989981079101562500e+01
-1.774631309509277344e+01 -6.826189041137695312e+00 7.159492492675781250e+01
-1.946445846557617188e+01 -7.265937328338623047e+00 6.990005493164062500e+01
-1.193293952941894531e+01 -9.020572662353515625e+00 6.990012359619140625e+01
-1.792587661743164062e+01 -6.572424411773681641e+00 7.089999389648437500e+01
-1.800381088256835938e+01 -7.028783798217773438e+00 6.990002441406250000e+01
-1.752585220336914062e+01 -6.836390495300292969e+00 7.127368927001953125e+01
-2.879738616943359375e+01 -1.212053298950195312e+01 7.079392242431640625e+01
-1.681277656555175781e+01 -7.379517555236816406e+00 6.990010070800781250e+01
-1.792587471008300781e+01 -6.572424888610839844e+00 7.089999389648437500e+01
-1.867713928222656250e+01 -7.324154853820800781e+00 6.990004730224609375e+01
-1.752585411071777344e+01 -6.830362796783447266e+00 7.097478485107421875e+01
-1.792587661743164062e+01 -6.572424411773681641e+00 7.089999389648437500e+01
-1.764650726318359375e+01 -7.303713321685791016e+00 6.989978790283203125e+01
-1.757351493835449219e+01 -7.150684833526611328e+00 7.159493255615234375e+01
-2.058328247070312500e+01 -8.793650627136230469e+00 6.990002441406250000e+01
-1.544217777252197266e+01 -8.780281066894531250e+00 6.990300750732421875e+01
-1.792587471008300781e+01 -6.572425365447998047e+00 7.089999389648437500e+01
-1.822884178161621094e+01 -7.532932281494140625e+00 6.990002441406250000e+01
-1.752585983276367188e+01 -7.024353027343750000e+00 7.113705444335937500e+01
-1.792587471008300781e+01 -6.572423934936523438e+00 7.089999389648437500e+01
-1.720810508728027344e+01 -7.916196346282958984e+00 6.989992523193359375e+01
-1.784271430969238281e+01 -7.384650230407714844e+00 7.159487152099609375e+01
-2.009017944335937500e+01 -1.010414218902587891e+01 6.903949737548828125e+01
-1.771821784973144531e+01 -6.847506523132324219e+00 7.089343261718750000e+01
-1.792587661743164062e+01 -6.572425842285156250e+00 7.089999389648437500e+01
-1.783978462219238281e+01 -8.939707756042480469e+00 6.936329650878906250e+01
-1.752584266662597656e+01 -7.630477428436279297e+00 7.138898468017578125e+01
-2.224502944946289062e+01 -1.460875988006591797e+01 7.027589416503906250e+01
-1.714879989624023438e+01 -8.502559661865234375e+00 7.037049865722656250e+01
-1.792587471008300781e+01 -6.572428703308105469e+00 7.089999389648437500e+01
-1.817354965209960938e+01 -7.961109161376953125e+00 7.045782470703125000e+01
-1.730830574035644531e+01 -8.790112495422363281e+00 7.110367584228515625e+01
-1.792587471008300781e+01 -6.572427749633789062e+00 7.089999389648437500e+01
-1.792587471008300781e+01 -6.576532840728759766e+00 7.089999389648437500e+01
