2.564949798583984375e+01 -5.198984146118164062e+00 7.089997863769531250e+01
2.554927253723144531e+01 -4.908348083496093750e+00 7.099179077148437500e+01
2.582835197448730469e+01 1.402489304542541504e+00 6.886202239990234375e+01
2.575228691101074219e+01 -5.111362934112548828e+00 7.103404998779296875e+01
2.000178146362304688e+01 7.812713623046875000e+00 6.990097808837890625e+01
2.722131347656250000e+01 -1.750454783439636230e+00 6.990011596679687500e+01
2.555666351318359375e+01 -4.915740013122558594e+00 7.124532318115234375e+01
2.513016319274902344e+01 -3.687228679656982422e+00 6.990003204345703125e+01
2.586397933959960938e+01 -5.223061561584472656e+00 7.097830963134765625e+01
2.460099601745605469e+01 -3.960102319717407227e+00 7.133278656005859375e+01
2.657190895080566406e+01 -2.692765474319458008e+00 6.892884063720703125e+01
2.575966835021972656e+01 -5.118746280670166016e+00 7.125122070312500000e+01
2.392640113830566406e+01 -3.262898445129394531e+00 6.990140533447265625e+01
2.890510177612304688e+01 -1.935506224632263184e+00 7.018424224853515625e+01
2.516103553771972656e+01 -4.700245380401611328e+00 7.159476470947265625e+01
2.551992607116699219e+01 -4.594305515289306641e+00 6.990007781982421875e+01
2.590636634826660156e+01 -5.265452861785888672e+00 7.111647033691406250e+01
2.125664329528808594e+01 -1.747164368629455566e+00 7.108163452148437500e+01
2.790905380249023438e+01 -2.944521665573120117e+00 6.865142059326171875e+01
2.561736679077148438e+01 -5.030083179473876953e+00 7.159484863281250000e+01
2.481508255004882812e+01 -4.607735633850097656e+00 6.990007019042968750e+01
2.598019981384277344e+01 -5.339290142059326172e+00 7.094447326660156250e+01
2.465093612670898438e+01 -4.761466026306152344e+00 7.159474945068359375e+01
2.587446594238281250e+01 -4.924585342407226562e+00 6.989997100830078125e+01
2.590559005737304688e+01 -5.264676094055175781e+00 7.134689331054687500e+01
2.251546859741210938e+01 -3.700433492660522461e+00 6.990013885498046875e+01
2.781377601623535156e+01 -4.288247585296630859e+00 6.990002441406250000e+01
2.535867691040039062e+01 -5.189847469329833984e+00 7.159487915039062500e+01
2.528984260559082031e+01 -5.061851024627685547e+00 6.990003967285156250e+01
2.602312469482421875e+01 -5.382217407226562500e+00 7.109634399414062500e+01
2.463335609436035156e+01 -5.123872280120849609e+00 7.116783142089843750e+01
2.629186248779296875e+01 -5.095687866210937500e+00 6.990095520019531250e+01
2.576853561401367188e+01 -5.308644294738769531e+00 7.159262847900390625e+01
2.435845375061035156e+01 -4.996931076049804688e+00 6.990012359619140625e+01
2.873380279541015625e+01 -4.553846359252929688e+00 7.064444732666015625e+01
2.500662422180175781e+01 -5.284229755401611328e+00 7.159490966796875000e+01
2.565437698364257812e+01 -5.290804386138916016e+00 6.990003967285156250e+01
2.609214973449707031e+01 -5.402322769165039062e+00 7.138793945312500000e+01
1.485966587066650391e+01 -2.985974073410034180e+00 6.989997863769531250e+01
2.696711921691894531e+01 -5.215215206146240234e+00 6.989994812011718750e+01
2.552308845520019531e+01 -5.436151981353759766e+00 7.159483337402343750e+01
2.502032089233398438e+01 -5.368352890014648438e+00 6.990015411376953125e+01
2.634103965759277344e+01 -5.464353084564208984e+00 7.108950042724609375e+01
2.498481750488281250e+01 -5.475304126739501953e+00 7.124108123779296875e+01
2.643191719055175781e+01 -5.322616100311279297e+00 6.878953552246093750e+01
2.593238449096679688e+01 -5.505773544311523438e+00 7.159488677978515625e+01
2.353979110717773438e+01 -5.408775329589843750e+00 6.990014648437500000e+01
2.872728157043457031e+01 -5.411392688751220703e+00 6.995106506347656250e+01
2.524224662780761719e+01 -5.549845695495605469e+00 7.159487915039062500e+01
2.543479537963867188e+01 -5.563934326171875000e+00 6.990014648437500000e+01
2.650503540039062500e+01 -5.584865093231201172e+00 7.150771331787109375e+01
2.510053634643554688e+01 -5.591036319732666016e+00 7.096839141845703125e+01
2.750523185729980469e+01 -5.719047069549560547e+00 6.871978759765625000e+01
2.567484092712402344e+01 -5.623559474945068359e+00 7.159494781494140625e+01
2.466411590576171875e+01 -5.702417850494384766e+00 6.990007019042968750e+01
2.657518005371093750e+01 -5.677894115447998047e+00 7.094731140136718750e+01
2.516673851013183594e+01 -5.657215118408203125e+00 7.129885864257812500e+01
2.564949798583984375e+01 -5.574264526367187500e+00 7.089997863769531250e+01
2.612800788879394531e+01 -5.721335887908935547e+00 7.159492492675781250e+01
2.130381774902343750e+01 -6.446288108825683594e+00 6.990004730224609375e+01
2.741444015502929688e+01 -6.014577865600585938e+00 6.990003204345703125e+01
2.542405700683593750e+01 -5.748770236968994141e+00 7.159490203857421875e+01
2.519338798522949219e+01 -5.861108779907226562e+00 6.990000152587890625e+01
2.666204261779785156e+01 -5.886056900024414062e+00 7.132955169677734375e+01
2.522254371643066406e+01 -5.713032245635986328e+00 7.105120086669921875e+01
2.673760986328125000e+01 -6.338334560394287109e+00 6.885394287109375000e+01
2.582906532287597656e+01 -5.828037261962890625e+00 7.159493255615234375e+01
2.411329269409179688e+01 -6.266705989837646484e+00 6.990158843994140625e+01
2.863150215148925781e+01 -6.792430877685546875e+00 7.040245819091796875e+01
2.531926536560058594e+01 -5.803975582122802734e+00 7.132211303710937500e+01
2.548967933654785156e+01 -6.510102748870849609e+00 6.884938049316406250e+01
2.639091682434082031e+01 -6.063512325286865234e+00 7.159260559082031250e+01
8.161067962646484375e+00 -1.449921607971191406e+01 7.072934722900390625e+01
2.676266670227050781e+01 -6.381409645080566406e+00 6.990002441406250000e+01
2.558167266845703125e+01 -5.971973896026611328e+00 7.159488677978515625e+01
2.489827728271484375e+01 -6.325951576232910156e+00 6.990009307861328125e+01
2.663477706909179688e+01 -6.209589004516601562e+00 7.108419036865234375e+01
2.533293342590332031e+01 -5.823411464691162109e+00 7.109703826904296875e+01
2.620214653015136719e+01 -7.020909309387207031e+00 6.892136383056640625e+01
2.600184249877929688e+01 -6.152498722076416016e+00 7.159488677978515625e+01
2.299246788024902344e+01 -7.795176506042480469e+00 6.990014648437500000e+01
2.814077186584472656e+01 -7.788858413696289062e+00 6.989994812011718750e+01
2.546167755126953125e+01 -5.952137470245361328e+00 7.129135131835937500e+01
2.534796714782714844e+01 -6.530221462249755859e+00 6.990475463867187500e+01
2.644336128234863281e+01 -6.471157073974609375e+00 7.137044525146484375e+01
2.537373733520507812e+01 -5.864217281341552734e+00 7.095778656005859375e+01
2.636714744567871094e+01 -6.917814731597900391e+00 6.990007781982421875e+01
2.573267173767089844e+01 -6.386612415313720703e+00 7.159496307373046875e+01
2.448641014099121094e+01 -7.472192764282226562e+00 6.990016174316406250e+01
2.862251472473144531e+01 -9.512629508972167969e+00 7.080608367919921875e+01
2.546019554138183594e+01 -5.950664520263671875e+00 7.108471679687500000e+01
2.570551109313964844e+01 -7.114474296569824219e+00 6.990016937255859375e+01
2.603575325012207031e+01 -6.595882415771484375e+00 7.137213134765625000e+01
2.081560516357421875e+01 -1.456833362579345703e+01 7.020150756835937500e+01
2.711700439453125000e+01 -9.219330787658691406e+00 6.990003204345703125e+01
2.557671356201171875e+01 -6.316150188446044922e+00 7.120938110351562500e+01
2.508937263488769531e+01 -8.714821815490722656e+00 6.989999389648437500e+01
2.592984008789062500e+01 -6.580971717834472656e+00 7.099243927001953125e+01
2.552900695800781250e+01 -6.221651077270507812e+00 7.095423126220703125e+01
2.564949798583984375e+01 -6.421069622039794922e+00 7.089997863769531250e+01
