9.651109695434570312e+00 -7.862750887870788574e-01 7.089998626708984375e+01
9.590906143188476562e+00 -4.597122073173522949e-01 7.095513916015625000e+01
9.738877296447753906e+00 2.563911437988281250e+00 6.989992523193359375e+01
9.739933013916015625e+00 -4.597101807594299316e-01 7.101583862304687500e+01
3.998337030410766602e+00 1.253924846649169922e+01 6.990009307861328125e+01
1.289308261871337891e+01 7.027140617370605469e+00 6.883770751953125000e+01
9.594719886779785156e+00 -4.597120285034179688e-01 7.110975646972656250e+01
9.131730079650878906e+00 1.027484059333801270e+00 6.989994812011718750e+01
9.895396232604980469e+00 -4.597081542015075684e-01 7.098919677734375000e+01
9.391283035278320312e+00 -4.597134888172149658e-01 7.100724029541015625e+01
1.011908054351806641e+01 6.021667718887329102e-01 6.989996337890625000e+01
9.747854232788085938e+00 -4.597099125385284424e-01 7.120841979980468750e+01
7.925480365753173828e+00 1.455046415328979492e+00 6.989994812011718750e+01
1.419986057281494141e+01 4.224379062652587891e+00 6.989995574951171875e+01
9.427558898925781250e+00 -4.597107172012329102e-01 7.121796417236328125e+01
9.521522521972656250e+00 1.203551813960075378e-01 6.989997100830078125e+01
9.983835220336914062e+00 -4.597068428993225098e-01 7.118040466308593750e+01
9.191981315612792969e+00 -4.597181081771850586e-01 7.091897583007812500e+01
1.065602111816406250e+01 3.098316490650177002e-01 6.989996337890625000e+01
9.627490997314453125e+00 -4.597083330154418945e-01 7.141075897216796875e+01
8.816603660583496094e+00 1.069182008504867554e-01 6.989997100830078125e+01
1.021407413482666016e+01 -4.597113430500030518e-01 7.097573089599609375e+01
9.159688949584960938e+00 -4.597143828868865967e-01 7.124190521240234375e+01
9.876077651977539062e+00 -2.100363820791244507e-01 6.989997863769531250e+01
9.981997489929199219e+00 -4.597066044807434082e-01 7.147743225097656250e+01
6.516540527343750000e+00 1.014437794685363770e+00 6.989997100830078125e+01
1.180275249481201172e+01 4.187938272953033447e-01 6.990587615966796875e+01
9.360241889953613281e+00 -4.752358794212341309e-01 7.159500122070312500e+01
9.291429519653320312e+00 -3.472683727741241455e-01 6.989998626708984375e+01
1.042930316925048828e+01 -4.597184956073760986e-01 7.130898284912109375e+01
8.764246940612792969e+00 -4.666250050067901611e-01 7.113375854492187500e+01
1.029410171508789062e+01 -3.806718885898590088e-01 6.989998626708984375e+01
9.770537376403808594e+00 -5.932268500328063965e-01 7.159490203857421875e+01
8.359874725341796875e+00 -2.822971642017364502e-01 6.989997863769531250e+01
2.172108459472656250e+01 3.133541584014892578e+00 6.990001678466796875e+01
9.008389472961425781e+00 -5.697510242462158203e-01 7.159474945068359375e+01
9.655987739562988281e+00 -5.762397646903991699e-01 6.989998626708984375e+01
1.028142833709716797e+01 -6.148781180381774902e-01 7.159481811523437500e+01
-1.105354404449462891e+01 4.106966018676757812e+00 6.898108673095703125e+01
1.096869945526123047e+01 -5.006753802299499512e-01 6.989998626708984375e+01
9.524692535400390625e+00 -7.215942144393920898e-01 7.159488677978515625e+01
9.021824836730957031e+00 -6.537692546844482422e-01 6.989998626708984375e+01
1.216777133941650391e+01 -4.597248435020446777e-01 7.158969879150390625e+01
8.297149658203125000e+00 -6.581327319145202637e-01 7.159481811523437500e+01
1.002184486389160156e+01 -7.404768466949462891e-01 6.989999389648437500e+01
9.933975219726562500e+00 -7.912300825119018555e-01 7.159484100341796875e+01
7.541052341461181641e+00 -6.941988468170166016e-01 6.989999389648437500e+01
1.289461612701416016e+01 -6.880742907524108887e-01 6.989997863769531250e+01
9.243880271911621094e+00 -8.352984189987182617e-01 7.159484863281250000e+01
9.436372756958007812e+00 -8.493840098381042480e-01 6.989999389648437500e+01
1.168525600433349609e+01 -8.849203586578369141e-01 7.234494781494140625e+01
-1.942099332809448242e+00 -1.213905572891235352e+00 7.234482574462890625e+01
1.050228404998779297e+01 -9.261235594749450684e-01 6.989999389648437500e+01
9.703803062438964844e+00 -9.622076749801635742e-01 7.234492492675781250e+01
8.665648460388183594e+00 -9.878795146942138672e-01 6.989999389648437500e+01
1.767485618591308594e+01 -1.757969617843627930e+00 7.131024932861328125e+01
7.902339935302734375e+00 -1.160198569297790527e+00 7.234490966796875000e+01
9.935135841369628906e+00 -1.174789190292358398e+00 6.886422729492187500e+01
1.064604473114013672e+01 -1.165511965751647949e+00 7.234494018554687500e+01
5.305280685424804688e+00 -1.731769204139709473e+00 6.990002441406250000e+01
1.141618156433105469e+01 -1.300061345100402832e+00 6.989996337890625000e+01
9.182356834411621094e+00 -1.222558617591857910e+00 7.234492492675781250e+01
9.194996833801269531e+00 -1.146561861038208008e+00 6.990000152587890625e+01
1.305708503723144531e+01 -1.908515930175781250e+00 7.234497833251953125e+01
5.571520805358886719e+00 -2.185650587081909180e+00 7.234489440917968750e+01
1.018291759490966797e+01 -1.233150124549865723e+00 6.990000152587890625e+01
1.002446460723876953e+01 -1.387360095977783203e+00 7.234493255615234375e+01
6.561548233032226562e+00 -2.252329111099243164e+00 6.889205169677734375e+01
1.564505481719970703e+01 -3.308277606964111328e+00 6.989994812011718750e+01
8.520752906799316406e+00 -1.645994782447814941e+00 7.234491729736328125e+01
9.573172569274902344e+00 -1.316082119941711426e+00 6.990000152587890625e+01
1.119787120819091797e+01 -1.880393385887145996e+00 7.234495544433593750e+01
-1.730423545837402344e+01 -1.461596298217773438e+01 7.063698577880859375e+01
1.076433753967285156e+01 -1.666904926300048828e+00 6.989997863769531250e+01
9.510079383850097656e+00 -1.686686873435974121e+00 7.234493255615234375e+01
8.899820327758789062e+00 -1.611472487449645996e+00 6.990000915527343750e+01
1.737984085083007812e+01 -5.843328952789306641e+00 7.234499359130859375e+01
7.329924106597900391e+00 -2.686565637588500977e+00 7.234491729736328125e+01
9.930416107177734375e+00 -1.590844392776489258e+00 6.990000152587890625e+01
1.038375568389892578e+01 -2.062067031860351562e+00 7.234494781494140625e+01
6.993785858154296875e+00 -3.080873012542724609e+00 6.990004730224609375e+01
1.214237689971923828e+01 -3.074302911758422852e+00 6.989996337890625000e+01
8.957671165466308594e+00 -2.254832029342651367e+00 7.234493255615234375e+01
9.348141670227050781e+00 -1.820230603218078613e+00 6.990001678466796875e+01
1.208939456939697266e+01 -3.614448547363281250e+00 7.234498596191406250e+01
2.758918046951293945e+00 -8.106609344482421875e+00 7.234487152099609375e+01
1.036882972717285156e+01 -2.203397274017333984e+00 6.989998626708984375e+01
9.824037551879882812e+00 -2.548694610595703125e+00 7.234494781494140625e+01
8.487864494323730469e+00 -2.757902622222900391e+00 6.990003204345703125e+01
1.999255180358886719e+01 -1.455905818939208984e+01 7.057336425781250000e+01
8.170471191406250000e+00 -3.803758144378662109e+00 7.234494018554687500e+01
9.707132339477539062e+00 -2.400198459625244141e+00 6.990000152587890625e+01
1.083321666717529297e+01 -3.986301660537719727e+00 7.234497070312500000e+01
2.731029033660888672e+00 -1.373540306091308594e+01 6.990007019042968750e+01
1.111876773834228516e+01 -4.505158424377441406e+00 6.989993286132812500e+01
9.311193466186523438e+00 -4.324499130249023438e+00 7.234496307373046875e+01
9.090984344482421875e+00 -4.000274181365966797e+00 6.990000152587890625e+01
1.344650554656982422e+01 -1.448895168304443359e+01 7.215174865722656250e+01
7.112809658050537109e+00 -1.449778842926025391e+01 7.204282379150390625e+01
9.651109695434570312e+00 -1.448584461212158203e+01 7.089998626708984375e+01
