-4.759912967681884766e+00 4.603265821933746338e-01 7.089994812011718750e+01
-4.768946647644042969e+00 4.603261649608612061e-01 7.090822601318359375e+01
-4.672158718109130859e+00 3.823413133621215820e+00 6.990003967285156250e+01
-4.746585369110107422e+00 4.603258371353149414e-01 7.091733551025390625e+01
-4.785094261169433594e+00 4.599941372871398926e-01 7.089549255371093750e+01
-3.187858104705810547e+00 4.224697113037109375e+00 6.989993286132812500e+01
-4.768373966217041016e+00 4.603250920772552490e-01 7.093142700195312500e+01
-5.279246330261230469e+00 2.287336111068725586e+00 6.990000152587890625e+01
-4.723258495330810547e+00 4.603261053562164307e-01 7.091333770751953125e+01
-4.798899650573730469e+00 4.603256881237030029e-01 7.091603851318359375e+01
-4.291945934295654297e+00 1.862177252769470215e+00 6.989993286132812500e+01
-4.745397090911865234e+00 4.603245258331298828e-01 7.094622802734375000e+01
-6.485200405120849609e+00 2.714609861373901367e+00 6.990010833740234375e+01
-2.115986347198486328e-01 5.483913421630859375e+00 6.990001678466796875e+01
-4.793455600738525391e+00 4.603242576122283936e-01 7.094766235351562500e+01
-4.889498233795166016e+00 1.380361676216125488e+00 6.989994812011718750e+01
-4.709989547729492188e+00 4.603248536586761475e-01 7.094202423095703125e+01
-4.828805923461914062e+00 4.603261649608612061e-01 7.090279388427734375e+01
-3.754997014999389648e+00 1.569858551025390625e+00 6.989992523193359375e+01
-4.763456821441650391e+00 4.603230357170104980e-01 7.097658538818359375e+01
-5.594379901885986328e+00 1.366894602775573730e+00 6.989997863769531250e+01
-4.675440311431884766e+00 4.603264033794403076e-01 7.091131591796875000e+01
-4.833648204803466797e+00 4.603238999843597412e-01 7.095124816894531250e+01
-4.534945011138916016e+00 1.049983978271484375e+00 6.989994049072265625e+01
-4.710267066955566406e+00 4.603227972984313965e-01 7.098658752441406250e+01
-7.893828868865966797e+00 2.274069070816040039e+00 6.990014648437500000e+01
-2.601776599884033203e+00 1.682674050331115723e+00 6.990283203125000000e+01
-4.801682472229003906e+00 4.555186033248901367e-01 7.099975585937500000e+01
-5.119589805603027344e+00 9.127482175827026367e-01 6.989995574951171875e+01
-4.643147468566894531e+00 4.603242576122283936e-01 7.096131896972656250e+01
-4.888184070587158203e+00 4.571604132652282715e-01 7.093376159667968750e+01
-4.116914749145507812e+00 8.793541789054870605e-01 6.989994049072265625e+01
-4.733017444610595703e+00 4.603195190429687500e-01 7.105644226074218750e+01
-6.051088333129882812e+00 9.776979088783264160e-01 6.989998626708984375e+01
7.310342788696289062e+00 4.393656253814697266e+00 6.989995574951171875e+01
-4.888400077819824219e+00 4.582732021808624268e-01 7.103884124755859375e+01
-4.755034446716308594e+00 6.837819218635559082e-01 6.989994812011718750e+01
-4.605412006378173828e+00 4.603193998336791992e-01 7.107025909423828125e+01
-1.554811191558837891e+01 2.988204717636108398e+00 6.990010070800781250e+01
-3.446514129638671875e+00 7.582043409347534180e-01 6.990312194824218750e+01
-4.814836978912353516e+00 4.603147208690643311e-01 7.120185852050781250e+01
-5.389189720153808594e+00 6.062498688697814941e-01 6.989996337890625000e+01
-4.382294654846191406e+00 4.603234231472015381e-01 7.100344085693359375e+01
-5.162922382354736328e+00 4.603075683116912842e-01 7.110676574707031250e+01
-4.389174938201904297e+00 5.195456743240356445e-01 6.989994812011718750e+01
-4.512113094329833984e+00 4.603015482425689697e-01 7.150865936279296875e+01
-6.869825363159179688e+00 5.658114552497863770e-01 6.990002441406250000e+01
-1.520801424980163574e+00 5.717148184776306152e-01 6.990129852294921875e+01
-5.606726646423339844e+00 4.510805606842041016e-01 7.234488677978515625e+01
-4.974649429321289062e+00 4.106375873088836670e-01 6.989995574951171875e+01
-3.781468868255615234e+00 3.881822526454925537e-01 7.159498596191406250e+01
-1.032287025451660156e+01 2.303492575883865356e-01 7.159324645996093750e+01
-4.759908199310302734e+00 4.003055095672607422e-01 7.089994049072265625e+01
-4.734572887420654297e+00 3.510178625583648682e-01 7.159481811523437500e+01
-4.759919643402099609e+00 4.003050625324249268e-01 7.089994049072265625e+01
-4.759859561920166016e+00 4.002999067306518555e-01 7.089994812011718750e+01
-5.601032733917236328e+00 2.557803094387054443e-01 7.159492492675781250e+01
-4.759912014007568359e+00 4.003048241138458252e-01 7.089994049072265625e+01
-4.281351566314697266e+00 2.532186508178710938e-01 7.159497070312500000e+01
-4.759940624237060547e+00 4.003003239631652832e-01 7.089994049072265625e+01
-4.759896755218505859e+00 4.003018140792846680e-01 7.089994049072265625e+01
-4.985364437103271484e+00 2.257928997278213501e-01 7.159490203857421875e+01
-4.759916782379150391e+00 4.003035426139831543e-01 7.089994049072265625e+01
-3.121824264526367188e+00 -1.041098237037658691e-01 7.159490966796875000e+01
-6.721940040588378906e+00 -2.373858690261840820e-01 7.159485626220703125e+01
-4.759908199310302734e+00 4.003025889396667480e-01 7.089994049072265625e+01
-4.580351352691650391e+00 1.465397328138351440e-01 7.159488677978515625e+01
-4.759922981262207031e+00 4.003013372421264648e-01 7.089994049072265625e+01
-4.759908676147460938e+00 4.003040492534637451e-01 7.089994812011718750e+01
-5.303573608398437500e+00 2.213416807353496552e-02 7.159490966796875000e+01
-4.759913921356201172e+00 4.003016352653503418e-01 7.089994049072265625e+01
-4.015979290008544922e+00 -9.060151875019073486e-02 7.159492492675781250e+01
-4.759934425354003906e+00 4.002950489521026611e-01 7.089994812011718750e+01
-4.759905815124511719e+00 4.003006517887115479e-01 7.089994049072265625e+01
-4.827743053436279297e+00 2.564560854807496071e-03 7.159490966796875000e+01
-4.759917736053466797e+00 4.003009796142578125e-01 7.089994049072265625e+01
-4.759900569915771484e+00 4.002980589866638184e-01 7.089994812011718750e+01
-4.759916782379150391e+00 4.003030359745025635e-01 7.089994812011718750e+01
-4.759911060333251953e+00 4.003010988235473633e-01 7.089994049072265625e+01
-4.407550334930419922e+00 -1.779596209526062012e-01 7.159489440917968750e+01
-4.759913444519042969e+00 4.003055095672607422e-01 7.089994812011718750e+01
-4.759912490844726562e+00 4.003055095672607422e-01 7.089994812011718750e+01
-5.093424797058105469e+00 -2.706807553768157959e-01 7.159490203857421875e+01
-4.759914875030517578e+00 4.002999067306518555e-01 7.089994049072265625e+01
-4.759908199310302734e+00 4.003006219863891602e-01 7.089994812011718750e+01
-4.759921550750732422e+00 4.002970457077026367e-01 7.089994812011718750e+01
-4.759909152984619141e+00 4.002985656261444092e-01 7.089994049072265625e+01
-4.678001880645751953e+00 -3.997123241424560547e-01 7.158438110351562500e+01
-4.759918689727783203e+00 4.002968370914459229e-01 7.089994049072265625e+01
-4.759904861450195312e+00 4.002949893474578857e-01 7.089994812011718750e+01
-4.759915828704833984e+00 4.003002941608428955e-01 7.089994812011718750e+01
-4.759912490844726562e+00 4.002958536148071289e-01 7.089994049072265625e+01
-4.759910583496093750e+00 4.002999663352966309e-01 7.089994812011718750e+01
-4.759919166564941406e+00 4.002946615219116211e-01 7.089994812011718750e+01
-4.759912967681884766e+00 4.003054201602935791e-01 7.089994812011718750e+01
-4.759913444519042969e+00 4.002994894981384277e-01 7.089994812011718750e+01
-4.759912967681884766e+00 4.003052413463592529e-01 7.089994812011718750e+01
-4.759910106658935547e+00 4.002959728240966797e-01 7.089994812011718750e+01
-4.759914875030517578e+00 4.002958834171295166e-01 7.089994812011718750e+01
-4.759912967681884766e+00 4.002951681613922119e-01 7.089994812011718750e+01
