-2.534674453735351562e+01 1.470311927795410156e+01 7.089489746093750000e+01
-2.534674453735351562e+01 6.156295299530029297e+00 7.089489746093750000e+01
-2.525943946838378906e+01 9.561898231506347656e+00 6.990010070800781250e+01
-2.423510551452636719e+01 1.116244220733642578e+01 7.234483337402343750e+01
-2.540881538391113281e+01 6.303421974182128906e+00 7.088391876220703125e+01
-2.214469528198242188e+01 1.394602680206298828e+01 6.885801696777343750e+01
-2.534674453735351562e+01 6.156295299530029297e+00 7.089489746093750000e+01
-2.534741210937500000e+01 6.158718585968017578e+00 7.089361572265625000e+01
-2.137639808654785156e+01 1.265754032135009766e+01 7.234486389160156250e+01
-2.534711456298828125e+01 6.156865119934082031e+00 7.089505004882812500e+01
-2.488111877441406250e+01 7.610851287841796875e+00 6.989988708496093750e+01
-2.489195251464843750e+01 8.036708831787109375e+00 7.234484863281250000e+01
-2.560365486145019531e+01 6.500914096832275391e+00 7.074600982666015625e+01
-2.082077789306640625e+01 1.121492481231689453e+01 6.989987945556640625e+01
-2.534678077697753906e+01 6.156361579895019531e+00 7.089495086669921875e+01
-2.534687423706054688e+01 6.157274723052978516e+00 7.089389801025390625e+01
-2.362624359130859375e+01 8.224713325500488281e+00 7.234494018554687500e+01
-2.534726142883300781e+01 6.156746387481689453e+00 7.089492034912109375e+01
-2.434698677062988281e+01 7.319844722747802734e+00 6.990000152587890625e+01
-2.541379165649414062e+01 7.291822433471679688e+00 7.234485626220703125e+01
-2.567352485656738281e+01 6.534814834594726562e+00 7.050330352783203125e+01
-1.457004737854003906e+01 1.381348705291748047e+01 7.234488677978515625e+01
-2.534696578979492188e+01 6.156475543975830078e+00 7.089505004882812500e+01
-2.512294006347656250e+01 6.802614212036132812e+00 6.990006256103515625e+01
-2.451583862304687500e+01 7.160774707794189453e+00 7.234494018554687500e+01
-2.605101966857910156e+01 6.577380657196044922e+00 7.067021179199218750e+01
-2.319374084472656250e+01 7.435613632202148438e+00 6.990015411376953125e+01
-2.534676742553710938e+01 6.156324863433837891e+00 7.089495086669921875e+01
-2.555878639221191406e+01 6.458398342132568359e+00 7.030536651611328125e+01
-2.258755302429199219e+01 7.574541091918945312e+00 7.234505462646484375e+01
-2.534710884094238281e+01 6.156456947326660156e+00 7.089499664306640625e+01
-2.470725059509277344e+01 6.632732391357421875e+00 6.990033721923828125e+01
-2.509754180908203125e+01 6.712360382080078125e+00 7.234493255615234375e+01
-2.619072532653808594e+01 6.533709526062011719e+00 7.024127197265625000e+01
-1.831297492980957031e+01 8.483363151550292969e+00 7.031216430664062500e+01
-2.534687995910644531e+01 6.156356334686279297e+00 7.089504241943359375e+01
-2.534189033508300781e+01 6.438320159912109375e+00 6.990001678466796875e+01
-2.403127098083496094e+01 6.667271137237548828e+00 7.234501647949218750e+01
-2.636984634399414062e+01 6.401719093322753906e+00 7.080007934570312500e+01
-2.403603744506835938e+01 6.513460159301757812e+00 6.990011596679687500e+01
-2.534675025939941406e+01 6.156301021575927734e+00 7.089492797851562500e+01
-2.629051971435546875e+01 6.465165138244628906e+00 6.939514923095703125e+01
-2.005534744262695312e+01 6.997294902801513672e+00 7.234504699707031250e+01
-2.534700965881347656e+01 6.156334877014160156e+00 7.089503479003906250e+01
-2.497838020324707031e+01 6.274771690368652344e+00 6.990129852294921875e+01
-2.475642967224121094e+01 6.299218654632568359e+00 7.234499359130859375e+01
-2.646965789794921875e+01 6.244379043579101562e+00 7.036272430419921875e+01
-2.211989402770996094e+01 6.327055454254150391e+00 6.990002441406250000e+01
-2.534681892395019531e+01 6.156299591064453125e+00 7.089502716064453125e+01
-2.534674453735351562e+01 6.156295299530029297e+00 7.089489746093750000e+01
-2.330531501770019531e+01 6.131000518798828125e+00 7.234503173828125000e+01
-2.534706878662109375e+01 6.156285285949707031e+00 7.089493560791015625e+01
-2.450013732910156250e+01 6.090243816375732422e+00 6.990026855468750000e+01
-2.529386329650878906e+01 6.053438663482666016e+00 7.234497833251953125e+01
-2.652558326721191406e+01 6.002981662750244141e+00 6.969867706298828125e+01
-2.534674453735351562e+01 6.156295299530029297e+00 7.089489746093750000e+01
-2.534692955017089844e+01 6.156263351440429688e+00 7.089505004882812500e+01
-2.520800018310546875e+01 6.002384185791015625e+00 6.990044403076171875e+01
-2.434826278686523438e+01 5.849408626556396484e+00 7.234500122070312500e+01
-2.651592445373535156e+01 5.921682357788085938e+00 7.062586975097656250e+01
-2.359102058410644531e+01 5.718282222747802734e+00 6.990017700195312500e+01
-2.534677886962890625e+01 6.156268596649169922e+00 7.089500427246093750e+01
-2.631119918823242188e+01 5.549757003784179688e+00 6.878041839599609375e+01
-2.192868041992187500e+01 5.103772640228271484e+00 7.234501647949218750e+01
-2.534700965881347656e+01 6.156208992004394531e+00 7.089498901367187500e+01
-2.426727676391601562e+01 5.398294448852539062e+00 6.886511230468750000e+01
-2.497206306457519531e+01 5.626774311065673828e+00 7.234498596191406250e+01
-2.642534446716308594e+01 5.670118331909179688e+00 7.019390869140625000e+01
-1.938424301147460938e+01 3.720578193664550781e+00 6.990010833740234375e+01
-2.534686470031738281e+01 6.156210899353027344e+00 7.089505004882812500e+01
-2.542984199523925781e+01 5.669712543487548828e+00 6.982870483398437500e+01
-2.379446411132812500e+01 5.131976127624511719e+00 7.234501647949218750e+01
-2.638753318786621094e+01 5.625144481658935547e+00 7.088474273681640625e+01
-2.423935508728027344e+01 5.353339195251464844e+00 6.990013122558593750e+01
-2.534675216674804688e+01 6.156245231628417969e+00 7.089498138427734375e+01
-2.607898521423339844e+01 5.423598766326904297e+00 6.992027282714843750e+01
-1.759103012084960938e+01 1.155283093452453613e+00 7.234494781494140625e+01
-2.534694671630859375e+01 6.156136989593505859e+00 7.089501953125000000e+01
-2.534593963623046875e+01 6.154187679290771484e+00 7.089201354980468750e+01
-2.508243179321289062e+01 5.722530841827392578e+00 7.141618347167968750e+01
-2.618025970458984375e+01 5.459590911865234375e+00 7.058124542236328125e+01
-2.286849594116210938e+01 3.953280687332153320e+00 6.990010070800781250e+01
-2.534681701660156250e+01 6.156148910522460938e+00 7.089505004882812500e+01
-2.553891181945800781e+01 5.547055721282958984e+00 7.026062774658203125e+01
-2.290009117126464844e+01 3.392109394073486328e+00 7.234485626220703125e+01
-2.534697341918945312e+01 6.156054973602294922e+00 7.089494323730468750e+01
-2.534607696533203125e+01 6.155045509338378906e+00 7.089396667480468750e+01
-2.534673309326171875e+01 6.156187057495117188e+00 7.089498901367187500e+01
-2.579914474487304688e+01 5.418068408966064453e+00 7.050600433349609375e+01
-9.664186477661132812e+00 -1.461843967437744141e+01 7.039958953857421875e+01
-2.534688186645507812e+01 6.156020641326904297e+00 7.089503479003906250e+01
-2.533768081665039062e+01 5.907077789306640625e+00 7.073312377929687500e+01
-2.524372482299804688e+01 5.883814334869384766e+00 7.102082824707031250e+01
-2.573535156250000000e+01 5.433244228363037109e+00 7.083874511718750000e+01
-2.534625625610351562e+01 6.155080318450927734e+00 7.089456176757812500e+01
-2.534678077697753906e+01 6.155926227569580078e+00 7.089505004882812500e+01
-2.543284416198730469e+01 5.673541545867919922e+00 7.074118041992187500e+01
-2.534272193908691406e+01 6.141848087310791016e+00 7.089622497558593750e+01
-2.534684753417968750e+01 6.155745029449462891e+00 7.089494323730468750e+01
-2.534674453735351562e+01 5.856551647186279297e+00 7.089489746093750000e+01
