1.767484092712402344e+01 2.011819124221801758e+00 7.090002441406250000e+01
1.767484092712402344e+01 1.438194155693054199e+00 7.090002441406250000e+01
1.776261329650878906e+01 4.861997604370117188e+00 6.989990997314453125e+01
1.807485961914062500e+01 3.239639043807983398e+00 7.142177581787109375e+01
1.212393188476562500e+01 1.459570789337158203e+01 6.991814422607421875e+01
1.924721908569335938e+01 5.263370513916015625e+00 6.989980316162109375e+01
1.767484092712402344e+01 1.438194155693054199e+00 7.090002441406250000e+01
1.715550994873046875e+01 3.325213432312011719e+00 6.990008544921875000e+01
1.807487678527832031e+01 2.093234062194824219e+00 7.104611968994140625e+01
1.767484092712402344e+01 1.438194155693054199e+00 7.090002441406250000e+01
1.814287185668945312e+01 2.900265932083129883e+00 6.989987182617187500e+01
1.789280891418457031e+01 2.339420318603515625e+00 7.159494018554687500e+01
1.596056556701660156e+01 3.737726688385009766e+00 6.990656280517578125e+01
2.222460556030273438e+01 6.523421764373779297e+00 6.989977264404296875e+01
1.767484092712402344e+01 1.438194155693054199e+00 7.090002441406250000e+01
1.754525375366210938e+01 2.418265581130981445e+00 6.990000915527343750e+01
1.807486343383789062e+01 1.919109940528869629e+00 7.123716735839843750e+01
1.767484092712402344e+01 1.438194155693054199e+00 7.090002441406250000e+01
1.867973709106445312e+01 2.607723474502563477e+00 6.990001678466796875e+01
1.767484092712402344e+01 1.438194155693054199e+00 7.090002441406250000e+01
1.684037208557128906e+01 2.404785156250000000e+00 6.990005493164062500e+01
1.807487106323242188e+01 1.722428917884826660e+00 7.095384979248046875e+01
1.767484092712402344e+01 1.438194155693054199e+00 7.090002441406250000e+01
1.789981269836425781e+01 2.087882995605468750e+00 6.990000152587890625e+01
1.807304763793945312e+01 1.919584870338439941e+00 7.159494781494140625e+01
1.454024410247802734e+01 3.312364339828491211e+00 6.990000152587890625e+01
1.767522048950195312e+01 1.438420176506042480e+00 7.089984893798828125e+01
1.767484092712402344e+01 1.438194155693054199e+00 7.090002441406250000e+01
1.731515121459960938e+01 1.950655579566955566e+00 6.989999389648437500e+01
1.807487106323242188e+01 1.643812298774719238e+00 7.111026763916015625e+01
1.767484092712402344e+01 1.438194155693054199e+00 7.090002441406250000e+01
1.831787109375000000e+01 1.917265653610229492e+00 6.989996337890625000e+01
1.779424667358398438e+01 1.704632282257080078e+00 7.159481048583984375e+01
1.638365745544433594e+01 2.015590190887451172e+00 6.990005493164062500e+01
1.768762588500976562e+01 1.442423820495605469e+00 7.089896392822265625e+01
1.767484092712402344e+01 1.438194155693054199e+00 7.090002441406250000e+01
1.767971992492675781e+01 1.721678972244262695e+00 6.989999389648437500e+01
1.807486724853515625e+01 1.593578219413757324e+00 7.134099578857421875e+01
-2.990741729736328125e+00 6.395503520965576172e+00 6.898474121093750000e+01
1.767640876770019531e+01 1.438621401786804199e+00 7.089883422851562500e+01
1.767484092712402344e+01 1.438194155693054199e+00 7.090002441406250000e+01
1.704553413391113281e+01 1.644147634506225586e+00 6.989999389648437500e+01
1.807486724853515625e+01 1.501773118972778320e+00 7.100965118408203125e+01
1.767484092712402344e+01 1.438194155693054199e+00 7.090002441406250000e+01
1.767496299743652344e+01 1.438233375549316406e+00 7.089969635009765625e+01
1.795770645141601562e+01 1.506679892539978027e+00 7.159487915039062500e+01
1.556472206115722656e+01 1.603715896606445312e+00 6.990000152587890625e+01
1.768000793457031250e+01 1.438467502593994141e+00 7.089842987060546875e+01
1.767484092712402344e+01 1.438194155693054199e+00 7.090002441406250000e+01
1.746009445190429688e+01 1.448526263236999512e+00 6.989999389648437500e+01
1.807486343383789062e+01 1.433237552642822266e+00 7.118418121337890625e+01
1.767484092712402344e+01 1.438194155693054199e+00 7.090002441406250000e+01
1.767604446411132812e+01 1.438100218772888184e+00 7.089861297607421875e+01
1.770017623901367188e+01 1.388913989067077637e+00 7.159477996826171875e+01
1.668934249877929688e+01 1.310025691986083984e+00 6.989999389648437500e+01
1.807486534118652344e+01 1.393411755561828613e+00 7.092047882080078125e+01
1.767484092712402344e+01 1.438194155693054199e+00 7.090002441406250000e+01
1.767493820190429688e+01 1.438087224960327148e+00 7.089933013916015625e+01
1.807485961914062500e+01 1.315246939659118652e+00 7.148097991943359375e+01
1.332860374450683594e+01 5.660588741302490234e-01 6.989996337890625000e+01
1.767783355712890625e+01 1.437447667121887207e+00 7.089833068847656250e+01
1.767484092712402344e+01 1.438194155693054199e+00 7.090002441406250000e+01
1.721870422363281250e+01 1.151332616806030273e+00 6.989998626708984375e+01
1.807486152648925781e+01 1.315016150474548340e+00 7.106973266601562500e+01
1.571289062500000000e+01 8.005273342132568359e-01 7.159490966796875000e+01
1.767566299438476562e+01 1.437616586685180664e+00 7.089847564697265625e+01
1.785437393188476562e+01 1.184468865394592285e+00 7.159484863281250000e+01
1.613612747192382812e+01 7.446225285530090332e-01 6.990000152587890625e+01
1.767871475219726562e+01 1.436611771583557129e+00 7.089937591552734375e+01
1.767484092712402344e+01 1.438194155693054199e+00 7.090002441406250000e+01
1.759690093994140625e+01 9.818040132522583008e-01 6.989998626708984375e+01
1.807485771179199219e+01 1.174230813980102539e+00 7.127371215820312500e+01
1.767674064636230469e+01 1.436817169189453125e+00 7.089831542968750000e+01
1.767484092712402344e+01 1.438194155693054199e+00 7.090002441406250000e+01
1.692350006103515625e+01 6.863858699798583984e-01 6.989997863769531250e+01
1.807485771179199219e+01 1.180256485939025879e+00 7.097481536865234375e+01
1.655873680114746094e+01 5.597833395004272461e-01 7.159479522705078125e+01
1.767531394958496094e+01 1.436953663825988770e+00 7.089833068847656250e+01
1.802710723876953125e+01 8.600867390632629395e-01 7.159477996826171875e+01
1.501721572875976562e+01 -7.832148671150207520e-01 6.989997100830078125e+01
1.767733383178710938e+01 1.435977697372436523e+00 7.089902496337890625e+01
1.734139442443847656e+01 7.673405408859252930e-01 7.159484100341796875e+01
1.737344360351562500e+01 4.826612770557403564e-01 6.990524291992187500e+01
1.807486152648925781e+01 9.862572550773620605e-01 7.113708496093750000e+01
1.674481582641601562e+01 4.603066146373748779e-01 7.109499359130859375e+01
1.767599868774414062e+01 1.436027526855468750e+00 7.089841461181640625e+01
1.775799942016601562e+01 6.259989142417907715e-01 7.159487152099609375e+01
1.651169204711914062e+01 -4.598357677459716797e-01 6.990014648437500000e+01
1.767696380615234375e+01 1.435380697250366211e+00 7.089995574951171875e+01
1.767325401306152344e+01 1.435037970542907715e+00 7.090157318115234375e+01
1.767493438720703125e+01 1.435599803924560547e+00 7.089833831787109375e+01
1.804456520080566406e+01 4.603005647659301758e-01 7.135196685791015625e+01
1.080031204223632812e+01 -1.135273838043212891e+01 6.990668487548828125e+01
1.767608833312988281e+01 1.435093760490417480e+00 7.089917755126953125e+01
1.767424392700195312e+01 1.432116150856018066e+00 7.090255737304687500e+01
1.711469650268554688e+01 -1.702471971511840820e+00 6.990000152587890625e+01
1.794716072082519531e+01 4.602991044521331787e-01 7.098983764648437500e+01
1.767406654357910156e+01 1.434031724929809570e+00 7.090037536621093750e+01
1.767484092712402344e+01 1.434059262275695801e+00 7.090002441406250000e+01
