-8.262513160705566406e+00 -8.591457009315490723e-01 7.089999389648437500e+01
-8.322714805603027344e+00 -4.596988260746002197e-01 7.095514678955078125e+01
-8.261768341064453125e+00 -8.306395411491394043e-01 7.089151000976562500e+01
-8.173690795898437500e+00 -4.596898555755615234e-01 7.101584625244140625e+01
-8.276438713073730469e+00 -8.266818523406982422e-01 7.089752960205078125e+01
-8.250822067260742188e+00 -8.312495350837707520e-01 7.089255523681640625e+01
-8.318902015686035156e+00 -4.596957564353942871e-01 7.110975646972656250e+01
-8.781818389892578125e+00 1.027236223220825195e+00 6.990010070800781250e+01
-8.018229484558105469e+00 -4.596889913082122803e-01 7.098920440673828125e+01
-8.522327423095703125e+00 -4.597083628177642822e-01 7.100724029541015625e+01
-7.711912155151367188e+00 8.603190779685974121e-01 6.972338867187500000e+01
-8.165771484375000000e+00 -4.596980214118957520e-01 7.120841979980468750e+01
-9.987834930419921875e+00 1.454658865928649902e+00 6.990013122558593750e+01
-8.237599372863769531e+00 -8.318452835083007812e-01 7.089451599121093750e+01
-8.486054420471191406e+00 -4.597025513648986816e-01 7.121795654296875000e+01
-8.429112434387207031e+00 4.003031253814697266e-01 6.961435699462890625e+01
-7.929811000823974609e+00 -4.597096145153045654e-01 7.118039703369140625e+01
-8.721619606018066406e+00 -4.597122967243194580e-01 7.091897583007812500e+01
-7.179879665374755859e+00 4.003118872642517090e-01 6.982263183593750000e+01
-8.286129951477050781e+00 -4.597072899341583252e-01 7.141073608398437500e+01
-9.350286483764648438e+00 4.003100693225860596e-01 6.959648132324218750e+01
-7.699575424194335938e+00 -4.597052633762359619e-01 7.097573852539062500e+01
-8.753913879394531250e+00 -4.597055017948150635e-01 7.124189758300781250e+01
-7.880020618438720703e+00 2.448976039886474609e-01 6.919977569580078125e+01
-7.931668758392333984e+00 -4.597338438034057617e-01 7.147736358642578125e+01
-1.139680862426757812e+01 1.014299154281616211e+00 6.990007019042968750e+01
-6.108061790466308594e+00 4.204877316951751709e-01 6.990457916259765625e+01
-8.553256034851074219e+00 -4.753757417201995850e-01 7.159471130371093750e+01
-8.874016761779785156e+00 1.153705455362796783e-02 6.919985961914062500e+01
-7.484373569488525391e+00 -4.597209095954895020e-01 7.130895996093750000e+01
-9.164949417114257812e+00 -4.596972763538360596e-01 7.113787078857421875e+01
-7.169291496276855469e+00 -4.521600529551506042e-02 6.919978332519531250e+01
-8.143096923828125000e+00 -5.932272672653198242e-01 7.159484100341796875e+01
-1.045769500732421875e+01 1.219575256109237671e-01 6.919992065429687500e+01
-8.193579673767089844e+00 -8.368846774101257324e-01 7.089427947998046875e+01
-8.905303001403808594e+00 -5.696945190429687500e-01 7.159483337402343750e+01
-8.255629539489746094e+00 -4.597094357013702393e-01 6.948900604248046875e+01
-7.632084846496582031e+00 -6.148104667663574219e-01 7.159494781494140625e+01
-1.905118370056152344e+01 1.728321075439453125e+00 6.990010070800781250e+01
-6.824866294860839844e+00 -4.679349660873413086e-01 6.980886840820312500e+01
-8.388903617858886719e+00 -7.215990424156188965e-01 7.159474945068359375e+01
-9.332345008850097656e+00 -5.095660090446472168e-01 6.919992065429687500e+01
-5.746101856231689453e+00 -4.597396850585937500e-01 7.158963775634765625e+01
-9.616525650024414062e+00 -6.580998897552490234e-01 7.159484863281250000e+01
-7.632185459136962891e+00 -6.569595336914062500e-01 6.919979095458984375e+01
-7.979653835296630859e+00 -7.912067174911499023e-01 7.159483337402343750e+01
-1.184972095489501953e+01 -5.783033370971679688e-01 6.919995117187500000e+01
-2.748112678527832031e+00 -5.678769350051879883e-01 6.919984436035156250e+01
-8.669725418090820312e+00 -8.352743983268737793e-01 7.159482574462890625e+01
-8.627561569213867188e+00 -8.421269655227661133e-01 6.920002746582031250e+01
-8.262398719787597656e+00 -8.596921563148498535e-01 7.090007781982421875e+01
-1.985635948181152344e+01 -1.213899970054626465e+00 7.234490966796875000e+01
-7.411341190338134766e+00 -9.260983467102050781e-01 6.990000152587890625e+01
-8.209819793701171875e+00 -9.621821641921997070e-01 7.234492492675781250e+01
-9.247936248779296875e+00 -9.878494739532470703e-01 6.990003967285156250e+01
-8.262513160705566406e+00 -8.596907258033752441e-01 7.089999389648437500e+01
-1.001133155822753906e+01 -1.160181879997253418e+00 7.234495544433593750e+01
-8.122997283935546875e+00 -1.014457464218139648e+00 6.990000915527343750e+01
-7.267600059509277344e+00 -1.165480375289916992e+00 7.234491729736328125e+01
-1.260375690460205078e+01 -1.730824112892150879e+00 6.990108489990234375e+01
-6.497467041015625000e+00 -1.300029873847961426e+00 6.989998626708984375e+01
-8.731267929077148438e+00 -1.222535252571105957e+00 7.234494018554687500e+01
-8.718617439270019531e+00 -1.146531581878662109e+00 6.990002441406250000e+01
-4.856794834136962891e+00 -1.908411622047424316e+00 7.234487152099609375e+01
-1.234237289428710938e+01 -2.185713529586791992e+00 7.234499359130859375e+01
-7.730706214904785156e+00 -1.233124613761901855e+00 6.990000915527343750e+01
-7.889162540435791016e+00 -1.387329459190368652e+00 7.234492492675781250e+01
-9.801105499267578125e+00 -1.553207755088806152e+00 6.990004730224609375e+01
-2.306089162826538086e+00 -3.292925119400024414e+00 6.990621948242187500e+01
-9.392888069152832031e+00 -1.645982265472412109e+00 7.234494781494140625e+01
-8.340449333190917969e+00 -1.316054940223693848e+00 6.990001678466796875e+01
-6.715806484222412109e+00 -1.880332350730895996e+00 7.234490966796875000e+01
-2.879323005676269531e+01 -1.133722686767578125e+01 7.069967651367187500e+01
-7.149301528930664062e+00 -1.666867971420288086e+00 6.990000152587890625e+01
-8.403542518615722656e+00 -1.686660289764404297e+00 7.234493255615234375e+01
-9.013792991638183594e+00 -1.611437797546386719e+00 6.990002441406250000e+01
-5.346426367759704590e-01 -5.842749118804931641e+00 7.234484100341796875e+01
-1.058377552032470703e+01 -2.686601400375366211e+00 7.234497833251953125e+01
-7.983207702636718750e+00 -1.590817451477050781e+00 6.990000915527343750e+01
-7.529882431030273438e+00 -2.062017202377319336e+00 7.234492492675781250e+01
-1.091982936859130859e+01 -3.080841541290283203e+00 6.990005493164062500e+01
-5.771274566650390625e+00 -3.074252367019653320e+00 6.989997863769531250e+01
-8.955956459045410156e+00 -2.254816770553588867e+00 7.234494781494140625e+01
-8.565482139587402344e+00 -1.820208191871643066e+00 6.990001678466796875e+01
-5.824429035186767578e+00 -3.614196062088012695e+00 7.234487152099609375e+01
-1.515474033355712891e+01 -8.106622695922851562e+00 7.234488677978515625e+01
-7.544803619384765625e+00 -2.203352451324462891e+00 6.990000915527343750e+01
-8.089588165283203125e+00 -2.548642158508300781e+00 7.234492492675781250e+01
-9.425764083862304688e+00 -2.757885932922363281e+00 6.990003204345703125e+01
2.069203376770019531e+00 -1.454614925384521484e+01 7.057368469238281250e+01
-9.743144989013671875e+00 -3.803720951080322266e+00 7.234494781494140625e+01
-8.206491470336914062e+00 -2.400161266326904297e+00 6.990001678466796875e+01
-7.080480098724365234e+00 -3.986079454421997070e+00 7.234489440917968750e+01
-1.518262958526611328e+01 -1.373544502258300781e+01 6.990007019042968750e+01
-6.794900417327880859e+00 -4.505019664764404297e+00 6.989997863769531250e+01
-8.602416992187500000e+00 -4.324345111846923828e+00 7.234491729736328125e+01
-8.822632789611816406e+00 -4.000213146209716797e+00 6.990001678466796875e+01
-4.464112758636474609e+00 -1.449971771240234375e+01 7.215274810791015625e+01
-1.081107902526855469e+01 -1.455291938781738281e+01 7.204745483398437500e+01
-8.262513160705566406e+00 -1.463970851898193359e+01 7.089999389648437500e+01
