1.767487525939941406e+01 -6.819449424743652344e+00 7.090005493164062500e+01
1.767487525939941406e+01 -7.373453617095947266e+00 7.090005493164062500e+01
1.776260757446289062e+01 -3.951219320297241211e+00 6.990039825439453125e+01
1.807487678527832031e+01 -5.572088718414306641e+00 7.142178344726562500e+01
1.202454566955566406e+01 6.019721031188964844e+00 6.990058898925781250e+01
1.924689102172851562e+01 -3.549156665802001953e+00 6.990007019042968750e+01
1.767487525939941406e+01 -7.373453617095947266e+00 7.090005493164062500e+01
1.715830612182617188e+01 -5.496465682983398438e+00 6.990543365478515625e+01
1.807487487792968750e+01 -6.718473434448242188e+00 7.104613494873046875e+01
1.767487525939941406e+01 -7.373453617095947266e+00 7.090005493164062500e+01
1.862457466125488281e+01 -4.406706809997558594e+00 6.887059783935546875e+01
1.789281082153320312e+01 -6.472363471984863281e+00 7.159487152099609375e+01
1.594921016693115234e+01 -5.058642864227294922e+00 6.989999389648437500e+01
2.222333145141601562e+01 -2.289687156677246094e+00 6.990009307861328125e+01
1.767487525939941406e+01 -7.373453617095947266e+00 7.090005493164062500e+01
1.754528427124023438e+01 -6.393349647521972656e+00 6.990000152587890625e+01
1.807488059997558594e+01 -6.892558574676513672e+00 7.123718261718750000e+01
9.739083290100097656e+00 -4.597100317478179932e-01 7.122822570800781250e+01
1.867981147766113281e+01 -6.203876972198486328e+00 6.990000915527343750e+01
1.767487525939941406e+01 -7.373453617095947266e+00 7.090005493164062500e+01
1.684037780761718750e+01 -6.406830310821533203e+00 6.990004730224609375e+01
1.807489013671875000e+01 -7.089230060577392578e+00 7.095387268066406250e+01
1.767487525939941406e+01 -7.373453617095947266e+00 7.090005493164062500e+01
1.814477157592773438e+01 -6.016453266143798828e+00 6.881131744384765625e+01
1.807303428649902344e+01 -6.892119407653808594e+00 7.159489440917968750e+01
1.454035758972167969e+01 -5.499330520629882812e+00 6.990005493164062500e+01
1.983930206298828125e+01 -6.087347507476806641e+00 6.990003204345703125e+01
1.767487525939941406e+01 -7.373453617095947266e+00 7.090005493164062500e+01
1.731519317626953125e+01 -6.861003398895263672e+00 6.990004730224609375e+01
1.807489585876464844e+01 -7.167840003967285156e+00 7.111029052734375000e+01
1.767487525939941406e+01 -7.373453617095947266e+00 7.090005493164062500e+01
1.900865745544433594e+01 -6.379755973815917969e+00 6.882571411132812500e+01
1.779426193237304688e+01 -7.107055187225341797e+00 7.159473419189453125e+01
1.638362121582031250e+01 -6.796026706695556641e+00 6.990003967285156250e+01
2.878429222106933594e+01 -3.697989702224731445e+00 6.997966003417968750e+01
1.767487525939941406e+01 -7.373453617095947266e+00 7.090005493164062500e+01
1.768501091003417969e+01 -6.784464359283447266e+00 6.882231903076171875e+01
1.807489585876464844e+01 -7.218071460723876953e+00 7.134101867675781250e+01
6.923493385314941406e+00 -4.794386386871337891e+00 6.990361785888671875e+01
1.899257087707519531e+01 -7.014384746551513672e+00 6.989997100830078125e+01
1.767487525939941406e+01 -7.373453617095947266e+00 7.090005493164062500e+01
1.704557228088378906e+01 -7.167500972747802734e+00 6.990003204345703125e+01
1.807448768615722656e+01 -7.309940338134765625e+00 7.100957489013671875e+01
1.767487525939941406e+01 -7.373453617095947266e+00 7.090005493164062500e+01
1.844262695312500000e+01 -7.126523017883300781e+00 6.882917785644531250e+01
1.795772171020507812e+01 -7.304972648620605469e+00 7.159486389160156250e+01
1.556472587585449219e+01 -7.207929611206054688e+00 6.990001678466796875e+01
2.091810798645019531e+01 -7.201826572418212891e+00 6.990013122558593750e+01
1.767487525939941406e+01 -7.373453617095947266e+00 7.090005493164062500e+01
1.746013069152832031e+01 -7.363121509552001953e+00 6.990003204345703125e+01
1.807281112670898438e+01 -7.378384113311767578e+00 7.118273162841796875e+01
1.767487525939941406e+01 -7.373453617095947266e+00 7.090005493164062500e+01
1.852611541748046875e+01 -7.439866542816162109e+00 6.989998626708984375e+01
1.770020866394042969e+01 -7.422730445861816406e+00 7.159476470947265625e+01
1.668961906433105469e+01 -7.501590728759765625e+00 6.990027618408203125e+01
1.807487678527832031e+01 -7.418233394622802734e+00 7.092050933837890625e+01
1.767487525939941406e+01 -7.373453617095947266e+00 7.090005493164062500e+01
1.795830917358398438e+01 -7.687870502471923828e+00 6.886853790283203125e+01
1.807487297058105469e+01 -7.496394157409667969e+00 7.148097229003906250e+01
1.335519695281982422e+01 -8.240259170532226562e+00 6.990610504150390625e+01
1.943980407714843750e+01 -7.813763618469238281e+00 6.990011596679687500e+01
1.767487525939941406e+01 -7.373453617095947266e+00 7.090005493164062500e+01
1.722023582458496094e+01 -7.659373283386230469e+00 6.990329742431640625e+01
1.807487487792968750e+01 -7.496625423431396484e+00 7.106975555419921875e+01
1.767487525939941406e+01 -7.373453617095947266e+00 7.090005493164062500e+01
1.820668983459472656e+01 -7.746892929077148438e+00 6.990005493164062500e+01
1.785441207885742188e+01 -7.627183914184570312e+00 7.159489440917968750e+01
1.613620948791503906e+01 -8.067004203796386719e+00 6.990006256103515625e+01
2.366906547546386719e+01 -9.822115898132324219e+00 6.989997863769531250e+01
1.767487525939941406e+01 -7.373453617095947266e+00 7.090005493164062500e+01
1.759704399108886719e+01 -7.829200744628906250e+00 6.990142822265625000e+01
1.807486152648925781e+01 -7.637396812438964844e+00 7.127371978759765625e+01
3.610019207000732422e+00 -1.455123710632324219e+01 7.076282501220703125e+01
1.878482437133789062e+01 -8.178265571594238281e+00 6.990299224853515625e+01
1.767487525939941406e+01 -7.373453617095947266e+00 7.090005493164062500e+01
1.692349624633789062e+01 -8.125299453735351562e+00 6.989995574951171875e+01
1.807486343383789062e+01 -7.631372928619384766e+00 7.097483825683593750e+01
1.767487525939941406e+01 -7.373453617095947266e+00 7.090005493164062500e+01
1.782378196716308594e+01 -7.763241291046142578e+00 7.036692810058593750e+01
1.802578926086425781e+01 -7.949341773986816406e+00 7.159214782714843750e+01
1.501752185821533203e+01 -9.594635963439941406e+00 6.990010070800781250e+01
1.825688552856445312e+01 -7.890825271606445312e+00 7.066642761230468750e+01
1.767487525939941406e+01 -7.373453617095947266e+00 7.090005493164062500e+01
1.751445007324218750e+01 -7.882059097290039062e+00 7.037055969238281250e+01
1.846587944030761719e+01 -8.267116546630859375e+00 7.136882781982421875e+01
1.767487525939941406e+01 -7.373453617095947266e+00 7.090005493164062500e+01
1.788308715820312500e+01 -7.763257503509521484e+00 7.060995483398437500e+01
1.775802993774414062e+01 -8.185618400573730469e+00 7.159487915039062500e+01
1.651147460937500000e+01 -9.271893501281738281e+00 6.989996337890625000e+01
1.797480964660644531e+01 -7.770777225494384766e+00 7.089057922363281250e+01
1.767487525939941406e+01 -7.373453617095947266e+00 7.090005493164062500e+01
1.769004631042480469e+01 -7.790604591369628906e+00 7.062926483154296875e+01
1.822968292236328125e+01 -8.840880393981933594e+00 7.157824707031250000e+01
1.382124900817871094e+01 -1.454361343383789062e+01 7.034322357177734375e+01
1.783180999755859375e+01 -7.763254165649414062e+00 7.079312133789062500e+01
1.753020286560058594e+01 -8.848097801208496094e+00 7.151505279541015625e+01
1.759320259094238281e+01 -7.831377506256103516e+00 7.075424957275390625e+01
1.810353088378906250e+01 -8.912751197814941406e+00 7.104142761230468750e+01
1.741946983337402344e+01 -8.745720863342285156e+00 7.101504516601562500e+01
1.767487525939941406e+01 -7.499871730804443359e+00 7.090005493164062500e+01
