-2.123518943786621094e+01 1.473097324371337891e+01 7.090013885498046875e+01
-2.123518943786621094e+01 1.875330090522766113e+00 7.090013885498046875e+01
-2.114742088317871094e+01 5.298988342285156250e+00 6.990006256103515625e+01
-2.123518943786621094e+01 1.875330090522766113e+00 7.090013885498046875e+01
-2.666113853454589844e+01 1.473664665222167969e+01 6.994036865234375000e+01
-1.966309356689453125e+01 5.699818611145019531e+00 6.990010070800781250e+01
-2.123518943786621094e+01 1.875330090522766113e+00 7.090013885498046875e+01
-2.175195693969726562e+01 3.753034114837646484e+00 6.990513610839843750e+01
-2.123518943786621094e+01 1.875330090522766113e+00 7.090013885498046875e+01
-2.123518943786621094e+01 1.875330090522766113e+00 7.090013885498046875e+01
-2.076756858825683594e+01 3.336120605468750000e+00 6.990086364746093750e+01
-2.123518943786621094e+01 1.875330090522766113e+00 7.090013885498046875e+01
-2.296088218688964844e+01 4.190177440643310547e+00 6.990006256103515625e+01
-1.672843933105468750e+01 6.912481784820556641e+00 6.990933990478515625e+01
-2.123518943786621094e+01 1.875330090522766113e+00 7.090013885498046875e+01
-2.136477470397949219e+01 2.855391740798950195e+00 6.990013122558593750e+01
-2.123518943786621094e+01 1.875330090522766113e+00 7.090013885498046875e+01
-2.639291000366210938e+01 6.368789196014404297e+00 7.111342620849609375e+01
-2.023031234741210938e+01 3.044837713241577148e+00 6.990015411376953125e+01
-2.123518943786621094e+01 1.875330090522766113e+00 7.090013885498046875e+01
-2.206972312927246094e+01 2.841996192932128906e+00 6.990008544921875000e+01
-1.752582931518554688e+01 4.510950565338134766e+00 7.139923095703125000e+01
-2.223359107971191406e+01 2.687998294830322266e+00 7.159480285644531250e+01
-2.101022720336914062e+01 2.524988889694213867e+00 6.990016174316406250e+01
-2.123518943786621094e+01 1.875330090522766113e+00 7.090013885498046875e+01
-2.437016677856445312e+01 3.749727964401245117e+00 6.989999389648437500e+01
-1.907072830200195312e+01 3.161456823348999023e+00 6.990010070800781250e+01
-2.123518943786621094e+01 1.875330090522766113e+00 7.090013885498046875e+01
-2.159487533569335938e+01 2.387785434722900391e+00 6.990012359619140625e+01
-2.123518943786621094e+01 1.875330090522766113e+00 7.090013885498046875e+01
-2.326736450195312500e+01 2.776065826416015625e+00 7.143581390380859375e+01
-2.059222221374511719e+01 2.354355096817016602e+00 6.990017700195312500e+01
-2.123518943786621094e+01 1.875330090522766113e+00 7.090013885498046875e+01
-2.252652168273925781e+01 2.452791929244995117e+00 6.990006256103515625e+01
-9.163619041442871094e+00 5.869115352630615234e+00 6.990003204345703125e+01
-2.187789154052734375e+01 2.165287017822265625e+00 7.159487915039062500e+01
-2.123031044006347656e+01 2.158802986145019531e+00 6.990015411376953125e+01
-2.123518943786621094e+01 1.875330090522766113e+00 7.090013885498046875e+01
-2.882089042663574219e+01 3.695006370544433594e+00 7.019709777832031250e+01
-1.991761589050292969e+01 2.234366178512573242e+00 6.990014648437500000e+01
-2.136154174804687500e+01 2.013380527496337891e+00 7.159468078613281250e+01
-2.186449813842773438e+01 2.081284284591674805e+00 6.990010833740234375e+01
-2.123518943786621094e+01 1.875330090522766113e+00 7.090013885498046875e+01
-2.256456756591796875e+01 2.073253154754638672e+00 7.158235168457031250e+01
-2.086446952819824219e+01 1.994564414024353027e+00 6.990018463134765625e+01
-2.123518943786621094e+01 1.875330090522766113e+00 7.090013885498046875e+01
-2.334553146362304688e+01 2.040869474411010742e+00 6.990000915527343750e+01
-1.799140930175781250e+01 2.046986103057861328e+00 6.990004730224609375e+01
-2.164228630065917969e+01 1.899739384651184082e+00 7.159477233886718750e+01
-2.144992828369140625e+01 1.885661840438842773e+00 6.990013885498046875e+01
-2.123518943786621094e+01 1.875330090522766113e+00 7.090013885498046875e+01
-2.232728004455566406e+01 1.841965079307556152e+00 7.103624725341796875e+01
-2.038403892517089844e+01 1.808924078941345215e+00 6.990016937255859375e+01
-2.120985603332519531e+01 1.826054573059082031e+00 7.159483337402343750e+01
-2.222072219848632812e+01 1.747157096862792969e+00 6.990007781982421875e+01
-2.123518943786621094e+01 1.875330090522766113e+00 7.090013885498046875e+01
-2.207590103149414062e+01 1.730874657630920410e+00 7.159477996826171875e+01
-2.109567451477050781e+01 1.720564007759094238e+00 6.990016174316406250e+01
-2.123518943786621094e+01 1.875330090522766113e+00 7.090013885498046875e+01
-2.855578994750976562e+01 4.063458740711212158e-01 6.921568298339843750e+01
-1.947012329101562500e+01 1.434986233711242676e+00 6.990012359619140625e+01
-2.146055603027343750e+01 1.700882077217102051e+00 7.159483337402343750e+01
-2.169132041931152344e+01 1.588472008705139160e+00 6.990010833740234375e+01
-2.123518943786621094e+01 1.875330090522766113e+00 7.090013885498046875e+01
-2.208910560607910156e+01 1.597793340682983398e+00 7.120257568359375000e+01
-2.070339393615722656e+01 1.501904606819152832e+00 6.990017700195312500e+01
-2.105567359924316406e+01 1.621627926826477051e+00 7.159490203857421875e+01
-2.277406311035156250e+01 1.181686162948608398e+00 6.990000915527343750e+01
-1.524055290222167969e+01 -5.735144019126892090e-01 6.989998626708984375e+01
-2.177862930297851562e+01 1.497312068939208984e+00 7.159481811523437500e+01
-2.131312751770019531e+01 1.418953180313110352e+00 6.990013122558593750e+01
-2.123518943786621094e+01 1.875330090522766113e+00 7.090013885498046875e+01
-2.882068443298339844e+01 -1.995811104774475098e+00 7.082612609863281250e+01
-2.012196540832519531e+01 1.068144440650939941e+00 6.990013122558593750e+01
-2.130299758911132812e+01 1.477719187736511230e+00 7.159487152099609375e+01
-2.198654556274414062e+01 1.123506069183349609e+00 6.990007019042968750e+01
-1.770697593688964844e+01 -3.997205793857574463e-01 7.155979156494140625e+01
-2.186832427978515625e+01 1.377031564712524414e+00 7.129426574707031250e+01
-2.095588111877441406e+01 1.144197702407836914e+00 6.990014648437500000e+01
-2.088292503356933594e+01 1.297224640846252441e+00 7.159489440917968750e+01
-2.389309310913085938e+01 -3.463121950626373291e-01 6.989997863769531250e+01
-1.874375724792480469e+01 -3.394033908843994141e-01 6.990004730224609375e+01
-2.156858825683593750e+01 1.204572677612304688e+00 7.159485626220703125e+01
-2.153817939758300781e+01 9.147458076477050781e-01 6.990009307861328125e+01
-2.006285858154296875e+01 5.508511662483215332e-01 7.159489440917968750e+01
-2.178671073913574219e+01 1.295424222946166992e+00 7.101576232910156250e+01
-2.051746368408203125e+01 5.316366553306579590e-01 6.990013122558593750e+01
-2.115203666687011719e+01 1.063189387321472168e+00 7.159494018554687500e+01
-2.239865493774414062e+01 -2.321701124310493469e-02 6.989999389648437500e+01
-8.768921852111816406e+00 -1.463877487182617188e+01 7.050640869140625000e+01
-2.161380004882812500e+01 1.122515797615051270e+00 7.126962280273437500e+01
-2.117916488647460938e+01 3.347636163234710693e-01 6.990010070800781250e+01
-2.066677093505859375e+01 3.719055354595184326e-01 7.159496307373046875e+01
-2.815477561950683594e+01 -1.099943637847900391e+01 6.990029144287109375e+01
-1.976756286621093750e+01 -1.770031094551086426e+00 6.990010833740234375e+01
-2.133627128601074219e+01 8.449948430061340332e-01 7.132983398437500000e+01
-2.179537391662597656e+01 -1.265557169914245605e+00 6.990004730224609375e+01
-2.079851150512695312e+01 3.072221875190734863e-01 7.104415893554687500e+01
-2.141272354125976562e+01 9.214525818824768066e-01 7.098007202148437500e+01
-2.123518943786621094e+01 1.667432546615600586e+00 7.090013885498046875e+01
