1.745173454284667969e+01 -7.937559604644775391e+00 7.089492034912109375e+01
1.734625434875488281e+01 -8.081130981445312500e+00 7.099154663085937500e+01
1.747394371032714844e+01 -7.915643215179443359e+00 7.064186096191406250e+01
1.767065429687500000e+01 -7.796080589294433594e+00 7.118045806884765625e+01
1.727538681030273438e+01 -8.363955497741699219e+00 7.086372375488281250e+01
1.787048339843750000e+01 -7.763256072998046875e+00 7.062854766845703125e+01
1.735133171081542969e+01 -8.069758415222167969e+00 7.126840972900390625e+01
1.729743766784667969e+01 -8.221315383911132812e+00 7.059783172607421875e+01
1.807485198974609375e+01 -7.761635780334472656e+00 7.112248229980468750e+01
1.731225013732910156e+01 -8.567223548889160156e+00 7.095249938964843750e+01
1.777548217773437500e+01 -7.770611763000488281e+00 7.020308685302734375e+01
1.767125511169433594e+01 -7.874315261840820312e+00 7.159478759765625000e+01
1.741954231262207031e+01 -8.738776206970214844e+00 7.087626647949218750e+01
1.824892425537109375e+01 -7.890947818756103516e+00 7.071965789794921875e+01
1.731080627441406250e+01 -8.529791831970214844e+00 7.109537506103515625e+01
1.735672569274902344e+01 -8.063411712646484375e+00 7.016175079345703125e+01
1.821303176879882812e+01 -7.866713047027587891e+00 7.153654479980468750e+01
1.745173454284667969e+01 -8.781959533691406250e+00 7.089492034912109375e+01
1.822893714904785156e+01 -7.877427577972412109e+00 7.012149810791015625e+01
1.741936874389648438e+01 -8.233792304992675781e+00 7.159487915039062500e+01
1.741448211669921875e+01 -8.738808631896972656e+00 7.085028076171875000e+01
1.841196823120117188e+01 -8.099682807922363281e+00 7.102411651611328125e+01
1.536759185791015625e+01 -7.085532188415527344e+00 7.234501647949218750e+01
1.780141258239746094e+01 -7.772132873535156250e+00 6.934056091308593750e+01
1.785285568237304688e+01 -8.297044754028320312e+00 7.159493255615234375e+01
1.433322715759277344e+01 -6.917408943176269531e+00 6.990003204345703125e+01
1.844669723510742188e+01 -8.190751075744628906e+00 7.043522644042968750e+01
1.742040061950683594e+01 -8.740540504455566406e+00 7.096979522705078125e+01
1.741604423522949219e+01 -8.731109619140625000e+00 7.079569244384765625e+01
1.846526145935058594e+01 -8.260998725891113281e+00 7.142760467529296875e+01
1.195059108734130859e+01 -6.343647003173828125e+00 7.234500122070312500e+01
1.839876174926757812e+01 -8.076402664184570312e+00 6.942207336425781250e+01
1.757141113281250000e+01 -8.514917373657226562e+00 7.159127807617187500e+01
1.616712760925292969e+01 -8.207504272460937500e+00 6.990004730224609375e+01
1.846757316589355469e+01 -8.445877075195312500e+00 7.081076049804687500e+01
1.611027526855468750e+01 -8.176756858825683594e+00 7.234500122070312500e+01
1.745173454284667969e+01 -8.781959533691406250e+00 7.089492034912109375e+01
1.808677673339843750e+01 -8.535286903381347656e+00 7.159496307373046875e+01
6.718087673187255859e+00 -6.207146644592285156e+00 6.990013122558593750e+01
1.845362281799316406e+01 -8.508947372436523438e+00 7.013452148437500000e+01
1.740501022338867188e+01 -8.730910301208496094e+00 7.115175628662109375e+01
1.682565116882324219e+01 -8.577060699462890625e+00 6.990000915527343750e+01
1.840857505798339844e+01 -8.629881858825683594e+00 7.115715026855468750e+01
1.462608432769775391e+01 -8.361265182495117188e+00 7.234500122070312500e+01
1.745173454284667969e+01 -8.781959533691406250e+00 7.089492034912109375e+01
1.773661041259765625e+01 -8.712986946105957031e+00 7.159471130371093750e+01
1.535248851776123047e+01 -8.617290496826171875e+00 6.990004730224609375e+01
1.833595085144042969e+01 -8.735168457031250000e+00 7.062230682373046875e+01
1.660192108154296875e+01 -8.731004714965820312e+00 7.234497833251953125e+01
1.723811531066894531e+01 -8.771681785583496094e+00 6.990013122558593750e+01
1.828769302368164062e+01 -8.792317390441894531e+00 7.148874664306640625e+01
5.863137245178222656e+00 -9.136008262634277344e+00 7.233918762207031250e+01
1.822710990905761719e+01 -8.842453956604003906e+00 6.998397827148437500e+01
1.750461387634277344e+01 -8.884815216064453125e+00 7.234498596191406250e+01
1.647172164916992188e+01 -8.909414291381835938e+00 6.990045928955078125e+01
1.819526100158691406e+01 -8.865197181701660156e+00 7.093293762207031250e+01
1.569673156738281250e+01 -9.083513259887695312e+00 7.234499359130859375e+01
1.759053611755371094e+01 -8.935934066772460938e+00 6.990005493164062500e+01
1.793354988098144531e+01 -8.930047035217285156e+00 7.159466552734375000e+01
1.312823867797851562e+01 -9.649531364440917969e+00 6.990009307861328125e+01
1.804796981811523438e+01 -8.930706977844238281e+00 7.055711364746093750e+01
1.698132514953613281e+01 -9.146083831787109375e+00 7.234496307373046875e+01
1.699794769287109375e+01 -9.067343711853027344e+00 6.990003204345703125e+01
1.798225784301757812e+01 -8.945322990417480469e+00 7.111999511718750000e+01
1.335772991180419922e+01 -1.011257934570312500e+01 7.234493255615234375e+01
1.749408149719238281e+01 -8.811695098876953125e+00 7.081529235839843750e+01
1.745305252075195312e+01 -8.783822059631347656e+00 7.090001678466796875e+01
1.590910434722900391e+01 -9.477296829223632812e+00 6.989234924316406250e+01
1.787071609497070312e+01 -8.953116416931152344e+00 7.082501983642578125e+01
1.631737709045410156e+01 -9.571022033691406250e+00 7.234497070312500000e+01
1.737419509887695312e+01 -9.236002922058105469e+00 6.990002441406250000e+01
1.764644241333007812e+01 -8.910443305969238281e+00 7.107681274414062500e+01
6.147716522216796875e+00 -1.455079174041748047e+01 7.078462982177734375e+01
1.749373245239257812e+01 -8.812411308288574219e+00 7.085719299316406250e+01
1.745132637023925781e+01 -8.784357070922851562e+00 7.089910888671875000e+01
1.670423507690429688e+01 -9.529923439025878906e+00 6.989998626708984375e+01
1.766551208496093750e+01 -8.919807434082031250e+00 7.093489074707031250e+01
1.512226104736328125e+01 -1.061533260345458984e+01 7.234500885009765625e+01
1.772959327697753906e+01 -9.509298324584960938e+00 6.990011596679687500e+01
1.745420646667480469e+01 -8.786016464233398438e+00 7.089979553222656250e+01
1.480795860290527344e+01 -1.099179267883300781e+01 6.990007781982421875e+01
1.751119422912597656e+01 -8.834815979003906250e+00 7.087105560302734375e+01
1.745053100585937500e+01 -8.784379959106445312e+00 7.089743041992187500e+01
1.715030288696289062e+01 -9.737603187561035156e+00 6.990001678466796875e+01
1.746021270751953125e+01 -8.791538238525390625e+00 7.089994812011718750e+01
1.202594470977783203e+01 -1.448698425292968750e+01 7.203238677978515625e+01
1.816580009460449219e+01 -1.011879825592041016e+01 6.990000915527343750e+01
1.745213127136230469e+01 -8.785829544067382812e+00 7.089823150634765625e+01
1.629433059692382812e+01 -1.067061424255371094e+01 6.989998626708984375e+01
2.181997680664062500e+01 -1.456858348846435547e+01 7.075695800781250000e+01
1.596592712402343750e+01 -1.173628044128417969e+01 7.234492492675781250e+01
1.750741577148437500e+01 -1.031306552886962891e+01 6.990102386474609375e+01
1.745394134521484375e+01 -8.787798881530761719e+00 7.089762115478515625e+01
1.436045455932617188e+01 -1.453367710113525391e+01 7.044824218750000000e+01
1.890877723693847656e+01 -1.240103626251220703e+01 6.990210723876953125e+01
1.711065864562988281e+01 -1.225856781005859375e+01 7.234482574462890625e+01
1.689443397521972656e+01 -1.190667819976806641e+01 6.989997863769531250e+01
1.905477714538574219e+01 -1.453847312927246094e+01 7.142362213134765625e+01
1.639019966125488281e+01 -1.448549842834472656e+01 7.137286376953125000e+01
1.745173454284667969e+01 -1.451529216766357422e+01 7.089492034912109375e+01
