1.767485046386718750e+01 -7.220558643341064453e+00 7.090010833740234375e+01
1.767485046386718750e+01 -7.744983673095703125e+00 7.090010833740234375e+01
1.776262092590332031e+01 -4.321215152740478516e+00 6.990000152587890625e+01
1.807127571105957031e+01 -5.959727287292480469e+00 7.141717529296875000e+01
1.203406238555908203e+01 5.625574111938476562e+00 6.990232849121093750e+01
1.924699020385742188e+01 -3.920387983322143555e+00 6.990003967285156250e+01
1.767485046386718750e+01 -7.744983673095703125e+00 7.090010833740234375e+01
1.715540885925292969e+01 -5.857561111450195312e+00 6.989995574951171875e+01
1.807489013671875000e+01 -7.089938163757324219e+00 7.104620361328125000e+01
1.767485046386718750e+01 -7.744983673095703125e+00 7.090010833740234375e+01
1.862868309020996094e+01 -4.765330314636230469e+00 6.886182403564453125e+01
1.789274978637695312e+01 -6.844041824340820312e+00 7.159481048583984375e+01
1.594911479949951172e+01 -5.430078983306884766e+00 6.990000915527343750e+01
2.222360992431640625e+01 -2.660877943038940430e+00 6.990007781982421875e+01
1.767485046386718750e+01 -7.744983673095703125e+00 7.090010833740234375e+01
1.740527725219726562e+01 -5.706193923950195312e+00 6.881982421875000000e+01
1.807489204406738281e+01 -7.264046669006347656e+00 7.123726654052734375e+01
1.767485046386718750e+01 -7.744983673095703125e+00 7.090010833740234375e+01
1.867977333068847656e+01 -6.575422286987304688e+00 6.990007781982421875e+01
1.766846656799316406e+01 -7.636863708496093750e+00 7.103816986083984375e+01
1.684029579162597656e+01 -6.778293132781982422e+00 6.990003204345703125e+01
1.807487487792968750e+01 -7.460753917694091797e+00 7.095393371582031250e+01
1.767485046386718750e+01 -7.744983673095703125e+00 7.090010833740234375e+01
1.814363098144531250e+01 -6.391206741333007812e+00 6.881632995605468750e+01
1.807297134399414062e+01 -7.263695716857910156e+00 7.159488677978515625e+01
1.454019737243652344e+01 -5.870779991149902344e+00 6.990007019042968750e+01
1.983924865722656250e+01 -6.458894729614257812e+00 6.990010070800781250e+01
1.767485046386718750e+01 -7.744983673095703125e+00 7.090010833740234375e+01
1.731513977050781250e+01 -7.232493400573730469e+00 6.990002441406250000e+01
1.807487106323242188e+01 -7.539369583129882812e+00 7.111035156250000000e+01
1.767485046386718750e+01 -7.744983673095703125e+00 7.090010833740234375e+01
1.831793975830078125e+01 -7.265868186950683594e+00 6.989995574951171875e+01
1.779424667358398438e+01 -7.478566646575927734e+00 7.159483337402343750e+01
1.638350296020507812e+01 -7.167514324188232422e+00 6.990001678466796875e+01
2.873652839660644531e+01 -4.085313320159912109e+00 6.998367309570312500e+01
1.767485046386718750e+01 -7.744983673095703125e+00 7.090010833740234375e+01
1.767972946166992188e+01 -7.461478233337402344e+00 6.990000915527343750e+01
1.807486534118652344e+01 -7.589603900909423828e+00 7.134106445312500000e+01
6.923485279083251953e+00 -5.165920734405517578e+00 6.990367126464843750e+01
1.899267768859863281e+01 -7.385878562927246094e+00 6.989992523193359375e+01
1.767485046386718750e+01 -7.744983673095703125e+00 7.090010833740234375e+01
1.704552268981933594e+01 -7.539022922515869141e+00 6.990003967285156250e+01
1.807485961914062500e+01 -7.681407451629638672e+00 7.100973510742187500e+01
1.767485046386718750e+01 -7.744983673095703125e+00 7.090010833740234375e+01
1.804557991027832031e+01 -7.625746726989746094e+00 6.990013122558593750e+01
1.795769119262695312e+01 -7.676504135131835938e+00 7.159490203857421875e+01
1.556456756591796875e+01 -7.579449176788330078e+00 6.990000915527343750e+01
2.091807365417480469e+01 -7.573357105255126953e+00 6.990018463134765625e+01
1.767485046386718750e+01 -7.744983673095703125e+00 7.090010833740234375e+01
1.746008110046386719e+01 -7.734650611877441406e+00 6.989997100830078125e+01
1.807485198974609375e+01 -7.749939918518066406e+00 7.118424987792968750e+01
1.767485046386718750e+01 -7.744983673095703125e+00 7.090010833740234375e+01
1.780762100219726562e+01 -7.755342483520507812e+00 7.074412536621093750e+01
1.770018768310546875e+01 -7.794265747070312500e+00 7.159489440917968750e+01
1.668922042846679688e+01 -7.873169422149658203e+00 6.989994812011718750e+01
1.807484436035156250e+01 -7.789762496948242188e+00 7.092056274414062500e+01
1.767485046386718750e+01 -7.744983673095703125e+00 7.090010833740234375e+01
1.771146392822265625e+01 -7.785598278045654297e+00 7.063768768310546875e+01
1.815171813964843750e+01 -7.891550540924072266e+00 7.159266662597656250e+01
1.332837581634521484e+01 -8.617166519165039062e+00 6.989999389648437500e+01
1.777658843994140625e+01 -7.770365238189697266e+00 7.084246826171875000e+01
1.748820304870605469e+01 -7.889460563659667969e+00 7.147545623779296875e+01
1.721871566772460938e+01 -8.031843185424804688e+00 6.990007781982421875e+01
1.827915573120117188e+01 -7.931066989898681641e+00 7.115648651123046875e+01
1.767485046386718750e+01 -7.744983673095703125e+00 7.090010833740234375e+01
1.772737884521484375e+01 -7.781868934631347656e+00 7.080133819580078125e+01
1.785434722900390625e+01 -7.998658657073974609e+00 7.159479522705078125e+01
1.613695335388183594e+01 -8.438187599182128906e+00 6.990061187744140625e+01
1.775139236450195312e+01 -7.776251792907714844e+00 7.088733673095703125e+01
1.767485046386718750e+01 -7.744983673095703125e+00 7.090010833740234375e+01
1.766669082641601562e+01 -7.792758464813232422e+00 7.079542541503906250e+01
1.841852951049804688e+01 -8.235723495483398438e+00 7.159484863281250000e+01
4.311430454254150391e+00 -1.456480026245117188e+01 7.076972198486328125e+01
1.772612190246582031e+01 -7.782159805297851562e+00 7.085404968261718750e+01
1.766670227050781250e+01 -7.792760848999023438e+00 7.098358917236328125e+01
1.759588241577148438e+01 -7.824001789093017578e+00 7.079499816894531250e+01
1.846138000488281250e+01 -8.252150535583496094e+00 7.104716491699218750e+01
1.748934173583984375e+01 -7.890984535217285156e+00 7.101558685302734375e+01
1.769209098815917969e+01 -7.790114879608154297e+00 7.083837890625000000e+01
1.802710914611816406e+01 -8.323077201843261719e+00 7.159484863281250000e+01
1.749855613708496094e+01 -7.892342090606689453e+00 7.083377075195312500e+01
1.771863746643066406e+01 -7.783907890319824219e+00 7.088253021240234375e+01
1.734147071838378906e+01 -8.415704727172851562e+00 7.159478759765625000e+01
1.765673828125000000e+01 -7.802407741546630859e+00 7.084032440185546875e+01
1.842547988891601562e+01 -8.593031883239746094e+00 7.134495544433593750e+01
1.735003280639648438e+01 -8.086518287658691406e+00 7.096820068359375000e+01
1.769819450378417969e+01 -7.788686752319335938e+00 7.086758422851562500e+01
1.775799560546875000e+01 -8.557058334350585938e+00 7.159485626220703125e+01
1.763303184509277344e+01 -7.813223838806152344e+00 7.086415863037109375e+01
1.770639419555664062e+01 -7.786768436431884766e+00 7.089910888671875000e+01
1.729420280456542969e+01 -8.501847267150878906e+00 7.127158355712890625e+01
1.767662239074707031e+01 -7.793728351593017578e+00 7.086846923828125000e+01
1.811442184448242188e+01 -8.907617568969726562e+00 7.143743133544921875e+01
1.764028930664062500e+01 -7.809288501739501953e+00 7.089511108398437500e+01
1.769293975830078125e+01 -7.789913654327392578e+00 7.088777923583984375e+01
1.767007255554199219e+01 -7.793676376342773438e+00 7.092041778564453125e+01
1.766635322570800781e+01 -7.792629718780517578e+00 7.088494110107421875e+01
1.800841522216796875e+01 -8.942811012268066406e+00 7.101012420654296875e+01
1.766600799560546875e+01 -7.792498588562011719e+00 7.090409088134765625e+01
1.767485046386718750e+01 -8.924979209899902344e+00 7.090010833740234375e+01
