-2.652451324462890625e+01 1.476451492309570312e+01 7.089482116699218750e+01
-2.652586936950683594e+01 5.998480319976806641e+00 7.089606475830078125e+01
-2.643766975402832031e+01 9.377028465270996094e+00 6.990529632568359375e+01
-2.647492408752441406e+01 6.212796211242675781e+00 7.095950317382812500e+01
-2.885591697692871094e+01 1.151568222045898438e+01 7.048242950439453125e+01
-2.634586524963378906e+01 6.424077033996582031e+00 7.078118133544921875e+01
-2.652567481994628906e+01 5.997717380523681641e+00 7.089914703369140625e+01
-2.704111289978027344e+01 7.866571903228759766e+00 6.990013885498046875e+01
-2.619117546081542969e+01 6.535297870635986328e+00 7.101655578613281250e+01
-2.652596092224121094e+01 5.991701602935791016e+00 7.089541625976562500e+01
-2.641920471191406250e+01 6.318444252014160156e+00 7.066978454589843750e+01
-2.646045303344726562e+01 6.254339694976806641e+00 7.109905242919921875e+01
-2.824103355407714844e+01 8.292016983032226562e+00 6.990006256103515625e+01
-2.599017143249511719e+01 6.586701869964599609e+00 7.077735137939453125e+01
-2.652669525146484375e+01 5.993378162384033203e+00 7.089792633056640625e+01
-2.665342140197753906e+01 6.964410781860351562e+00 6.990003967285156250e+01
-2.602684211730957031e+01 6.587783813476562500e+00 7.131426239013671875e+01
-2.652469253540039062e+01 5.989630222320556641e+00 7.089482879638671875e+01
-2.601103782653808594e+01 6.587072372436523438e+00 7.038384246826171875e+01
-2.652475357055664062e+01 5.993540287017822266e+00 7.090001678466796875e+01
-2.735460090637207031e+01 6.950988769531250000e+00 6.990010070800781250e+01
-2.572492027282714844e+01 6.557609558105468750e+00 7.100240325927734375e+01
-2.652672004699707031e+01 5.991269111633300781e+00 7.089635467529296875e+01
-2.640108871459960938e+01 6.345907211303710938e+00 7.034618377685546875e+01
-2.612336540222167969e+01 6.474420547485351562e+00 7.159487915039062500e+01
-2.885912513732910156e+01 7.385334014892578125e+00 7.015001678466796875e+01
-2.563062095642089844e+01 6.520625114440917969e+00 7.048181915283203125e+01
-2.652629280090332031e+01 5.991826057434082031e+00 7.089907073974609375e+01
-2.688231277465820312e+01 6.499240875244140625e+00 6.990004730224609375e+01
-2.557168197631835938e+01 6.479235649108886719e+00 7.139559936523437500e+01
-2.652570533752441406e+01 5.990001201629638672e+00 7.089513397216796875e+01
-2.575026893615722656e+01 6.566302776336669922e+00 6.969069671630859375e+01
-2.640420150756835938e+01 6.257935047149658203e+00 7.159487915039062500e+01
-2.780240058898925781e+01 6.560922622680664062e+00 6.990515136718750000e+01
-2.544243621826171875e+01 6.347470283508300781e+00 7.080517578125000000e+01
-2.652700996398925781e+01 5.990599632263183594e+00 7.089752197265625000e+01
-2.651966857910156250e+01 6.271022796630859375e+00 6.990161895751953125e+01
-2.588935279846191406e+01 6.236191749572753906e+00 7.159499359130859375e+01
-2.885718727111816406e+01 6.549040794372558594e+00 7.067862701416015625e+01
-2.540571403503417969e+01 6.294343471527099609e+00 7.004569244384765625e+01
-2.652542114257812500e+01 5.990465164184570312e+00 7.089981079101562500e+01
-2.715051841735839844e+01 6.194346427917480469e+00 6.990003967285156250e+01
-2.535685157775878906e+01 6.175057888031005859e+00 7.121482849121093750e+01
-2.652658843994140625e+01 5.989782333374023438e+00 7.089588928222656250e+01
-2.652451324462890625e+01 5.989473342895507812e+00 7.089482116699218750e+01
-2.623950576782226562e+01 6.058477401733398438e+00 7.159493255615234375e+01
-2.862346267700195312e+01 6.154119014739990234e+00 6.990009307861328125e+01
-2.533293914794921875e+01 6.052529811859130859e+00 7.052744293212890625e+01
-2.652679634094238281e+01 5.989610195159912109e+00 7.089871978759765625e+01
-2.673813247680664062e+01 5.999751567840576172e+00 6.990003204345703125e+01
-2.553909301757812500e+01 5.977263450622558594e+00 7.159481811523437500e+01
-2.652515602111816406e+01 5.989453792572021484e+00 7.089489746093750000e+01
-2.534122276306152344e+01 5.897153854370117188e+00 6.950463867187500000e+01
-2.649898147583007812e+01 5.939814090728759766e+00 7.159492492675781250e+01
-2.750485229492187500e+01 5.861975669860839844e+00 6.990003204345703125e+01
-2.652451324462890625e+01 5.989473342895507812e+00 7.089482116699218750e+01
-2.827955818176269531e+01 5.687912464141845703e+00 7.234492492675781250e+01
-2.652451324462890625e+01 5.989473342895507812e+00 7.089482116699218750e+01
-2.604526519775390625e+01 5.842175006866455078e+00 7.159083557128906250e+01
-2.884440803527832031e+01 5.523952960968017578e+00 7.036101531982421875e+01
-2.540354347229003906e+01 5.709816455841064453e+00 7.025972747802734375e+01
-2.699494934082031250e+01 5.625327587127685547e+00 7.234494781494140625e+01
-2.697824287414550781e+01 5.704125881195068359e+00 6.990005493164062500e+01
-2.487445068359375000e+01 5.481370925903320312e+00 7.159486389160156250e+01
-2.886478614807128906e+01 5.228845596313476562e+00 7.172370147705078125e+01
-2.573331832885742188e+01 5.433897972106933594e+00 6.940709686279296875e+01
-2.634362792968750000e+01 5.733835697174072266e+00 7.159487915039062500e+01
-2.805204582214355469e+01 5.300941467285156250e+00 6.990206146240234375e+01
-2.550546455383300781e+01 5.573186397552490234e+00 7.072480010986328125e+01
-2.765898132324218750e+01 5.200335025787353516e+00 7.234500885009765625e+01
-2.668751144409179688e+01 5.035023212432861328e+00 6.880344390869140625e+01
-2.577514266967773438e+01 5.494977951049804688e+00 7.159487152099609375e+01
-2.885655021667480469e+01 4.799354076385498047e+00 7.087207031250000000e+01
-2.574913406372070312e+01 5.427255153656005859e+00 7.019830322265625000e+01
-2.666604995727539062e+01 5.159525394439697266e+00 7.234497070312500000e+01
-2.727197074890136719e+01 5.241550922393798828e+00 6.989994049072265625e+01
-2.321597290039062500e+01 3.856071710586547852e+00 7.151340484619140625e+01
-2.879075813293457031e+01 4.205862998962402344e+00 7.230555725097656250e+01
-2.638358879089355469e+01 5.620581150054931641e+00 7.039027404785156250e+01
-2.621753311157226562e+01 5.485685348510742188e+00 7.150025939941406250e+01
-2.881880569458007812e+01 4.071760177612304688e+00 7.003148651123046875e+01
-2.586787414550781250e+01 5.405759811401367188e+00 7.063124084472656250e+01
-2.722046089172363281e+01 4.589310169219970703e+00 7.234499359130859375e+01
-2.682591056823730469e+01 5.033941268920898438e+00 6.990003967285156250e+01
-2.601242828369140625e+01 5.410927772521972656e+00 7.119829559326171875e+01
-2.886420059204101562e+01 3.529375791549682617e+00 7.138531494140625000e+01
-2.627718162536621094e+01 5.526429653167724609e+00 7.055020904541015625e+01
-2.652389335632324219e+01 5.983412265777587891e+00 7.090000915527343750e+01
-2.768191146850585938e+01 4.100827217102050781e+00 6.989988708496093750e+01
-2.610412406921386719e+01 5.432581424713134766e+00 7.088154602050781250e+01
-2.801036834716796875e+01 3.035059213638305664e+00 7.234487152099609375e+01
-2.652369880676269531e+01 5.967094421386718750e+00 7.088029479980468750e+01
-2.638645744323730469e+01 5.624326705932617188e+00 7.106357574462890625e+01
-2.882181739807128906e+01 1.715047717094421387e+00 7.056287384033203125e+01
-2.637699508666992188e+01 5.623061656951904297e+00 7.079430389404296875e+01
-2.686561775207519531e+01 2.512587547302246094e+00 7.234484100341796875e+01
-2.770466613769531250e+01 -6.275011897087097168e-01 6.878791046142578125e+01
-2.645788002014160156e+01 5.750195503234863281e+00 7.091679382324218750e+01
-2.881960296630859375e+01 -6.341848850250244141e+00 7.192816162109375000e+01
-2.652451324462890625e+01 5.971848487854003906e+00 7.089482116699218750e+01
