-7.644952774047851562e+00 -5.866095423698425293e-01 7.089999389648437500e+01
-7.705157756805419922e+00 -4.597032666206359863e-01 7.095514678955078125e+01
-7.557204723358154297e+00 2.563158988952636719e+00 6.990014648437500000e+01
-7.556130409240722656e+00 -4.597162902355194092e-01 7.101584625244140625e+01
-1.329740619659423828e+01 1.253848838806152344e+01 6.990015411376953125e+01
-6.073073863983154297e+00 2.964244604110717773e+00 6.990009307861328125e+01
-7.701342582702636719e+00 -4.597161412239074707e-01 7.110976409912109375e+01
-8.164265632629394531e+00 1.027238368988037109e+00 6.990008544921875000e+01
-7.400670051574707031e+00 -4.597173333168029785e-01 7.098920440673828125e+01
-7.904792308807373047e+00 -4.596967697143554688e-01 7.100725555419921875e+01
-7.177013397216796875e+00 6.020664572715759277e-01 6.990003204345703125e+01
-7.548210620880126953e+00 -4.597230851650238037e-01 7.120841979980468750e+01
-9.370264053344726562e+00 1.454617619514465332e+00 6.990013885498046875e+01
-3.096044063568115234e+00 4.224553585052490234e+00 6.989993286132812500e+01
-7.868502140045166016e+00 -4.597159922122955322e-01 7.121797180175781250e+01
-7.774533748626708984e+00 1.203038245439529419e-01 6.990002441406250000e+01
-7.312236309051513672e+00 -4.597201943397521973e-01 7.118040466308593750e+01
-8.104119300842285156e+00 -4.596879780292510986e-01 7.091898345947265625e+01
-6.640062332153320312e+00 3.098044693470001221e-01 6.989999389648437500e+01
-7.668570041656494141e+00 -4.597278237342834473e-01 7.141074371337890625e+01
-8.479401588439941406e+00 1.068494766950607300e-01 6.990004730224609375e+01
-7.082015037536621094e+00 -4.597330987453460693e-01 7.097573852539062500e+01
-8.136391639709472656e+00 -4.597025513648986816e-01 7.124192810058593750e+01
-7.419988155364990234e+00 -2.100507467985153198e-01 6.990000152587890625e+01
-7.314074516296386719e+00 -4.597205817699432373e-01 7.147741699218750000e+01
-1.077911567687988281e+01 1.014192223548889160e+00 6.990010833740234375e+01
-5.484190940856933594e+00 4.242095947265625000e-01 6.990166473388671875e+01
-7.935778617858886719e+00 -4.752936661243438721e-01 7.159490966796875000e+01
-8.004623413085937500e+00 -3.472850918769836426e-01 6.990001678466796875e+01
-6.866778373718261719e+00 -4.597308635711669922e-01 7.130898284912109375e+01
-8.547429084777832031e+00 -4.597072601318359375e-01 7.113788604736328125e+01
-7.001962184906005859e+00 -3.806760013103485107e-01 6.989999389648437500e+01
-7.525510311126708984e+00 -5.931971669197082520e-01 7.159499359130859375e+01
-8.936114311218261719e+00 -2.823328673839569092e-01 6.990004730224609375e+01
4.425624847412109375e+00 3.133738040924072266e+00 6.989997100830078125e+01
-8.287711143493652344e+00 -5.697366595268249512e-01 7.159479522705078125e+01
-7.640079498291015625e+00 -5.765342116355895996e-01 6.990102386474609375e+01
-7.014489173889160156e+00 -6.148245334625244141e-01 7.159498596191406250e+01
-1.843398857116699219e+01 1.728380918502807617e+00 6.990007019042968750e+01
-6.327354907989501953e+00 -5.006759166717529297e-01 6.989998626708984375e+01
-7.771358013153076172e+00 -7.216103672981262207e-01 7.159482574462890625e+01
-8.274222373962402344e+00 -6.537769436836242676e-01 6.990002441406250000e+01
-5.128252983093261719e+00 -4.597215950489044189e-01 7.158971405029296875e+01
-8.999029159545898438e+00 -6.581182479858398438e-01 7.159488677978515625e+01
-7.274217605590820312e+00 -7.404797077178955078e-01 6.990000152587890625e+01
-7.362071990966796875e+00 -7.912293672561645508e-01 7.159488677978515625e+01
-9.754875183105468750e+00 -6.942121982574462891e-01 6.990006256103515625e+01
-4.401337623596191406e+00 -6.880713701248168945e-01 6.989995574951171875e+01
-8.052158355712890625e+00 -8.353026509284973145e-01 7.159481811523437500e+01
-7.859688282012939453e+00 -8.493869304656982422e-01 6.990000915527343750e+01
-5.610899448394775391e+00 -8.849220275878906250e-01 7.234488677978515625e+01
-1.923891639709472656e+01 -1.213931441307067871e+00 7.234492492675781250e+01
-6.793773651123046875e+00 -9.261267781257629395e-01 6.989999389648437500e+01
-7.592259883880615234e+00 -9.622094035148620605e-01 7.234491729736328125e+01
-8.630392074584960938e+00 -9.878795146942138672e-01 6.990002441406250000e+01
-7.644952774047851562e+00 -8.597185611724853516e-01 7.089999389648437500e+01
-9.393760681152343750e+00 -1.160207986831665039e+00 7.234494781494140625e+01
-7.505435466766357422e+00 -1.014486551284790039e+00 6.990000152587890625e+01
-6.650045394897460938e+00 -1.165506362915039062e+00 7.234490966796875000e+01
-1.199045944213867188e+01 -1.731707334518432617e+00 6.990010070800781250e+01
-5.879888057708740234e+00 -1.300062298774719238e+00 6.989997863769531250e+01
-8.113704681396484375e+00 -1.222560882568359375e+00 7.234492492675781250e+01
-8.101063728332519531e+00 -1.146563410758972168e+00 6.990000915527343750e+01
-4.239262580871582031e+00 -1.908430814743041992e+00 7.234486389160156250e+01
-1.172478771209716797e+01 -2.185733318328857422e+00 7.234498596191406250e+01
-7.113141536712646484e+00 -1.233155488967895508e+00 6.990000152587890625e+01
-7.271604537963867188e+00 -1.387354016304016113e+00 7.234491729736328125e+01
-9.183571815490722656e+00 -1.553247690200805664e+00 6.990003204345703125e+01
-1.651028513908386230e+00 -3.308271884918212891e+00 6.989996337890625000e+01
-8.775321006774902344e+00 -1.646005392074584961e+00 7.234494018554687500e+01
-7.722889900207519531e+00 -1.316086530685424805e+00 6.990000915527343750e+01
-6.098258972167968750e+00 -1.880351781845092773e+00 7.234489440917968750e+01
-2.879495620727539062e+01 -1.165329837799072266e+01 7.069363403320312500e+01
-6.531730175018310547e+00 -1.666903495788574219e+00 6.989999389648437500e+01
-7.785981655120849609e+00 -1.686683177947998047e+00 7.234492492675781250e+01
-8.396240234375000000e+00 -1.611473083496093750e+00 6.990001678466796875e+01
8.292292058467864990e-02 -5.842780113220214844e+00 7.234484100341796875e+01
-9.966196060180664062e+00 -2.686614274978637695e+00 7.234496307373046875e+01
-7.365644931793212891e+00 -1.590851306915283203e+00 6.990000152587890625e+01
-6.912327766418457031e+00 -2.062035322189331055e+00 7.234490966796875000e+01
-1.030229854583740234e+01 -3.080894231796264648e+00 6.990004730224609375e+01
-5.153691291809082031e+00 -3.074300765991210938e+00 6.989997100830078125e+01
-8.338390350341796875e+00 -2.254833221435546875e+00 7.234494018554687500e+01
-7.947924137115478516e+00 -1.820243835449218750e+00 6.990000915527343750e+01
-5.206889152526855469e+00 -3.614201068878173828e+00 7.234485626220703125e+01
-1.453704452514648438e+01 -8.106507301330566406e+00 7.234485626220703125e+01
-6.927237510681152344e+00 -2.203391313552856445e+00 6.990000152587890625e+01
-7.472028732299804688e+00 -2.548655986785888672e+00 7.234491729736328125e+01
-8.808213233947753906e+00 -2.757929325103759766e+00 6.990002441406250000e+01
2.694522857666015625e+00 -1.455645465850830078e+01 7.057344055175781250e+01
-9.125573158264160156e+00 -3.803724288940429688e+00 7.234493255615234375e+01
-7.588930606842041016e+00 -2.400201559066772461e+00 6.990000915527343750e+01
-6.462929725646972656e+00 -3.986081600189208984e+00 7.234487915039062500e+01
-1.456531620025634766e+01 -1.373593139648437500e+01 6.990003204345703125e+01
-6.177328109741210938e+00 -4.505077362060546875e+00 6.989996337890625000e+01
-7.984853744506835938e+00 -4.324344158172607422e+00 7.234490203857421875e+01
-8.205076217651367188e+00 -4.000266551971435547e+00 6.990000915527343750e+01
-3.843654870986938477e+00 -1.451015090942382812e+01 7.215370178222656250e+01
-1.019661617279052734e+01 -1.456959152221679688e+01 7.204885101318359375e+01
-7.644952774047851562e+00 -1.462191772460937500e+01 7.089999389648437500e+01
