-7.586706638336181641e+00 -3.830266594886779785e-01 7.089997863769531250e+01
-7.707110404968261719e+00 4.003046751022338867e-01 7.101027679443359375e+01
-7.586314201354980469e+00 -3.843792378902435303e-01 7.089550781250000000e+01
-7.409066677093505859e+00 4.002980589866638184e-01 7.113167572021484375e+01
-7.593989372253417969e+00 -3.824213147163391113e-01 7.089868927001953125e+01
-7.580516815185546875e+00 -3.846260309219360352e-01 7.089604187011718750e+01
-7.699485301971435547e+00 4.003110229969024658e-01 7.131951141357421875e+01
-7.590332031250000000e+00 -3.865106403827667236e-01 7.089299774169921875e+01
-7.098156929016113281e+00 4.002924263477325439e-01 7.107839965820312500e+01
-8.106348037719726562e+00 4.003017246723175049e-01 7.111447906494140625e+01
-7.583125591278076172e+00 -3.884976208209991455e-01 7.089232635498046875e+01
-7.393226146697998047e+00 4.002915918827056885e-01 7.151682281494140625e+01
-7.597688198089599609e+00 -3.849528729915618896e-01 7.089361572265625000e+01
-7.573432445526123047e+00 -3.848471045494079590e-01 7.089705657958984375e+01
-8.033800125122070312e+00 4.003126919269561768e-01 7.153592681884765625e+01
-7.753307342529296875e+00 8.603187203407287598e-01 6.961433410644531250e+01
-6.921289443969726562e+00 4.002933800220489502e-01 7.146079254150390625e+01
-8.504962921142578125e+00 4.003106653690338135e-01 7.093795013427734375e+01
-6.504059791564941406e+00 8.603343963623046875e-01 6.982260131835937500e+01
-7.618841171264648438e+00 1.445520967245101929e-01 7.159491729736328125e+01
-8.674501419067382812e+00 8.603419661521911621e-01 6.959643554687500000e+01
-6.460804939270019531e+00 4.003057777881622314e-01 7.105146789550781250e+01
-8.569520950317382812e+00 4.002962112426757812e-01 7.158379364013671875e+01
-7.309684276580810547e+00 4.003209173679351807e-01 6.966858673095703125e+01
-7.188517570495605469e+00 8.168603479862213135e-02 7.159487152099609375e+01
-7.610299587249755859e+00 -3.855774104595184326e-01 7.089244842529296875e+01
-7.570096969604492188e+00 -3.898141384124755859e-01 7.089230346679687500e+01
-7.877506732940673828e+00 -1.529328525066375732e-02 7.159483337402343750e+01
-8.148213386535644531e+00 4.003127217292785645e-01 6.933884429931640625e+01
-6.264466762542724609e+00 2.799577713012695312e-01 7.159490966796875000e+01
-9.391649246215820312e+00 4.003343582153320312e-01 7.137575531005859375e+01
-6.512902736663818359e+00 4.003243148326873779e-01 6.922996520996093750e+01
-7.467287063598632812e+00 -1.332134157419204712e-01 7.159484863281250000e+01
-9.375677108764648438e+00 4.003139436244964600e-01 6.951449584960937500e+01
-7.549192428588867188e+00 -3.872724473476409912e-01 7.089687347412109375e+01
-8.229462623596191406e+00 -1.097025275230407715e-01 7.159477996826171875e+01
-7.578412532806396484e+00 8.228138834238052368e-02 6.919978332519531250e+01
-6.956357479095458984e+00 -1.548341214656829834e-01 7.159484863281250000e+01
-7.668519496917724609e+00 -3.800582587718963623e-01 7.089239501953125000e+01
-5.346610546112060547e+00 2.107377648353576660e-01 6.919982910156250000e+01
-7.713106632232666016e+00 -2.615814507007598877e-01 7.159478759765625000e+01
-8.656570434570312500e+00 -4.954842850565910339e-02 6.919985961914062500e+01
-5.050992012023925781e+00 3.335354849696159363e-03 7.159490966796875000e+01
-8.940941810607910156e+00 -1.980596333742141724e-01 7.159494781494140625e+01
-6.956421852111816406e+00 -1.969662755727767944e-01 6.919989013671875000e+01
-7.303853034973144531e+00 -3.312010467052459717e-01 7.159480285644531250e+01
-1.117383861541748047e+01 -1.183022484183311462e-01 6.919996643066406250e+01
-2.072303533554077148e+00 -1.078698188066482544e-01 6.919982910156250000e+01
-7.993885517120361328e+00 -3.752693831920623779e-01 7.159475708007812500e+01
-7.951523780822753906e+00 -3.821310997009277344e-01 6.920108795166015625e+01
-7.586706638336181641e+00 -3.996837139129638672e-01 7.089997863769531250e+01
-7.591328144073486328e+00 -3.998249173164367676e-01 7.090055084228515625e+01
-6.735795974731445312e+00 -4.660709798336029053e-01 6.990029144287109375e+01
-7.586706638336181641e+00 -3.996837139129638672e-01 7.089997863769531250e+01
-8.572125434875488281e+00 -5.278419852256774902e-01 6.990003204345703125e+01
-7.586706638336181641e+00 -3.996837139129638672e-01 7.089997863769531250e+01
-7.591199874877929688e+00 -4.004558026790618896e-01 7.090369415283203125e+01
-7.447191238403320312e+00 -5.544496178627014160e-01 6.990000152587890625e+01
-7.108119010925292969e+00 -5.467790365219116211e-01 7.159503936767578125e+01
-1.193211936950683594e+01 -1.271653532981872559e+00 6.990010833740234375e+01
-5.821662425994873047e+00 -8.400222659111022949e-01 6.989997863769531250e+01
-7.589600086212158203e+00 -4.019233584403991699e-01 7.090889739990234375e+01
-8.042809486389160156e+00 -6.865234375000000000e-01 6.990001678466796875e+01
-6.092749118804931641e+00 -8.597171306610107422e-01 7.153379058837890625e+01
-7.590890884399414062e+00 -4.010435938835144043e-01 7.090145874023437500e+01
-7.054902553558349609e+00 -7.731155753135681152e-01 6.989999389648437500e+01
-7.407128810882568359e+00 -6.534724235534667969e-01 7.159497833251953125e+01
-9.125292778015136719e+00 -1.093198180198669434e+00 6.990003967285156250e+01
-1.592878580093383789e+00 -2.848197698593139648e+00 6.989996337890625000e+01
-7.589824676513671875e+00 -4.018524885177612305e-01 7.090396118164062500e+01
-7.664642810821533203e+00 -8.560454845428466797e-01 6.990000915527343750e+01
-6.889547348022460938e+00 -8.597255945205688477e-01 7.155125427246093750e+01
-7.704262733459472656e+00 -4.596767127513885498e-01 7.089883422851562500e+01
-6.473498821258544922e+00 -1.206857919692993164e+00 6.989998626708984375e+01
-7.586837291717529297e+00 -4.004504978656768799e-01 7.090132141113281250e+01
-8.337871551513671875e+00 -1.151315569877624512e+00 6.990016174316406250e+01
-6.873278141021728516e+00 -8.597140312194824219e-01 7.103336334228515625e+01
-7.589563369750976562e+00 -4.019320607185363770e-01 7.090175628662109375e+01
-7.307402610778808594e+00 -1.130806565284729004e+00 6.990000152587890625e+01
-7.306389808654785156e+00 -8.597142696380615234e-01 7.145283508300781250e+01
-1.024401283264160156e+01 -2.620826244354248047e+00 6.990004730224609375e+01
-5.095475673675537109e+00 -2.614238739013671875e+00 6.989997100830078125e+01
-7.587623119354248047e+00 -4.015278220176696777e-01 7.090188598632812500e+01
-7.889674186706542969e+00 -1.360195994377136230e+00 6.990000915527343750e+01
-7.179520606994628906e+00 -8.597155213356018066e-01 7.114128875732421875e+01
-7.588903903961181641e+00 -4.019939005374908447e-01 7.090043640136718750e+01
-6.869000911712646484e+00 -1.743338584899902344e+00 6.989999389648437500e+01
-7.539606571197509766e+00 -8.597052097320556641e-01 7.129353332519531250e+01
-8.749950408935546875e+00 -2.297868728637695312e+00 6.990002441406250000e+01
-7.541420936584472656e+00 -4.596735537052154541e-01 7.089855194091796875e+01
-7.587640762329101562e+00 -4.015408158302307129e-01 7.090088653564453125e+01
-7.530684947967529297e+00 -1.940145850181579590e+00 6.990000915527343750e+01
-7.412777900695800781e+00 -8.597117066383361816e-01 7.111258697509765625e+01
-7.618771076202392578e+00 -4.593434333801269531e-01 7.089534759521484375e+01
-6.119125366210937500e+00 -4.044935226440429688e+00 6.989997863769531250e+01
-7.586750984191894531e+00 -4.001334905624389648e-01 7.090016937255859375e+01
-8.146818161010742188e+00 -3.540165185928344727e+00 6.990001678466796875e+01
-7.458599090576171875e+00 -8.597174882888793945e-01 7.094223022460937500e+01
-7.586861610412597656e+00 -4.005161523818969727e-01 7.090004730224609375e+01
-7.586706638336181641e+00 -4.597051441669464111e-01 7.089997863769531250e+01
