1.807486724853515625e+01 -4.738171100616455078e+00 7.090003967285156250e+01
1.767485237121582031e+01 -2.691583395004272461e+00 7.126648712158203125e+01
1.816262817382812500e+01 -1.925989508628845215e+00 6.990004730224609375e+01
1.807605361938476562e+01 -5.344023704528808594e+00 7.090158843994140625e+01
1.242134666442871094e+01 8.051370620727539062e+00 6.990000915527343750e+01
1.964681053161621094e+01 -1.525247216224670410e+00 6.990010070800781250e+01
1.788805007934570312e+01 -4.024183273315429688e+00 7.159498596191406250e+01
1.755549240112304688e+01 -3.462188243865966797e+00 6.990001678466796875e+01
1.807486724853515625e+01 -5.349367141723632812e+00 7.090003967285156250e+01
1.767485427856445312e+01 -4.733547687530517578e+00 7.106516265869140625e+01
1.854281616210937500e+01 -3.887549638748168945e+00 6.990005493164062500e+01
1.807660484313964844e+01 -5.342184066772460938e+00 7.090557861328125000e+01
1.634913825988769531e+01 -3.034471511840820312e+00 6.989994812011718750e+01
2.262361335754394531e+01 -2.652759850025177002e-01 6.990000915527343750e+01
1.767485427856445312e+01 -4.633612155914306641e+00 7.146901702880859375e+01
1.794527816772460938e+01 -4.369286060333251953e+00 6.990000915527343750e+01
1.807486724853515625e+01 -5.349367141723632812e+00 7.090003967285156250e+01
1.767485427856445312e+01 -5.000872135162353516e+00 7.091658020019531250e+01
1.907977104187011719e+01 -4.179829120635986328e+00 6.990002441406250000e+01
1.804273986816406250e+01 -4.805251598358154297e+00 7.159482574462890625e+01
1.724031639099121094e+01 -4.382682323455810547e+00 6.989997100830078125e+01
2.270232200622558594e+01 -2.061410903930664062e+00 7.152265930175781250e+01
1.767486381530761719e+01 -5.023777008056640625e+00 7.117835235595703125e+01
1.829984474182128906e+01 -4.699660301208496094e+00 6.989999389648437500e+01
1.807486724853515625e+01 -5.349367141723632812e+00 7.090003967285156250e+01
1.494013023376464844e+01 -3.475113391876220703e+00 6.989997100830078125e+01
2.023931121826171875e+01 -4.063251495361328125e+00 6.990000915527343750e+01
1.778409576416015625e+01 -4.965014934539794922e+00 7.159482574462890625e+01
1.771516609191894531e+01 -4.836888790130615234e+00 6.989997863769531250e+01
1.807486724853515625e+01 -5.349367141723632812e+00 7.090003967285156250e+01
1.767485618591308594e+01 -5.172067642211914062e+00 7.100547790527343750e+01
1.871790122985839844e+01 -4.870292663574218750e+00 6.989997100830078125e+01
1.807486724853515625e+01 -5.349367141723632812e+00 7.090003967285156250e+01
1.557814502716064453e+01 -4.232874870300292969e+00 6.896643829345703125e+01
2.890104293823242188e+01 -1.767611265182495117e+00 7.000311279296875000e+01
1.767487525939941406e+01 -5.168909549713134766e+00 7.133242034912109375e+01
1.807974624633789062e+01 -5.065867900848388672e+00 6.989996337890625000e+01
1.807486724853515625e+01 -5.349367141723632812e+00 7.090003967285156250e+01
7.285006046295166016e+00 -2.761069536209106445e+00 6.990003967285156250e+01
1.939255523681640625e+01 -4.990299701690673828e+00 6.989996337890625000e+01
1.794846343994140625e+01 -5.211261272430419922e+00 7.159486389160156250e+01
1.744552230834960938e+01 -5.143400669097900391e+00 6.989994812011718750e+01
1.807486724853515625e+01 -5.349367141723632812e+00 7.090003967285156250e+01
1.767486190795898438e+01 -5.289812564849853516e+00 7.110531616210937500e+01
1.844564056396484375e+01 -5.230116367340087891e+00 6.989994049072265625e+01
1.807486724853515625e+01 -5.349367141723632812e+00 7.090003967285156250e+01
1.598210239410400391e+01 -5.185206890106201172e+00 6.990824127197265625e+01
2.131840133666992188e+01 -5.177724361419677734e+00 6.990002441406250000e+01
1.767488479614257812e+01 -5.325384140014648438e+00 7.158253479003906250e+01
1.786010742187500000e+01 -5.339034080505371094e+00 6.989994049072265625e+01
1.807486724853515625e+01 -5.349367141723632812e+00 7.090003967285156250e+01
1.767484664916992188e+01 -5.361588478088378906e+00 7.094989013671875000e+01
1.892614173889160156e+01 -5.415782928466796875e+00 6.989992523193359375e+01
1.807486724853515625e+01 -5.349367141723632812e+00 7.090003967285156250e+01
1.708928680419921875e+01 -5.477546691894531250e+00 6.989992523193359375e+01
2.658641052246093750e+01 -6.302229881286621094e+00 7.133524322509765625e+01
1.767486763000488281e+01 -5.418097019195556641e+00 7.123053741455078125e+01
1.821440124511718750e+01 -5.504154682159423828e+00 6.989992523193359375e+01
1.807486724853515625e+01 -5.349367141723632812e+00 7.090003967285156250e+01
1.372894668579101562e+01 -6.221438884735107422e+00 6.990005493164062500e+01
1.984003448486328125e+01 -5.789736270904541016e+00 6.989996337890625000e+01
1.784944725036621094e+01 -5.523855209350585938e+00 7.159489440917968750e+01
1.761869239807128906e+01 -5.636252880096435547e+00 6.989991760253906250e+01
1.807486724853515625e+01 -5.349367141723632812e+00 7.090003967285156250e+01
1.767485046386718750e+01 -5.479379177093505859e+00 7.104171752929687500e+01
1.860674095153808594e+01 -5.722847938537597656e+00 6.989992523193359375e+01
1.807486724853515625e+01 -5.349367141723632812e+00 7.090003967285156250e+01
1.653611183166503906e+01 -6.042957782745361328e+00 6.989998626708984375e+01
2.406804466247558594e+01 -7.797615528106689453e+00 6.990013122558593750e+01
1.767487525939941406e+01 -5.627602577209472656e+00 7.141134643554687500e+01
1.799691963195800781e+01 -5.805797576904296875e+00 6.989991760253906250e+01
1.807486724853515625e+01 -5.349367141723632812e+00 7.090003967285156250e+01
3.494154661893844604e-02 -1.455576610565185547e+01 7.072402954101562500e+01
1.918811798095703125e+01 -6.156572341918945312e+00 6.990000915527343750e+01
1.800704383850097656e+01 -5.747065067291259766e+00 7.159492492675781250e+01
1.732354354858398438e+01 -6.101158142089843750e+00 6.990001678466796875e+01
1.807486724853515625e+01 -5.349367141723632812e+00 7.090003967285156250e+01
1.767485237121582031e+01 -5.664192199707031250e+00 7.114904785156250000e+01
1.835420036315917969e+01 -6.080564022064208984e+00 6.989996337890625000e+01
1.807486724853515625e+01 -5.349367141723632812e+00 7.090003967285156250e+01
1.541732978820800781e+01 -7.570702552795410156e+00 6.990001678466796875e+01
2.056570816040039062e+01 -7.563574790954589844e+00 6.990018463134765625e+01
1.774136352539062500e+01 -6.020338535308837891e+00 7.159497833251953125e+01
1.745646667480468750e+01 -7.309914588928222656e+00 6.885895538330078125e+01
1.807486724853515625e+01 -5.349367141723632812e+00 7.090003967285156250e+01
1.767484664916992188e+01 -5.769975185394287109e+00 7.098390197753906250e+01
1.879258918762207031e+01 -6.693051338195800781e+00 6.990003204345703125e+01
1.807486724853515625e+01 -5.349367141723632812e+00 7.090003967285156250e+01
1.691157150268554688e+01 -7.247635841369628906e+00 6.990003967285156250e+01
2.506019401550292969e+01 -1.460285091400146484e+01 7.067942047119140625e+01
1.767485618591308594e+01 -6.144732952117919922e+00 7.129041290283203125e+01
1.816562461853027344e+01 -7.844961643218994141e+00 6.928005218505859375e+01
1.807486724853515625e+01 -5.349367141723632812e+00 7.090003967285156250e+01
1.313979244232177734e+01 -1.453169918060302734e+01 7.018694305419921875e+01
1.953440475463867188e+01 -8.974636077880859375e+00 6.990552520751953125e+01
1.791143035888671875e+01 -7.015280246734619141e+00 7.159480285644531250e+01
1.763564491271972656e+01 -7.812034130096435547e+00 7.011589813232421875e+01
1.807486724853515625e+01 -5.349367141723632812e+00 7.090003967285156250e+01
1.767785453796386719e+01 -7.482483386993408203e+00 7.107878875732421875e+01
1.807486724853515625e+01 -6.562321662902832031e+00 7.090003967285156250e+01
