-2.560693359375000000e+01 1.471339130401611328e+01 7.090008544921875000e+01
-2.683600997924804688e+01 1.467484283447265625e+01 7.202602386474609375e+01
-2.551917266845703125e+01 9.931942939758300781e+00 6.990010070800781250e+01
-2.449925804138183594e+01 1.149688148498535156e+01 7.234484863281250000e+01
-2.883277893066406250e+01 1.415492057800292969e+01 7.032947540283203125e+01
-2.246724510192871094e+01 1.414661693572998047e+01 6.890287017822265625e+01
-2.599532127380371094e+01 9.263608932495117188e+00 7.234486389160156250e+01
-2.612632179260253906e+01 8.395818710327148438e+00 6.990003204345703125e+01
-2.165069007873535156e+01 1.298674201965332031e+01 7.234490203857421875e+01
-2.882563400268554688e+01 1.146376132965087891e+01 7.222872161865234375e+01
-2.513889884948730469e+01 7.970672607421875000e+00 6.989992523193359375e+01
-2.515376853942871094e+01 8.382267951965332031e+00 7.234484100341796875e+01
-2.733250999450683594e+01 8.823278427124023438e+00 6.990007781982421875e+01
-2.105760765075683594e+01 1.159332561492919922e+01 6.989993286132812500e+01
-2.662264442443847656e+01 8.326025009155273438e+00 7.234482574462890625e+01
-2.573654174804687500e+01 7.488822460174560547e+00 6.989990234375000000e+01
-2.389263534545898438e+01 8.569550514221191406e+00 7.234489440917968750e+01
-2.887664794921875000e+01 9.357196807861328125e+00 7.103530120849609375e+01
-2.460185813903808594e+01 7.678327560424804688e+00 6.989990234375000000e+01
-2.567373847961425781e+01 7.640016078948974609e+00 7.234481048583984375e+01
-2.644157791137695312e+01 7.475382804870605469e+00 6.989990234375000000e+01
-1.486903953552246094e+01 1.413820934295654297e+01 7.234485626220703125e+01
-2.561805343627929688e+01 6.517638683319091797e+00 7.090782165527343750e+01
-2.538209533691406250e+01 7.157893657684326172e+00 6.990065765380859375e+01
-2.478144454956054688e+01 7.506519317626953125e+00 7.234067535400390625e+01
-2.561970710754394531e+01 6.516225337982177734e+00 7.089601135253906250e+01
-2.344261741638183594e+01 7.794628143310546875e+00 6.990011596679687500e+01
-2.621155357360839844e+01 7.307797908782958984e+00 7.234479522705078125e+01
-2.596602249145507812e+01 7.020194530487060547e+00 6.990172576904296875e+01
-2.285768699645996094e+01 7.921721935272216797e+00 7.234500885009765625e+01
-2.574403572082519531e+01 6.569357395172119141e+00 7.093622589111328125e+01
-2.496667671203613281e+01 6.985593795776367188e+00 6.990434265136718750e+01
-2.535863113403320312e+01 7.062643527984619141e+00 7.234487915039062500e+01
-2.560694694519042969e+01 6.508594512939453125e+00 7.090007781982421875e+01
-1.353670215606689453e+01 1.050193023681640625e+01 6.990009307861328125e+01
-2.575222015380859375e+01 6.574134826660156250e+00 7.105713653564453125e+01
-2.560205650329589844e+01 6.792046546936035156e+00 6.990015411376953125e+01
-2.429620933532714844e+01 7.017719745635986328e+00 7.234497070312500000e+01
-2.560807418823242188e+01 6.508862018585205078e+00 7.089997863769531250e+01
-2.428928375244140625e+01 6.867645263671875000e+00 6.990003967285156250e+01
-2.586977005004882812e+01 6.795759201049804688e+00 7.234486389160156250e+01
-2.560694885253906250e+01 6.508593559265136719e+00 7.090006256103515625e+01
-2.033445739746093750e+01 7.346580505371093750e+00 7.234505462646484375e+01
-2.606874084472656250e+01 6.577343940734863281e+00 7.113707733154296875e+01
-2.523621940612792969e+01 6.627820491790771484e+00 6.990014648437500000e+01
-2.501874923706054688e+01 6.650995731353759766e+00 7.234494781494140625e+01
-2.560722923278808594e+01 6.508611679077148438e+00 7.089994812011718750e+01
-2.236331558227539062e+01 6.680235862731933594e+00 6.990003967285156250e+01
-2.601412200927734375e+01 6.533003330230712891e+00 7.159487915039062500e+01
-2.560693931579589844e+01 6.508588790893554688e+00 7.090006256103515625e+01
-2.357281494140625000e+01 6.483384132385253906e+00 7.234502410888671875e+01
-2.626627349853515625e+01 6.488444328308105469e+00 7.098225402832031250e+01
-2.475568389892578125e+01 6.442174434661865234e+00 6.990000152587890625e+01
-2.558159828186035156e+01 6.459309101104736328e+00 7.159483337402343750e+01
-2.560705375671386719e+01 6.508572578430175781e+00 7.089996337890625000e+01
-2.560693359375000000e+01 6.508588314056396484e+00 7.090008544921875000e+01
-2.638857650756835938e+01 6.374282360076904297e+00 7.154592132568359375e+01
-2.560692977905273438e+01 6.508584976196289062e+00 7.090006256103515625e+01
-2.461202812194824219e+01 6.202800750732421875e+00 7.234499359130859375e+01
-2.560735130310058594e+01 6.508504390716552734e+00 7.089998626708984375e+01
-2.384196472167968750e+01 6.068268299102783203e+00 6.990012359619140625e+01
-2.583235549926757812e+01 6.334098815917968750e+00 7.159494781494140625e+01
-2.560698318481445312e+01 6.508556842803955078e+00 7.089997863769531250e+01
-2.220102691650390625e+01 5.459809303283691406e+00 7.234504699707031250e+01
-2.647116470336914062e+01 6.227698326110839844e+00 7.120617675781250000e+01
-2.507504653930664062e+01 6.135097980499267578e+00 6.989994812011718750e+01
-2.542742919921875000e+01 6.254902362823486328e+00 7.159480285644531250e+01
-2.560715103149414062e+01 6.508490085601806641e+00 7.089994049072265625e+01
-1.961338806152343750e+01 4.060189723968505859e+00 6.990011596679687500e+01
-2.614880371093750000e+01 6.131661891937255859e+00 7.159275817871093750e+01
-2.560694122314453125e+01 6.508538722991943359e+00 7.089997863769531250e+01
-2.560688018798828125e+01 6.508553028106689453e+00 7.090013885498046875e+01
-2.560726165771484375e+01 6.508420944213867188e+00 7.090008544921875000e+01
-2.449369621276855469e+01 5.701393127441406250e+00 6.990007019042968750e+01
-2.567474937438964844e+01 6.110927104949951172e+00 7.159490966796875000e+01
-2.560704231262207031e+01 6.508478641510009766e+00 7.089994049072265625e+01
-2.560617256164550781e+01 6.508097171783447266e+00 7.090023040771484375e+01
-2.649212074279785156e+01 5.811916828155517578e+00 7.145111083984375000e+01
-2.560689926147460938e+01 6.508499145507812500e+00 7.089996337890625000e+01
-2.533421516418457031e+01 6.061028957366943359e+00 7.143795013427734375e+01
-2.560715675354003906e+01 6.508401393890380859e+00 7.090000152587890625e+01
-2.560657119750976562e+01 6.508265972137451172e+00 7.089994049072265625e+01
-2.594033050537109375e+01 5.837833881378173828e+00 7.159479522705078125e+01
-2.560697746276855469e+01 6.508448123931884766e+00 7.089994049072265625e+01
-2.540614509582519531e+01 6.281740665435791016e+00 7.101908111572265625e+01
-2.641462516784667969e+01 5.659329891204833984e+00 7.106941223144531250e+01
-2.560682868957519531e+01 6.508393287658691406e+00 7.089994049072265625e+01
-2.552378845214843750e+01 5.696508407592773438e+00 7.159484100341796875e+01
-2.560706138610839844e+01 6.508380413055419922e+00 7.089997863769531250e+01
-2.560655021667480469e+01 6.508080959320068359e+00 7.090007019042968750e+01
-2.614127922058105469e+01 5.446115970611572266e+00 7.142155456542968750e+01
-2.560692596435546875e+01 6.508373737335205078e+00 7.089994812011718750e+01
-2.503850364685058594e+01 5.005135059356689453e+00 7.159492492675781250e+01
-2.560707092285156250e+01 6.508331775665283203e+00 7.090006256103515625e+01
-2.560679244995117188e+01 6.508236885070800781e+00 7.089998626708984375e+01
-2.573138046264648438e+01 5.240094184875488281e+00 7.142910766601562500e+01
-2.560698127746582031e+01 6.508318424224853516e+00 7.090000152587890625e+01
-2.506932449340820312e+01 4.578035831451416016e+00 7.107739257812500000e+01
-2.582474327087402344e+01 5.338314533233642578e+00 7.099815368652343750e+01
-2.560693359375000000e+01 6.508264064788818359e+00 7.090008544921875000e+01
