-6.356434345245361328e+00 4.603126347064971924e-01 7.089997100830078125e+01
-6.416488647460937500e+00 8.593254089355468750e-01 7.095498657226562500e+01
-6.356434345245361328e+00 4.603126347064971924e-01 7.089997100830078125e+01
-6.267609119415283203e+00 8.603279590606689453e-01 7.101583099365234375e+01
-6.356434345245361328e+00 4.603126347064971924e-01 7.089997100830078125e+01
-6.356434345245361328e+00 4.603126347064971924e-01 7.089997100830078125e+01
-6.412768363952636719e+00 8.599165081977844238e-01 7.110952758789062500e+01
-6.356434345245361328e+00 4.603126347064971924e-01 7.089997100830078125e+01
-6.112143039703369141e+00 8.603276014328002930e-01 7.098918914794921875e+01
-6.616267681121826172e+00 8.603248596191406250e-01 7.100722503662109375e+01
-6.356434345245361328e+00 4.603126347064971924e-01 7.089997100830078125e+01
-6.259686470031738281e+00 8.603316545486450195e-01 7.120841979980468750e+01
-6.356434345245361328e+00 4.603126347064971924e-01 7.089997100830078125e+01
-6.356434345245361328e+00 4.603126347064971924e-01 7.089997100830078125e+01
-6.579993247985839844e+00 8.603326082229614258e-01 7.121796417236328125e+01
-6.356434345245361328e+00 4.603126347064971924e-01 7.089997100830078125e+01
-6.023701190948486328e+00 8.603307604789733887e-01 7.118039703369140625e+01
-6.815567493438720703e+00 8.603141307830810547e-01 7.091896057128906250e+01
-6.356434345245361328e+00 4.603126347064971924e-01 7.089997100830078125e+01
-6.380053520202636719e+00 8.603354096412658691e-01 7.141075897216796875e+01
-6.356434345245361328e+00 4.603126347064971924e-01 7.089997100830078125e+01
-5.795329093933105469e+00 8.589960336685180664e-01 7.097546386718750000e+01
-6.847874641418457031e+00 8.603296875953674316e-01 7.124190521240234375e+01
-6.356434345245361328e+00 4.603126347064971924e-01 7.089997100830078125e+01
-6.025540351867675781e+00 8.603293299674987793e-01 7.147742462158203125e+01
-6.356434345245361328e+00 4.603126347064971924e-01 7.089997100830078125e+01
-6.356434345245361328e+00 4.603126347064971924e-01 7.089997100830078125e+01
-6.647246837615966797e+00 8.447194099426269531e-01 7.159484863281250000e+01
-6.356434345245361328e+00 4.603126347064971924e-01 7.089997100830078125e+01
-5.578219413757324219e+00 8.603211641311645508e-01 7.130898284912109375e+01
-7.244989395141601562e+00 8.541533946990966797e-01 7.113419342041015625e+01
-6.356434345245361328e+00 4.603126347064971924e-01 7.089997100830078125e+01
-6.237022399902343750e+00 7.267664074897766113e-01 7.159479522705078125e+01
-6.356434345245361328e+00 4.603126347064971924e-01 7.089997100830078125e+01
-6.356434345245361328e+00 4.603126347064971924e-01 7.089997100830078125e+01
-6.999366760253906250e+00 7.503731846809387207e-01 7.159496307373046875e+01
-6.356434345245361328e+00 4.603126347064971924e-01 7.089997100830078125e+01
-5.726031780242919922e+00 7.051829695701599121e-01 7.159489440917968750e+01
-6.356434345245361328e+00 4.603126347064971924e-01 7.089997100830078125e+01
-6.356434345245361328e+00 4.603126347064971924e-01 7.089997100830078125e+01
-6.482852458953857422e+00 5.984347462654113770e-01 7.159487915039062500e+01
-6.356434345245361328e+00 4.603126347064971924e-01 7.089997100830078125e+01
-3.839704513549804688e+00 8.603143095970153809e-01 7.158969879150390625e+01
-7.710492610931396484e+00 6.619102954864501953e-01 7.159484863281250000e+01
-6.356434345245361328e+00 4.603126347064971924e-01 7.089997100830078125e+01
-6.073569774627685547e+00 5.287979841232299805e-01 7.159481811523437500e+01
-6.356434822082519531e+00 4.603126347064971924e-01 7.089997100830078125e+01
-6.356433868408203125e+00 4.603126347064971924e-01 7.089997100830078125e+01
-6.763754367828369141e+00 4.847353994846343994e-01 7.159499359130859375e+01
-6.356434822082519531e+00 4.603126347064971924e-01 7.089997100830078125e+01
-5.841100692749023438e+00 4.539272189140319824e-01 7.126603698730468750e+01
-1.193256378173828125e+01 2.899535298347473145e-01 7.159490966796875000e+01
-5.505512714385986328e+00 3.939244747161865234e-01 6.990027618408203125e+01
-6.356434345245361328e+00 4.603126049041748047e-01 7.089997100830078125e+01
-7.341847896575927734e+00 3.321550190448760986e-01 6.990003204345703125e+01
-6.356434345245361328e+00 4.603126049041748047e-01 7.089997100830078125e+01
-7.197500705718994141e+00 3.157961666584014893e-01 7.159490203857421875e+01
-6.217148780822753906e+00 3.058013617992401123e-01 6.990164184570312500e+01
-5.877911567687988281e+00 3.132371902465820312e-01 7.159493255615234375e+01
-1.070188331604003906e+01 -4.116644859313964844e-01 6.990009307861328125e+01
-4.591361999511718750e+00 1.996699348092079163e-02 6.989994812011718750e+01
-6.581879615783691406e+00 2.858041822910308838e-01 7.159490966796875000e+01
-6.812541484832763672e+00 1.734700500965118408e-01 6.989999389648437500e+01
-4.718402385711669922e+00 -4.408565163612365723e-02 7.159490966796875000e+01
-8.301972389221191406e+00 -1.720200031995773315e-01 7.158904266357421875e+01
-5.824622154235839844e+00 8.687508106231689453e-02 6.989997100830078125e+01
-6.176873683929443359e+00 2.065482139587402344e-01 7.159490203857421875e+01
-7.895040512084960938e+00 -2.332108467817306519e-01 6.990001678466796875e+01
-3.629052042961120605e-01 -1.988079309463500977e+00 6.990000152587890625e+01
-6.898684978485107422e+00 8.312179148197174072e-02 7.159313201904296875e+01
-6.434371471405029297e+00 3.945022355765104294e-03 6.989998626708984375e+01
-5.612545490264892578e+00 -3.056526929140090942e-02 7.159490203857421875e+01
-6.473974704742431641e+00 4.003276824951171875e-01 7.089882659912109375e+01
-5.243210792541503906e+00 -3.468732833862304688e-01 6.989996337890625000e+01
-6.424260139465332031e+00 6.259615719318389893e-02 7.159488677978515625e+01
-7.107719421386718750e+00 -2.914395034313201904e-01 6.989999389648437500e+01
-5.022668838500976562e+00 -3.997214138507843018e-01 7.114933776855468750e+01
-7.449180126190185547e+00 -3.997144997119903564e-01 7.158020019531250000e+01
-6.078418731689453125e+00 -2.674380242824554443e-01 6.990460205078125000e+01
-6.004103660583496094e+00 -1.179002672433853149e-01 7.159485626220703125e+01
-9.013772010803222656e+00 -1.760856151580810547e+00 6.990002441406250000e+01
-3.865156173706054688e+00 -1.754284381866455078e+00 6.989994049072265625e+01
-6.689918994903564453e+00 -2.106194347143173218e-01 7.159486389160156250e+01
-6.659405231475830078e+00 -5.002105832099914551e-01 6.989999389648437500e+01
-5.595213413238525391e+00 -3.997018039226531982e-01 7.135108947753906250e+01
-7.174349784851074219e+00 -3.996960818767547607e-01 7.107144165039062500e+01
-5.638716220855712891e+00 -8.833656907081604004e-01 6.989997100830078125e+01
-6.273271083831787109e+00 -3.519357442855834961e-01 7.159486389160156250e+01
-7.519690513610839844e+00 -1.437892079353332520e+00 6.990000152587890625e+01
-6.311163425445556641e+00 4.003421366214752197e-01 7.089854431152343750e+01
-6.788961887359619141e+00 -3.997077047824859619e-01 7.132207489013671875e+01
-6.300412178039550781e+00 -1.080169200897216797e+00 6.989998626708984375e+01
-6.031277179718017578e+00 -3.997034430503845215e-01 7.129743957519531250e+01
-6.388491153717041016e+00 4.006667435169219971e-01 7.089533996582031250e+01
-4.888845920562744141e+00 -3.184955596923828125e+00 6.989997100830078125e+01
-6.440808773040771484e+00 -3.997208178043365479e-01 7.125864410400390625e+01
-6.916552066802978516e+00 -2.680201530456542969e+00 6.990000152587890625e+01
-6.339864253997802734e+00 4.008100330829620361e-01 7.090543365478515625e+01
-6.367524623870849609e+00 4.007259309291839600e-01 7.090496063232421875e+01
-6.356434345245361328e+00 4.003075063228607178e-01 7.089997100830078125e+01
