-1.792583274841308594e+01 2.880252361297607422e+00 7.090002441406250000e+01
-1.949257087707519531e+01 1.312684631347656250e+01 7.233528900146484375e+01
-1.783826637268066406e+01 6.132867336273193359e+00 6.990225219726562500e+01
-1.752582931518554688e+01 4.518464088439941406e+00 7.142176055908203125e+01
-2.297475051879882812e+01 1.468471622467041016e+01 7.000694274902343750e+01
-1.635375595092773438e+01 6.541534423828125000e+00 6.990000152587890625e+01
-1.792583274841308594e+01 2.717091083526611328e+00 7.090002441406250000e+01
-1.844517707824707031e+01 4.604163646697998047e+00 6.990005493164062500e+01
-1.752586555480957031e+01 3.372018814086914062e+00 7.104608917236328125e+01
-2.142644309997558594e+01 8.106263160705566406e+00 7.234502410888671875e+01
-1.745791625976562500e+01 4.178805351257324219e+00 6.990011596679687500e+01
-1.770788002014160156e+01 3.618254661560058594e+00 7.159489440917968750e+01
-1.965123748779296875e+01 5.031551361083984375e+00 6.990011596679687500e+01
-1.337741565704345703e+01 7.800813198089599609e+00 6.990007019042968750e+01
-1.894172477722167969e+01 4.534852981567382812e+00 7.234502410888671875e+01
-1.805541038513183594e+01 3.697083711624145508e+00 6.990008544921875000e+01
-1.752585411071777344e+01 3.197952985763549805e+00 7.123712921142578125e+01
-2.890341949462890625e+01 1.228087806701660156e+01 7.135398101806640625e+01
-1.692106246948242188e+01 3.886473178863525391e+00 6.990014648437500000e+01
-1.792583274841308594e+01 2.717091083526611328e+00 7.090002441406250000e+01
-1.876027488708496094e+01 3.683651685714721680e+00 6.990008544921875000e+01
-1.752931213378906250e+01 2.998832225799560547e+00 7.095337677001953125e+01
-2.000260543823242188e+01 4.407519817352294922e+00 7.234498596191406250e+01
-1.770088005065917969e+01 3.366727590560913086e+00 6.990008544921875000e+01
-1.752767562866210938e+01 3.198422431945800781e+00 7.159486389160156250e+01
-2.106010818481445312e+01 4.591068744659423828e+00 6.990010833740234375e+01
-1.576119136810302734e+01 4.003324031829833984e+00 6.989990234375000000e+01
-1.792583274841308594e+01 2.717091083526611328e+00 7.090002441406250000e+01
-1.828549957275390625e+01 3.229518175125122070e+00 6.990006256103515625e+01
-1.752585029602050781e+01 2.922684669494628906e+00 7.111024475097656250e+01
-2.340770339965820312e+01 5.146861553192138672e+00 7.234503173828125000e+01
-1.728288459777832031e+01 3.196101665496826172e+00 6.990009307861328125e+01
-1.780641746520996094e+01 2.983552217483520508e+00 7.159487152099609375e+01
-1.921695327758789062e+01 3.294458866119384766e+00 6.990010833740234375e+01
-1.784295082092285156e+01 2.744512081146240234e+00 7.089315795898437500e+01
-1.926250457763671875e+01 3.320133924484252930e+00 7.234492492675781250e+01
-1.792095375061035156e+01 3.000560998916625977e+00 6.990004730224609375e+01
-1.752582740783691406e+01 2.872466802597045898e+00 7.134097290039062500e+01
-2.871621894836425781e+01 5.305514335632324219e+00 6.989997100830078125e+01
-1.660837173461914062e+01 3.076096534729003906e+00 6.990011596679687500e+01
-1.792583274841308594e+01 2.717091083526611328e+00 7.090002441406250000e+01
-1.855508804321289062e+01 2.923027753829956055e+00 6.990007781982421875e+01
-1.752584266662597656e+01 2.780664205551147461e+00 7.100964355468750000e+01
-2.074132347106933594e+01 3.136272668838500977e+00 7.234488677978515625e+01
-1.755510711669921875e+01 2.836326837539672852e+00 6.990005493164062500e+01
-1.764299964904785156e+01 2.785568475723266602e+00 7.159479522705078125e+01
-2.003564071655273438e+01 2.882588386535644531e+00 6.990014648437500000e+01
-1.468241786956787109e+01 2.888727664947509766e+00 6.990004730224609375e+01
-1.792583274841308594e+01 2.717091083526611328e+00 7.090002441406250000e+01
-1.814056396484375000e+01 2.727422475814819336e+00 6.990005493164062500e+01
-1.752582359313964844e+01 2.712134599685668945e+00 7.118417358398437500e+01
-2.195390701293945312e+01 2.594027280807495117e+00 7.140203857421875000e+01
-1.707469177246093750e+01 2.650685787200927734e+00 6.990007019042968750e+01
-1.790049552917480469e+01 2.667808532714843750e+00 7.159481811523437500e+01
-1.891123390197753906e+01 2.588935136795043945e+00 6.990009307861328125e+01
-1.792583274841308594e+01 2.717091083526611328e+00 7.090002441406250000e+01
-1.967454338073730469e+01 2.416618585586547852e+00 7.234489440917968750e+01
-1.778631591796875000e+01 2.562323331832885742e+00 6.990003967285156250e+01
-1.752582550048828125e+01 2.594147682189941406e+00 7.148095703125000000e+01
-2.227158546447753906e+01 1.845052957534790039e+00 6.990007781982421875e+01
-1.604622077941894531e+01 2.248170375823974609e+00 6.983511352539062500e+01
-1.792783164978027344e+01 2.715543508529663086e+00 7.090618896484375000e+01
-1.838193130493164062e+01 2.430253505706787109e+00 6.990007019042968750e+01
-1.752581787109375000e+01 2.593914985656738281e+00 7.106973266601562500e+01
-2.200520706176757812e+01 1.391226291656494141e+00 7.234485626220703125e+01
-1.739402389526367188e+01 2.343655347824096680e+00 6.990003204345703125e+01
-1.774632072448730469e+01 2.463396072387695312e+00 7.159476470947265625e+01
-1.946435737609863281e+01 2.023604393005371094e+00 6.990012359619140625e+01
-1.029612731933593750e+01 -3.996886014938354492e-01 6.962707519531250000e+01
-1.905615234375000000e+01 1.930837512016296387e+00 7.234490966796875000e+01
-1.800376892089843750e+01 2.260727643966674805e+00 6.990004730224609375e+01
-1.753005981445312500e+01 2.455928325653076172e+00 7.126975250244140625e+01
-2.883265876770019531e+01 -2.849040269851684570e+00 7.079360961914062500e+01
-1.656442642211914062e+01 1.729950428009033203e+00 6.967707824707031250e+01
-1.792650604248046875e+01 2.713138341903686523e+00 7.090692901611328125e+01
-1.867709350585937500e+01 1.965363502502441406e+00 6.990008544921875000e+01
-1.752803802490234375e+01 2.460586786270141602e+00 7.097439575195312500e+01
-2.024694061279296875e+01 8.903026580810546875e-01 7.234490966796875000e+01
-1.764652442932128906e+01 1.985955119132995605e+00 6.990003204345703125e+01
-1.757359123229980469e+01 2.139023780822753906e+00 7.159473419189453125e+01
-2.058303642272949219e+01 4.960346221923828125e-01 6.990013122558593750e+01
-1.538710594177246094e+01 4.603148400783538818e-01 6.988095092773437500e+01
-1.792746353149414062e+01 2.713809728622436523e+00 7.090341949462890625e+01
-1.822879981994628906e+01 1.756580233573913574e+00 6.990005493164062500e+01
-1.752583503723144531e+01 2.265180587768554688e+00 7.113707733154296875e+01
-1.994935798645019531e+01 5.894270539283752441e-01 7.132423400878906250e+01
-1.710813331604003906e+01 1.186233401298522949e+00 6.976071929931640625e+01
-1.784268951416015625e+01 1.905039906501770020e+00 7.159474945068359375e+01
-1.908905792236328125e+01 8.189381957054138184e-01 6.990008544921875000e+01
-1.792583274841308594e+01 2.717091083526611328e+00 7.090002441406250000e+01
-1.940646553039550781e+01 -2.269400060176849365e-01 7.234497833251953125e+01
-1.786981010437011719e+01 1.176610350608825684e+00 6.990003967285156250e+01
-1.752584648132324219e+01 1.659155130386352539e+00 7.138896179199218750e+01
-2.484588432312011719e+01 -1.015854263305664062e+01 6.990010833740234375e+01
-1.645816993713378906e+01 -9.283617734909057617e-01 6.989997100830078125e+01
-1.792623138427734375e+01 2.713033199310302734e+00 7.090171813964843750e+01
-1.848595809936523438e+01 -4.234608709812164307e-01 6.990003967285156250e+01
-1.752583885192871094e+01 1.280712962150573730e+00 7.103194427490234375e+01
-1.835702896118164062e+01 4.003071486949920654e-01 7.109416961669921875e+01
-1.792583274841308594e+01 2.712984323501586914e+00 7.090002441406250000e+01
