-6.753196239471435547e+00 -3.997144401073455811e-01 7.089997863769531250e+01
-6.882639408111572266e+00 4.002971351146697998e-01 7.101856231689453125e+01
-6.665448188781738281e+00 2.963126182556152344e+00 6.990013122558593750e+01
-6.562216758728027344e+00 4.003041386604309082e-01 7.114907836914062500e+01
-6.778384685516357422e+00 -4.000470340251922607e-01 7.089552307128906250e+01
-5.181277751922607422e+00 3.364306926727294922e+00 6.990005493164062500e+01
-6.874440670013427734e+00 4.002950191497802734e-01 7.135100555419921875e+01
-7.272505283355712891e+00 1.427190065383911133e+00 6.990007781982421875e+01
-6.227952480316162109e+00 4.003092348575592041e-01 7.109179687500000000e+01
-7.311849594116210938e+00 4.002920389175415039e-01 7.113058471679687500e+01
-6.285250663757324219e+00 1.002052426338195801e+00 6.990000915527343750e+01
-6.545184612274169922e+00 4.003050029277801514e-01 7.156314849853515625e+01
-8.478487014770507812e+00 1.854556202888488770e+00 6.990013885498046875e+01
-2.204143047332763672e+00 4.624681949615478516e+00 6.989987945556640625e+01
-7.233843803405761719e+00 4.002830684185028076e-01 7.158364868164062500e+01
-6.882775783538818359e+00 5.202606916427612305e-01 6.990002441406250000e+01
-6.037792682647705078e+00 4.003205299377441406e-01 7.150292205810546875e+01
-7.740392684936523438e+00 4.003039598464965820e-01 7.094080352783203125e+01
-5.748297691345214844e+00 7.097806930541992188e-01 6.989997100830078125e+01
-6.785329818725585938e+00 8.446905761957168579e-02 7.159489440917968750e+01
-7.587635040283203125e+00 5.068045854568481445e-01 6.990003967285156250e+01
-5.542747020721435547e+00 4.003118276596069336e-01 7.106284332275390625e+01
-7.752047061920166016e+00 3.532819747924804688e-01 7.159495544433593750e+01
-6.528231620788574219e+00 1.899174451828002930e-01 6.989998626708984375e+01
-6.355000495910644531e+00 2.162649668753147125e-02 7.159488677978515625e+01
-9.887207031250000000e+00 1.414068341255187988e+00 6.990014648437500000e+01
-4.588742733001708984e+00 8.263700604438781738e-01 6.989994812011718750e+01
-7.044004917144775391e+00 -7.534971833229064941e-02 7.159484863281250000e+01
-7.112790107727050781e+00 5.257287994027137756e-02 6.990021514892578125e+01
-5.430946350097656250e+00 2.198951542377471924e-01 7.159491729736328125e+01
-6.756882667541503906e+00 -4.581175446510314941e-01 7.090094757080078125e+01
-6.110204696655273438e+00 1.929155923426151276e-02 6.989997863769531250e+01
-6.633771896362304688e+00 -1.932703852653503418e-01 7.159487152099609375e+01
-8.044354438781738281e+00 1.176325008273124695e-01 6.990003204345703125e+01
5.317436695098876953e+00 3.533723354339599609e+00 6.989994812011718750e+01
-7.396009445190429688e+00 -1.697446703910827637e-01 7.159484100341796875e+01
-6.748318672180175781e+00 -1.763314157724380493e-01 6.990017700195312500e+01
-6.122837066650390625e+00 -2.148980647325515747e-01 7.159485626220703125e+01
-1.745092964172363281e+01 2.106446027755737305e+00 6.990851593017578125e+01
-5.435595512390136719e+00 -1.007081046700477600e-01 6.989996337890625000e+01
-6.879603862762451172e+00 -3.216409087181091309e-01 7.159482574462890625e+01
-7.382468223571777344e+00 -2.538092434406280518e-01 6.990000152587890625e+01
-4.230706214904785156e+00 -5.883434042334556580e-02 7.159128570556640625e+01
-6.760502338409423828e+00 -4.586638212203979492e-01 7.090372467041015625e+01
-6.382461071014404297e+00 -3.405126631259918213e-01 6.989998626708984375e+01
-6.470319271087646484e+00 -3.912632763385772705e-01 7.159485626220703125e+01
-8.863125801086425781e+00 -2.942446768283843994e-01 6.990004730224609375e+01
-3.524757862091064453e+00 -2.889074981212615967e-01 6.990461730957031250e+01
-6.753196239471435547e+00 -4.597515761852264404e-01 7.089997863769531250e+01
-6.967931270599365234e+00 -4.494199454784393311e-01 6.989999389648437500e+01
-5.774922370910644531e+00 -4.718731343746185303e-01 7.159490203857421875e+01
-1.232885837554931641e+01 -6.300963759422302246e-01 7.159486389160156250e+01
-5.902014255523681641e+00 -5.261600017547607422e-01 6.989997863769531250e+01
-6.727849483489990234e+00 -5.090526938438415527e-01 7.159503173828125000e+01
-6.753315448760986328e+00 -4.597671031951904297e-01 7.089985656738281250e+01
-6.753196239471435547e+00 -4.597515761852264404e-01 7.089997863769531250e+01
-7.594331741333007812e+00 -6.042798757553100586e-01 7.159496307373046875e+01
-6.753186225891113281e+00 -4.597626030445098877e-01 7.089990997314453125e+01
-6.274710655212402344e+00 -6.068155765533447266e-01 7.159488677978515625e+01
-6.754288673400878906e+00 -4.599708020687103271e-01 7.089972686767578125e+01
-6.752992153167724609e+00 -4.598025381565093994e-01 7.089986419677734375e+01
-6.978660106658935547e+00 -6.342740654945373535e-01 7.159497070312500000e+01
-6.753269195556640625e+00 -4.597975909709930420e-01 7.089981842041015625e+01
-5.454299926757812500e+00 -8.597199916839599609e-01 7.145103454589843750e+01
-7.983756065368652344e+00 -8.597040772438049316e-01 7.133581542968750000e+01
-6.753117084503173828e+00 -4.598071873188018799e-01 7.089982604980468750e+01
-6.573640346527099609e+00 -7.135093212127685547e-01 7.159489440917968750e+01
-6.753598690032958984e+00 -4.599330425262451172e-01 7.089971923828125000e+01
-6.751823902130126953e+00 -4.603122472763061523e-01 7.089974975585937500e+01
-7.296789169311523438e+00 -8.378762006759643555e-01 7.159485626220703125e+01
-6.753211975097656250e+00 -4.598434567451477051e-01 7.089978027343750000e+01
-6.147080898284912109e+00 -8.597152233123779297e-01 7.146620178222656250e+01
-6.754043102264404297e+00 -4.601837098598480225e-01 7.089997100830078125e+01
-6.752923965454101562e+00 -4.599489867687225342e-01 7.089973449707031250e+01
-6.821014881134033203e+00 -8.574258685111999512e-01 7.159482574462890625e+01
-6.753391742706298828e+00 -4.599470198154449463e-01 7.089971923828125000e+01
-6.132914543151855469e+00 -8.597192764282226562e-01 7.101595306396484375e+01
-7.261383533477783203e+00 -8.597117066383361816e-01 7.121632385253906250e+01
-6.753127098083496094e+00 -4.599325060844421387e-01 7.089973449707031250e+01
-6.509490489959716797e+00 -8.596994280815124512e-01 7.138063049316406250e+01
-6.753678321838378906e+00 -4.601543545722961426e-01 7.089979553222656250e+01
-6.752655029296875000e+00 -4.602328240871429443e-01 7.089976501464843750e+01
-6.952001571655273438e+00 -8.597244620323181152e-01 7.131423950195312500e+01
-6.753276348114013672e+00 -4.600053727626800537e-01 7.089971160888671875e+01
-6.403860092163085938e+00 -8.544257879257202148e-01 7.110700225830078125e+01
-7.133584976196289062e+00 -8.597168922424316406e-01 7.097972106933593750e+01
-6.753011226654052734e+00 -4.600979387760162354e-01 7.089971923828125000e+01
-6.712246417999267578e+00 -8.597058653831481934e-01 7.124214935302734375e+01
-6.753440380096435547e+00 -4.601502716541290283e-01 7.089976501464843750e+01
-6.752755641937255859e+00 -4.603352546691894531e-01 7.089996337890625000e+01
-6.954350948333740234e+00 -8.597194552421569824e-01 7.109628295898437500e+01
-6.753182888031005859e+00 -4.601250588893890381e-01 7.089973449707031250e+01
-6.601979255676269531e+00 -8.597095608711242676e-01 7.108482360839843750e+01
-6.753463745117187500e+00 -4.602492749691009521e-01 7.089994049072265625e+01
-6.752988815307617188e+00 -4.602668881416320801e-01 7.089983367919921875e+01
-6.792434692382812500e+00 -8.597121238708496094e-01 7.106678009033203125e+01
-6.753280639648437500e+00 -4.602259695529937744e-01 7.089982604980468750e+01
-6.641816616058349609e+00 -8.597145676612854004e-01 7.093671417236328125e+01
-6.827637195587158203e+00 -8.597166538238525391e-01 7.093349456787109375e+01
-6.753196239471435547e+00 -4.824288189411163330e-01 7.089997863769531250e+01
