1.807488632202148438e+01 -4.733688831329345703e+00 7.089996337890625000e+01
1.767484664916992188e+01 -2.080208063125610352e+00 7.126643371582031250e+01
1.816264152526855469e+01 -1.315028309822082520e+00 6.990004730224609375e+01
1.918267440795898438e+01 2.506448328495025635e-01 7.234487915039062500e+01
1.242094707489013672e+01 8.663571357727050781e+00 6.989986419677734375e+01
1.964676475524902344e+01 -9.141972661018371582e-01 6.990006256103515625e+01
1.788810539245605469e+01 -3.413221836090087891e+00 7.159477996826171875e+01
1.755555343627929688e+01 -2.851130723953247070e+00 6.990002441406250000e+01
2.203157806396484375e+01 1.740730285644531250e+00 7.234494018554687500e+01
1.767485618591308594e+01 -4.122313022613525391e+00 7.106508636474609375e+01
1.854279518127441406e+01 -3.276468515396118164e+00 6.990007019042968750e+01
1.852755546569824219e+01 -2.866523981094360352e+00 7.234314727783203125e+01
1.614524269104003906e+01 -2.149730682373046875e+00 6.978169250488281250e+01
2.261987113952636719e+01 3.417294621467590332e-01 6.990076446533203125e+01
1.767486190795898438e+01 -4.022383689880371094e+00 7.146895599365234375e+01
1.794531059265136719e+01 -3.758177518844604492e+00 6.990003967285156250e+01
1.978942871093750000e+01 -2.676902532577514648e+00 7.234497833251953125e+01
1.767484855651855469e+01 -4.389639377593994141e+00 7.091650390625000000e+01
1.907966995239257812e+01 -3.568758010864257812e+00 6.990007019042968750e+01
1.804274559020996094e+01 -4.193822383880615234e+00 7.159502410888671875e+01
1.724042129516601562e+01 -3.771571874618530273e+00 6.989999389648437500e+01
2.168358230590820312e+01 -2.174062252044677734e+00 7.138550567626953125e+01
1.767484855651855469e+01 -4.412539958953857422e+00 7.117829895019531250e+01
1.829983520507812500e+01 -4.088533878326416016e+00 6.990003967285156250e+01
1.890291023254394531e+01 -3.737160205841064453e+00 7.234497833251953125e+01
1.494040298461914062e+01 -2.864054918289184570e+00 6.989997863769531250e+01
2.023907470703125000e+01 -3.452192544937133789e+00 6.990005493164062500e+01
1.778400993347167969e+01 -4.353666782379150391e+00 7.159499359130859375e+01
1.771522140502929688e+01 -4.225732326507568359e+00 6.990000152587890625e+01
2.082427024841308594e+01 -3.324952840805053711e+00 7.234496307373046875e+01
1.767485046386718750e+01 -4.560846328735351562e+00 7.100540924072265625e+01
1.871783828735351562e+01 -4.259144306182861328e+00 6.990002441406250000e+01
1.832322692871093750e+01 -4.184016704559326172e+00 7.234498596191406250e+01
1.679124832153320312e+01 -4.164135932922363281e+00 6.990584564208984375e+01
2.888866424560546875e+01 -1.160503268241882324e+00 7.000406646728515625e+01
1.767485237121582031e+01 -4.557680606842041016e+00 7.133238983154296875e+01
1.807976531982421875e+01 -4.454694271087646484e+00 6.990000915527343750e+01
1.938572502136230469e+01 -4.228981494903564453e+00 7.234497070312500000e+01
7.285680294036865234e+00 -2.150016784667968750e+00 6.990002441406250000e+01
1.939241600036621094e+01 -4.379133224487304688e+00 6.990000915527343750e+01
1.794846534729003906e+01 -4.600031375885009766e+00 7.159488677978515625e+01
1.744552040100097656e+01 -4.532184123992919922e+00 6.989984130859375000e+01
2.334738540649414062e+01 -3.900161743164062500e+00 7.234494018554687500e+01
1.767485237121582031e+01 -4.678598403930664062e+00 7.110525512695312500e+01
1.844561195373535156e+01 -4.618921756744384766e+00 6.989999389648437500e+01
1.866313362121582031e+01 -4.595734596252441406e+00 7.234497833251953125e+01
1.807488632202148438e+01 -4.738157272338867188e+00 7.089996337890625000e+01
2.131815528869628906e+01 -4.566528320312500000e+00 6.990003204345703125e+01
1.767485427856445312e+01 -4.714171409606933594e+00 7.158254241943359375e+01
1.786016845703125000e+01 -4.727826595306396484e+00 6.990006256103515625e+01
2.010908699035644531e+01 -4.763362407684326172e+00 7.234496307373046875e+01
1.767485427856445312e+01 -4.750379085540771484e+00 7.094982147216796875e+01
1.892605018615722656e+01 -4.804564476013183594e+00 6.989997863769531250e+01
1.807488632202148438e+01 -4.738157272338867188e+00 7.089996337890625000e+01
1.708939170837402344e+01 -4.866325378417968750e+00 6.989994049072265625e+01
2.502582740783691406e+01 -5.516311168670654297e+00 7.125537109375000000e+01
1.767485427856445312e+01 -4.806892871856689453e+00 7.123049163818359375e+01
1.821440315246582031e+01 -4.892925262451171875e+00 6.989997100830078125e+01
1.906986236572265625e+01 -5.043965816497802734e+00 7.234497833251953125e+01
1.372939300537109375e+01 -5.610143184661865234e+00 6.990007781982421875e+01
1.983996963500976562e+01 -5.178505420684814453e+00 6.989994049072265625e+01
1.784946632385253906e+01 -4.912645339965820312e+00 7.159481811523437500e+01
1.761876678466796875e+01 -5.025007247924804688e+00 6.989996337890625000e+01
2.148085784912109375e+01 -5.786956310272216797e+00 7.234494781494140625e+01
1.767485618591308594e+01 -4.868174076080322266e+00 7.104164886474609375e+01
1.860670471191406250e+01 -5.111599445343017578e+00 6.989995574951171875e+01
1.844825935363769531e+01 -5.265827178955078125e+00 7.234497833251953125e+01
1.653622055053710938e+01 -5.431707859039306641e+00 6.989997100830078125e+01
2.406841468811035156e+01 -7.186549186706542969e+00 6.989999389648437500e+01
1.767486381530761719e+01 -5.016413688659667969e+00 7.141130828857421875e+01
1.799694633483886719e+01 -5.194537639617919922e+00 6.989994812011718750e+01
1.962168884277343750e+01 -5.758862495422363281e+00 7.234497070312500000e+01
1.772463798522949219e+01 -4.916901111602783203e+00 7.089654541015625000e+01
1.918815803527832031e+01 -5.545377254486083984e+00 6.989991760253906250e+01
1.800706291198730469e+01 -5.135860443115234375e+00 7.159485626220703125e+01
1.732355308532714844e+01 -5.489957809448242188e+00 6.989992523193359375e+01
2.580399131774902344e+01 -9.722011566162109375e+00 7.234503936767578125e+01
1.767486572265625000e+01 -5.052986145019531250e+00 7.114897155761718750e+01
1.835420799255371094e+01 -5.469325542449951172e+00 6.989992523193359375e+01
1.880755996704101562e+01 -5.940554618835449219e+00 7.234497833251953125e+01
1.541760730743408203e+01 -6.959276676177978516e+00 6.990003967285156250e+01
2.056584739685058594e+01 -6.952471733093261719e+00 6.990006256103515625e+01
1.774139976501464844e+01 -5.409093379974365234e+00 7.159486389160156250e+01
1.777189445495605469e+01 -5.698745250701904297e+00 6.989991760253906250e+01
2.051317214965820312e+01 -7.492890834808349609e+00 7.234496307373046875e+01
1.767485618591308594e+01 -5.158775329589843750e+00 7.098382568359375000e+01
1.879258728027343750e+01 -6.081802845001220703e+00 6.989998626708984375e+01
1.824782180786132812e+01 -6.427208900451660156e+00 7.234498596191406250e+01
1.691171455383300781e+01 -6.636222839355468750e+00 6.990007019042968750e+01
2.553537368774414062e+01 -1.462108898162841797e+01 7.066433715820312500e+01
1.767486953735351562e+01 -5.533535480499267578e+00 7.129034423828125000e+01
1.818833160400390625e+01 -7.857668876647949219e+00 6.887496948242187500e+01
1.925702667236328125e+01 -7.864831447601318359e+00 7.234499359130859375e+01
1.807488632202148438e+01 -4.738157272338867188e+00 7.089996337890625000e+01
1.954234695434570312e+01 -8.383110046386718750e+00 6.990004730224609375e+01
1.791141510009765625e+01 -6.404426574707031250e+00 7.159487915039062500e+01
1.751485061645507812e+01 -7.878209114074707031e+00 6.990013885498046875e+01
2.080554199218750000e+01 -1.454391765594482422e+01 7.180055999755859375e+01
1.768023681640625000e+01 -6.858573436737060547e+00 7.107765197753906250e+01
1.807488632202148438e+01 -7.794111251831054688e+00 7.089996337890625000e+01
