1.928421592712402344e+01 -3.991073071956634521e-01 7.090004730224609375e+01
1.916381072998046875e+01 4.003097414970397949e-01 7.101034545898437500e+01
1.937197685241699219e+01 3.023718357086181641e+00 6.990004730224609375e+01
1.946186256408691406e+01 4.003234207630157471e-01 7.113175964355468750e+01
1.364672756195068359e+01 1.296304512023925781e+01 6.990285491943359375e+01
2.085614776611328125e+01 3.424398660659790039e+00 6.990011596679687500e+01
1.917143630981445312e+01 4.003080427646636963e-01 7.131958007812500000e+01
1.876483535766601562e+01 1.487511754035949707e+00 6.990000915527343750e+01
1.977278709411621094e+01 4.003193676471710205e-01 7.107847595214843750e+01
1.876456260681152344e+01 4.003121256828308105e-01 7.111455535888671875e+01
1.975218582153320312e+01 1.062188029289245605e+00 6.990002441406250000e+01
1.947770118713378906e+01 4.003038406372070312e-01 7.151690673828125000e+01
1.755856132507324219e+01 1.915104389190673828e+00 6.989999389648437500e+01
2.383325958251953125e+01 4.684731483459472656e+00 6.989995574951171875e+01
1.883712196350097656e+01 4.003049433231353760e-01 7.153599548339843750e+01
1.915462684631347656e+01 5.803991556167602539e-01 6.990000915527343750e+01
1.994964599609375000e+01 4.003022909164428711e-01 7.146087646484375000e+01
1.836592102050781250e+01 4.003369510173797607e-01 7.093801879882812500e+01
2.028912353515625000e+01 7.698515653610229492e-01 6.990003204345703125e+01
1.925208473205566406e+01 1.444800496101379395e-01 7.159490203857421875e+01
1.844968414306640625e+01 5.669733881950378418e-01 6.990000152587890625e+01
2.031100845336914062e+01 3.298788368701934814e-01 7.103820037841796875e+01
1.830135345458984375e+01 4.003290235996246338e-01 7.158390045166015625e+01
1.950918960571289062e+01 2.500055730342864990e-01 6.990001678466796875e+01
1.968235588073730469e+01 8.162017911672592163e-02 7.159485626220703125e+01
1.615431404113769531e+01 1.471671700477600098e+00 6.990151977539062500e+01
2.144871711730957031e+01 8.864594101905822754e-01 6.989999389648437500e+01
1.899344825744628906e+01 -1.534239295870065689e-02 7.159482574462890625e+01
1.892452049255371094e+01 1.127770468592643738e-01 6.990000152587890625e+01
2.044430541992187500e+01 1.966034024953842163e-01 7.150975799560546875e+01
1.747936439514160156e+01 4.002870321273803711e-01 7.137580108642578125e+01
1.992722511291503906e+01 7.936572283506393433e-02 6.990001678466796875e+01
1.940361976623535156e+01 -1.332579404115676880e-01 7.159481811523437500e+01
1.799291419982910156e+01 1.777574270963668823e-01 6.989999389648437500e+01
2.889295005798339844e+01 2.779283523559570312e+00 7.010398101806640625e+01
1.864142990112304688e+01 -1.096967086195945740e-01 7.159487915039062500e+01
1.928909492492675781e+01 -1.162048950791358948e-01 6.990001678466796875e+01
1.991444015502929688e+01 -1.548897176980972290e-01 7.159477996826171875e+01
8.493185997009277344e+00 2.188886880874633789e+00 6.989994049072265625e+01
2.059593009948730469e+01 -4.225161671638488770e-02 6.990450286865234375e+01
1.915783119201660156e+01 -2.616042792797088623e-01 7.159477233886718750e+01
1.865490341186523438e+01 -1.937355399131774902e-01 6.990000915527343750e+01
2.079974746704101562e+01 -1.588168144226074219e-01 7.131539154052734375e+01
1.793000221252441406e+01 -1.980701088905334473e-01 7.159500885009765625e+01
1.965496063232421875e+01 -2.804490923881530762e-01 6.990002441406250000e+01
1.956702613830566406e+01 -3.312189579010009766e-01 7.159476470947265625e+01
1.717402839660644531e+01 -2.341639399528503418e-01 6.989999389648437500e+01
2.252781867980957031e+01 -2.280445247888565063e-01 6.990000915527343750e+01
1.887700080871582031e+01 -3.752745389938354492e-01 7.159488677978515625e+01
1.906947135925292969e+01 -3.893589973449707031e-01 6.990002441406250000e+01
2.026232910156250000e+01 -4.118106067180633545e-01 7.159485626220703125e+01
1.370855808258056641e+01 -5.700356960296630859e-01 7.159493255615234375e+01
2.013539505004882812e+01 -4.660992622375488281e-01 6.990004730224609375e+01
1.928421592712402344e+01 -3.996910452842712402e-01 7.090004730224609375e+01
1.829871749877929688e+01 -5.278596878051757812e-01 6.990001678466796875e+01
2.126201057434082031e+01 -6.211041212081909180e-01 7.100117492675781250e+01
1.928421592712402344e+01 -3.996910452842712402e-01 7.090004730224609375e+01
1.942373466491699219e+01 -5.544618964195251465e-01 6.990003967285156250e+01
1.928421592712402344e+01 -3.996910452842712402e-01 7.090004730224609375e+01
1.493795490264892578e+01 -1.271831154823303223e+00 6.989998626708984375e+01
2.104920578002929688e+01 -8.400161862373352051e-01 6.990007781982421875e+01
1.928421592712402344e+01 -3.996910452842712402e-01 7.090004730224609375e+01
1.882809066772460938e+01 -6.865444183349609375e-01 6.990003204345703125e+01
2.092203140258789062e+01 -9.040227532386779785e-01 7.159489440917968750e+01
1.767483901977539062e+01 -9.227656722068786621e-01 7.147005462646484375e+01
1.981602287292480469e+01 -7.731256484985351562e-01 6.990005493164062500e+01
1.928421592712402344e+01 -3.996910452842712402e-01 7.090004730224609375e+01
1.774551010131835938e+01 -1.093258976936340332e+00 6.990003204345703125e+01
2.527851676940917969e+01 -2.848398208618164062e+00 6.989994812011718750e+01
1.928421592712402344e+01 -3.996910452842712402e-01 7.090004730224609375e+01
1.920627784729003906e+01 -8.560628890991210938e-01 6.990005493164062500e+01
1.928421592712402344e+01 -3.996910452842712402e-01 7.090004730224609375e+01
-8.618601799011230469e+00 -1.463946628570556641e+01 7.062779998779296875e+01
2.039738273620605469e+01 -1.206835746765136719e+00 6.990009307861328125e+01
1.928421592712402344e+01 -3.996910452842712402e-01 7.090004730224609375e+01
1.853291893005371094e+01 -1.151455283164978027e+00 6.990005493164062500e+01
2.299993324279785156e+01 -2.795646905899047852e+00 7.159475708007812500e+01
1.928421592712402344e+01 -3.996910452842712402e-01 7.090004730224609375e+01
1.956351852416992188e+01 -1.130810737609863281e+00 6.990007781982421875e+01
1.928421592712402344e+01 -3.996910452842712402e-01 7.090004730224609375e+01
1.662651252746582031e+01 -2.621165037155151367e+00 6.989996337890625000e+01
2.177534866333007812e+01 -2.614158630371093750e+00 6.990007781982421875e+01
1.928421592712402344e+01 -3.996910452842712402e-01 7.090004730224609375e+01
1.898124694824218750e+01 -1.360207319259643555e+00 6.990007019042968750e+01
1.928421592712402344e+01 -3.996910452842712402e-01 7.090004730224609375e+01
1.767484664916992188e+01 -2.091886281967163086e+00 7.123743438720703125e+01
2.000188827514648438e+01 -1.743283629417419434e+00 6.990010833740234375e+01
1.928421592712402344e+01 -3.996910452842712402e-01 7.090004730224609375e+01
1.812092399597167969e+01 -2.297955274581909180e+00 6.990004730224609375e+01
2.850408172607421875e+01 -1.261327552795410156e+01 7.060884857177734375e+01
1.928421592712402344e+01 -3.996910452842712402e-01 7.090004730224609375e+01
1.934023666381835938e+01 -1.940129756927490234e+00 6.990009307861328125e+01
1.928421592712402344e+01 -3.996910452842712402e-01 7.090004730224609375e+01
1.236388492584228516e+01 -1.327584457397460938e+01 6.990009307861328125e+01
2.075184059143066406e+01 -4.045050144195556641e+00 6.990001678466796875e+01
1.928421592712402344e+01 -3.996910452842712402e-01 7.090004730224609375e+01
1.872460746765136719e+01 -3.537352561950683594e+00 6.990098571777343750e+01
1.928421592712402344e+01 -3.996910452842712402e-01 7.090004730224609375e+01
1.776148605346679688e+01 -8.581189155578613281e+00 7.158563995361328125e+01
1.928421592712402344e+01 -1.453436183929443359e+01 7.090004730224609375e+01
