2.550077056884765625e+01 -5.631167888641357422e+00 7.090012359619140625e+01
2.392371749877929688e+01 4.655607700347900391e+00 7.234483337402343750e+01
2.567838287353515625e+01 1.105637073516845703e+00 6.887631988525390625e+01
2.567572402954101562e+01 -5.034795284271240234e+00 7.112831878662109375e+01
1.987980842590332031e+01 7.500882148742675781e+00 6.990585327148437500e+01
2.707285118103027344e+01 -1.998226881027221680e+00 6.990009307861328125e+01
2.511238861083984375e+01 -3.067693471908569336e+00 7.234488677978515625e+01
2.498137283325195312e+01 -3.935412168502807617e+00 6.990005493164062500e+01
2.586540031433105469e+01 -5.225614070892333984e+00 7.103328704833984375e+01
2.200091171264648438e+01 -4.346660971641540527e-01 7.234481048583984375e+01
2.596881866455078125e+01 -4.360554695129394531e+00 6.989993286132812500e+01
2.568818473815917969e+01 -5.047786235809326172e+00 7.149762725830078125e+01
2.377525711059570312e+01 -3.508072376251220703e+00 6.990015411376953125e+01
2.889290237426757812e+01 -2.031326055526733398e+00 7.015437316894531250e+01
2.448501396179199219e+01 -4.005161285400390625e+00 7.234493255615234375e+01
2.537130737304687500e+01 -4.843546390533447266e+00 6.990106201171875000e+01
2.593797492980957031e+01 -5.297063350677490234e+00 7.126860046386718750e+01
2.527419090270996094e+01 -5.625281333923339844e+00 7.090949249267578125e+01
2.781640815734863281e+01 -3.127667188644409180e+00 6.859575653076171875e+01
2.543396377563476562e+01 -4.691215515136718750e+00 7.234489440917968750e+01
2.466625785827636719e+01 -4.856038093566894531e+00 6.990010070800781250e+01
2.609234619140625000e+01 -5.402345180511474609e+00 7.097972106933593750e+01
2.342421531677246094e+01 -4.132428169250488281e+00 7.234494018554687500e+01
2.572575759887695312e+01 -5.172947406768798828e+00 6.990003967285156250e+01
2.589749145507812500e+01 -5.343082904815673828e+00 7.159245300292968750e+01
2.236618614196777344e+01 -3.948516130447387695e+00 6.990010833740234375e+01
2.880677223205566406e+01 -3.858247041702270508e+00 6.937266540527343750e+01
2.489612579345703125e+01 -5.023436069488525391e+00 7.234489440917968750e+01
2.514110946655273438e+01 -5.310258388519287109e+00 6.990017700195312500e+01
2.626240921020507812e+01 -5.431191444396972656e+00 7.130042266845703125e+01
2.001949691772460938e+01 -3.393173217773437500e+00 7.234497070312500000e+01
2.614381980895996094e+01 -5.343593120574951172e+00 6.990003204345703125e+01
2.562017631530761719e+01 -5.556238174438476562e+00 7.159491729736328125e+01
2.420956039428710938e+01 -5.245271682739257812e+00 6.990013885498046875e+01
2.876551437377929688e+01 -4.742564201354980469e+00 7.062964630126953125e+01
2.416421127319335938e+01 -5.219686508178710938e+00 7.234490203857421875e+01
2.550564956665039062e+01 -5.539196014404296875e+00 6.990010070800781250e+01
2.613094329833984375e+01 -5.577898025512695312e+00 7.159479522705078125e+01
1.470940876007080078e+01 -3.234021425247192383e+00 6.989998626708984375e+01
2.681838607788085938e+01 -5.463631629943847656e+00 6.990010070800781250e+01
2.523794555664062500e+01 -5.535520076751708984e+00 7.234484863281250000e+01
2.487247085571289062e+01 -5.617054939270019531e+00 6.990169525146484375e+01
2.656392669677734375e+01 -5.653704166412353516e+00 7.119149017333984375e+01
2.268537330627441406e+01 -5.403511047363281250e+00 7.234494018554687500e+01
2.550077056884765625e+01 -5.822679042816162109e+00 7.090012359619140625e+01
2.578360748291015625e+01 -5.754200458526611328e+00 7.159490966796875000e+01
2.339074325561523438e+01 -5.657164573669433594e+00 6.990013885498046875e+01
2.873727798461914062e+01 -5.651408195495605469e+00 6.990227508544921875e+01
2.465407371520996094e+01 -5.771911621093750000e+00 7.234486389160156250e+01
2.528600502014160156e+01 -5.812345981597900391e+00 6.989999389648437500e+01
2.647840499877929688e+01 -5.834792613983154297e+00 7.159458923339843750e+01
1.390716743469238281e+01 -6.176880836486816406e+00 7.234500885009765625e+01
2.734355545043945312e+01 -5.966451644897460938e+00 6.873514556884765625e+01
2.552610778808593750e+01 -5.871963500976562500e+00 7.159494018554687500e+01
2.451518821716308594e+01 -5.950858592987060547e+00 6.990000915527343750e+01
2.667317390441894531e+01 -5.953928947448730469e+00 7.096006774902343750e+01
2.375218200683593750e+01 -6.123130798339843750e+00 7.234489440917968750e+01
2.550077056884765625e+01 -5.822679042816162109e+00 7.090012359619140625e+01
2.597906875610351562e+01 -5.969685077667236328e+00 7.159475708007812500e+01
2.115439987182617188e+01 -6.694840908050537109e+00 6.990003204345703125e+01
2.726578140258789062e+01 -6.263009071350097656e+00 6.990013885498046875e+01
2.503208732604980469e+01 -6.185468673706054688e+00 7.234484863281250000e+01
2.504458427429199219e+01 -6.109570980072021484e+00 6.989997863769531250e+01
2.664725303649902344e+01 -6.175714969635009766e+00 7.138652038574218750e+01
2.142140579223632812e+01 -7.148541450500488281e+00 7.234494781494140625e+01
2.657697868347167969e+01 -6.578391075134277344e+00 6.887646484375000000e+01
2.567971801757812500e+01 -6.075576305389404297e+00 7.159268188476562500e+01
2.396059226989746094e+01 -6.516911029815673828e+00 6.989914703369140625e+01
2.861199951171875000e+01 -7.093634128570556641e+00 7.038104248046875000e+01
2.437055778503417969e+01 -6.608858108520507812e+00 7.234487152099609375e+01
2.542291641235351562e+01 -6.278562545776367188e+00 6.990119934082031250e+01
2.624019241333007812e+01 -6.310608863830566406e+00 7.159088134765625000e+01
8.516541481018066406e+00 -1.449032020568847656e+01 7.073441314697265625e+01
2.661398124694824219e+01 -6.629854679107666016e+00 6.990013122558593750e+01
2.547624969482421875e+01 -5.966461181640625000e+00 7.115135192871093750e+01
2.475384712219238281e+01 -6.570067882537841797e+00 6.990595245361328125e+01
2.647071456909179688e+01 -6.448114871978759766e+00 7.108146667480468750e+01
2.317978668212890625e+01 -7.649369716644287109e+00 7.234493255615234375e+01
2.577989006042480469e+01 -6.553320884704589844e+00 6.990080261230468750e+01
2.585306739807128906e+01 -6.400835990905761719e+00 7.159494018554687500e+01
2.284334564208984375e+01 -8.043921470642089844e+00 6.990014648437500000e+01
2.799243927001953125e+01 -8.037623405456542969e+00 6.989994049072265625e+01
2.480742645263671875e+01 -7.217607498168945312e+00 7.234487152099609375e+01
2.519775199890136719e+01 -6.783356666564941406e+00 6.989997863769531250e+01
2.617760276794433594e+01 -6.587353229522705078e+00 7.130123138427734375e+01
1.860968017578125000e+01 -1.306841564178466797e+01 7.234477233886718750e+01
2.621411705017089844e+01 -7.158172607421875000e+00 6.990621185302734375e+01
2.554615592956542969e+01 -6.265947341918945312e+00 7.127935028076171875e+01
2.433745956420898438e+01 -7.720972061157226562e+00 6.990010833740234375e+01
2.858069038391113281e+01 -9.902659416198730469e+00 7.080284881591796875e+01
2.402023887634277344e+01 -8.766510009765625000e+00 7.234497833251953125e+01
2.555679321289062500e+01 -7.363151073455810547e+00 6.990014648437500000e+01
2.576017570495605469e+01 -6.508784770965576172e+00 7.121721649169921875e+01
2.080032920837402344e+01 -1.456844520568847656e+01 7.022093200683593750e+01
2.696845436096191406e+01 -9.468182563781738281e+00 6.990005493164062500e+01
2.548250389099121094e+01 -6.008870601654052734e+00 7.097777557373046875e+01
2.494056701660156250e+01 -8.963675498962402344e+00 6.990000152587890625e+01
2.567383003234863281e+01 -6.444135189056396484e+00 7.095719909667968750e+01
2.547432136535644531e+01 -5.964793205261230469e+00 7.091203308105468750e+01
2.550077056884765625e+01 -6.170433044433593750e+00 7.090012359619140625e+01
