-4.557138919830322266e+00 -7.773879170417785645e-01 7.089997100830078125e+01
-4.617341041564941406e+00 -4.597135782241821289e-01 7.095512390136718750e+01
-4.469376564025878906e+00 2.563731908798217773e+00 6.989996337890625000e+01
-4.468317508697509766e+00 -4.597115516662597656e-01 7.101582336425781250e+01
-4.593721389770507812e+00 -7.729958295822143555e-01 7.089350128173828125e+01
-2.984983921051025391e+00 2.964925289154052734e+00 6.989989471435546875e+01
-4.613528251647949219e+00 -4.597122073173522949e-01 7.110973358154296875e+01
-5.076509475708007812e+00 1.027456879615783691e+00 6.989995574951171875e+01
-4.312858581542968750e+00 -4.597120285034179688e-01 7.098918151855468750e+01
-4.816960334777832031e+00 -4.597151279449462891e-01 7.100722503662109375e+01
-4.006532669067382812e+00 8.603172898292541504e-01 6.972335815429687500e+01
-4.460396766662597656e+00 -4.597136676311492920e-01 7.120839691162109375e+01
-6.282602310180664062e+00 1.454830646514892578e+00 6.990003204345703125e+01
-8.408518508076667786e-03 4.224363803863525391e+00 6.989994812011718750e+01
-4.780684471130371094e+00 -4.597129523754119873e-01 7.121794128417968750e+01
-4.723744392395019531e+00 4.003297090530395508e-01 6.961428833007812500e+01
-4.224429130554199219e+00 -4.597186446189880371e-01 7.118038177490234375e+01
-5.016264915466308594e+00 -4.597135782241821289e-01 7.091896057128906250e+01
-3.474499702453613281e+00 4.003006517887115479e-01 6.982260131835937500e+01
-4.580756664276123047e+00 -4.597157239913940430e-01 7.141072082519531250e+01
-5.644918918609619141e+00 4.003000855445861816e-01 6.959644317626953125e+01
-3.994192123413085938e+00 -4.597170650959014893e-01 7.097571563720703125e+01
-5.048543453216552734e+00 -4.597209692001342773e-01 7.124187469482421875e+01
-4.174679279327392578e+00 2.447843700647354126e-01 6.919989776611328125e+01
-4.226274490356445312e+00 -4.597276747226715088e-01 7.147737121582031250e+01
-7.691351890563964844e+00 1.014231920242309570e+00 6.990007019042968750e+01
-1.662464261054992676e+00 8.603114485740661621e-01 6.956256103515625000e+01
-4.848023414611816406e+00 -4.752064943313598633e-01 7.159502410888671875e+01
-5.168668270111083984e+00 1.155580393970012665e-02 6.919976043701171875e+01
-3.778964757919311523e+00 -4.597214460372924805e-01 7.130895996093750000e+01
-5.459585189819335938e+00 -4.597108364105224609e-01 7.113785552978515625e+01
-3.464010000228881836e+00 -4.530319571495056152e-02 6.919990539550781250e+01
-4.437700748443603516e+00 -5.931972861289978027e-01 7.159494781494140625e+01
-6.745122432708740234e+00 1.187206134200096130e-01 6.920547485351562500e+01
7.513574123382568359e+00 3.133792400360107422e+00 6.989994049072265625e+01
-5.200022220611572266e+00 -5.696703195571899414e-01 7.159490966796875000e+01
-4.550255298614501953e+00 -4.596988856792449951e-01 6.948888397216796875e+01
-3.926738023757934570e+00 -6.148391962051391602e-01 7.159489440917968750e+01
-1.534660339355468750e+01 1.728493690490722656e+00 6.990000915527343750e+01
-3.101958274841308594e+00 -4.631752073764801025e-01 6.979553985595703125e+01
-4.683573246002197266e+00 -7.215687036514282227e-01 7.159496307373046875e+01
-5.626972198486328125e+00 -5.095836520195007324e-01 6.919989776611328125e+01
-2.040469646453857422e+00 -4.597167968750000000e-01 7.158968353271484375e+01
-5.911352634429931641e+00 -6.580880284309387207e-01 7.159493255615234375e+01
-3.926810979843139648e+00 -6.569776535034179688e-01 6.919976806640625000e+01
-4.274202346801757812e+00 -7.912061810493469238e-01 7.159500122070312500e+01
-8.144776344299316406e+00 -5.782877802848815918e-01 6.919972229003906250e+01
9.571281075477600098e-01 -5.679022073745727539e-01 6.919986724853515625e+01
-4.964410305023193359e+00 -8.352890610694885254e-01 7.159490966796875000e+01
-4.922185897827148438e+00 -8.421452641487121582e-01 6.920001220703125000e+01
-3.941325664520263672e+00 -8.673393130302429199e-01 7.133741760253906250e+01
-4.557138919830322266e+00 -8.597089052200317383e-01 7.089997100830078125e+01
-3.705933094024658203e+00 -9.261192083358764648e-01 6.989994049072265625e+01
-4.557138919830322266e+00 -8.597089052200317383e-01 7.089997100830078125e+01
-5.542611122131347656e+00 -9.878740906715393066e-01 6.989997100830078125e+01
-4.557138919830322266e+00 -8.597089052200317383e-01 7.089997100830078125e+01
-4.557138919830322266e+00 -8.597089052200317383e-01 7.089997100830078125e+01
-4.304049491882324219e+00 -1.140464067459106445e+00 6.908595275878906250e+01
-4.557138919830322266e+00 -8.597089052200317383e-01 7.089997100830078125e+01
-8.902891159057617188e+00 -1.731746792793273926e+00 6.990002441406250000e+01
-1.218898534774780273e+00 -1.692524433135986328e+00 6.900865936279296875e+01
-4.557138919830322266e+00 -8.597089052200317383e-01 7.089997100830078125e+01
-5.013263225555419922e+00 -1.146562099456787109e+00 6.989995574951171875e+01
-4.557138919830322266e+00 -8.597089052200317383e-01 7.089997100830078125e+01
-4.557138919830322266e+00 -8.597089052200317383e-01 7.089997100830078125e+01
-4.025310516357421875e+00 -1.233157753944396973e+00 6.989994049072265625e+01
-4.557138919830322266e+00 -8.597089052200317383e-01 7.089997100830078125e+01
-6.095798015594482422e+00 -1.553256273269653320e+00 6.989998626708984375e+01
1.436099410057067871e+00 -3.307982206344604492e+00 6.990005493164062500e+01
-4.557138919830322266e+00 -8.597089052200317383e-01 7.089997100830078125e+01
-4.699362277984619141e+00 -1.692511200904846191e+00 6.907514953613281250e+01
-4.557138919830322266e+00 -8.597089052200317383e-01 7.089997100830078125e+01
-2.879784965515136719e+01 -1.323058319091796875e+01 7.066345977783203125e+01
-3.443881273269653320e+00 -1.666919350624084473e+00 6.989993286132812500e+01
-4.557138919830322266e+00 -8.597089052200317383e-01 7.089997100830078125e+01
-5.308444499969482422e+00 -1.611481547355651855e+00 6.989997100830078125e+01
-4.557138919830322266e+00 -8.597089052200317383e-01 7.089997100830078125e+01
-4.557138919830322266e+00 -8.597089052200317383e-01 7.089997100830078125e+01
-4.024138927459716797e+00 -2.254921913146972656e+00 6.899169921875000000e+01
-4.557138919830322266e+00 -8.597089052200317383e-01 7.089997100830078125e+01
-7.214532852172851562e+00 -3.080924510955810547e+00 6.990000152587890625e+01
-2.065866470336914062e+00 -3.074300765991210938e+00 6.989994812011718750e+01
-4.557138919830322266e+00 -8.597089052200317383e-01 7.089997100830078125e+01
-5.152731418609619141e+00 -2.747945308685302734e+00 6.893416595458984375e+01
-4.557138919830322266e+00 -8.597089052200317383e-01 7.089997100830078125e+01
-4.557138919830322266e+00 -8.597089052200317383e-01 7.089997100830078125e+01
-3.839401960372924805e+00 -2.203422069549560547e+00 6.989994812011718750e+01
-4.557138919830322266e+00 -8.597089052200317383e-01 7.089997100830078125e+01
-5.720425128936767578e+00 -2.757962226867675781e+00 6.989997863769531250e+01
5.774834632873535156e+00 -1.454650783538818359e+01 7.057365417480468750e+01
-4.557138919830322266e+00 -8.597089052200317383e-01 7.089997100830078125e+01
-4.442504405975341797e+00 -4.011899471282958984e+00 6.885376739501953125e+01
-4.557138919830322266e+00 -8.597089052200317383e-01 7.089997100830078125e+01
-1.147735595703125000e+01 -1.373565006256103516e+01 6.990003204345703125e+01
-3.089496374130249023e+00 -4.505111694335937500e+00 6.989993286132812500e+01
-4.557138919830322266e+00 -8.597089052200317383e-01 7.089997100830078125e+01
-5.117273330688476562e+00 -4.000316619873046875e+00 6.989997100830078125e+01
-4.557138919830322266e+00 -8.597089052200317383e-01 7.089997100830078125e+01
-4.557138919830322266e+00 -8.597089052200317383e-01 7.089997100830078125e+01
-4.557138919830322266e+00 -1.453766822814941406e+01 7.089997100830078125e+01
