1.767484664916992188e+01 -5.486834526062011719e+00 7.090003204345703125e+01
1.767484664916992188e+01 -6.060586929321289062e+00 7.090003204345703125e+01
1.776260757446289062e+01 -2.637192726135253906e+00 6.990003967285156250e+01
1.806967926025390625e+01 -4.282504081726074219e+00 7.141502380371093750e+01
1.202181053161621094e+01 7.339001655578613281e+00 6.990009307861328125e+01
1.924679374694824219e+01 -2.236459493637084961e+00 6.990008544921875000e+01
1.767484664916992188e+01 -6.060586929321289062e+00 7.090003204345703125e+01
1.715545463562011719e+01 -4.173341751098632812e+00 6.989997100830078125e+01
1.807486915588378906e+01 -5.405568122863769531e+00 7.104611968994140625e+01
1.767484664916992188e+01 -6.060586929321289062e+00 7.090003204345703125e+01
1.814282035827636719e+01 -4.598694801330566406e+00 6.990000152587890625e+01
1.789278411865234375e+01 -5.159492015838623047e+00 7.159484863281250000e+01
1.595166778564453125e+01 -3.749111413955688477e+00 6.990141296386718750e+01
2.222333335876464844e+01 -9.767868518829345703e-01 6.990006256103515625e+01
1.767484664916992188e+01 -6.060586929321289062e+00 7.090003204345703125e+01
1.754525184631347656e+01 -5.080458641052246094e+00 6.989995574951171875e+01
1.807487297058105469e+01 -5.579668521881103516e+00 7.123717498779296875e+01
1.124827384948730469e+01 -4.616904854774475098e-01 7.116579437255859375e+01
1.867979621887207031e+01 -4.890994548797607422e+00 6.989997100830078125e+01
1.767484664916992188e+01 -6.060586929321289062e+00 7.090003204345703125e+01
1.684027099609375000e+01 -5.093873023986816406e+00 6.989993286132812500e+01
1.807486343383789062e+01 -5.776361942291259766e+00 7.095385742187500000e+01
1.767484664916992188e+01 -6.060586929321289062e+00 7.090003204345703125e+01
1.789983558654785156e+01 -5.410847187042236328e+00 6.989993286132812500e+01
1.807302665710449219e+01 -5.579228401184082031e+00 7.159490966796875000e+01
1.454023075103759766e+01 -4.186405181884765625e+00 6.990000152587890625e+01
1.983936882019042969e+01 -4.774424076080322266e+00 6.989997100830078125e+01
1.767484664916992188e+01 -6.060586929321289062e+00 7.090003204345703125e+01
1.731512832641601562e+01 -5.548084259033203125e+00 6.989992523193359375e+01
1.807486724853515625e+01 -5.854973316192626953e+00 7.111026763916015625e+01
1.767484664916992188e+01 -6.060586929321289062e+00 7.090003204345703125e+01
1.831791305541992188e+01 -5.581487178802490234e+00 6.989991760253906250e+01
1.779427337646484375e+01 -5.794098854064941406e+00 7.159494781494140625e+01
1.638355827331542969e+01 -5.483144283294677734e+00 6.989998626708984375e+01
2.884261512756347656e+01 -2.365817546844482422e+00 6.997480773925781250e+01
1.767484664916992188e+01 -6.060586929321289062e+00 7.090003204345703125e+01
1.767972564697265625e+01 -5.777078151702880859e+00 6.989991760253906250e+01
1.807487487792968750e+01 -5.905201911926269531e+00 7.134100341796875000e+01
6.923499584197998047e+00 -3.481528043746948242e+00 6.990360260009765625e+01
1.899257469177246094e+01 -5.701508522033691406e+00 6.989992523193359375e+01
1.767484664916992188e+01 -6.060586929321289062e+00 7.090003204345703125e+01
1.704550552368164062e+01 -5.854622364044189453e+00 6.989994812011718750e+01
1.807486343383789062e+01 -5.997009277343750000e+00 7.100965881347656250e+01
1.767484664916992188e+01 -6.060586929321289062e+00 7.090003204345703125e+01
1.844361114501953125e+01 -5.813330650329589844e+00 6.882642364501953125e+01
1.795773506164550781e+01 -5.992095947265625000e+00 7.159494018554687500e+01
1.556478691101074219e+01 -5.895069599151611328e+00 6.990003204345703125e+01
1.768112754821777344e+01 -6.060254573822021484e+00 7.089809417724609375e+01
1.767484664916992188e+01 -6.060586929321289062e+00 7.090003204345703125e+01
1.746009254455566406e+01 -6.050254344940185547e+00 6.989995574951171875e+01
1.807487106323242188e+01 -6.065543651580810547e+00 7.118418884277343750e+01
1.767484664916992188e+01 -6.060586929321289062e+00 7.090003204345703125e+01
1.767577934265136719e+01 -6.060659885406494141e+00 7.089893341064453125e+01
1.770018959045410156e+01 -6.109879493713378906e+00 7.159496307373046875e+01
1.668933677673339844e+01 -6.188756942749023438e+00 6.989999389648437500e+01
1.807486343383789062e+01 -6.105368614196777344e+00 7.092048645019531250e+01
1.767484664916992188e+01 -6.060586929321289062e+00 7.090003204345703125e+01
1.767495155334472656e+01 -6.060704231262207031e+00 7.089927673339843750e+01
1.807487869262695312e+01 -6.183537960052490234e+00 7.148100280761718750e+01
1.332888317108154297e+01 -6.932667255401611328e+00 6.990003967285156250e+01
1.767854499816894531e+01 -6.061509609222412109e+00 7.089793395996093750e+01
1.767484664916992188e+01 -6.060586929321289062e+00 7.090003204345703125e+01
1.721874237060546875e+01 -6.347427845001220703e+00 6.990006256103515625e+01
1.807457923889160156e+01 -6.183676242828369141e+00 7.106961822509765625e+01
1.767484664916992188e+01 -6.060586929321289062e+00 7.090003204345703125e+01
1.767574119567871094e+01 -6.061215400695800781e+00 7.089834594726562500e+01
1.785438156127929688e+01 -6.314316272735595703e+00 7.159486389160156250e+01
1.613613700866699219e+01 -6.754157543182373047e+00 6.990000915527343750e+01
1.768097114562988281e+01 -6.063088893890380859e+00 7.089900970458984375e+01
1.767484664916992188e+01 -6.060586929321289062e+00 7.090003204345703125e+01
1.759690666198730469e+01 -6.516968250274658203e+00 6.990001678466796875e+01
1.807487487792968750e+01 -6.324557781219482422e+00 7.127373504638671875e+01
1.065780997276306152e+00 -1.453676891326904297e+01 7.073797607421875000e+01
1.767719650268554688e+01 -6.062291145324707031e+00 7.089791870117187500e+01
1.767484664916992188e+01 -6.060586929321289062e+00 7.090003204345703125e+01
1.692354202270507812e+01 -6.812359333038330078e+00 6.990003204345703125e+01
1.807486915588378906e+01 -6.318527698516845703e+00 7.097482299804687500e+01
1.767484664916992188e+01 -6.060586929321289062e+00 7.090003204345703125e+01
1.767541885375976562e+01 -6.062086105346679688e+00 7.089797973632812500e+01
1.802716445922851562e+01 -6.638778209686279297e+00 7.159488677978515625e+01
1.501743698120117188e+01 -8.281815528869628906e+00 6.990006256103515625e+01
1.767821121215820312e+01 -6.063577651977539062e+00 7.089868164062500000e+01
1.767484664916992188e+01 -6.060586929321289062e+00 7.090003204345703125e+01
1.737186050415039062e+01 -7.021156787872314453e+00 6.990000152587890625e+01
1.807487106323242188e+01 -6.512526512145996094e+00 7.113710021972656250e+01
1.767484664916992188e+01 -6.060586929321289062e+00 7.090003204345703125e+01
1.767625427246093750e+01 -6.063223361968994141e+00 7.089807128906250000e+01
1.775798988342285156e+01 -6.872647762298583984e+00 7.159476470947265625e+01
1.651147842407226562e+01 -7.958975315093994141e+00 6.989997100830078125e+01
1.767760276794433594e+01 -6.064238548278808594e+00 7.089994812011718750e+01
1.767316818237304688e+01 -6.063925743103027344e+00 7.090167236328125000e+01
1.767495536804199219e+01 -6.063591957092285156e+00 7.089807891845703125e+01
1.807489585876464844e+01 -7.118686676025390625e+00 7.138904571533203125e+01
1.311957645416259766e+01 -1.453624534606933594e+01 7.024181365966796875e+01
1.767634201049804688e+01 -6.064299583435058594e+00 7.089901733398437500e+01
1.767421531677246094e+01 -6.067013740539550781e+00 7.090270996093750000e+01
1.729626274108886719e+01 -8.183259963989257812e+00 7.022415161132812500e+01
1.807487487792968750e+01 -7.497081756591796875e+00 7.103196716308593750e+01
1.767402648925781250e+01 -6.064989089965820312e+00 7.090039825439453125e+01
1.767484664916992188e+01 -6.064960002899169922e+00 7.090003204345703125e+01
