-1.384149456024169922e+01 -3.145523667335510254e-01 7.090002441406250000e+01
-1.396190452575683594e+01 4.003153443336486816e-01 7.101033020019531250e+01
-1.384147644042968750e+01 -3.990039527416229248e-01 7.089981842041015625e+01
-1.366384029388427734e+01 4.003292024135589600e-01 7.113174438476562500e+01
-1.384184646606445312e+01 -3.988830149173736572e-01 7.089996337890625000e+01
-1.384121322631835938e+01 -3.990320563316345215e-01 7.089984893798828125e+01
-1.395427703857421875e+01 4.003047645092010498e-01 7.131957244873046875e+01
-1.384166526794433594e+01 -3.990969657897949219e-01 7.089969635009765625e+01
-1.335290241241455078e+01 4.003292024135589600e-01 7.107846069335937500e+01
-1.436116027832031250e+01 4.003070890903472900e-01 7.111453247070312500e+01
-1.384132957458496094e+01 -3.992017209529876709e-01 7.089967346191406250e+01
-1.364800071716308594e+01 4.003147184848785400e-01 7.151691436767578125e+01
-1.384202575683593750e+01 -3.990038335323333740e-01 7.089971923828125000e+01
-1.384090995788574219e+01 -3.990621268749237061e-01 7.089989471435546875e+01
-1.428859424591064453e+01 4.002910554409027100e-01 7.153598022460937500e+01
-1.384154415130615234e+01 -3.993411064147949219e-01 7.089964294433593750e+01
-1.317603492736816406e+01 4.003120064735412598e-01 7.146087646484375000e+01
-1.475977420806884766e+01 4.002987742424011230e-01 7.093799591064453125e+01
-1.384112453460693359e+01 -3.992849886417388916e-01 7.089965820312500000e+01
-1.387362384796142578e+01 1.444279551506042480e-01 7.159484100341796875e+01
-1.384180736541748047e+01 -3.993536233901977539e-01 7.089965057373046875e+01
-1.271554565429687500e+01 4.003073275089263916e-01 7.105152130126953125e+01
-1.482435989379882812e+01 4.003059566020965576e-01 7.158387756347656250e+01
-1.384141445159912109e+01 -3.994846940040588379e-01 7.089966583251953125e+01
-1.344333648681640625e+01 8.161615580320358276e-02 7.159486389160156250e+01
-1.384265232086181641e+01 -3.990237414836883545e-01 7.089965820312500000e+01
-1.384075641632080078e+01 -3.992774784564971924e-01 7.089968109130859375e+01
-1.413226890563964844e+01 -1.535924710333347321e-02 7.159481811523437500e+01
-1.384159660339355469e+01 -3.995703756809234619e-01 7.089974212646484375e+01
-1.251927947998046875e+01 2.799127697944641113e-01 7.159494018554687500e+01
-1.564643478393554688e+01 4.003011882305145264e-01 7.137580108642578125e+01
-1.384127998352050781e+01 -3.995564877986907959e-01 7.089968872070312500e+01
-1.372208595275878906e+01 -1.332705169916152954e-01 7.159482574462890625e+01
-1.384180259704589844e+01 -3.995781838893890381e-01 7.089978790283203125e+01
-1.383999252319335938e+01 -3.992190659046173096e-01 7.089990234375000000e+01
-1.448432159423828125e+01 -1.097030192613601685e-01 7.159490203857421875e+01
-1.384149360656738281e+01 -3.996595740318298340e-01 7.089982604980468750e+01
-1.321116065979003906e+01 -1.548722386360168457e-01 7.159487915039062500e+01
-1.384540939331054688e+01 -3.987769186496734619e-01 7.089965820312500000e+01
-1.384105682373046875e+01 -3.995968103408813477e-01 7.089968872070312500e+01
-1.396788406372070312e+01 -2.616250216960906982e-01 7.159477233886718750e+01
-1.384154033660888672e+01 -3.997009992599487305e-01 7.089994812011718750e+01
-1.130572986602783203e+01 3.311013337224721909e-03 7.159497070312500000e+01
-1.519546508789062500e+01 -1.981314569711685181e-01 7.159485626220703125e+01
-1.384144496917724609e+01 -3.997000455856323242e-01 7.089988708496093750e+01
-1.355864715576171875e+01 -3.312349319458007812e-01 7.159483337402343750e+01
-1.742887687683105469e+01 -1.183148920536041260e-01 6.919989776611328125e+01
-1.384031581878662109e+01 -3.996536433696746826e-01 7.089965820312500000e+01
-1.424869823455810547e+01 -3.753002285957336426e-01 7.159484863281250000e+01
-1.420641231536865234e+01 -3.821586072444915771e-01 6.920066833496093750e+01
-1.180736541748046875e+01 -4.249204397201538086e-01 7.234497070312500000e+01
-1.564407920837402344e+01 -4.547877013683319092e-01 7.112467956542968750e+01
-1.299063301086425781e+01 -4.660994410514831543e-01 6.990039825439453125e+01
-1.378880023956298828e+01 -5.022107362747192383e-01 7.234500122070312500e+01
-1.482698726654052734e+01 -5.278838872909545898e-01 6.990000152587890625e+01
-1.384149456024169922e+01 -3.997160494327545166e-01 7.090002441406250000e+01
-1.419070625305175781e+01 -4.597193598747253418e-01 7.118856048583984375e+01
-1.370197963714599609e+01 -5.544819235801696777e-01 6.990004730224609375e+01
-1.364627170562744141e+01 -4.597182869911193848e-01 7.118354797363281250e+01
-1.818741035461425781e+01 -1.271786689758300781e+00 6.990003967285156250e+01
-1.207662105560302734e+01 -8.400120735168457031e-01 6.990011596679687500e+01
-1.391901016235351562e+01 -4.597179889678955078e-01 7.113896942138671875e+01
-1.429761219024658203e+01 -6.865653395652770996e-01 6.990002441406250000e+01
-1.365469264984130859e+01 -4.572378396987915039e-01 7.097927856445312500e+01
-1.402611541748046875e+01 -4.597210586071014404e-01 7.096541595458984375e+01
-1.330970382690429688e+01 -7.731387615203857422e-01 6.990007019042968750e+01
-1.379903793334960938e+01 -4.597180783748626709e-01 7.106433868408203125e+01
-1.538022327423095703e+01 -1.093294739723205566e+00 6.989999389648437500e+01
-7.847691535949707031e+00 -2.848219871520996094e+00 6.990000915527343750e+01
-1.392775630950927734e+01 -4.597197175025939941e-01 7.101029205322265625e+01
-1.391943073272705078e+01 -8.560807108879089355e-01 6.990004730224609375e+01
-1.375056457519531250e+01 -4.597187340259552002e-01 7.098497009277343750e+01
-1.395903205871582031e+01 -4.596996605396270752e-01 7.089888000488281250e+01
-1.272835826873779297e+01 -1.206838607788085938e+00 6.990010070800781250e+01
-1.385172748565673828e+01 -4.597192406654357910e-01 7.100486755371093750e+01
-1.459279918670654297e+01 -1.151488304138183594e+00 6.990002441406250000e+01
-1.374843978881835938e+01 -4.597195982933044434e-01 7.091741943359375000e+01
-1.391773605346679688e+01 -4.597204625606536865e-01 7.094748687744140625e+01
-1.356219577789306641e+01 -1.130826473236083984e+00 6.990006256103515625e+01
-1.380493164062500000e+01 -4.597193002700805664e-01 7.097213745117187500e+01
-1.649897575378417969e+01 -2.621005535125732422e+00 6.990002441406250000e+01
-1.135041522979736328e+01 -2.614135980606079102e+00 6.990007781982421875e+01
-1.387131977081298828e+01 -4.597199261188507080e-01 7.096217346191406250e+01
-1.414446449279785156e+01 -1.360238075256347656e+00 6.990004730224609375e+01
-1.378838348388671875e+01 -4.597197175025939941e-01 7.093149566650390625e+01
-1.389856243133544922e+01 -4.597207903861999512e-01 7.091198730468750000e+01
-1.312382507324218750e+01 -1.743303298950195312e+00 6.990009307861328125e+01
-1.383535099029541016e+01 -4.597198069095611572e-01 7.095136260986328125e+01
-1.500194168090820312e+01 -2.293336629867553711e+00 6.990247344970703125e+01
-1.379622364044189453e+01 -4.596860706806182861e-01 7.089859771728515625e+01
-1.387167263031005859e+01 -4.597203731536865234e-01 7.092947387695312500e+01
-1.378547382354736328e+01 -1.940150022506713867e+00 6.990007019042968750e+01
-1.381880855560302734e+01 -4.597199857234954834e-01 7.092775726318359375e+01
-1.387355136871337891e+01 -4.593613743782043457e-01 7.089539337158203125e+01
-1.237393283843994141e+01 -4.044919013977050781e+00 6.990003967285156250e+01
-1.384738159179687500e+01 -4.597202539443969727e-01 7.092504882812500000e+01
-1.440159606933593750e+01 -3.540138244628906250e+00 6.990008544921875000e+01
-1.382492446899414062e+01 -4.592184424400329590e-01 7.090548706054687500e+01
-1.385258483886718750e+01 -4.593019783496856689e-01 7.090501403808593750e+01
-1.384149456024169922e+01 -4.597205221652984619e-01 7.090002441406250000e+01
