-1.792586326599121094e+01 -4.638558030128479004e-01 7.089994812011718750e+01
-1.802683448791503906e+01 -3.997077047824859619e-01 7.099244689941406250e+01
-1.783810997009277344e+01 2.352521657943725586e+00 6.990003967285156250e+01
-1.779021835327148438e+01 -4.597142040729522705e-01 7.107687377929687500e+01
-2.454820251464843750e+01 1.462658405303955078e+01 6.972854614257812500e+01
-1.635408210754394531e+01 2.753145694732666016e+00 6.990010833740234375e+01
-1.802043724060058594e+01 -3.997170031070709229e-01 7.125176239013671875e+01
-1.844516754150390625e+01 8.163446187973022461e-01 6.990006256103515625e+01
-1.755280113220214844e+01 -4.597064852714538574e-01 7.103618621826171875e+01
-1.836163139343261719e+01 -3.997144401073455811e-01 7.107982635498046875e+01
-1.745793151855468750e+01 3.911830186843872070e-01 6.990000915527343750e+01
-1.777812194824218750e+01 -4.597150683403015137e-01 7.137097167968750000e+01
-1.965112495422363281e+01 1.243691086769104004e+00 6.990012359619140625e+01
-1.337757968902587891e+01 4.012996196746826172e+00 6.990002441406250000e+01
-1.830078315734863281e+01 -3.997235596179962158e-01 7.143323516845703125e+01
-1.805543899536132812e+01 -9.058929979801177979e-02 6.990001678466796875e+01
-1.741774749755859375e+01 -4.597099125385284424e-01 7.132818603515625000e+01
-1.869590568542480469e+01 -3.997088074684143066e-01 7.093179321289062500e+01
-1.692099952697753906e+01 9.891562163829803467e-02 6.989997100830078125e+01
-1.799268341064453125e+01 6.110157817602157593e-02 7.234499359130859375e+01
-1.876027679443359375e+01 -1.040511876344680786e-01 6.990003967285156250e+01
-1.706612205505371094e+01 -4.597027599811553955e-01 7.101562500000000000e+01
-1.875002670288085938e+01 -3.997336030006408691e-01 7.147338104248046875e+01
-1.770091056823730469e+01 -4.209422469139099121e-01 6.990000915527343750e+01
-1.752765464782714844e+01 -5.891841053962707520e-01 7.159487152099609375e+01
-2.105983161926269531e+01 8.032175898551940918e-01 6.990012359619140625e+01
-1.576150131225585938e+01 2.154900878667831421e-01 6.989995574951171875e+01
-1.853061866760253906e+01 -2.711893916130065918e-01 7.234497833251953125e+01
-1.828551101684570312e+01 -5.581755042076110840e-01 6.990003204345703125e+01
-1.752582168579101562e+01 -8.649525046348571777e-01 7.111019897460937500e+01
-1.943945503234863281e+01 -3.996970951557159424e-01 7.129892730712890625e+01
-1.728290176391601562e+01 -5.915564298629760742e-01 6.989999389648437500e+01
-1.780641937255859375e+01 -8.040525317192077637e-01 7.159495544433593750e+01
-1.921693420410156250e+01 -4.932318329811096191e-01 6.990007019042968750e+01
-1.790930938720703125e+01 -1.065100669860839844e+00 7.089857482910156250e+01
-1.926263809204101562e+01 -4.674880802631378174e-01 7.234496307373046875e+01
-1.792098617553710938e+01 -7.871220111846923828e-01 6.990002441406250000e+01
-1.752582931518554688e+01 -9.151903986930847168e-01 7.134092712402343750e+01
-2.878721046447753906e+01 1.534868478775024414e+00 6.989331817626953125e+01
-1.792451858520507812e+01 -1.070210695266723633e+00 7.089892578125000000e+01
-1.818873977661132812e+01 -7.833630442619323730e-01 7.234494781494140625e+01
-1.855508613586425781e+01 -8.646509647369384766e-01 6.990004730224609375e+01
-1.752582168579101562e+01 -1.006995797157287598e+00 7.100958251953125000e+01
-2.074160766601562500e+01 -6.513577699661254883e-01 7.234494018554687500e+01
-1.792576789855957031e+01 -1.070546865463256836e+00 7.089969635009765625e+01
-1.764296340942382812e+01 -1.002083182334899902e+00 7.159488677978515625e+01
-2.003559875488281250e+01 -9.050856232643127441e-01 6.990010833740234375e+01
-1.792026519775390625e+01 -1.070281028747558594e+00 7.089822387695312500e+01
-1.877270698547363281e+01 -1.019800782203674316e+00 7.234494018554687500e+01
-1.814058303833007812e+01 -1.060246348381042480e+00 6.990003967285156250e+01
-1.752582931518554688e+01 -1.075533986091613770e+00 7.118411254882812500e+01
-2.879266166687011719e+01 -1.402574181556701660e+00 7.225425720214843750e+01
-1.792468643188476562e+01 -1.070669054985046387e+00 7.089856719970703125e+01
-1.790051841735839844e+01 -1.119873881340026855e+00 7.159493255615234375e+01
-1.891121673583984375e+01 -1.198727130889892578e+00 6.990007019042968750e+01
-1.792586326599121094e+01 -1.070577263832092285e+00 7.089994812011718750e+01
-1.967469215393066406e+01 -1.371070384979248047e+00 7.234491729736328125e+01
-1.792576408386230469e+01 -1.070686697959899902e+00 7.089923858642578125e+01
-1.752583122253417969e+01 -1.193528532981872559e+00 7.148091888427734375e+01
-2.227154159545898438e+01 -1.942600488662719727e+00 6.990001678466796875e+01
-1.792271995544433594e+01 -1.071361660957336426e+00 7.089817047119140625e+01
-1.839463615417480469e+01 -1.433436274528503418e+00 7.234494781494140625e+01
-1.838193702697753906e+01 -1.357398271560668945e+00 6.990004730224609375e+01
-1.752582931518554688e+01 -1.193759679794311523e+00 7.106966400146484375e+01
-2.200561141967773438e+01 -2.396563529968261719e+00 7.234490966796875000e+01
-1.792502403259277344e+01 -1.071166753768920898e+00 7.089836883544921875e+01
-1.774629402160644531e+01 -1.324353218078613281e+00 7.159490966796875000e+01
-1.946430778503417969e+01 -1.764027476310729980e+00 6.990010070800781250e+01
-1.792166900634765625e+01 -1.072290897369384766e+00 7.089924621582031250e+01
-1.905626296997070312e+01 -1.856886506080627441e+00 7.234494018554687500e+01
-1.800379371643066406e+01 -1.526910543441772461e+00 6.990003967285156250e+01
-1.752582931518554688e+01 -1.334552168846130371e+00 7.127365875244140625e+01
-2.882960891723632812e+01 -6.635136604309082031e+00 7.079356384277343750e+01
-1.792388534545898438e+01 -1.072011590003967285e+00 7.089817047119140625e+01
-1.806690025329589844e+01 -1.897586703300476074e+00 7.234496307373046875e+01
-1.867707633972167969e+01 -1.822257161140441895e+00 6.990007019042968750e+01
-1.752582931518554688e+01 -1.328525900840759277e+00 7.097473907470703125e+01
-2.024717903137207031e+01 -2.897530078887939453e+00 7.234496307373046875e+01
-1.792537117004394531e+01 -1.071864724159240723e+00 7.089818572998046875e+01
-1.757348632812500000e+01 -1.648864865303039551e+00 7.159492492675781250e+01
-2.058278846740722656e+01 -3.291401624679565430e+00 6.990015411376953125e+01
-1.792323875427246094e+01 -1.072911143302917480e+00 7.089889526367187500e+01
-1.861932945251464844e+01 -2.465750932693481445e+00 7.234495544433593750e+01
-1.822880744934082031e+01 -2.031014919281005859e+00 6.990005493164062500e+01
-1.752583122253417969e+01 -1.522527217864990234e+00 7.113701629638671875e+01
-2.481843757629394531e+01 -8.317873954772949219e+00 7.234490966796875000e+01
-1.792466545104980469e+01 -1.072818160057067871e+00 7.089827728271484375e+01
-1.784269523620605469e+01 -1.882874608039855957e+00 7.159488677978515625e+01
-1.908897209167480469e+01 -2.968541860580444336e+00 6.990010833740234375e+01
-1.792364692687988281e+01 -1.073512077331542969e+00 7.089987945556640625e+01
-1.940663909912109375e+01 -4.014894008636474609e+00 7.234503936767578125e+01
-1.792576599121093750e+01 -1.073235988616943359e+00 7.089822387695312500e+01
-1.752718734741210938e+01 -2.125043869018554688e+00 7.138728332519531250e+01
-2.478928947448730469e+01 -1.384085178375244141e+01 6.990821838378906250e+01
-1.792458152770996094e+01 -1.073761343955993652e+00 7.089907836914062500e+01
-1.826580047607421875e+01 -4.535578250885009766e+00 7.234501647949218750e+01
-1.848591804504394531e+01 -4.210734844207763672e+00 6.990009307861328125e+01
-1.753517150878906250e+01 -2.473546028137207031e+00 7.102880096435546875e+01
-2.042837715148925781e+01 -1.451637363433837891e+01 7.202667999267578125e+01
-1.792586326599121094e+01 -2.292328357696533203e+00 7.089994812011718750e+01
