-2.236664390563964844e+01 2.067729473114013672e+00 7.090007781982421875e+01
-2.256709671020507812e+01 3.207187175750732422e+00 7.108370971679687500e+01
-2.227888298034667969e+01 5.298721313476562500e+00 6.990008544921875000e+01
-2.216106224060058594e+01 2.801148414611816406e+00 7.116822052001953125e+01
-2.781730270385742188e+01 1.479521751403808594e+01 6.993593597412109375e+01
-2.079459762573242188e+01 5.699699878692626953e+00 6.990007019042968750e+01
-2.255093765258789062e+01 3.182617902755737305e+00 7.158563995361328125e+01
-2.288340568542480469e+01 3.753017425537109375e+00 6.990508270263671875e+01
-2.193766212463378906e+01 2.577767610549926758e+00 7.105673980712890625e+01
-2.404995346069335938e+01 4.466776847839355469e+00 7.159492492675781250e+01
-2.189870452880859375e+01 3.337114572525024414e+00 6.990011596679687500e+01
-2.214875793457031250e+01 2.776216506958007812e+00 7.159473419189453125e+01
-2.409233283996582031e+01 4.190172672271728516e+00 6.990000915527343750e+01
-1.781747245788574219e+01 6.959896087646484375e+00 6.989995574951171875e+01
-2.285509300231933594e+01 2.749324083328247070e+00 7.159484863281250000e+01
-2.249622917175292969e+01 2.855380296707153320e+00 6.990008544921875000e+01
-2.185287284851074219e+01 2.492995023727416992e+00 7.133308410644531250e+01
-2.236664390563964844e+01 1.875330686569213867e+00 7.090007781982421875e+01
-2.136180496215820312e+01 3.044794559478759766e+00 6.990013122558593750e+01
-2.239877700805664062e+01 2.419534206390380859e+00 7.159497070312500000e+01
-2.320115280151367188e+01 2.841968059539794922e+00 6.990005493164062500e+01
-2.170519065856933594e+01 2.345314025878906250e+00 7.098907470703125000e+01
-2.236664390563964844e+01 1.875330686569213867e+00 7.090007781982421875e+01
-2.214167785644531250e+01 2.525005578994750977e+00 6.990007781982421875e+01
-2.196845245361328125e+01 2.356702566146850586e+00 7.159497070312500000e+01
-2.547939300537109375e+01 3.736437797546386719e+00 6.990702819824218750e+01
-2.020241355895996094e+01 3.161319494247436523e+00 6.990014648437500000e+01
-2.265743637084960938e+01 2.259711980819702148e+00 7.159490966796875000e+01
-2.272633171081542969e+01 2.387790203094482422e+00 6.990005493164062500e+01
-2.161932563781738281e+01 2.259457826614379883e+00 7.129284667968750000e+01
-2.236664390563964844e+01 1.875330686569213867e+00 7.090007781982421875e+01
-2.172367477416992188e+01 2.354357719421386719e+00 6.990010833740234375e+01
-2.224723625183105469e+01 2.141776323318481445e+00 7.159487915039062500e+01
-2.365797424316406250e+01 2.452791690826416016e+00 6.990000152587890625e+01
-1.029497718811035156e+01 5.869147777557373047e+00 6.989996337890625000e+01
-2.370317077636718750e+01 2.478308677673339844e+00 7.234482574462890625e+01
-2.236176490783691406e+01 2.158810615539550781e+00 6.990007019042968750e+01
-2.173637962341308594e+01 2.120147705078125000e+00 7.159485626220703125e+01
-2.882679367065429688e+01 3.425006628036499023e+00 7.030135345458984375e+01
-2.104917335510253906e+01 2.234338521957397461e+00 6.990016174316406250e+01
-2.249303627014160156e+01 2.013425827026367188e+00 7.159484863281250000e+01
-2.299596023559570312e+01 2.081287860870361328e+00 6.990003204345703125e+01
-2.139037322998046875e+01 2.030496358871459961e+00 7.116763305664062500e+01
-2.518189239501953125e+01 2.294476270675659180e+00 7.234481811523437500e+01
-2.199591445922851562e+01 1.994567990303039551e+00 6.990010070800781250e+01
-2.208382606506347656e+01 1.943804502487182617e+00 7.159481048583984375e+01
-2.447694396972656250e+01 2.040866613388061523e+00 6.989997100830078125e+01
-1.912325477600097656e+01 2.046966075897216797e+00 6.990010833740234375e+01
-2.321333694458007812e+01 1.926098108291625977e+00 7.234481048583984375e+01
-2.258138656616210938e+01 1.885662674903869629e+00 6.990005493164062500e+01
-2.138864517211914062e+01 1.863212585449218750e+00 7.159480285644531250e+01
-2.236664390563964844e+01 1.875330686569213867e+00 7.090007781982421875e+01
-2.151551246643066406e+01 1.808926105499267578e+00 6.990013122558593750e+01
-2.235257339477539062e+01 1.847961068153381348e+00 7.128593444824218750e+01
-2.335218238830566406e+01 1.747156739234924316e+00 6.990000915527343750e+01
-2.236664390563964844e+01 1.875330686569213867e+00 7.090007781982421875e+01
-2.236664390563964844e+01 1.875330686569213867e+00 7.090007781982421875e+01
-2.222712516784667969e+01 1.720560789108276367e+00 6.990007781982421875e+01
-2.188829612731933594e+01 1.728309273719787598e+00 7.159478759765625000e+01
-2.671305274963378906e+01 1.003160953521728516e+00 6.989997863769531250e+01
-2.060176467895507812e+01 1.435033321380615234e+00 6.990016937255859375e+01
-2.236664390563964844e+01 1.875330686569213867e+00 7.090007781982421875e+01
-2.282278633117675781e+01 1.588465452194213867e+00 6.990002441406250000e+01
-2.073181152343750000e+01 1.371917605400085449e+00 7.159365844726562500e+01
-2.236664390563964844e+01 1.875330686569213867e+00 7.090007781982421875e+01
-2.183483886718750000e+01 1.501898646354675293e+00 6.990009307861328125e+01
-2.236664390563964844e+01 1.875330686569213867e+00 7.090007781982421875e+01
-2.390544700622558594e+01 1.181718468666076660e+00 6.989999389648437500e+01
-1.637221336364746094e+01 -5.734295248985290527e-01 6.989996337890625000e+01
-2.236664390563964844e+01 1.875330686569213867e+00 7.090007781982421875e+01
-2.244458389282226562e+01 1.418942332267761230e+00 6.990004730224609375e+01
-2.162294387817382812e+01 1.384577035903930664e+00 7.159483337402343750e+01
-2.882904624938964844e+01 -1.422657608985900879e+00 7.083702850341796875e+01
-2.125347518920898438e+01 1.068184494972229004e+00 6.990012359619140625e+01
-2.236664390563964844e+01 1.875330686569213867e+00 7.090007781982421875e+01
-2.311801719665527344e+01 1.123490452766418457e+00 6.989998626708984375e+01
-1.884060668945312500e+01 -3.983160257339477539e-01 7.155932617187500000e+01
-2.236664390563964844e+01 1.875330686569213867e+00 7.090007781982421875e+01
-2.208732986450195312e+01 1.144179940223693848e+00 6.990006256103515625e+01
-2.236664390563964844e+01 1.875330686569213867e+00 7.090007781982421875e+01
-2.502436637878417969e+01 -3.461599946022033691e-01 6.989998626708984375e+01
-1.987546539306640625e+01 -3.391773700714111328e-01 6.990009307861328125e+01
-2.236664390563964844e+01 1.875330686569213867e+00 7.090007781982421875e+01
-2.266964149475097656e+01 9.147223830223083496e-01 6.990000915527343750e+01
-2.236664390563964844e+01 1.875330686569213867e+00 7.090007781982421875e+01
-2.236664390563964844e+01 1.875330686569213867e+00 7.090007781982421875e+01
-2.164892005920410156e+01 5.316422581672668457e-01 6.990007019042968750e+01
-2.236664390563964844e+01 1.875330686569213867e+00 7.090007781982421875e+01
-2.353009223937988281e+01 -2.318840660154819489e-02 6.989994812011718750e+01
-9.925404548645019531e+00 -1.460561943054199219e+01 7.050714111328125000e+01
-2.236664390563964844e+01 1.875330686569213867e+00 7.090007781982421875e+01
-2.231061744689941406e+01 3.347256779670715332e-01 6.990000915527343750e+01
-2.236664390563964844e+01 1.875330686569213867e+00 7.090007781982421875e+01
-2.877039146423339844e+01 -1.003965282440185547e+01 6.997476959228515625e+01
-2.089913368225097656e+01 -1.769742608070373535e+00 6.990013122558593750e+01
-2.236664390563964844e+01 1.875330686569213867e+00 7.090007781982421875e+01
-2.292307853698730469e+01 -1.244537353515625000e+00 6.990667724609375000e+01
-2.236664390563964844e+01 1.875330686569213867e+00 7.090007781982421875e+01
-2.236664390563964844e+01 1.875330686569213867e+00 7.090007781982421875e+01
-2.236664390563964844e+01 -1.460864162445068359e+01 7.090007781982421875e+01
