1.807485389709472656e+01 -7.499855518341064453e+00 7.090001678466796875e+01
1.767486953735351562e+01 -5.089115142822265625e+00 7.126643371582031250e+01
1.816261482238769531e+01 -4.323315620422363281e+00 6.990002441406250000e+01
1.807485389709472656e+01 -7.746703147888183594e+00 7.090001678466796875e+01
1.245232391357421875e+01 5.580576419830322266e+00 6.990547180175781250e+01
1.964686203002929688e+01 -3.922426700592041016e+00 6.990003204345703125e+01
1.788806343078613281e+01 -6.421705245971679688e+00 7.159487152099609375e+01
1.755544281005859375e+01 -5.859389781951904297e+00 6.989992523193359375e+01
1.807485389709472656e+01 -7.746703147888183594e+00 7.090001678466796875e+01
1.767487335205078125e+01 -7.130936622619628906e+00 7.106512451171875000e+01
1.854281044006347656e+01 -6.284866809844970703e+00 6.990002441406250000e+01
1.807485389709472656e+01 -7.746703147888183594e+00 7.090001678466796875e+01
1.634923553466796875e+01 -5.431955814361572266e+00 6.989998626708984375e+01
2.262307739257812500e+01 -2.663197517395019531e+00 6.990010070800781250e+01
1.767485237121582031e+01 -7.030968666076660156e+00 7.146897888183593750e+01
1.807485389709472656e+01 -7.746703147888183594e+00 7.090001678466796875e+01
1.807485389709472656e+01 -7.746703147888183594e+00 7.090001678466796875e+01
1.807485389709472656e+01 -7.746703147888183594e+00 7.090001678466796875e+01
1.907966804504394531e+01 -6.577269554138183594e+00 6.990009307861328125e+01
1.804272270202636719e+01 -7.202533721923828125e+00 7.159487152099609375e+01
1.724040031433105469e+01 -6.780128955841064453e+00 6.990006256103515625e+01
1.807485389709472656e+01 -7.746703147888183594e+00 7.090001678466796875e+01
1.767487525939941406e+01 -7.421132564544677734e+00 7.117831420898437500e+01
1.854181861877441406e+01 -6.398170948028564453e+00 6.882431030273437500e+01
1.807485389709472656e+01 -7.746703147888183594e+00 7.090001678466796875e+01
1.494044685363769531e+01 -5.872646331787109375e+00 6.990005493164062500e+01
2.023913955688476562e+01 -6.460680961608886719e+00 6.990006256103515625e+01
1.778408813476562500e+01 -7.362358570098876953e+00 7.159478759765625000e+01
1.807485389709472656e+01 -7.746703147888183594e+00 7.090001678466796875e+01
1.807485389709472656e+01 -7.746703147888183594e+00 7.090001678466796875e+01
1.767486381530761719e+01 -7.569412231445312500e+00 7.100545501708984375e+01
1.871791458129882812e+01 -7.267608165740966797e+00 6.989990997314453125e+01
1.807485389709472656e+01 -7.746703147888183594e+00 7.090001678466796875e+01
1.678365516662597656e+01 -7.169301033020019531e+00 6.990003967285156250e+01
2.875490570068359375e+01 -4.213291168212890625e+00 7.001519775390625000e+01
1.767919540405273438e+01 -7.568200588226318359e+00 7.132771301269531250e+01
1.807973289489746094e+01 -7.463220596313476562e+00 6.989999389648437500e+01
1.807485389709472656e+01 -7.746703147888183594e+00 7.090001678466796875e+01
7.285793781280517578e+00 -5.158597469329833984e+00 6.990008544921875000e+01
1.939244270324707031e+01 -7.387662887573242188e+00 6.990001678466796875e+01
1.794844055175781250e+01 -7.608586311340332031e+00 7.159489440917968750e+01
1.744557571411132812e+01 -7.540759086608886719e+00 6.990003204345703125e+01
1.807485389709472656e+01 -7.746703147888183594e+00 7.090001678466796875e+01
1.767485618591308594e+01 -7.687150001525878906e+00 7.110528564453125000e+01
1.844557952880859375e+01 -7.627467632293701172e+00 6.990004730224609375e+01
1.807485389709472656e+01 -7.746703147888183594e+00 7.090001678466796875e+01
1.596467590332031250e+01 -7.581176757812500000e+00 6.989996337890625000e+01
2.131780242919921875e+01 -7.575091361999511719e+00 6.990018463134765625e+01
1.767485618591308594e+01 -7.722719669342041016e+00 7.158254241943359375e+01
1.786035537719726562e+01 -7.736382961273193359e+00 6.990113830566406250e+01
1.807485389709472656e+01 -7.746703147888183594e+00 7.090001678466796875e+01
1.767484855651855469e+01 -7.758924007415771484e+00 7.094986724853515625e+01
1.892599678039550781e+01 -7.813108444213867188e+00 6.990006256103515625e+01
1.807651138305664062e+01 -7.749925613403320312e+00 7.094544982910156250e+01
1.770970153808593750e+01 -7.794192790985107422e+00 7.052947998046875000e+01
1.807485389709472656e+01 -7.746703147888183594e+00 7.090001678466796875e+01
1.763188552856445312e+01 -7.822816371917724609e+00 7.126602172851562500e+01
1.814720344543457031e+01 -7.826961040496826172e+00 7.038145446777343750e+01
1.807485389709472656e+01 -7.746703147888183594e+00 7.090001678466796875e+01
1.758159828186035156e+01 -7.845682144165039062e+00 7.078652191162109375e+01
1.983965492248535156e+01 -8.186981201171875000e+00 6.990015411376953125e+01
1.784947395324707031e+01 -7.921160697937011719e+00 7.159474945068359375e+01
1.728901863098144531e+01 -8.240909576416015625e+00 6.917714691162109375e+01
1.807485389709472656e+01 -7.746703147888183594e+00 7.090001678466796875e+01
1.744487762451171875e+01 -7.951456069946289062e+00 7.112313842773437500e+01
1.860660552978515625e+01 -8.120098114013671875e+00 6.990013885498046875e+01
1.808318901062011719e+01 -7.758481502532958984e+00 7.093227386474609375e+01
1.735096359252929688e+01 -8.072995185852050781e+00 7.042955780029296875e+01
2.406919097900390625e+01 -1.019542503356933594e+01 6.989991760253906250e+01
1.753115463256835938e+01 -8.124901771545410156e+00 7.159502410888671875e+01
1.807485389709472656e+01 -7.746703147888183594e+00 7.090001678466796875e+01
1.807485389709472656e+01 -7.746703147888183594e+00 7.090001678466796875e+01
1.732235717773437500e+01 -8.130728721618652344e+00 7.089267730712890625e+01
1.918807220458984375e+01 -8.553885459899902344e+00 6.990001678466796875e+01
1.800703811645507812e+01 -8.144360542297363281e+00 7.159483337402343750e+01
1.730390930175781250e+01 -8.518127441406250000e+00 6.987387084960937500e+01
1.807485389709472656e+01 -7.746703147888183594e+00 7.090001678466796875e+01
1.727638053894042969e+01 -8.375128746032714844e+00 7.139706420898437500e+01
1.809677505493164062e+01 -7.804087162017822266e+00 7.082153320312500000e+01
1.842720985412597656e+01 -8.324957847595214844e+00 7.159494781494140625e+01
1.727942276000976562e+01 -8.411573410034179688e+00 7.060070037841796875e+01
1.816635131835937500e+01 -7.828038215637207031e+00 7.086328887939453125e+01
1.774289512634277344e+01 -8.414565086364746094e+00 7.159173583984375000e+01
1.770192718505859375e+01 -8.929014205932617188e+00 6.966913604736328125e+01
1.843157196044921875e+01 -8.149717330932617188e+00 7.111141967773437500e+01
1.730782127380371094e+01 -8.553210258483886719e+00 7.106082153320312500e+01
1.810828971862792969e+01 -7.809300899505615234e+00 7.085343170166015625e+01
1.807735824584960938e+01 -7.771172046661376953e+00 7.092095184326171875e+01
1.744473266601562500e+01 -8.774935722351074219e+00 7.035834503173828125e+01
1.812929916381835938e+01 -7.818828105926513672e+00 7.089830017089843750e+01
1.752334594726562500e+01 -8.843298912048339844e+00 7.143823242187500000e+01
1.807657814025878906e+01 -7.794092178344726562e+00 7.086925506591796875e+01
1.840550231933593750e+01 -8.621245384216308594e+00 7.130419921875000000e+01
1.749629592895507812e+01 -8.823183059692382812e+00 7.081642150878906250e+01
1.809821701049804688e+01 -7.804734706878662109e+00 7.088409423828125000e+01
1.795654869079589844e+01 -8.952598571777343750e+00 7.140293121337890625e+01
1.785875320434570312e+01 -8.958359718322753906e+00 7.051421356201171875e+01
1.834777069091796875e+01 -8.726741790771484375e+00 7.099002838134765625e+01
1.784949111938476562e+01 -8.957558631896972656e+00 7.100148010253906250e+01
1.807485389709472656e+01 -7.794103145599365234e+00 7.090001678466796875e+01
