5.660843849182128906e+00 8.603028059005737305e-01 7.089995574951171875e+01
5.600636005401611328e+00 8.603056669235229492e-01 7.095510864257812500e+01
5.748606681823730469e+00 3.883721351623535156e+00 6.989994049072265625e+01
5.749674320220947266e+00 8.603090047836303711e-01 7.101581573486328125e+01
7.785093970596790314e-03 1.385991382598876953e+01 6.990000915527343750e+01
7.232889175415039062e+00 4.284638881683349609e+00 6.989994812011718750e+01
5.604448318481445312e+00 8.603138327598571777e-01 7.110974121093750000e+01
5.141500949859619141e+00 2.347336530685424805e+00 6.989999389648437500e+01
5.905146598815917969e+00 8.603047728538513184e-01 7.098917388916015625e+01
5.400994300842285156e+00 8.603082895278930664e-01 7.100721740722656250e+01
6.128793239593505859e+00 1.922088146209716797e+00 6.989997863769531250e+01
5.757597446441650391e+00 8.603134155273437500e-01 7.120841979980468750e+01
3.935333013534545898e+00 2.774874448776245117e+00 6.989998626708984375e+01
1.020892143249511719e+01 5.543613910675048828e+00 6.990007019042968750e+01
5.437268733978271484e+00 8.603194952011108398e-01 7.121797180175781250e+01
5.531263351440429688e+00 1.440287828445434570e+00 6.989999389648437500e+01
5.993588447570800781e+00 8.603032827377319336e-01 7.118039703369140625e+01
5.201679229736328125e+00 8.603000044822692871e-01 7.091894531250000000e+01
6.665726184844970703e+00 1.629784941673278809e+00 6.989996337890625000e+01
5.637222766876220703e+00 8.603204488754272461e-01 7.141078186035156250e+01
4.826396465301513672e+00 1.426836848258972168e+00 6.990000915527343750e+01
6.223854541778564453e+00 8.603082895278930664e-01 7.097570800781250000e+01
5.169369220733642578e+00 8.603161573410034180e-01 7.124191284179687500e+01
5.885802745819091797e+00 1.109923601150512695e+00 6.989998626708984375e+01
5.991749763488769531e+00 8.603026866912841797e-01 7.147743225097656250e+01
2.526479005813598633e+00 2.334302663803100586e+00 6.990000915527343750e+01
7.825245857238769531e+00 1.746362328529357910e+00 6.989994812011718750e+01
5.370040893554687500e+00 8.446656465530395508e-01 7.159481811523437500e+01
5.301181793212890625e+00 9.726924300193786621e-01 6.990000152587890625e+01
6.439123153686523438e+00 8.603127002716064453e-01 7.130899810791015625e+01
4.758319854736328125e+00 8.603035211563110352e-01 7.113785552978515625e+01
6.303820133209228516e+00 9.393029212951660156e-01 6.989997863769531250e+01
5.780268669128417969e+00 7.267535328865051270e-01 7.159485626220703125e+01
4.369707107543945312e+00 1.037645816802978516e+00 6.990002441406250000e+01
1.772997665405273438e+01 4.453249454498291016e+00 6.990005493164062500e+01
5.017995834350585938e+00 7.502936124801635742e-01 7.159485626220703125e+01
5.665721893310546875e+00 7.437355518341064453e-01 6.990000152587890625e+01
6.291272163391113281e+00 7.051513791084289551e-01 7.159490966796875000e+01
-5.128162860870361328e+00 3.048363685607910156e+00 6.990003204345703125e+01
6.978419303894042969e+00 8.193076252937316895e-01 6.989996337890625000e+01
5.534453868865966797e+00 5.983625054359436035e-01 7.159470367431640625e+01
5.031595230102539062e+00 6.662058830261230469e-01 6.990001678466796875e+01
8.177785873413085938e+00 8.603066205978393555e-01 7.158974456787109375e+01
4.306666851043701172e+00 6.618864536285400391e-01 7.159489440917968750e+01
6.031568050384521484e+00 5.795065164566040039e-01 6.989999389648437500e+01
5.943731784820556641e+00 5.287621021270751953e-01 7.159486389160156250e+01
3.550984621047973633e+00 6.257724761962890625e-01 6.990005493164062500e+01
8.904312133789062500e+00 6.319105625152587891e-01 6.989996337890625000e+01
5.253614902496337891e+00 4.846884310245513916e-01 7.159481811523437500e+01
5.446116447448730469e+00 4.706023931503295898e-01 6.990000915527343750e+01
5.661075592041015625e+00 4.602682590484619141e-01 7.090012359619140625e+01
8.430039882659912109e-02 2.898994088172912598e-01 7.159494781494140625e+01
6.511712074279785156e+00 3.938871622085571289e-01 6.990032196044921875e+01
5.661866664886474609e+00 4.582816064357757568e-01 7.092800140380859375e+01
4.675443649291992188e+00 3.321153223514556885e-01 6.990002441406250000e+01
5.665281772613525391e+00 4.597742855548858643e-01 7.090018463134765625e+01
4.819788932800292969e+00 3.157566487789154053e-01 7.159487915039062500e+01
5.800356388092041016e+00 3.055082261562347412e-01 6.990000152587890625e+01
5.664919376373291016e+00 4.590185582637786865e-01 7.090587615966796875e+01
1.322751641273498535e+00 -4.102297723293304443e-01 6.990177154541015625e+01
7.425855636596679688e+00 1.994061097502708435e-02 6.989997100830078125e+01
5.435407161712646484e+00 2.857695519924163818e-01 7.159486389160156250e+01
5.205167770385742188e+00 1.736997663974761963e-01 6.990092468261718750e+01
5.664940357208251953e+00 4.590097069740295410e-01 7.090169525146484375e+01
3.698894262313842773e+00 -1.773954033851623535e-01 7.159484100341796875e+01
6.192491531372070312e+00 8.694896847009658813e-02 6.990026855468750000e+01
5.662355422973632812e+00 4.581350982189178467e-01 7.090580749511718750e+01
4.122295856475830078e+00 -2.332260906696319580e-01 6.990003967285156250e+01
1.495751857757568359e+01 -3.337475061416625977e+00 6.934889221191406250e+01
5.117251873016357422e+00 8.214721828699111938e-02 7.159482574462890625e+01
5.582909584045410156e+00 3.919268026947975159e-03 6.990000152587890625e+01
5.663967609405517578e+00 4.582097232341766357e-01 7.090287780761718750e+01
5.543345928192138672e+00 4.003079533576965332e-01 7.089881134033203125e+01
6.774032592773437500e+00 -3.468894660472869873e-01 6.989998626708984375e+01
5.593021392822265625e+00 6.257244199514389038e-02 7.159484100341796875e+01
4.909587860107421875e+00 -2.914519011974334717e-01 6.990001678466796875e+01
5.664017200469970703e+00 4.582248926162719727e-01 7.090055084228515625e+01
4.568159580230712891e+00 -3.997077345848083496e-01 7.158014678955078125e+01
5.940143108367919922e+00 -2.708396613597869873e-01 6.989999389648437500e+01
5.662067890167236328e+00 4.582624137401580811e-01 7.090236663818359375e+01
3.003651618957519531e+00 -1.760775923728942871e+00 6.990006256103515625e+01
1.039247798919677734e+01 -3.745867967605590820e+00 6.900061798095703125e+01
5.327393531799316406e+00 -2.105914950370788574e-01 7.159477996826171875e+01
5.357883453369140625e+00 -5.002197623252868652e-01 6.990000915527343750e+01
5.662819385528564453e+00 4.580392837524414062e-01 7.090112304687500000e+01
4.842966079711914062e+00 -3.996980190277099609e-01 7.107141876220703125e+01
6.378534317016601562e+00 -8.833553791046142578e-01 6.989999389648437500e+01
5.660892963409423828e+00 4.597917199134826660e-01 7.090036773681640625e+01
4.501591682434082031e+00 -1.431399345397949219e+00 6.990343475341796875e+01
5.706095695495605469e+00 4.003258347511291504e-01 7.089852905273437500e+01
5.228332996368408203e+00 -3.997164666652679443e-01 7.132204437255859375e+01
5.716864109039306641e+00 -1.080160140991210938e+00 6.990000152587890625e+01
5.661409378051757812e+00 4.587755203247070312e-01 7.090065002441406250e+01
5.628799438476562500e+00 4.006486237049102783e-01 7.089532470703125000e+01
7.128293037414550781e+00 -3.184652090072631836e+00 6.990004730224609375e+01
5.576472282409667969e+00 -3.997304141521453857e-01 7.125861358642578125e+01
5.100759983062744141e+00 -2.680052995681762695e+00 6.990004730224609375e+01
5.661168098449707031e+00 4.591074287891387939e-01 7.090006256103515625e+01
5.500781536102294922e+00 -3.997312784194946289e-01 7.097202301025390625e+01
5.660843849182128906e+00 4.002901613712310791e-01 7.089995574951171875e+01
