-1.166905879974365234e+00 4.809408187866210938e-01 7.089990234375000000e+01
-1.227109789848327637e+00 8.603249788284301758e-01 7.095505523681640625e+01
-1.166719675064086914e+00 4.675807356834411621e-01 7.089778137207031250e+01
-1.078084468841552734e+00 8.603147864341735840e-01 7.101575469970703125e+01
-6.819144725799560547e+00 1.385801601409912109e+01 6.990010070800781250e+01
-1.164440751075744629e+00 4.663139581680297852e-01 7.089833068847656250e+01
-1.223295092582702637e+00 8.603133559226989746e-01 7.110966491699218750e+01
-1.686269760131835938e+00 2.347458124160766602e+00 6.989990234375000000e+01
-9.251336455345153809e-01 8.562070131301879883e-01 7.098819732666015625e+01
-1.426739096641540527e+00 8.603287935256958008e-01 7.100715637207031250e+01
-1.165925264358520508e+00 4.633803069591522217e-01 7.089780426025390625e+01
-1.070165872573852539e+00 8.603038191795349121e-01 7.120832824707031250e+01
-2.892484664916992188e+00 2.775011301040649414e+00 6.989989471435546875e+01
-1.163439869880676270e+00 4.641908705234527588e-01 7.089913940429687500e+01
-1.390450954437255859e+00 8.603117465972900391e-01 7.121787261962890625e+01
-1.166950464248657227e+00 4.606537222862243652e-01 7.089955902099609375e+01
-8.341936469078063965e-01 8.603098988533020020e-01 7.118031311035156250e+01
-1.626049876213073730e+00 8.603278994560241699e-01 7.091889190673828125e+01
-1.164769649505615234e+00 4.628030955791473389e-01 7.089777374267578125e+01
-1.190522670745849609e+00 8.602970242500305176e-01 7.141063690185546875e+01
-1.998278498649597168e+00 1.423321247100830078e+00 6.990364074707031250e+01
-6.039509773254394531e-01 8.603145480155944824e-01 7.097564697265625000e+01
-1.658342003822326660e+00 8.603305816650390625e-01 7.124182891845703125e+01
-1.166596770286560059e+00 4.612095654010772705e-01 7.089852905273437500e+01
-8.360363841056823730e-01 8.603042364120483398e-01 7.147731018066406250e+01
-4.301321029663085938e+00 2.334378719329833984e+00 6.989994049072265625e+01
-1.163556218147277832e+00 4.623072743415832520e-01 7.089835357666015625e+01
-1.457785725593566895e+00 8.448130488395690918e-01 7.159494781494140625e+01
-1.166905879974365234e+00 4.603168964385986328e-01 7.089990234375000000e+01
-3.887159824371337891e-01 8.603125214576721191e-01 7.130889892578125000e+01
-2.069339275360107422e+00 8.603091239929199219e-01 7.113777923583984375e+01
-1.165576577186584473e+00 4.613072276115417480e-01 7.089783477783203125e+01
-1.047462224960327148e+00 7.268410921096801758e-01 7.159490966796875000e+01
-2.458131074905395508e+00 1.037731170654296875e+00 6.989990234375000000e+01
-1.162785410881042480e+00 4.616801142692565918e-01 7.089955902099609375e+01
-1.809726953506469727e+00 7.503272891044616699e-01 7.159477233886718750e+01
-1.166904568672180176e+00 4.603959023952484131e-01 7.089962005615234375e+01
-5.364618897438049316e-01 7.052033543586730957e-01 7.159487152099609375e+01
-1.195619106292724609e+01 3.048476219177246094e+00 6.989995574951171875e+01
-1.164177656173706055e+00 4.610603451728820801e-01 7.089783477783203125e+01
-1.293361902236938477e+00 5.984805822372436523e-01 7.159501647949218750e+01
-2.236736059188842773e+00 8.104410767555236816e-01 6.919983673095703125e+01
1.349768280982971191e+00 8.603097796440124512e-01 7.158961486816406250e+01
-2.521325588226318359e+00 6.619684100151062012e-01 7.159497070312500000e+01
-1.166363477706909180e+00 4.604913294315338135e-01 7.089843750000000000e+01
-8.839620947837829590e-01 5.288214087486267090e-01 7.159494781494140625e+01
-4.754241466522216797e+00 7.417142987251281738e-01 6.919979858398437500e+01
-1.162903428077697754e+00 4.605287015438079834e-01 7.089866638183593750e+01
-1.574259877204895020e+00 4.847417175769805908e-01 7.159497833251953125e+01
-1.381637692451477051e+00 4.706483781337738037e-01 6.989993286132812500e+01
8.671609759330749512e-01 4.351132810115814209e-01 7.234481048583984375e+01
-2.885101079940795898e+00 4.078234732151031494e-01 7.111403656005859375e+01
-3.161476552486419678e-01 3.939415216445922852e-01 6.990039825439453125e+01
-1.114213347434997559e+00 3.578264117240905762e-01 7.234482574462890625e+01
-2.152369499206542969e+00 3.321528434753417969e-01 6.989990997314453125e+01
-6.310355663299560547e-01 4.003265202045440674e-01 7.092729949951171875e+01
-1.516203045845031738e+00 4.002988338470458984e-01 7.118850708007812500e+01
-1.027393937110900879e+00 3.055546879768371582e-01 6.989994812011718750e+01
-9.717061519622802734e-01 4.003216624259948730e-01 7.118339538574218750e+01
-5.512588977813720703e+00 -4.117071926593780518e-01 6.989997100830078125e+01
5.979247689247131348e-01 2.003156021237373352e-02 6.990001678466796875e+01
-1.244426846504211426e+00 4.003109633922576904e-01 7.113886260986328125e+01
-1.623011827468872070e+00 1.734751164913177490e-01 6.989993286132812500e+01
-9.720737934112548828e-01 4.003223478794097900e-01 7.098255920410156250e+01
-1.351542472839355469e+00 4.003069102764129639e-01 7.096529388427734375e+01
-6.351285576820373535e-01 8.690372854471206665e-02 6.989997100830078125e+01
-1.130717396736145020e+00 4.091733694076538086e-01 7.103995513916015625e+01
-2.703991651535034180e+00 -2.325212657451629639e-01 6.990093994140625000e+01
4.826066017150878906e+00 -1.987847447395324707e+00 6.990003204345703125e+01
-1.253170371055603027e+00 4.003110826015472412e-01 7.101017761230468750e+01
-1.244840264320373535e+00 3.964774776250123978e-03 6.989994812011718750e+01
-1.082264900207519531e+00 4.044639766216278076e-01 7.097897338867187500e+01
-1.284446001052856445e+00 4.003320932388305664e-01 7.089875793457031250e+01
-5.379429832100868225e-02 -3.467876613140106201e-01 6.990000152587890625e+01
-1.177138566970825195e+00 4.003144204616546631e-01 7.100474548339843750e+01
-1.918190121650695801e+00 -2.914345860481262207e-01 6.989993286132812500e+01
-1.073859930038452148e+00 4.003193080425262451e-01 7.091729736328125000e+01
-1.243148088455200195e+00 4.003117382526397705e-01 7.094736480712890625e+01
-8.876134753227233887e-01 -2.707756459712982178e-01 6.989996337890625000e+01
-1.130345106124877930e+00 4.003166258335113525e-01 7.097200775146484375e+01
-3.824282646179199219e+00 -1.760884404182434082e+00 6.989994049072265625e+01
1.323926925659179688e+00 -1.753884196281433105e+00 6.990005493164062500e+01
-1.196730256080627441e+00 4.003137350082397461e-01 7.096205139160156250e+01
-1.469868898391723633e+00 -5.001816153526306152e-01 6.989994812011718750e+01
-1.113798856735229492e+00 4.003174901008605957e-01 7.093137359619140625e+01
-1.223973155021667480e+00 4.003127217292785645e-01 7.091186523437500000e+01
-4.492495059967041016e-01 -8.832454085350036621e-01 6.989998626708984375e+01
-1.160762548446655273e+00 4.003153443336486816e-01 7.095123291015625000e+01
-2.330181598663330078e+00 -1.437919259071350098e+00 6.989991760253906250e+01
-1.121638894081115723e+00 4.003515243530273438e-01 7.089847564697265625e+01
-1.197082996368408203e+00 4.003138542175292969e-01 7.092935180664062500e+01
-1.055632472038269043e+00 -2.599447965621948242e+00 6.891368865966796875e+01
-1.144220709800720215e+00 4.003161787986755371e-01 7.092763519287109375e+01
-1.198961138725280762e+00 4.006739854812622070e-01 7.089527130126953125e+01
3.005082011222839355e-01 -3.184518575668334961e+00 6.990001678466796875e+01
-1.172792434692382812e+00 4.003149271011352539e-01 7.092492675781250000e+01
-1.727009534835815430e+00 -2.680118322372436523e+00 6.989995574951171875e+01
-1.150330662727355957e+00 4.007953405380249023e-01 7.090537261962890625e+01
-1.178073406219482422e+00 4.003147780895233154e-01 7.090493011474609375e+01
-1.166905879974365234e+00 4.003152847290039062e-01 7.089990234375000000e+01
