-1.821183967590332031e+01 -3.141294419765472412e-01 7.089992523193359375e+01
-1.833224678039550781e+01 4.003035724163055420e-01 7.101023101806640625e+01
-1.812408828735351562e+01 3.023260593414306641e+00 6.990005493164062500e+01
-1.803418540954589844e+01 4.003333151340484619e-01 7.113164520263671875e+01
-1.824993133544921875e+01 -3.094192743301391602e-01 7.089318847656250000e+01
-1.664014053344726562e+01 3.423812627792358398e+00 6.990013885498046875e+01
-1.832462501525878906e+01 4.003266394138336182e-01 7.131948089599609375e+01
-1.873111915588378906e+01 1.487121939659118652e+00 6.990008544921875000e+01
-1.772325706481933594e+01 4.003196060657501221e-01 7.107835388183593750e+01
-1.873148345947265625e+01 4.002777040004730225e-01 7.111442565917968750e+01
-1.771844291687011719e+01 1.141599655151367188e+00 6.984556579589843750e+01
-1.801834869384765625e+01 4.003118276596069336e-01 7.151680755615234375e+01
-1.993701934814453125e+01 1.914447307586669922e+00 6.990014648437500000e+01
-1.132268333435058594e+01 7.300233364105224609e+00 6.938536071777343750e+01
-1.865894699096679688e+01 4.003107845783233643e-01 7.153588867187500000e+01
-1.834131050109863281e+01 5.794770717620849609e-01 6.990081024169921875e+01
-1.754639244079589844e+01 4.003030359745025635e-01 7.146076202392578125e+01
-1.913012504577636719e+01 4.003092050552368164e-01 7.093789672851562500e+01
-1.712915992736816406e+01 8.603458404541015625e-01 6.982251739501953125e+01
-1.824397659301757812e+01 1.445824801921844482e-01 7.159493255615234375e+01
-1.904626083374023438e+01 5.668257474899291992e-01 6.990000915527343750e+01
-1.708590698242187500e+01 4.003013372421264648e-01 7.105141448974609375e+01
-1.919466018676757812e+01 4.002751111984252930e-01 7.158374786376953125e+01
-1.793480873107910156e+01 4.003187716007232666e-01 6.966849517822265625e+01
-1.781362724304199219e+01 8.168771117925643921e-02 7.159485626220703125e+01
-2.134572029113769531e+01 1.474030852317810059e+00 6.990013122558593750e+01
-1.604760360717773438e+01 8.862816095352172852e-01 6.989999389648437500e+01
-1.850266456604003906e+01 -1.528838928788900375e-02 7.159483337402343750e+01
-1.877336502075195312e+01 4.003118872642517090e-01 6.933874511718750000e+01
-1.688950920104980469e+01 2.799773216247558594e-01 7.159490203857421875e+01
-2.084848976135253906e+01 7.689515948295593262e-01 7.159494018554687500e+01
-1.713798713684082031e+01 4.003331959247589111e-01 6.922983551025390625e+01
-1.809240913391113281e+01 -1.332155615091323853e-01 7.159485626220703125e+01
-2.000083923339843750e+01 4.003000259399414062e-01 6.951441955566406250e+01
-6.144015789031982422e+00 3.592834949493408203e+00 6.990013122558593750e+01
-1.885473251342773438e+01 -1.096679642796516418e-01 7.159487152099609375e+01
-1.820354652404785156e+01 8.218456804752349854e-02 6.919998168945312500e+01
-1.758143424987792969e+01 -1.548396199941635132e-01 7.159485626220703125e+01
-2.881468963623046875e+01 2.143726110458374023e+00 6.991725921630859375e+01
-1.597178936004638672e+01 2.106983661651611328e-01 6.919980621337890625e+01
-1.833824729919433594e+01 -2.616002261638641357e-01 7.159477233886718750e+01
-1.928168106079101562e+01 -4.958270117640495300e-02 6.919983673095703125e+01
-1.567606258392333984e+01 3.318313742056488991e-03 7.159487915039062500e+01
-1.956594467163085938e+01 -1.981059610843658447e-01 7.159483337402343750e+01
-1.758157730102539062e+01 -1.970005929470062256e-01 6.919989776611328125e+01
-1.792896080017089844e+01 -3.312217593193054199e-01 7.159481048583984375e+01
-2.076519775390625000e+01 -1.994205117225646973e-01 6.968984222412109375e+01
-1.269792652130126953e+01 -1.079227477312088013e-01 6.919992828369140625e+01
-1.861910247802734375e+01 -3.752914071083068848e-01 7.159484863281250000e+01
-1.857663536071777344e+01 -3.821592032909393311e-01 6.920114135742187500e+01
-1.617754554748535156e+01 -4.249171912670135498e-01 7.234499359130859375e+01
-2.877691268920898438e+01 -7.224894762039184570e-01 7.221662902832031250e+01
-1.736161613464355469e+01 -4.660443663597106934e-01 6.990104675292968750e+01
-1.815914344787597656e+01 -5.022098422050476074e-01 7.234496307373046875e+01
-1.919716835021972656e+01 -5.278573036193847656e-01 6.990007019042968750e+01
-1.821183967590332031e+01 -3.997107446193695068e-01 7.089992523193359375e+01
-1.996072769165039062e+01 -7.002138495445251465e-01 7.234494018554687500e+01
-1.807233619689941406e+01 -5.544646382331848145e-01 6.990002441406250000e+01
-1.792586326599121094e+01 -4.876066744327545166e-01 7.131525421142578125e+01
-2.255754089355468750e+01 -1.271738409996032715e+00 6.989998626708984375e+01
-1.644687843322753906e+01 -8.400284051895141602e-01 6.989997100830078125e+01
-1.868062019348144531e+01 -7.625751495361328125e-01 7.234494781494140625e+01
-1.866790008544921875e+01 -6.865242719650268555e-01 6.990005493164062500e+01
-1.792587280273437500e+01 -4.877685308456420898e-01 7.102124786376953125e+01
-2.229152679443359375e+01 -1.725677371025085449e+00 7.234486389160156250e+01
-1.768007278442382812e+01 -7.731163501739501953e-01 6.990001678466796875e+01
-1.783846282958984375e+01 -9.273859262466430664e-01 7.234495544433593750e+01
-1.975025177001953125e+01 -1.093146681785583496e+00 6.990010070800781250e+01
-1.221909046173095703e+01 -2.847784280776977539e+00 6.990008544921875000e+01
-1.934224891662597656e+01 -1.186025857925415039e+00 7.234492492675781250e+01
-1.828976821899414062e+01 -8.560324311256408691e-01 6.990003967285156250e+01
-1.792586517333984375e+01 -5.884191393852233887e-01 7.116707611083984375e+01
-2.881124687194824219e+01 -5.808955192565917969e+00 7.079650878906250000e+01
-1.709870147705078125e+01 -1.206834435462951660e+00 6.990000152587890625e+01
-1.835287666320800781e+01 -1.226726412773132324e+00 7.234494781494140625e+01
-1.896303749084472656e+01 -1.151375174522399902e+00 6.990007019042968750e+01
-1.792587280273437500e+01 -5.841070413589477539e-01 7.095339202880859375e+01
-2.053310203552246094e+01 -2.226620435714721680e+00 7.234490203857421875e+01
-1.793255805969238281e+01 -1.130773425102233887e+00 6.990003204345703125e+01
-1.792585182189941406e+01 -8.690466284751892090e-01 7.146396636962890625e+01
-2.086874008178710938e+01 -2.620513200759887695e+00 6.990014648437500000e+01
-1.572088146209716797e+01 -2.614023447036743164e+00 6.990002441406250000e+01
-1.890531158447265625e+01 -1.794894814491271973e+00 7.234494018554687500e+01
-1.851477813720703125e+01 -1.360128641128540039e+00 6.990005493164062500e+01
-1.792586708068847656e+01 -7.227983474731445312e-01 7.106940460205078125e+01
-2.510458946228027344e+01 -7.647191524505615234e+00 7.234492492675781250e+01
-1.749419021606445312e+01 -1.743260145187377930e+00 6.990002441406250000e+01
-1.803890228271484375e+01 -2.088782310485839844e+00 7.234496307373046875e+01
-1.936697387695312500e+01 -2.284660816192626953e+00 6.990694427490234375e+01
-1.792615509033203125e+01 -7.781574726104736328e-01 7.089089965820312500e+01
-1.969260787963867188e+01 -3.344011306762695312e+00 7.234500885009765625e+01
-1.815582466125488281e+01 -1.940019845962524414e+00 6.990005493164062500e+01
-1.792585372924804688e+01 -1.156122803688049316e+00 7.124951171875000000e+01
-2.513141250610351562e+01 -1.327445316314697266e+01 6.990007781982421875e+01
-1.674443244934082031e+01 -4.044527053833007812e+00 6.990004730224609375e+01
-1.855179023742675781e+01 -3.864839315414428711e+00 7.234504699707031250e+01
-1.877187156677246094e+01 -3.539742708206176758e+00 6.990010833740234375e+01
-1.792585754394531250e+01 -1.426670551300048828e+00 7.099424743652343750e+01
-2.083809089660644531e+01 -1.451034069061279297e+01 7.208236694335937500e+01
-1.821183967590332031e+01 -8.016123771667480469e+00 7.089992523193359375e+01
