-1.752585411071777344e+01 5.665271759033203125e+00 7.090013122558593750e+01
-1.801110649108886719e+01 8.885217666625976562e+00 7.134465789794921875e+01
-1.747043991088867188e+01 7.822710990905761719e+00 7.026870727539062500e+01
-1.752497291564941406e+01 5.665069580078125000e+00 7.090128326416015625e+01
-1.752585411071777344e+01 5.661100864410400391e+00 7.090013122558593750e+01
-1.595346641540527344e+01 9.486302375793457031e+00 6.989990997314453125e+01
-1.771263122558593750e+01 6.986001014709472656e+00 7.159493255615234375e+01
-1.804532814025878906e+01 7.548644542694091797e+00 6.989991760253906250e+01
-1.752400016784667969e+01 5.664136886596679688e+00 7.090081024169921875e+01
-1.792587852478027344e+01 6.276936531066894531e+00 7.106525421142578125e+01
-1.705786323547363281e+01 7.123044967651367188e+00 6.990006256103515625e+01
-1.752490425109863281e+01 5.665025234222412109e+00 7.090316009521484375e+01
-1.924734115600585938e+01 7.970307826995849609e+00 6.990249633789062500e+01
-1.297686481475830078e+01 1.074546337127685547e+01 6.990004730224609375e+01
-1.792586898803710938e+01 6.376857280731201172e+00 7.146910858154296875e+01
-1.765545654296875000e+01 6.641280174255371094e+00 6.990000152587890625e+01
-1.752380561828613281e+01 5.663564205169677734e+00 7.090185546875000000e+01
-1.792587661743164062e+01 6.009605407714843750e+00 7.091667175292968750e+01
-1.652078819274902344e+01 6.830829143524169922e+00 6.989995574951171875e+01
-1.755797767639160156e+01 6.205160617828369141e+00 7.159484100341796875e+01
-1.836037445068359375e+01 6.627751350402832031e+00 6.990009307861328125e+01
-1.752388381958007812e+01 5.662500858306884766e+00 7.090039825439453125e+01
-1.792587661743164062e+01 5.986706733703613281e+00 7.117845916748046875e+01
-1.730119514465332031e+01 6.309888362884521484e+00 6.990149688720703125e+01
-1.752380943298339844e+01 5.663573265075683594e+00 7.090370178222656250e+01
-2.066086387634277344e+01 7.535518169403076172e+00 6.989997863769531250e+01
-1.536128044128417969e+01 6.947294235229492188e+00 6.990003967285156250e+01
-1.781659126281738281e+01 6.045408248901367188e+00 7.159483337402343750e+01
-1.788558197021484375e+01 6.173617362976074219e+00 6.989999389648437500e+01
-1.752415275573730469e+01 5.661975860595703125e+00 7.090102386474609375e+01
-1.792587852478027344e+01 5.838406562805175781e+00 7.100557708740234375e+01
-1.688276290893554688e+01 6.140217781066894531e+00 6.989997863769531250e+01
-1.752431297302246094e+01 5.664537906646728516e+00 7.090909576416015625e+01
-1.881709289550781250e+01 6.238521099090576172e+00 6.990012359619140625e+01
-5.454280376434326172e+00 9.654887199401855469e+00 6.990002441406250000e+01
-1.792587471008300781e+01 5.841570854187011719e+00 7.133254241943359375e+01
-1.752097511291503906e+01 5.944602012634277344e+00 6.990004730224609375e+01
-1.752442932128906250e+01 5.661654472351074219e+00 7.090170288085937500e+01
-1.756251144409179688e+01 5.669894695281982422e+00 7.089673614501953125e+01
-1.620800209045410156e+01 6.020213127136230469e+00 6.989992523193359375e+01
-1.765222549438476562e+01 5.799171447753906250e+00 7.159477233886718750e+01
-1.815521049499511719e+01 5.867070674896240234e+00 6.990002441406250000e+01
-1.752520179748535156e+01 5.661204814910888672e+00 7.090030670166015625e+01
-1.792587852478027344e+01 5.720658302307128906e+00 7.110541534423828125e+01
-1.715509033203125000e+01 5.780349254608154297e+00 6.990005493164062500e+01
-1.752484893798828125e+01 5.661344051361083984e+00 7.090260314941406250e+01
-1.963603019714355469e+01 5.826627254486083984e+00 6.990007781982421875e+01
-1.428199863433837891e+01 5.832760810852050781e+00 6.990001678466796875e+01
-1.792585182189941406e+01 5.685084342956542969e+00 7.158265686035156250e+01
-1.774060630798339844e+01 5.671433448791503906e+00 6.990007019042968750e+01
-1.752585411071777344e+01 5.661100864410400391e+00 7.090013122558593750e+01
-1.792504119873046875e+01 5.648905277252197266e+00 7.094988250732421875e+01
-1.667454528808593750e+01 5.594682693481445312e+00 6.989997863769531250e+01
-1.752585411071777344e+01 5.661100864410400391e+00 7.090013122558593750e+01
-1.851141166687011719e+01 5.532924652099609375e+00 6.990004730224609375e+01
-1.792586517333984375e+01 5.592368602752685547e+00 7.123064422607421875e+01
-1.738633155822753906e+01 5.506326198577880859e+00 6.990010070800781250e+01
-1.752585411071777344e+01 5.661100864410400391e+00 7.090013122558593750e+01
-1.754990005493164062e+01 5.656275749206542969e+00 7.089459991455078125e+01
-1.576057529449462891e+01 5.220703601837158203e+00 6.989999389648437500e+01
-1.775121116638183594e+01 5.486660957336425781e+00 7.159479522705078125e+01
-1.798200225830078125e+01 5.374233245849609375e+00 6.990007019042968750e+01
-1.752585411071777344e+01 5.661100864410400391e+00 7.090013122558593750e+01
-1.792383575439453125e+01 5.531750202178955078e+00 7.104109191894531250e+01
-1.699402046203613281e+01 5.287648200988769531e+00 6.990009307861328125e+01
-1.752585411071777344e+01 5.661100864410400391e+00 7.090013122558593750e+01
-1.906459426879882812e+01 4.967516899108886719e+00 6.990009307861328125e+01
-1.153790760040283203e+01 3.214989185333251953e+00 6.990109252929687500e+01
-1.792585372924804688e+01 5.382860183715820312e+00 7.141145324707031250e+01
-1.760379600524902344e+01 5.204709053039550781e+00 6.990009307861328125e+01
-1.752585411071777344e+01 5.661100864410400391e+00 7.090013122558593750e+01
-1.759577941894531250e+01 5.625415325164794922e+00 7.089945220947265625e+01
-1.641254425048828125e+01 4.853851795196533203e+00 6.990004730224609375e+01
-1.759366416931152344e+01 5.263476371765136719e+00 7.159488677978515625e+01
-1.827721023559570312e+01 4.909276485443115234e+00 6.990006256103515625e+01
-1.752585411071777344e+01 5.661100864410400391e+00 7.090013122558593750e+01
-1.792586898803710938e+01 5.346276283264160156e+00 7.114913940429687500e+01
-1.724653816223144531e+01 4.929948806762695312e+00 6.990011596679687500e+01
-1.752585411071777344e+01 5.661100864410400391e+00 7.090013122558593750e+01
-1.754210472106933594e+01 5.647518157958984375e+00 7.089402008056640625e+01
-1.503457355499267578e+01 3.446501731872558594e+00 6.990010070800781250e+01
-1.785733985900878906e+01 4.994191169738769531e+00 7.159085845947265625e+01
-1.782891464233398438e+01 4.700290679931640625e+00 6.989984893798828125e+01
-1.752585411071777344e+01 5.661100864410400391e+00 7.090013122558593750e+01
-1.792586898803710938e+01 5.240500450134277344e+00 7.098399353027343750e+01
-1.680814552307128906e+01 4.317439079284667969e+00 6.990014648437500000e+01
-1.752238655090332031e+01 5.627230167388916016e+00 7.092910766601562500e+01
-1.753617858886718750e+01 5.644252300262451172e+00 7.089125823974609375e+01
-2.231092929840087891e+00 -1.459991836547851562e+01 7.041706848144531250e+01
-1.792585563659667969e+01 4.865754604339599609e+00 7.129048919677734375e+01
-1.746982955932617188e+01 4.120570182800292969e+00 6.990011596679687500e+01
-1.752585411071777344e+01 5.661100864410400391e+00 7.090013122558593750e+01
-1.754492568969726562e+01 5.625616073608398438e+00 7.089737701416015625e+01
-1.605817413330078125e+01 2.015605926513671875e+00 6.990007019042968750e+01
-1.768928909301757812e+01 3.995197772979736328e+00 7.159488677978515625e+01
-1.753035354614257812e+01 5.635874748229980469e+00 7.089209747314453125e+01
-1.751666641235351562e+01 5.628109455108642578e+00 7.090316009521484375e+01
-1.792585754394531250e+01 3.511920690536499023e+00 7.108023071289062500e+01
-1.752585411071777344e+01 5.625401020050048828e+00 7.090013122558593750e+01
