-1.738974761962890625e+01 8.852111816406250000e+00 7.090010833740234375e+01
-1.755049324035644531e+01 8.931415557861328125e+00 7.104736328125000000e+01
-1.736487197875976562e+01 8.833716392517089844e+00 7.061666870117187500e+01
-1.721380996704101562e+01 8.655697822570800781e+00 7.112958526611328125e+01
-1.784610176086425781e+01 8.945097923278808594e+00 7.081938934326171875e+01
-1.714067268371582031e+01 8.469316482543945312e+00 7.074166870117187500e+01
-1.753969764709472656e+01 8.927048683166503906e+00 7.145790863037109375e+01
-1.769044113159179688e+01 8.955973625183105469e+00 7.032114410400390625e+01
-1.713537025451660156e+01 8.279915809631347656e+00 7.099300384521484375e+01
-1.804171562194824219e+01 8.867086410522460938e+00 7.116922760009765625e+01
-1.716515922546386719e+01 8.564972877502441406e+00 7.042017364501953125e+01
-1.720092773437500000e+01 8.644091606140136719e+00 7.150209808349609375e+01
-1.810378265380859375e+01 8.821191787719726562e+00 7.048631286621093750e+01
-1.720068359375000000e+01 8.074701309204101562e+00 7.085854339599609375e+01
-1.787663459777832031e+01 8.734582901000976562e+00 7.159265136718750000e+01
-1.752981758117675781e+01 8.922736167907714844e+00 6.981919860839843750e+01
-1.719645690917968750e+01 8.095762252807617188e+00 7.106301116943359375e+01
-1.826068687438964844e+01 8.622156143188476562e+00 7.093612670898437500e+01
-1.721035957336425781e+01 8.072161674499511719e+00 7.072159576416015625e+01
-1.742186927795410156e+01 8.407417297363281250e+00 7.159478759765625000e+01
-1.816605758666992188e+01 8.762609481811523438e+00 6.996982574462890625e+01
-1.738881874084472656e+01 7.864044666290283203e+00 7.090023040771484375e+01
-1.827715110778808594e+01 8.585703849792480469e+00 7.151753997802734375e+01
-1.715892601013183594e+01 8.529966354370117188e+00 6.987408447265625000e+01
-1.719710350036621094e+01 8.096273422241210938e+00 7.123629760742187500e+01
-1.831878471374511719e+01 8.418854713439941406e+00 7.060372161865234375e+01
-1.522502613067626953e+01 9.149666786193847656e+00 6.989995574951171875e+01
-1.768053817749023438e+01 8.247762680053710938e+00 7.159493255615234375e+01
-1.807565498352050781e+01 8.840618133544921875e+00 6.899311065673828125e+01
-1.738876152038574219e+01 7.863892555236816406e+00 7.090062713623046875e+01
-1.831577873229980469e+01 8.273837089538574219e+00 7.114421081542968750e+01
-1.674665069580078125e+01 8.342507362365722656e+00 6.989994049072265625e+01
-1.727032661437988281e+01 8.129858016967773438e+00 7.159498596191406250e+01
-1.831611442565917969e+01 8.277640342712402344e+00 7.018267822265625000e+01
-5.317790031433105469e+00 1.185729885101318359e+01 6.989997100830078125e+01
-1.803242111206054688e+01 8.153328895568847656e+00 7.159481811523437500e+01
-1.738974761962890625e+01 7.863385200500488281e+00 7.090010833740234375e+01
-1.607901763916015625e+01 8.372518539428710938e+00 7.234499359130859375e+01
-1.824724769592285156e+01 8.069084167480468750e+00 7.082063293457031250e+01
-1.607212066650390625e+01 8.222435951232910156e+00 6.990007781982421875e+01
-1.751615142822265625e+01 8.001491546630859375e+00 7.159493255615234375e+01
-1.827966690063476562e+01 8.154629707336425781e+00 6.948593902587890625e+01
-1.211739730834960938e+01 8.701356887817382812e+00 7.234503936767578125e+01
-1.818862533569335938e+01 7.982325553894042969e+00 7.131008148193359375e+01
-1.701896476745605469e+01 7.982639312744140625e+00 6.989998626708984375e+01
-1.680154609680175781e+01 8.005797386169433594e+00 7.234501647949218750e+01
-1.812763786315917969e+01 7.921266555786132812e+00 7.055040740966796875e+01
-1.414625167846679688e+01 8.035026550292968750e+00 6.990010070800781250e+01
-1.779687118530273438e+01 7.887796401977539062e+00 7.159479522705078125e+01
-1.738974761962890625e+01 7.863385200500488281e+00 7.090010833740234375e+01
-1.535567569732666016e+01 7.838181495666503906e+00 7.234501647949218750e+01
-1.802347373962402344e+01 7.844023704528808594e+00 7.097908782958984375e+01
-1.653849792480468750e+01 7.796971321105957031e+00 6.990002441406250000e+01
-1.733705520629882812e+01 7.760894775390625000e+00 7.234502410888671875e+01
-1.791681480407714844e+01 7.794837951660156250e+00 7.036527252197265625e+01
-1.738974761962890625e+01 7.863385200500488281e+00 7.090010833740234375e+01
-1.792546081542968750e+01 7.771336078643798828e+00 7.134274291992187500e+01
-1.725022315979003906e+01 7.708608150482177734e+00 6.990006256103515625e+01
-1.639483070373535156e+01 7.557594776153564453e+00 7.234503173828125000e+01
-1.782157135009765625e+01 7.776733398437500000e+00 7.080074310302734375e+01
-1.562456035614013672e+01 7.423010826110839844e+00 6.990002441406250000e+01
-1.761511611938476562e+01 7.688935756683349609e+00 7.159481048583984375e+01
-1.784526062011718750e+01 7.576916694641113281e+00 6.990143585205078125e+01
-1.398391246795654297e+01 6.814628601074218750e+00 7.234503936767578125e+01
-1.792586135864257812e+01 7.689138889312744141e+00 7.108998870849609375e+01
-1.685968208312988281e+01 7.491173744201660156e+00 6.990339660644531250e+01
-1.701639747619628906e+01 7.335747241973876953e+00 7.234503936767578125e+01
-1.755892944335937500e+01 7.787127017974853516e+00 7.079015350341796875e+01
-1.139756393432617188e+01 5.415542602539062500e+00 6.990036773681640625e+01
-1.792587280273437500e+01 7.490455150604248047e+00 7.158543395996093750e+01
-1.746769142150878906e+01 7.406977653503417969e+00 6.990003204345703125e+01
-1.584302902221679688e+01 6.842735767364501953e+00 7.234503173828125000e+01
-1.752550697326660156e+01 7.794102191925048828e+00 7.089878082275390625e+01
-1.627637100219726562e+01 7.056088447570800781e+00 6.989996337890625000e+01
-1.753077697753906250e+01 7.036421775817871094e+00 7.234503936767578125e+01
-1.814119529724121094e+01 7.111470222473144531e+00 6.989991760253906250e+01
-9.661806106567382812e+00 2.880280971527099609e+00 7.234496307373046875e+01
-1.792586517333984375e+01 7.441443443298339844e+00 7.123384094238281250e+01
-1.711042594909667969e+01 7.132215499877929688e+00 6.990007019042968750e+01
-1.665711593627929688e+01 6.661058425903320312e+00 7.234503936767578125e+01
-2.004726219177246094e+01 5.642068386077880859e+00 6.990009307861328125e+01
-1.489836311340332031e+01 5.648693561553955078e+00 6.990003967285156250e+01
-1.752583312988281250e+01 7.589596748352050781e+00 7.118367767333984375e+01
-1.769275856018066406e+01 6.902735233306884766e+00 6.989999389648437500e+01
-1.495157718658447266e+01 5.108782768249511719e+00 7.234503936767578125e+01
-1.752583312988281250e+01 7.720296859741210938e+00 7.092863464355468750e+01
-1.667189598083496094e+01 6.519455909729003906e+00 6.989992523193359375e+01
-1.721682167053222656e+01 6.174436569213867188e+00 7.234503936767578125e+01
-1.855307769775390625e+01 5.965060710906982422e+00 6.990007781982421875e+01
-4.389894008636474609e-01 -1.459133911132812500e+01 7.036474609375000000e+01
-1.752227973937988281e+01 7.599865436553955078e+00 7.102944946289062500e+01
-1.733372306823730469e+01 6.322841644287109375e+00 6.990008544921875000e+01
-1.620768547058105469e+01 4.736920833587646484e+00 7.234503936767578125e+01
-2.431152534484863281e+01 -5.015458583831787109e+00 6.989994812011718750e+01
-1.592220878601074219e+01 4.218238830566406250e+00 6.990013885498046875e+01
-1.752584648132324219e+01 6.476113796234130859e+00 7.147866821289062500e+01
-1.794989585876464844e+01 4.722697734832763672e+00 6.990007781982421875e+01
-1.543957042694091797e+01 8.603132367134094238e-01 7.154329681396484375e+01
-1.752584648132324219e+01 7.132133483886718750e+00 7.096138763427734375e+01
-1.738974761962890625e+01 8.603372573852539062e-01 7.090010833740234375e+01
