-9.764723777770996094e+00 4.603267312049865723e-01 7.090008544921875000e+01
-9.773591041564941406e+00 4.592071771621704102e-01 7.090821075439453125e+01
-9.676954269409179688e+00 3.823987007141113281e+00 6.990000152587890625e+01
-9.751392364501953125e+00 4.603272378444671631e-01 7.091747283935546875e+01
-9.789911270141601562e+00 4.599930942058563232e-01 7.089562988281250000e+01
-8.192726135253906250e+00 4.224543571472167969e+00 6.990010833740234375e+01
-9.773187637329101562e+00 4.603267312049865723e-01 7.093157196044921875e+01
-1.028409862518310547e+01 2.287473917007446289e+00 6.990006256103515625e+01
-9.728058815002441406e+00 4.603278636932373047e-01 7.091347503662109375e+01
-9.803720474243164062e+00 4.603257477283477783e-01 7.091618347167968750e+01
-9.296797752380371094e+00 1.862035155296325684e+00 6.990015411376953125e+01
-9.750203132629394531e+00 4.603274762630462646e-01 7.094638061523437500e+01
-1.149053001403808594e+01 2.715290307998657227e+00 6.989994812011718750e+01
-5.216042041778564453e+00 5.484309673309326172e+00 6.990007019042968750e+01
-9.798275947570800781e+00 4.603261351585388184e-01 7.094780731201171875e+01
-9.894301414489746094e+00 1.380286335945129395e+00 6.990014648437500000e+01
-9.714784622192382812e+00 4.603284597396850586e-01 7.094217681884765625e+01
-9.833477973937988281e+00 4.601902961730957031e-01 7.090293121337890625e+01
-8.759879112243652344e+00 1.569761157035827637e+00 6.990013122558593750e+01
-9.768268585205078125e+00 4.603271782398223877e-01 7.097674560546875000e+01
-1.059920215606689453e+01 1.366892814636230469e+00 6.990010070800781250e+01
-9.680226325988769531e+00 4.603292047977447510e-01 7.091145324707031250e+01
-9.838478088378906250e+00 4.603250324726104736e-01 7.095140075683593750e+01
-9.539765357971191406e+00 1.049940347671508789e+00 6.990012359619140625e+01
-9.715060234069824219e+00 4.603287577629089355e-01 7.098675537109375000e+01
-1.289927196502685547e+01 2.274432182312011719e+00 6.990007781982421875e+01
-7.600380897521972656e+00 1.686347246170043945e+00 6.990010070800781250e+01
-9.810141563415527344e+00 4.603262245655059814e-01 7.100860595703125000e+01
-1.012438583374023438e+01 9.127129912376403809e-01 6.990013122558593750e+01
-9.647917747497558594e+00 4.603304862976074219e-01 7.096147918701171875e+01
-9.890729904174804688e+00 4.561415314674377441e-01 7.093330383300781250e+01
-9.121745109558105469e+00 8.793250322341918945e-01 6.990010833740234375e+01
-9.737817764282226562e+00 4.603286087512969971e-01 7.105664062500000000e+01
-1.105594062805175781e+01 9.777014255523681641e-01 6.990009307861328125e+01
2.306595563888549805e+00 4.393993377685546875e+00 6.990000152587890625e+01
-9.897788047790527344e+00 4.603234827518463135e-01 7.104392242431640625e+01
-9.759845733642578125e+00 6.837603449821472168e-01 6.990010833740234375e+01
-9.610151290893554688e+00 4.603323340415954590e-01 7.107048034667968750e+01
-2.055369949340820312e+01 2.988376379013061523e+00 6.990016937255859375e+01
-8.447134017944335938e+00 7.593315243721008301e-01 6.990008544921875000e+01
-9.819672584533691406e+00 4.603273570537567139e-01 7.120213317871093750e+01
-1.039398670196533203e+01 6.062303781509399414e-01 6.990012359619140625e+01
-9.386919975280761719e+00 4.603381454944610596e-01 7.100362396240234375e+01
-1.016784191131591797e+01 4.603089690208435059e-01 7.110695648193359375e+01
-9.393989562988281250e+00 5.195296406745910645e-01 6.990009307861328125e+01
-9.516791343688964844e+00 4.603188037872314453e-01 7.150912475585937500e+01
-1.187473392486572266e+01 5.658043026924133301e-01 6.990011596679687500e+01
-6.520967483520507812e+00 5.719458460807800293e-01 6.990000152587890625e+01
-1.061149883270263672e+01 4.510634541511535645e-01 7.234495544433593750e+01
-9.979458808898925781e+00 4.106227159500122070e-01 6.990010070800781250e+01
-8.786651611328125000e+00 3.881720602512359619e-01 7.159486389160156250e+01
-1.532308483123779297e+01 2.304749190807342529e-01 7.159281158447265625e+01
-9.764719009399414062e+00 4.002907276153564453e-01 7.090007781982421875e+01
-9.739385604858398438e+00 3.510071337223052979e-01 7.159489440917968750e+01
-9.764729499816894531e+00 4.002903401851654053e-01 7.090007781982421875e+01
-9.764723777770996094e+00 4.002911150455474854e-01 7.090008544921875000e+01
-1.060546207427978516e+01 2.558310925960540771e-01 7.159474182128906250e+01
-9.764722824096679688e+00 4.002901911735534668e-01 7.090007781982421875e+01
-9.286288261413574219e+00 2.532424628734588623e-01 7.159492492675781250e+01
-9.764749526977539062e+00 4.002859294414520264e-01 7.090007781982421875e+01
-9.764713287353515625e+00 4.002884924411773682e-01 7.090007781982421875e+01
-9.990112304687500000e+00 2.258267402648925781e-01 7.159484863281250000e+01
-9.764726638793945312e+00 4.002894163131713867e-01 7.090007781982421875e+01
-8.127257347106933594e+00 -1.039331480860710144e-01 7.159477996826171875e+01
-1.172679424285888672e+01 -2.374146431684494019e-01 7.159500885009765625e+01
-9.764720916748046875e+00 4.002889096736907959e-01 7.090007781982421875e+01
-9.585186958312988281e+00 1.465596705675125122e-01 7.159492492675781250e+01
-9.764733314514160156e+00 4.002870023250579834e-01 7.090007781982421875e+01
-9.764688491821289062e+00 4.002765715122222900e-01 7.090007781982421875e+01
-1.030818653106689453e+01 2.225689962506294250e-02 7.159479522705078125e+01
-9.764723777770996094e+00 4.002884030342102051e-01 7.090007781982421875e+01
-9.020915031433105469e+00 -9.053389728069305420e-02 7.159494018554687500e+01
-9.765333175659179688e+00 3.999803066253662109e-01 7.090007781982421875e+01
-9.764717102050781250e+00 4.002863168716430664e-01 7.090007781982421875e+01
-9.832536697387695312e+00 2.651049522683024406e-03 7.159487152099609375e+01
-9.764728546142578125e+00 4.002866446971893311e-01 7.090007781982421875e+01
-8.524071693420410156e+00 -3.997015655040740967e-01 7.113204193115234375e+01
-1.077703094482421875e+01 -3.964283168315887451e-01 7.153024291992187500e+01
-9.764721870422363281e+00 4.002867639064788818e-01 7.090007781982421875e+01
-9.412409782409667969e+00 -1.778935790061950684e-01 7.159493255615234375e+01
-9.764739990234375000e+00 4.002779126167297363e-01 7.090007781982421875e+01
-9.764708518981933594e+00 4.002779424190521240e-01 7.090007781982421875e+01
-1.009813880920410156e+01 -2.705000638961791992e-01 7.159483337402343750e+01
-9.764725685119628906e+00 4.002853929996490479e-01 7.090007781982421875e+01
-9.056632041931152344e+00 -3.996990621089935303e-01 7.131971740722656250e+01
-1.052556705474853516e+01 -3.997084796428680420e-01 7.105958557128906250e+01
-9.764719963073730469e+00 4.002831280231475830e-01 7.090007781982421875e+01
-9.682816505432128906e+00 -3.996928334236145020e-01 7.158448791503906250e+01
-9.764730453491210938e+00 4.002798199653625488e-01 7.090007781982421875e+01
-9.764534950256347656e+00 4.000408947467803955e-01 7.090007781982421875e+01
-1.016706752777099609e+01 -3.997135162353515625e-01 7.129273223876953125e+01
-9.764723777770996094e+00 4.002819657325744629e-01 7.090007781982421875e+01
-9.462779045104980469e+00 -3.983307182788848877e-01 7.126918029785156250e+01
-9.764764785766601562e+00 4.002145528793334961e-01 7.090007781982421875e+01
-9.764715194702148438e+00 4.002694487571716309e-01 7.090007781982421875e+01
-9.843210220336914062e+00 -3.997204899787902832e-01 7.123372650146484375e+01
-9.764726638793945312e+00 4.002724587917327881e-01 7.090007781982421875e+01
-9.541944503784179688e+00 -3.997070789337158203e-01 7.097356414794921875e+01
-9.913623809814453125e+00 -3.997338712215423584e-01 7.096712493896484375e+01
-9.764723777770996094e+00 -1.717464327812194824e-01 7.090008544921875000e+01
