-1.072831726074218750e+01 -8.597227334976196289e-01 7.090007781982421875e+01
-1.078852272033691406e+01 -4.597030282020568848e-01 7.095523071289062500e+01
-1.064054965972900391e+01 2.563897848129272461e+00 6.990001678466796875e+01
-1.063949012756347656e+01 -4.596978127956390381e-01 7.101593780517578125e+01
-1.638173294067382812e+01 1.254076576232910156e+01 6.990007019042968750e+01
-9.156303405761718750e+00 2.964567661285400391e+00 6.990009307861328125e+01
-1.078471088409423828e+01 -4.596974253654479980e-01 7.110985565185546875e+01
-1.124767780303955078e+01 1.027407526969909668e+00 6.990007781982421875e+01
-1.048402023315429688e+01 -4.596977829933166504e-01 7.098929595947265625e+01
-1.098815441131591797e+01 -4.597052633762359619e-01 7.100733184814453125e+01
-1.026037883758544922e+01 6.020592451095581055e-01 6.990012359619140625e+01
-1.063156700134277344e+01 -4.596942961215972900e-01 7.120853424072265625e+01
-1.245385074615478516e+01 1.454910278320312500e+00 6.990009307861328125e+01
-6.179992675781250000e+00 4.223896026611328125e+00 6.990013885498046875e+01
-1.095187950134277344e+01 -4.596969485282897949e-01 7.121807098388671875e+01
-1.085789775848388672e+01 1.202974617481231689e-01 6.990010833740234375e+01
-1.039557838439941406e+01 -4.596976935863494873e-01 7.118051147460937500e+01
-1.118746566772460938e+01 -4.597079157829284668e-01 7.091906738281250000e+01
-9.723441123962402344e+00 3.097829818725585938e-01 6.990009307861328125e+01
-1.075193691253662109e+01 -4.596911966800689697e-01 7.141088104248046875e+01
-1.156277465820312500e+01 1.068551838397979736e-01 6.990011596679687500e+01
-1.016533374786376953e+01 -4.597050249576568604e-01 7.097583007812500000e+01
-1.121975517272949219e+01 -4.597078561782836914e-01 7.124200439453125000e+01
-1.050335311889648438e+01 -2.100567966699600220e-01 6.990009307861328125e+01
-1.039741420745849609e+01 -4.596945643424987793e-01 7.147754669189453125e+01
-1.386297225952148438e+01 1.014482021331787109e+00 6.990003967285156250e+01
-8.565034866333007812e+00 4.257030785083770752e-01 6.990058898925781250e+01
-1.101904773712158203e+01 -4.754243493080139160e-01 7.159476470947265625e+01
-1.108798694610595703e+01 -3.472907841205596924e-01 6.990010833740234375e+01
-9.950089454650878906e+00 -4.597076475620269775e-01 7.130908966064453125e+01
-1.163082313537597656e+01 -4.596984982490539551e-01 7.113797760009765625e+01
-1.008532428741455078e+01 -3.806788325309753418e-01 6.990007781982421875e+01
-1.060890769958496094e+01 -5.932746529579162598e-01 7.159488677978515625e+01
-1.201950454711914062e+01 -2.823255360126495361e-01 6.990010833740234375e+01
1.343515157699584961e+00 3.134149074554443359e+00 6.989994812011718750e+01
-1.137101840972900391e+01 -5.697665810585021973e-01 7.159481811523437500e+01
-1.072343921661376953e+01 -5.762499570846557617e-01 6.990009307861328125e+01
-1.009808635711669922e+01 -6.149193048477172852e-01 7.159481811523437500e+01
-1.073567581176757812e+01 -8.579576611518859863e-01 7.089939880371093750e+01
-9.410702705383300781e+00 -5.006757378578186035e-01 6.990005493164062500e+01
-1.085472011566162109e+01 -7.216176986694335938e-01 7.159489440917968750e+01
-1.135758495330810547e+01 -6.537817716598510742e-01 6.990010833740234375e+01
-8.211621284484863281e+00 -4.597264826297760010e-01 7.158979797363281250e+01
-1.208217716217041016e+01 -6.581547260284423828e-01 7.159485626220703125e+01
-1.035758018493652344e+01 -7.404833436012268066e-01 6.990007781982421875e+01
-1.044546604156494141e+01 -7.912408113479614258e-01 7.159489440917968750e+01
-1.283836936950683594e+01 -6.942063570022583008e-01 6.990008544921875000e+01
-7.484592437744140625e+00 -6.880698204040527344e-01 6.990000152587890625e+01
-1.113554573059082031e+01 -8.353055715560913086e-01 7.159494018554687500e+01
-1.094305229187011719e+01 -8.493912220001220703e-01 6.990009307861328125e+01
-8.694320678710937500e+00 -8.849256038665771484e-01 7.234493255615234375e+01
-2.232137107849121094e+01 -1.213907837867736816e+00 7.234489440917968750e+01
-9.877124786376953125e+00 -9.261321425437927246e-01 6.990006256103515625e+01
-1.067562580108642578e+01 -9.622108340263366699e-01 7.234496307373046875e+01
-1.171375656127929688e+01 -9.878837466239929199e-01 6.990010833740234375e+01
-1.072831726074218750e+01 -8.597228527069091797e-01 7.090007781982421875e+01
-1.247707653045654297e+01 -1.160203933715820312e+00 7.234499359130859375e+01
-1.058879947662353516e+01 -1.014491915702819824e+00 6.990007781982421875e+01
-9.733437538146972656e+00 -1.165502190589904785e+00 7.234494781494140625e+01
-1.507457065582275391e+01 -1.731861472129821777e+00 6.990001678466796875e+01
-8.963194847106933594e+00 -1.300080895423889160e+00 6.990003204345703125e+01
-1.119705581665039062e+01 -1.222555160522460938e+00 7.234497070312500000e+01
-1.118442821502685547e+01 -1.146567821502685547e+00 6.990009307861328125e+01
-7.322684288024902344e+00 -1.908417463302612305e+00 7.234491729736328125e+01
-1.480803871154785156e+01 -2.185700893402099609e+00 7.234503173828125000e+01
-1.019649696350097656e+01 -1.233166098594665527e+00 6.990006256103515625e+01
-1.035497951507568359e+01 -1.387343764305114746e+00 7.234496307373046875e+01
-1.226694488525390625e+01 -1.553255915641784668e+00 6.990010833740234375e+01
-4.733932495117187500e+00 -3.308464288711547852e+00 6.989997100830078125e+01
-1.185865402221679688e+01 -1.645987868309020996e+00 7.234498596191406250e+01
-1.080625534057617188e+01 -1.316095113754272461e+00 6.990007781982421875e+01
-9.181658744812011719e+00 -1.880332946777343750e+00 7.234494781494140625e+01
-2.880780220031738281e+01 -1.008631134033203125e+01 7.072367858886718750e+01
-9.615058898925781250e+00 -1.666933774948120117e+00 6.990003967285156250e+01
-1.086934185028076172e+01 -1.686664462089538574e+00 7.234497070312500000e+01
-1.147960853576660156e+01 -1.611480951309204102e+00 6.990009307861328125e+01
-3.000882148742675781e+00 -5.842500209808349609e+00 7.234484100341796875e+01
-1.304950332641601562e+01 -2.686573028564453125e+00 7.234500885009765625e+01
-1.044900417327880859e+01 -1.590870022773742676e+00 6.990007019042968750e+01
-9.995709419250488281e+00 -2.062011957168579102e+00 7.234496307373046875e+01
-1.338572883605957031e+01 -3.080953598022460938e+00 6.990010070800781250e+01
-8.236960411071777344e+00 -3.074389934539794922e+00 6.990001678466796875e+01
-1.142173671722412109e+01 -2.254802227020263672e+00 7.234498596191406250e+01
-1.103129291534423828e+01 -1.820262908935546875e+00 6.990007781982421875e+01
-8.290294647216796875e+00 -3.614159107208251953e+00 7.234491729736328125e+01
-1.762032508850097656e+01 -8.106424331665039062e+00 7.234492492675781250e+01
-1.001057529449462891e+01 -2.203446149826049805e+00 6.990004730224609375e+01
-1.055539608001708984e+01 -2.548629760742187500e+00 7.234497070312500000e+01
-1.189160537719726562e+01 -2.757978677749633789e+00 6.990008544921875000e+01
-3.733672499656677246e-01 -1.457695865631103516e+01 7.057302856445312500e+01
-1.220891189575195312e+01 -3.803679227828979492e+00 7.234499359130859375e+01
-1.067229366302490234e+01 -2.400254249572753906e+00 6.990006256103515625e+01
-9.546314239501953125e+00 -3.986033201217651367e+00 7.234494018554687500e+01
-1.764962005615234375e+01 -1.373768424987792969e+01 6.989998626708984375e+01
-9.260633468627929688e+00 -4.505227565765380859e+00 6.990000915527343750e+01
-1.106821250915527344e+01 -4.324290275573730469e+00 7.234496307373046875e+01
-1.128846549987792969e+01 -4.000406265258789062e+00 6.990005493164062500e+01
-6.914681434631347656e+00 -1.455446052551269531e+01 7.215785980224609375e+01
-1.327185726165771484e+01 -1.452595043182373047e+01 7.204528045654296875e+01
-1.072831726074218750e+01 -1.459019947052001953e+01 7.090007781982421875e+01
