2.520973587036132812e+01 1.462226963043212891e+01 7.090013122558593750e+01
2.363261222839355469e+01 5.909914970397949219e+00 7.234490203857421875e+01
2.529751968383789062e+01 -1.144567728042602539e+00 6.989987945556640625e+01
2.631731605529785156e+01 4.190334081649780273e-01 7.234477233886718750e+01
1.955606079101562500e+01 8.832268714904785156e+00 6.990007781982421875e+01
2.678197860717773438e+01 -7.439870834350585938e-01 6.990000152587890625e+01
2.482136154174804688e+01 -1.813907504081726074e+00 7.234486389160156250e+01
2.469031143188476562e+01 -2.681472301483154297e+00 6.990000915527343750e+01
2.867318153381347656e+01 1.102386713027954102e+00 7.216497802734375000e+01
2.170979309082031250e+01 8.193087577819824219e-01 7.234485626220703125e+01
2.605209350585937500e+01 -1.937409877777099609e+00 6.910005950927734375e+01
2.566288948059082031e+01 -2.695195913314819336e+00 7.234485626220703125e+01
2.348410606384277344e+01 -2.254073143005371094e+00 6.990009307861328125e+01
2.889117050170898438e+01 -4.541308879852294922e-01 7.009077453613281250e+01
2.419402122497558594e+01 -2.751391887664794922e+00 7.234487915039062500e+01
2.508013725280761719e+01 -3.588682413101196289e+00 6.990003204345703125e+01
2.692393112182617188e+01 -2.507997035980224609e+00 7.234485626220703125e+01
1.950599479675292969e+01 4.003235995769500732e-01 7.113600158691406250e+01
2.726250267028808594e+01 -2.179760456085205078e+00 6.885735321044921875e+01
2.514292907714843750e+01 -3.437365055084228516e+00 7.234490966796875000e+01
2.437523841857910156e+01 -3.602210998535156250e+00 6.990012359619140625e+01
2.889472579956054688e+01 -1.950529813766479492e+00 7.139594268798828125e+01
2.421137619018554688e+01 -3.756201028823852539e+00 7.159476470947265625e+01
2.543473052978515625e+01 -3.919080257415771484e+00 6.990000915527343750e+01
2.603762817382812500e+01 -3.567997694015502930e+00 7.234491729736328125e+01
2.520973396301269531e+01 -4.568833827972412109e+00 7.090013122558593750e+01
2.737434387207031250e+01 -3.282621622085571289e+00 6.990002441406250000e+01
2.460507774353027344e+01 -3.769574165344238281e+00 7.234493255615234375e+01
2.485003471374511719e+01 -4.056357383728027344e+00 6.990007019042968750e+01
2.795871543884277344e+01 -3.155838489532470703e+00 7.234491729736328125e+01
2.317765617370605469e+01 -3.668141126632690430e+00 7.143578338623046875e+01
2.654316329956054688e+01 -3.575401782989501953e+00 6.882634735107421875e+01
2.545803833007812500e+01 -4.014779567718505859e+00 7.234492492675781250e+01
2.392482566833496094e+01 -3.994244337081909180e+00 6.990502166748046875e+01
2.876634025573730469e+01 -3.392160177230834961e+00 7.060547637939453125e+01
2.456712150573730469e+01 -4.278917789459228516e+00 7.159477996826171875e+01
2.521461486816406250e+01 -4.285337924957275391e+00 6.990006256103515625e+01
2.652035903930664062e+01 -4.059742450714111328e+00 7.234490203857421875e+01
2.520973396301269531e+01 -4.568834304809570312e+00 7.090013122558593750e+01
2.803480148315429688e+01 -3.799010276794433594e+00 6.875600433349609375e+01
2.494689559936523438e+01 -4.281660556793212891e+00 7.234493255615234375e+01
2.458043098449707031e+01 -4.362881183624267578e+00 6.990010070800781250e+01
2.873124885559082031e+01 -4.009135723114013672e+00 7.186523437500000000e+01
2.388612174987792969e+01 -4.371769905090332031e+00 7.157939147949218750e+01
2.558050918579101562e+01 -4.449583530426025391e+00 6.990003204345703125e+01
2.579788208007812500e+01 -4.426436901092529297e+00 7.234489440917968750e+01
2.309959602355957031e+01 -4.403311252593994141e+00 6.990009307861328125e+01
2.845360565185546875e+01 -4.397173881530761719e+00 6.990000915527343750e+01
2.480266380310058594e+01 -4.544426918029785156e+00 7.159472656250000000e+01
2.499498558044433594e+01 -4.558502197265625000e+00 6.990007019042968750e+01
2.724355888366699219e+01 -4.594035148620605469e+00 7.234486389160156250e+01
2.411189270019531250e+01 -4.602375507354736328e+00 7.103695678710937500e+01
2.606108093261718750e+01 -4.635255813598632812e+00 6.989993286132812500e+01
2.523506736755371094e+01 -4.618105411529541016e+00 7.159474945068359375e+01
2.422800445556640625e+01 -4.696513652801513672e+00 6.990392303466796875e+01
2.875890541076660156e+01 -4.966162204742431641e+00 7.108160400390625000e+01
2.436907005310058594e+01 -4.713282108306884766e+00 7.159473419189453125e+01
2.520983505249023438e+01 -4.568944931030273438e+00 7.089942169189453125e+01
2.620451164245605469e+01 -4.874582290649414062e+00 7.234485626220703125e+01
2.086323928833007812e+01 -5.441021919250488281e+00 6.990000915527343750e+01
2.697510719299316406e+01 -5.009254932403564453e+00 6.989994049072265625e+01
2.498438835144042969e+01 -4.743267059326171875e+00 7.159476470947265625e+01
2.520947074890136719e+01 -4.569001674652099609e+00 7.089955139160156250e+01
2.851450729370117188e+01 -5.586471557617187500e+00 7.230218505859375000e+01
2.435587501525878906e+01 -4.846354007720947266e+00 7.120255279541015625e+01
2.574161148071289062e+01 -4.942317008972167969e+00 6.990001678466796875e+01
2.538923072814941406e+01 -4.822505950927734375e+00 7.159481048583984375e+01
2.520833396911621094e+01 -4.569467067718505859e+00 7.089922332763671875e+01
2.868661499023437500e+01 -5.989160060882568359e+00 7.032004547119140625e+01
2.466628456115722656e+01 -4.946860790252685547e+00 7.159482574462890625e+01
2.520962715148925781e+01 -4.569474697113037109e+00 7.089872741699218750e+01
2.675618362426757812e+01 -5.589305877685546875e+00 7.234480285644531250e+01
2.520972442626953125e+01 -4.568840980529785156e+00 7.090013122558593750e+01
2.632302284240722656e+01 -5.376066684722900391e+00 6.990007019042968750e+01
2.514193153381347656e+01 -4.966430664062500000e+00 7.159484100341796875e+01
2.520973587036132812e+01 -4.568835258483886719e+00 7.090013122558593750e+01
2.857612991333007812e+01 -6.739540576934814453e+00 7.152953338623046875e+01
2.457661437988281250e+01 -5.067122459411621094e+00 7.129425048828125000e+01
2.521026992797851562e+01 -4.570233345031738281e+00 7.089821624755859375e+01
2.556197166442871094e+01 -5.146891117095947266e+00 7.159482574462890625e+01
2.520973587036132812e+01 -4.568835258483886719e+00 7.090013122558593750e+01
2.614625549316406250e+01 -5.401345252990722656e+00 7.052420043945312500e+01
2.487630271911621094e+01 -5.239661693572998047e+00 7.159491729736328125e+01
2.520973587036132812e+01 -4.568835258483886719e+00 7.090013122558593750e+01
2.637100028991699219e+01 -5.880811691284179688e+00 7.158833312988281250e+01
2.465821838378906250e+01 -5.148736000061035156e+00 7.101575469970703125e+01
2.520973587036132812e+01 -4.568835258483886719e+00 7.090013122558593750e+01
2.529287910461425781e+01 -5.380898475646972656e+00 7.159487152099609375e+01
2.520973587036132812e+01 -4.568835258483886719e+00 7.090013122558593750e+01
2.520973968505859375e+01 -4.568839550018310547e+00 7.090013122558593750e+01
2.483113288879394531e+01 -5.321632385253906250e+00 7.126960754394531250e+01
2.520973587036132812e+01 -4.568835258483886719e+00 7.090013122558593750e+01
2.577531623840332031e+01 -6.064754486083984375e+00 7.159149169921875000e+01
2.520973587036132812e+01 -4.568836212158203125e+00 7.090013122558593750e+01
2.520973587036132812e+01 -4.568836212158203125e+00 7.090013122558593750e+01
2.510865783691406250e+01 -5.599133968353271484e+00 7.132981109619140625e+01
2.520973587036132812e+01 -4.568835735321044922e+00 7.090013122558593750e+01
2.574639320373535156e+01 -6.495969772338867188e+00 7.107712554931640625e+01
2.503220367431640625e+01 -5.522705078125000000e+00 7.098006439208984375e+01
2.520973587036132812e+01 -4.568835735321044922e+00 7.090013122558593750e+01
