2.438112068176269531e+01 1.462803363800048828e+01 7.089994812011718750e+01
2.438112068176269531e+01 -3.740233659744262695e+00 7.089994812011718750e+01
2.446888351440429688e+01 -3.168007731437683105e-01 6.989994049072265625e+01
2.438112068176269531e+01 -3.740233659744262695e+00 7.089994812011718750e+01
1.876511383056640625e+01 9.571585655212402344e+00 6.990655517578125000e+01
2.595319557189941406e+01 8.420767635107040405e-02 6.989992523193359375e+01
2.438112068176269531e+01 -3.740233659744262695e+00 7.089994812011718750e+01
2.386179542541503906e+01 -1.853233814239501953e+00 6.990001678466796875e+01
2.438112068176269531e+01 -3.740233659744262695e+00 7.089994812011718750e+01
2.438112068176269531e+01 -3.740233659744262695e+00 7.089994812011718750e+01
2.484907531738281250e+01 -2.278402805328369141e+00 6.989995574951171875e+01
2.438121032714843750e+01 -3.739863872528076172e+00 7.090023040771484375e+01
2.265578460693359375e+01 -1.425864100456237793e+00 6.990007781982421875e+01
2.890398025512695312e+01 1.314924001693725586e+00 6.990560913085937500e+01
2.438112068176269531e+01 -3.740233659744262695e+00 7.089994812011718750e+01
2.425155067443847656e+01 -2.760291576385498047e+00 6.990006256103515625e+01
2.438166809082031250e+01 -3.739576101303100586e+00 7.090040588378906250e+01
1.962846755981445312e+01 4.003258943557739258e-01 7.109648895263671875e+01
2.620046234130859375e+01 -1.622827529907226562e+00 6.908946228027343750e+01
2.438102340698242188e+01 -3.738600730895996094e+00 7.090203094482421875e+01
2.354677963256835938e+01 -2.773790121078491211e+00 6.990013122558593750e+01
2.438164710998535156e+01 -3.739859580993652344e+00 7.090001678466796875e+01
2.338252639770507812e+01 -2.927408933639526367e+00 7.159474182128906250e+01
2.460606384277343750e+01 -3.090629100799560547e+00 6.990005493164062500e+01
2.438208198547363281e+01 -3.739070892333984375e+00 7.090162658691406250e+01
2.125794029235839844e+01 -1.872889399528503418e+00 6.990357208251953125e+01
2.654541969299316406e+01 -2.454203367233276367e+00 6.989998626708984375e+01
2.437406730651855469e+01 -3.730911493301391602e+00 7.091680145263671875e+01
2.402150535583496094e+01 -3.227879762649536133e+00 6.990013122558593750e+01
2.438229179382324219e+01 -3.739631891250610352e+00 7.090056610107421875e+01
2.234904670715332031e+01 -2.839542388916015625e+00 7.143559265136718750e+01
2.502406883239746094e+01 -3.261222362518310547e+00 6.990001678466796875e+01
2.438180923461914062e+01 -3.738696336746215820e+00 7.090395355224609375e+01
2.309015655517578125e+01 -3.162936210632324219e+00 6.990015411376953125e+01
2.888118743896484375e+01 -2.251421451568603516e+00 7.052713012695312500e+01
2.373823356628417969e+01 -3.450193405151367188e+00 7.159488677978515625e+01
2.438599777221679688e+01 -3.456803321838378906e+00 6.990010833740234375e+01
2.438273811340332031e+01 -3.739605188369750977e+00 7.090173339843750000e+01
1.359164047241210938e+01 -1.152027487754821777e+00 6.989997863769531250e+01
2.716669082641601562e+01 -2.981171846389770508e+00 6.878579711914062500e+01
2.437975692749023438e+01 -3.738744497299194336e+00 7.090744018554687500e+01
2.375196456909179688e+01 -3.534328937530517578e+00 6.990015411376953125e+01
2.438306236267089844e+01 -3.739924907684326172e+00 7.090048217773437500e+01
2.305186080932617188e+01 -3.542327880859375000e+00 7.158209991455078125e+01
2.475181007385253906e+01 -3.621009349822998047e+00 6.990007781982421875e+01
2.438250350952148438e+01 -3.739898920059204102e+00 7.090334320068359375e+01
2.227140998840332031e+01 -3.574743986129760742e+00 6.990011596679687500e+01
2.762433815002441406e+01 -3.568607568740844727e+00 6.990003204345703125e+01
2.397389221191406250e+01 -3.715816259384155273e+00 7.159481048583984375e+01
2.416642570495605469e+01 -3.729903936386108398e+00 6.990015411376953125e+01
2.438332939147949219e+01 -3.740261077880859375e+00 7.090151977539062500e+01
2.328326606750488281e+01 -3.773774862289428711e+00 7.103677368164062500e+01
2.523223686218261719e+01 -3.806637048721313477e+00 6.990002441406250000e+01
2.440645790100097656e+01 -3.789517641067504883e+00 7.159475708007812500e+01
2.438085365295410156e+01 -3.740268468856811523e+00 7.089967346191406250e+01
2.438374137878417969e+01 -3.740527153015136719e+00 7.090008544921875000e+01
2.354017257690429688e+01 -3.884729862213134766e+00 7.159477996826171875e+01
2.438118934631347656e+01 -3.740310668945312500e+00 7.089945220947265625e+01
2.438295936584472656e+01 -3.740798950195312500e+00 7.090261840820312500e+01
2.437468528747558594e+01 -3.741524934768676758e+00 7.089846801757812500e+01
2.809473037719726562e+01 -4.666695594787597656e+00 6.879596710205078125e+01
2.415571403503417969e+01 -3.914711713790893555e+00 7.159476470947265625e+01
2.438076019287109375e+01 -3.740460634231567383e+00 7.089915466308593750e+01
2.438380813598632812e+01 -3.741060972213745117e+00 7.090108489990234375e+01
2.352725219726562500e+01 -4.017755031585693359e+00 7.120236968994140625e+01
2.491287422180175781e+01 -4.113630294799804688e+00 6.990006256103515625e+01
2.456066131591796875e+01 -3.993969440460205078e+00 7.159480285644531250e+01
2.437892341613769531e+01 -3.741224050521850586e+00 7.089852142333984375e+01
2.875954437255859375e+01 -5.528845787048339844e+00 7.016944885253906250e+01
2.383758926391601562e+01 -4.118315696716308594e+00 7.159474182128906250e+01
2.438102722167968750e+01 -3.740777492523193359e+00 7.089875793457031250e+01
2.438326072692871094e+01 -3.741645336151123047e+00 7.090194702148437500e+01
2.437433624267578125e+01 -3.743695735931396484e+00 7.089987945556640625e+01
2.549419403076171875e+01 -4.547310829162597656e+00 6.990007781982421875e+01
2.431330299377441406e+01 -4.137906551361083984e+00 7.159479522705078125e+01
2.437999153137207031e+01 -3.741363763809204102e+00 7.089844512939453125e+01
2.438418960571289062e+01 -3.742212772369384766e+00 7.090052032470703125e+01
2.374800872802734375e+01 -4.238513469696044922e+00 7.129405975341796875e+01
2.438154411315917969e+01 -3.741343259811401367e+00 7.089842987060546875e+01
2.473342514038085938e+01 -4.318404674530029297e+00 7.159477996826171875e+01
2.437785530090332031e+01 -3.742963314056396484e+00 7.089871978759765625e+01
2.629977035522460938e+01 -5.445798873901367188e+00 7.012977600097656250e+01
2.405034446716308594e+01 -4.405716896057128906e+00 7.158920288085937500e+01
2.438064193725585938e+01 -3.741754293441772461e+00 7.089836120605468750e+01
2.555370521545410156e+01 -5.064998626708984375e+00 7.159485626220703125e+01
2.382961654663085938e+01 -4.320119857788085938e+00 7.101556396484375000e+01
2.438220405578613281e+01 -3.742260932922363281e+00 7.089843750000000000e+01
2.446426773071289062e+01 -4.552333354949951172e+00 7.159471893310546875e+01
2.437957572937011719e+01 -3.742753982543945312e+00 7.089862060546875000e+01
2.438344001770019531e+01 -3.743305921554565430e+00 7.089987182617187500e+01
2.400252151489257812e+01 -4.493026733398437500e+00 7.126942443847656250e+01
2.438120269775390625e+01 -3.742463827133178711e+00 7.089849853515625000e+01
2.494628906250000000e+01 -5.235059738159179688e+00 7.159079742431640625e+01
2.437938690185546875e+01 -3.743461132049560547e+00 7.089969635009765625e+01
2.438229179382324219e+01 -3.743141174316406250e+00 7.089914703369140625e+01
2.428004264831542969e+01 -4.770529747009277344e+00 7.132962799072265625e+01
2.438060379028320312e+01 -3.743132591247558594e+00 7.089902496337890625e+01
2.481778335571289062e+01 -5.308288574218750000e+00 7.104396820068359375e+01
2.420359611511230469e+01 -4.694060802459716797e+00 7.097987365722656250e+01
2.438112068176269531e+01 -3.749793291091918945e+00 7.089994812011718750e+01
