6.923793315887451172e+00 2.910609764512628317e-04 7.089995574951171875e+01
6.803386211395263672e+00 4.003079235553741455e-01 7.101026153564453125e+01
7.011556148529052734e+00 3.023751497268676758e+00 6.989994049072265625e+01
7.101442813873291016e+00 4.003223776817321777e-01 7.113166809082031250e+01
1.271293282508850098e+00 1.299861526489257812e+01 6.990010833740234375e+01
8.495878219604492188e+00 3.424761056900024414e+00 6.989992523193359375e+01
6.811010837554931641e+00 4.003200531005859375e-01 7.131950378417968750e+01
6.404439926147460938e+00 1.487400650978088379e+00 6.989997100830078125e+01
7.412372589111328125e+00 4.003216922283172607e-01 7.107838439941406250e+01
6.404146671295166016e+00 4.002898633480072021e-01 7.111445617675781250e+01
7.391751289367675781e+00 1.062139749526977539e+00 6.989995574951171875e+01
7.117180347442626953e+00 3.998861610889434814e-01 7.151650238037109375e+01
5.198297023773193359e+00 1.914880633354187012e+00 6.989999389648437500e+01
1.147213745117187500e+01 4.683938026428222656e+00 6.990001678466796875e+01
6.476687431335449219e+00 4.003147184848785400e-01 7.153591918945312500e+01
6.794209957122802734e+00 5.803374648094177246e-01 6.989997100830078125e+01
7.589228630065917969e+00 4.002961516380310059e-01 7.146078491210937500e+01
6.005534648895263672e+00 4.002932608127593994e-01 7.093792724609375000e+01
7.928683757781982422e+00 7.698197960853576660e-01 6.989995574951171875e+01
6.891660690307617188e+00 1.445049792528152466e-01 7.159485626220703125e+01
6.089329719543457031e+00 5.668818950653076172e-01 6.989998626708984375e+01
8.049720764160156250e+00 4.003049433231353760e-01 7.105144500732421875e+01
5.940976619720458984e+00 4.002791345119476318e-01 7.158377075195312500e+01
7.148757457733154297e+00 2.499644458293914795e-01 6.989996337890625000e+01
7.322027206420898438e+00 8.172107487916946411e-02 7.159492492675781250e+01
3.789487838745117188e+00 1.474292993545532227e+00 6.990002441406250000e+01
9.088179588317871094e+00 8.863784670829772949e-01 6.989995574951171875e+01
6.633748531341552734e+00 -1.631058380007743835e-02 7.159300231933593750e+01
6.564122676849365234e+00 1.127307787537574768e-01 6.989997863769531250e+01
8.246010780334472656e+00 2.799269556999206543e-01 7.159487915039062500e+01
5.118901252746582031e+00 4.002927243709564209e-01 7.137571716308593750e+01
7.566776275634765625e+00 7.933370023965835571e-02 6.989997100830078125e+01
7.043228626251220703e+00 -1.331979781389236450e-01 7.159491729736328125e+01
5.632627010345458984e+00 1.776848733425140381e-01 6.990000152587890625e+01
1.899302291870117188e+01 3.593307256698608398e+00 6.990004730224609375e+01
6.280902385711669922e+00 -1.096611991524696350e-01 7.159490203857421875e+01
6.928671360015869141e+00 -1.162385717034339905e-01 6.990000152587890625e+01
7.554252147674560547e+00 -1.548108160495758057e-01 7.159494781494140625e+01
-3.852974653244018555e+00 2.185453653335571289e+00 6.990116882324218750e+01
8.241355895996093750e+00 -4.066997766494750977e-02 6.989997100830078125e+01
6.797375679016113281e+00 -2.615812718868255615e-01 7.159485626220703125e+01
6.294525623321533203e+00 -1.937620937824249268e-01 6.989998626708984375e+01
9.449551582336425781e+00 1.733653945848345757e-03 7.159216308593750000e+01
5.569828510284423828e+00 -1.981193125247955322e-01 7.159478759765625000e+01
7.294521331787109375e+00 -2.804664969444274902e-01 6.989997863769531250e+01
7.206724166870117188e+00 -3.312017321586608887e-01 7.159497070312500000e+01
4.813868045806884766e+00 -2.341965436935424805e-01 6.990002441406250000e+01
1.016719722747802734e+01 -2.280670553445816040e-01 6.989997863769531250e+01
6.516541481018066406e+00 -3.752844035625457764e-01 7.159485626220703125e+01
6.709060668945312500e+00 -3.893715739250183105e-01 6.989998626708984375e+01
6.923804283142089844e+00 -3.997032046318054199e-01 7.089996337890625000e+01
6.923735618591308594e+00 -3.997048437595367432e-01 7.089996337890625000e+01
7.774407386779785156e+00 -4.660672247409820557e-01 6.990061950683593750e+01
6.923793792724609375e+00 -3.997036218643188477e-01 7.089996337890625000e+01
5.938360214233398438e+00 -5.278632044792175293e-01 6.989999389648437500e+01
6.923819065093994141e+00 -3.997059762477874756e-01 7.089995574951171875e+01
6.923784255981445312e+00 -3.997046053409576416e-01 7.089996337890625000e+01
7.063307285308837891e+00 -5.544676184654235840e-01 6.989998626708984375e+01
6.923798561096191406e+00 -3.997046351432800293e-01 7.089996337890625000e+01
2.578336000442504883e+00 -1.271681904792785645e+00 6.990007781982421875e+01
8.688764572143554688e+00 -8.400235176086425781e-01 6.989999389648437500e+01
6.923790931701660156e+00 -3.997048735618591309e-01 7.089996337890625000e+01
6.467690467834472656e+00 -6.865429878234863281e-01 6.989999389648437500e+01
6.923805236816406250e+00 -3.997067213058471680e-01 7.089996337890625000e+01
6.923781394958496094e+00 -3.997069001197814941e-01 7.089996337890625000e+01
7.455587863922119141e+00 -7.731283307075500488e-01 6.989999389648437500e+01
6.923795223236083984e+00 -3.997055292129516602e-01 7.089996337890625000e+01
5.385194301605224609e+00 -1.093223214149475098e+00 6.990000915527343750e+01
1.291732215881347656e+01 -2.848094940185546875e+00 6.989998626708984375e+01
6.923788547515869141e+00 -3.997062742710113525e-01 7.089996337890625000e+01
6.845858097076416016e+00 -8.560598492622375488e-01 6.989999389648437500e+01
6.923798561096191406e+00 -3.997066915035247803e-01 7.089996337890625000e+01
6.806275844573974609e+00 -4.596762955188751221e-01 7.089881134033203125e+01
9.166429519653320312e+00 -2.025813102722167969e+00 6.888540649414062500e+01
6.923792839050292969e+00 -3.997063636779785156e-01 7.089996337890625000e+01
6.172522544860839844e+00 -1.151441335678100586e+00 6.990000152587890625e+01
6.923796653747558594e+00 -3.997051417827606201e-01 7.089995574951171875e+01
6.923788547515869141e+00 -3.997068107128143311e-01 7.089995574951171875e+01
7.203091621398925781e+00 -1.130811572074890137e+00 6.990000152587890625e+01
6.923795700073242188e+00 -3.997068405151367188e-01 7.089996337890625000e+01
4.266551017761230469e+00 -2.620792150497436523e+00 6.990004730224609375e+01
9.414875030517578125e+00 -2.614125251770019531e+00 6.990000915527343750e+01
6.923791408538818359e+00 -3.997069001197814941e-01 7.089996337890625000e+01
6.620831012725830078e+00 -1.360198855400085449e+00 6.990000152587890625e+01
6.923796176910400391e+00 -3.997062146663665771e-01 7.089995574951171875e+01
6.923791885375976562e+00 -3.997045457363128662e-01 7.089995574951171875e+01
8.348729133605957031e+00 -3.067400455474853516e+00 6.891458892822265625e+01
6.923793792724609375e+00 -3.997068405151367188e-01 7.089995574951171875e+01
5.760583877563476562e+00 -2.297831296920776367e+00 6.990003204345703125e+01
6.969059467315673828e+00 -4.596670269966125488e-01 7.089852905273437500e+01
6.923791885375976562e+00 -3.997060954570770264e-01 7.089995574951171875e+01
7.034139156341552734e+00 -3.433959245681762695e+00 6.893030548095703125e+01
6.923794269561767578e+00 -3.997060060501098633e-01 7.089995574951171875e+01
6.891741275787353516e+00 -4.593403339385986328e-01 7.089532470703125000e+01
8.391287803649902344e+00 -4.044738769531250000e+00 6.990001678466796875e+01
6.923792839050292969e+00 -3.997057974338531494e-01 7.089995574951171875e+01
6.363718032836914062e+00 -3.539979457855224609e+00 6.990006256103515625e+01
6.923793315887451172e+00 -3.997037708759307861e-01 7.089995574951171875e+01
6.923793315887451172e+00 -3.997037112712860107e-01 7.089995574951171875e+01
6.923793315887451172e+00 -4.597003757953643799e-01 7.089995574951171875e+01
