1.788553619384765625e+01 -6.562383174896240234e+00 7.090016174316406250e+01
1.767682075500488281e+01 -5.644352436065673828e+00 7.109136199951171875e+01
1.797330856323242188e+01 -3.607282638549804688e+00 6.990003967285156250e+01
1.807487297058105469e+01 -6.178449630737304688e+00 7.114711761474609375e+01
1.223178291320800781e+01 6.370183944702148438e+00 6.990009307861328125e+01
1.945434379577636719e+01 -3.214613437652587891e+00 6.990221405029296875e+01
1.769877243041992188e+01 -5.706295490264892578e+00 7.159491729736328125e+01
1.736606025695800781e+01 -5.143557548522949219e+00 6.989994049072265625e+01
1.807487487792968750e+01 -6.721071243286132812e+00 7.096930694580078125e+01
1.767763519287109375e+01 -6.711043834686279297e+00 7.098597717285156250e+01
1.835360908508300781e+01 -5.568900108337402344e+00 6.989991760253906250e+01
1.807487678527832031e+01 -6.248247146606445312e+00 7.150380706787109375e+01
1.529906177520751953e+01 -3.561603784561157227e+00 6.940124511718750000e+01
2.243439865112304688e+01 -1.946884036064147949e+00 6.990010833740234375e+01
1.767484283447265625e+01 -6.654105186462402344e+00 7.119985198974609375e+01
1.762262153625488281e+01 -5.042685031890869141e+00 6.887127685546875000e+01
1.807328987121582031e+01 -6.805383205413818359e+00 7.105840301513671875e+01
1.767486190795898438e+01 -6.847563266754150391e+00 7.090887451171875000e+01
1.889063835144042969e+01 -5.861335277557373047e+00 6.989994812011718750e+01
1.785341262817382812e+01 -6.487058162689208984e+00 7.159485626220703125e+01
1.705090332031250000e+01 -6.064323425292968750e+00 6.989999389648437500e+01
1.807488250732421875e+01 -6.896567821502685547e+00 7.092563629150390625e+01
1.767485618591308594e+01 -6.859618186950683594e+00 7.104674530029296875e+01
1.835244750976562500e+01 -5.682728767395019531e+00 6.882469940185546875e+01
1.807447814941406250e+01 -6.802693367004394531e+00 7.122988891601562500e+01
1.475061893463134766e+01 -5.156743526458740234e+00 6.990003967285156250e+01
2.005032539367675781e+01 -5.744784355163574219e+00 6.989997100830078125e+01
1.767484283447265625e+01 -6.752602100372314453e+00 7.140360260009765625e+01
1.752581214904785156e+01 -6.518595695495605469e+00 6.990003967285156250e+01
1.807488441467285156e+01 -6.933778762817382812e+00 7.099967956542968750e+01
1.767486572265625000e+01 -6.937728404998779297e+00 7.095569610595703125e+01
1.852599716186523438e+01 -6.553946971893310547e+00 6.990409851074218750e+01
1.800492858886718750e+01 -6.764696598052978516e+00 7.159487152099609375e+01
1.659415245056152344e+01 -6.453619480133056641e+00 6.990003967285156250e+01
2.874293518066406250e+01 -3.439019203186035156e+00 7.000064849853515625e+01
1.767485809326171875e+01 -6.936057090759277344e+00 7.112789916992187500e+01
1.789565658569335938e+01 -6.442974090576171875e+00 6.882545471191406250e+01
1.807488441467285156e+01 -6.957555770874023438e+00 7.110889434814453125e+01
7.094769954681396484e+00 -4.442590236663818359e+00 6.990007781982421875e+01
1.920325088500976562e+01 -6.672030448913574219e+00 6.990006256103515625e+01
1.775917434692382812e+01 -6.893043041229248047e+00 7.159476470947265625e+01
1.725617980957031250e+01 -6.825135231018066406e+00 6.990005493164062500e+01
1.807482147216796875e+01 -7.001020431518554688e+00 7.095203399658203125e+01
1.767486763000488281e+01 -6.999740123748779297e+00 7.100827026367187500e+01
1.865536308288574219e+01 -6.783506870269775391e+00 6.882368469238281250e+01
1.807488822937011719e+01 -6.985260486602783203e+00 7.136530303955078125e+01
1.577913284301757812e+01 -6.865874767303466797e+00 6.990190124511718750e+01
2.112934303283691406e+01 -6.859447479248046875e+00 6.990006256103515625e+01
1.767485809326171875e+01 -7.018472671508789062e+00 7.125964355468750000e+01
1.744183731079101562e+01 -7.009757041931152344e+00 6.883393859863281250e+01
1.807488822937011719e+01 -7.033451080322265625e+00 7.103466796875000000e+01
1.767487525939941406e+01 -7.037540912628173828e+00 7.092641448974609375e+01
1.873691940307617188e+01 -7.097528934478759766e+00 6.989992523193359375e+01
1.791086769104003906e+01 -7.080376625061035156e+00 7.159479522705078125e+01
1.689994049072265625e+01 -7.159286499023437500e+00 6.990003204345703125e+01
1.807439231872558594e+01 -7.052247524261474609e+00 7.090982055664062500e+01
1.767533302307128906e+01 -7.067223548889160156e+00 7.107384490966796875e+01
1.817371940612792969e+01 -7.350790500640869141e+00 6.883460235595703125e+01
1.807489204406738281e+01 -7.089303970336914062e+00 7.117516326904296875e+01
1.353879833221435547e+01 -7.903340816497802734e+00 6.989998626708984375e+01
1.965075111389160156e+01 -7.471486568450927734e+00 6.990006256103515625e+01
1.767530632019042969e+01 -7.193835258483886719e+00 7.154819488525390625e+01
1.742935562133789062e+01 -7.317993164062500000e+00 6.990002441406250000e+01
1.807489013671875000e+01 -7.089412689208984375e+00 7.098049163818359375e+01
1.767487525939941406e+01 -7.099573135375976562e+00 7.097476959228515625e+01
1.841744232177734375e+01 -7.404609203338623047e+00 6.989998626708984375e+01
1.806504249572753906e+01 -7.284793376922607422e+00 7.159488677978515625e+01
1.634667015075683594e+01 -7.724745750427246094e+00 6.990003967285156250e+01
2.388043403625488281e+01 -9.480056762695312500e+00 6.989996337890625000e+01
1.767487335205078125e+01 -7.177643299102783203e+00 7.116945648193359375e+01
1.775768661499023438e+01 -7.779739856719970703e+00 6.925976562500000000e+01
1.807489395141601562e+01 -7.156058788299560547e+00 7.107705688476562500e+01
3.154282808303833008e+00 -1.454897403717041016e+01 7.075643157958984375e+01
1.899888038635253906e+01 -7.838377952575683594e+00 6.990004730224609375e+01
1.781773567199707031e+01 -7.428678035736083984e+00 7.159483337402343750e+01
1.713410758972167969e+01 -7.783000469207763672e+00 6.989999389648437500e+01
1.807295989990234375e+01 -7.151958465576171875e+00 7.093520355224609375e+01
1.767487907409667969e+01 -7.196898460388183594e+00 7.103129577636718750e+01
1.816487312316894531e+01 -7.762316703796386719e+00 6.990006256103515625e+01
1.807079124450683594e+01 -7.335129261016845703e+00 7.126553344726562500e+01
1.522787284851074219e+01 -9.252546310424804688e+00 6.990009307861328125e+01
2.037683486938476562e+01 -9.245720863342285156e+00 6.990012359619140625e+01
1.767486763000488281e+01 -7.454946041107177734e+00 7.133914184570312500e+01
1.763981246948242188e+01 -7.810132980346679688e+00 7.008913421630859375e+01
1.807489013671875000e+01 -7.245034217834472656e+00 7.101237487792968750e+01
1.767488479614257812e+01 -7.252597332000732422e+00 7.094432067871093750e+01
1.860339736938476562e+01 -8.375048637390136719e+00 6.989996337890625000e+01
1.796832275390625000e+01 -7.839675426483154297e+00 7.159191131591796875e+01
1.672889328002929688e+01 -8.918517112731933594e+00 6.990588378906250000e+01
1.807469558715820312e+01 -7.281684398651123047e+00 7.089418792724609375e+01
1.767487335205078125e+01 -7.449978828430175781e+00 7.110575103759765625e+01
1.791216278076171875e+01 -7.763260841369628906e+00 7.042488861083984375e+01
1.807487297058105469e+01 -7.531884193420410156e+00 7.113159942626953125e+01
1.384892177581787109e+01 -1.454173660278320312e+01 7.031688690185546875e+01
1.822527694702148438e+01 -7.874969482421875000e+00 7.066866302490234375e+01
1.772211647033691406e+01 -8.696840286254882812e+00 7.159484863281250000e+01
1.775268936157226562e+01 -7.775958538055419922e+00 7.066299438476562500e+01
1.807135391235351562e+01 -7.698373794555664062e+00 7.096144866943359375e+01
1.754538154602050781e+01 -8.858726501464843750e+00 7.105331420898437500e+01
1.788553619384765625e+01 -7.499848365783691406e+00 7.090016174316406250e+01
