-1.829925155639648438e+01 1.464005661010742188e+01 7.089489746093750000e+01
-1.921113777160644531e+01 1.459566020965576172e+01 7.173026275634765625e+01
-1.821194076538085938e+01 1.194273376464843750e+01 6.990002441406250000e+01
-1.718759536743164062e+01 1.354310798645019531e+01 7.234485626220703125e+01
-2.092613220214843750e+01 1.476347064971923828e+01 7.043023681640625000e+01
-1.673533058166503906e+01 1.234148883819580078e+01 6.990006256103515625e+01
-1.868692016601562500e+01 1.128681468963623047e+01 7.233700561523437500e+01
-1.881596565246582031e+01 1.041439628601074219e+01 6.989999389648437500e+01
-1.814825057983398438e+01 8.784142494201660156e+00 7.095004272460937500e+01
-2.181187057495117188e+01 1.394454288482666016e+01 7.234485626220703125e+01
-1.783368682861328125e+01 9.991254806518554688e+00 6.990000915527343750e+01
-1.784443855285644531e+01 1.041738224029541016e+01 7.234490966796875000e+01
-2.001619338989257812e+01 1.083999443054199219e+01 6.989989471435546875e+01
-1.797156715393066406e+01 8.903134346008300781e+00 7.082286071777343750e+01
-1.931867218017578125e+01 1.036095905303955078e+01 7.234491729736328125e+01
-1.842817306518554688e+01 9.511921882629394531e+00 6.990001678466796875e+01
-1.801407432556152344e+01 8.879731178283691406e+00 7.113524627685546875e+01
-2.535395431518554688e+01 1.468301486968994141e+01 7.118663024902343750e+01
-1.799141311645507812e+01 8.895156860351562500e+00 7.058855438232421875e+01
-1.836630249023437500e+01 9.672481536865234375e+00 7.234494781494140625e+01
-1.912955093383789062e+01 9.498647689819335938e+00 6.989991760253906250e+01
-1.770656013488769531e+01 8.958011627197265625e+00 7.097463989257812500e+01
-2.038330078125000000e+01 1.023323535919189453e+01 7.234492492675781250e+01
-1.807542800903320312e+01 9.183257102966308594e+00 6.989997863769531250e+01
-1.801474761962890625e+01 8.880821228027343750e+00 7.139139556884765625e+01
-2.141802406311035156e+01 1.040159416198730469e+01 6.989992523193359375e+01
-1.761932754516601562e+01 8.940896987915039062e+00 7.058075714111328125e+01
-1.890611267089843750e+01 9.339056968688964844e+00 7.234496307373046875e+01
-1.865707588195800781e+01 9.046689033508300781e+00 6.990005493164062500e+01
-1.753996658325195312e+01 8.927163124084472656e+00 7.129395294189453125e+01
-2.379983711242675781e+01 1.097495079040527344e+01 7.234483337402343750e+01
-1.773162460327148438e+01 8.959780693054199219e+00 7.001210784912109375e+01
-1.805004310607910156e+01 9.092963218688964844e+00 7.234497070312500000e+01
-1.958388137817382812e+01 9.111350059509277344e+00 6.990000915527343750e+01
-1.737636375427246094e+01 8.842215538024902344e+00 7.081843566894531250e+01
-1.964070510864257812e+01 9.142085075378417969e+00 7.234497070312500000e+01
-1.829439926147460938e+01 8.818902969360351562e+00 6.990003967285156250e+01
-1.766629028320312500e+01 8.782750129699707031e+00 7.159264373779296875e+01
-2.883172988891601562e+01 1.106344127655029297e+01 6.991874694824218750e+01
-1.732316017150878906e+01 8.802867889404296875e+00 7.015408325195312500e+01
-1.856305313110351562e+01 8.825109481811523438e+00 7.234497833251953125e+01
-1.892532348632812500e+01 8.741780281066894531e+00 6.990000915527343750e+01
-1.723936080932617188e+01 8.705341339111328125e+00 7.118537139892578125e+01
-2.112491226196289062e+01 8.957580566406250000e+00 7.234497833251953125e+01
-1.829925155639648438e+01 8.536885261535644531e+00 7.089489746093750000e+01
-1.801428222656250000e+01 8.605879783630371094e+00 7.159491729736328125e+01
-2.039867973327636719e+01 8.701568603515625000e+00 6.989994049072265625e+01
-1.717925834655761719e+01 8.596153259277343750e+00 7.054959106445312500e+01
-1.914908790588378906e+01 8.587841033935546875e+00 7.234499359130859375e+01
-1.851287269592285156e+01 8.547163009643554688e+00 6.990009307861328125e+01
-1.731398010253906250e+01 8.524677276611328125e+00 7.159478759765625000e+01
-2.872979354858398438e+01 8.218216896057128906e+00 7.219483947753906250e+01
-1.713455772399902344e+01 8.446017265319824219e+00 6.952656555175781250e+01
-1.827372550964355469e+01 8.487234115600585938e+00 7.159488677978515625e+01
-1.927970123291015625e+01 8.409373283386230469e+00 6.989999389648437500e+01
-1.829925155639648438e+01 8.536885261535644531e+00 7.089489746093750000e+01
-2.005430984497070312e+01 8.235321998596191406e+00 7.234501647949218750e+01
-1.829925155639648438e+01 8.536885261535644531e+00 7.089489746093750000e+01
-1.781720924377441406e+01 8.388728141784667969e+00 7.159497070312500000e+01
-2.262251091003417969e+01 7.669360637664794922e+00 6.990012359619140625e+01
-1.713815498352050781e+01 8.247218132019042969e+00 7.023706817626953125e+01
-1.876968383789062500e+01 8.172741889953613281e+00 7.234500885009765625e+01
-1.875303840637207031e+01 8.251502037048339844e+00 6.990000915527343750e+01
-1.715690612792968750e+01 8.185123443603515625e+00 7.137953948974609375e+01
-2.239368247985839844e+01 7.206126689910888672e+00 7.234506225585937500e+01
-1.736888694763183594e+01 7.883584499359130859e+00 6.914547729492187500e+01
-1.811837005615234375e+01 8.281254768371582031e+00 7.159494018554687500e+01
-1.983004570007324219e+01 7.846882820129394531e+00 6.990002441406250000e+01
-1.719358444213867188e+01 8.085213661193847656e+00 7.071042633056640625e+01
-1.943368148803710938e+01 7.747773170471191406e+00 7.234503936767578125e+01
-1.832494163513183594e+01 8.386453628540039062e+00 7.056526947021484375e+01
-1.755362319946289062e+01 8.044858932495117188e+00 7.159145355224609375e+01
-2.884113121032714844e+01 3.156998634338378906e+00 7.079203796386718750e+01
-1.738104057312011719e+01 7.871100902557373047e+00 7.007007598876953125e+01
-1.832522010803222656e+01 8.384611129760742188e+00 7.116096496582031250e+01
-1.904338455200195312e+01 7.792289733886718750e+00 6.990444183349609375e+01
-1.733270454406738281e+01 7.913639545440673828e+00 7.107560729980468750e+01
-2.062882423400878906e+01 6.703433990478515625e+00 7.234505462646484375e+01
-1.803958129882812500e+01 7.857155323028564453e+00 6.996520996093750000e+01
-1.794602584838867188e+01 7.957204818725585938e+00 7.159154510498046875e+01
-2.094296264648437500e+01 6.327106475830078125e+00 6.990007781982421875e+01
-1.748664093017578125e+01 7.814523696899414062e+00 7.056870269775390625e+01
-1.899518775939941406e+01 7.136743545532226562e+00 7.234504699707031250e+01
-1.829969024658203125e+01 8.535493850708007812e+00 7.089344787597656250e+01
-1.752583312988281250e+01 7.663091182708740234e+00 7.135324859619140625e+01
-2.521544456481933594e+01 1.264754652976989746e+00 7.234481048583984375e+01
-1.790234565734863281e+01 7.793816566467285156e+00 7.034188842773437500e+01
-1.825362396240234375e+01 8.091241836547851562e+00 7.127615356445312500e+01
-1.945668029785156250e+01 6.648190975189208984e+00 6.989994049072265625e+01
-1.771604919433593750e+01 7.764316082000732422e+00 7.087648010253906250e+01
-1.978521156311035156e+01 5.582261085510253906e+00 7.234504699707031250e+01
-1.828546524047851562e+01 8.157805442810058594e+00 7.064881896972656250e+01
-1.804055404663085938e+01 7.852649211883544922e+00 7.121112823486328125e+01
-2.518404388427734375e+01 -4.273144721984863281e+00 6.990007781982421875e+01
-1.801949691772460938e+01 7.842017650604248047e+00 7.070427703857421875e+01
-1.831563568115234375e+01 8.369874000549316406e+00 7.096454620361328125e+01
-1.830461311340332031e+01 8.506822586059570312e+00 7.088532257080078125e+01
-1.812787437438964844e+01 7.921472549438476562e+00 7.095141601562500000e+01
-1.829940032958984375e+01 8.536090850830078125e+00 7.089496612548828125e+01
-1.829925155639648438e+01 8.196939468383789062e+00 7.089489746093750000e+01
