1.807486915588378906e+01 -5.416893482208251953e+00 7.090004730224609375e+01
1.767486572265625000e+01 -3.904609441757202148e+00 7.126648712158203125e+01
1.816263008117675781e+01 -3.138941287994384766e+00 6.990005493164062500e+01
1.807486915588378906e+01 -6.562321662902832031e+00 7.090004730224609375e+01
1.242168426513671875e+01 6.837619781494140625e+00 6.990007781982421875e+01
1.964681243896484375e+01 -2.738200187683105469e+00 6.990010833740234375e+01
1.788809013366699219e+01 -5.237401008605957031e+00 7.159485626220703125e+01
1.755546951293945312e+01 -4.675051212310791016e+00 6.989997863769531250e+01
1.807486915588378906e+01 -6.562321662902832031e+00 7.090004730224609375e+01
1.767485237121582031e+01 -5.946496486663818359e+00 7.106517028808593750e+01
1.854287147521972656e+01 -5.100341320037841797e+00 6.989995574951171875e+01
1.807486915588378906e+01 -6.562321662902832031e+00 7.090004730224609375e+01
1.634910964965820312e+01 -4.247385025024414062e+00 6.989993286132812500e+01
2.262331581115722656e+01 -1.478566050529479980e+00 6.990008544921875000e+01
1.767487144470214844e+01 -5.846595764160156250e+00 7.146900177001953125e+01
1.794526672363281250e+01 -5.582139968872070312e+00 6.989991760253906250e+01
1.807486915588378906e+01 -6.562321662902832031e+00 7.090004730224609375e+01
1.767484664916992188e+01 -6.213817596435546875e+00 7.091658782958984375e+01
1.907987785339355469e+01 -5.392661571502685547e+00 6.989993286132812500e+01
1.804273796081542969e+01 -6.018134593963623047e+00 7.159492492675781250e+01
1.724027252197265625e+01 -5.595582962036132812e+00 6.989992523193359375e+01
2.323798942565917969e+01 -2.893757820129394531e+00 7.159473419189453125e+01
1.767484664916992188e+01 -6.236715316772460938e+00 7.117837524414062500e+01
1.853560829162597656e+01 -5.231767177581787109e+00 6.885201263427734375e+01
1.807567214965820312e+01 -6.561351776123046875e+00 7.090145111083984375e+01
1.494022750854492188e+01 -4.688124656677246094e+00 6.990000915527343750e+01
2.023942756652832031e+01 -5.276137351989746094e+00 6.989996337890625000e+01
1.778405761718750000e+01 -6.177916526794433594e+00 7.159492492675781250e+01
1.733382797241210938e+01 -5.506536960601806641e+00 6.883975982666015625e+01
1.807486915588378906e+01 -6.562321662902832031e+00 7.090004730224609375e+01
1.767484474182128906e+01 -6.385015964508056641e+00 7.100549316406250000e+01
1.871789932250976562e+01 -6.083250045776367188e+00 6.989998626708984375e+01
1.807623863220214844e+01 -6.559265136718750000e+00 7.090802001953125000e+01
1.678353881835937500e+01 -5.984860420227050781e+00 6.989997100830078125e+01
2.881118011474609375e+01 -3.010296583175659180e+00 7.001056671142578125e+01
1.767484283447265625e+01 -6.381848335266113281e+00 7.133246612548828125e+01
1.808501243591308594e+01 -5.972954750061035156e+00 6.882098388671875000e+01
1.807617187500000000e+01 -6.561815738677978516e+00 7.090148162841796875e+01
7.285089969635009766e+00 -3.974043607711791992e+00 6.990005493164062500e+01
1.939247512817382812e+01 -6.203276634216308594e+00 6.990003204345703125e+01
1.794846343994140625e+01 -6.424212932586669922e+00 7.159488677978515625e+01
1.744556999206542969e+01 -6.356370449066162109e+00 6.990002441406250000e+01
1.807508468627929688e+01 -6.562287330627441406e+00 7.090010833740234375e+01
1.767484283447265625e+01 -6.502764225006103516e+00 7.110533142089843750e+01
1.844560623168945312e+01 -6.443081855773925781e+00 6.990004730224609375e+01
1.807654762268066406e+01 -6.561915397644042969e+00 7.090417480468750000e+01
1.596477508544921875e+01 -6.396801948547363281e+00 6.990003204345703125e+01
2.131834411621093750e+01 -6.390681743621826172e+00 6.990004730224609375e+01
1.767484092712402344e+01 -6.538336277008056641e+00 7.158262634277343750e+01
1.763018417358398438e+01 -6.540926456451416016e+00 6.882922363281250000e+01
1.807625770568847656e+01 -6.562338829040527344e+00 7.090103149414062500e+01
1.767495918273925781e+01 -6.574539661407470703e+00 7.094989013671875000e+01
1.892603111267089844e+01 -6.628728389739990234e+00 6.990006256103515625e+01
1.807505226135253906e+01 -6.562677383422851562e+00 7.090506744384765625e+01
1.708942031860351562e+01 -6.690483570098876953e+00 6.990007019042968750e+01
1.807528495788574219e+01 -6.562368392944335938e+00 7.090007019042968750e+01
1.767484092712402344e+01 -6.631056785583496094e+00 7.123056793212890625e+01
1.821439361572265625e+01 -6.717098236083984375e+00 6.990000152587890625e+01
1.807663154602050781e+01 -6.562863349914550781e+00 7.090261077880859375e+01
1.372855091094970703e+01 -7.434473037719726562e+00 6.989997100830078125e+01
1.983986282348632812e+01 -7.002647399902343750e+00 6.990007019042968750e+01
1.784947586059570312e+01 -6.736789226531982422e+00 7.159482574462890625e+01
1.713589096069335938e+01 -7.152838706970214844e+00 6.884142303466796875e+01
1.807631874084472656e+01 -6.562767982482910156e+00 7.090066528320312500e+01
1.767484664916992188e+01 -6.692336082458496094e+00 7.104172515869140625e+01
1.860552215576171875e+01 -6.934945106506347656e+00 6.990222930908203125e+01
1.807579040527343750e+01 -6.563622474670410156e+00 7.090361022949218750e+01
1.653618621826171875e+01 -7.255880355834960938e+00 6.990003967285156250e+01
2.406920623779296875e+01 -9.011043548583984375e+00 6.989994812011718750e+01
1.767484474182128906e+01 -6.840579032897949219e+00 7.141139984130859375e+01
1.791543960571289062e+01 -7.495880126953125000e+00 6.885444641113281250e+01
1.807664871215820312e+01 -6.563495635986328125e+00 7.090171051025390625e+01
1.807368659973144531e+01 -6.562925338745117188e+00 7.090003204345703125e+01
1.918818092346191406e+01 -7.369571685791015625e+00 6.989996337890625000e+01
1.800705337524414062e+01 -6.959975242614746094e+00 7.159485626220703125e+01
1.732704544067382812e+01 -7.310610771179199219e+00 6.990467834472656250e+01
1.807645797729492188e+01 -6.563346385955810547e+00 7.090034484863281250e+01
1.767485237121582031e+01 -6.877148151397705078e+00 7.114905548095703125e+01
1.835420417785644531e+01 -7.293524265289306641e+00 6.989996337890625000e+01
1.807609176635742188e+01 -6.564326763153076172e+00 7.090245819091796875e+01
1.807367515563964844e+01 -6.563318729400634766e+00 7.089959716796875000e+01
2.056583404541015625e+01 -8.776640892028808594e+00 6.990014648437500000e+01
1.774149513244628906e+01 -7.233029365539550781e+00 7.159471130371093750e+01
1.777187156677246094e+01 -7.522929191589355469e+00 6.989997863769531250e+01
1.807661628723144531e+01 -6.564296245574951172e+00 7.090108489990234375e+01
1.767486763000488281e+01 -6.982908725738525391e+00 7.098390197753906250e+01
1.879166412353515625e+01 -7.904271125793457031e+00 6.990133666992187500e+01
1.807514572143554688e+01 -6.565023899078369141e+00 7.090235900878906250e+01
1.807322120666503906e+01 -6.565011978149414062e+00 7.089862823486328125e+01
2.413525199890136719e+01 -1.459052944183349609e+01 7.070864105224609375e+01
1.767486953735351562e+01 -7.357665061950683594e+00 7.129040527343750000e+01
1.812041854858398438e+01 -7.814829826354980469e+00 7.008699798583984375e+01
1.807600402832031250e+01 -6.565321445465087891e+00 7.090143585205078125e+01
1.807314300537109375e+01 -6.565534114837646484e+00 7.089979553222656250e+01
1.953708267211914062e+01 -1.019424057006835938e+01 6.990370941162109375e+01
1.791188621520996094e+01 -8.223611831665039062e+00 7.159288024902343750e+01
1.786068153381347656e+01 -7.763251304626464844e+00 7.051766204833984375e+01
1.807596588134765625e+01 -6.566256999969482422e+00 7.090040588378906250e+01
1.763813972473144531e+01 -8.908831596374511719e+00 7.109667968750000000e+01
1.807486915588378906e+01 -6.571737289428710938e+00 7.090004730224609375e+01
