8.652471303939819336e-01 4.602908790111541748e-01 7.089993286132812500e+01
8.563869595527648926e-01 4.591723382472991943e-01 7.090805053710937500e+01
9.530081748962402344e-01 3.823685407638549805e+00 6.989994049072265625e+01
8.785678744316101074e-01 4.602916836738586426e-01 7.091730499267578125e+01
8.400796651840209961e-01 4.599585831165313721e-01 7.089547729492187500e+01
2.437201499938964844e+00 4.224449634552001953e+00 6.989998626708984375e+01
8.652470111846923828e-01 4.003039896488189697e-01 7.089993286132812500e+01
3.458894193172454834e-01 2.287422180175781250e+00 6.989994049072265625e+01
9.018821716308593750e-01 4.602913558483123779e-01 7.091331481933593750e+01
8.262806534767150879e-01 4.602919220924377441e-01 7.091601562500000000e+01
1.808340191841125488e+00 3.346410512924194336e+00 6.888459777832031250e+01
8.652474284172058105e-01 4.003045558929443359e-01 7.089993286132812500e+01
-8.603531718254089355e-01 2.715026617050170898e+00 6.989990997314453125e+01
5.413819789886474609e+00 5.484199523925781250e+00 6.989994049072265625e+01
8.652463555335998535e-01 4.003046154975891113e-01 7.089993286132812500e+01
7.359075546264648438e-01 1.378499388694763184e+00 6.990182495117187500e+01
8.652481436729431152e-01 4.003044366836547852e-01 7.089993286132812500e+01
7.965459227561950684e-01 4.601564407348632812e-01 7.090277099609375000e+01
1.870050668716430664e+00 1.569725155830383301e+00 6.990001678466796875e+01
8.652470111846923828e-01 4.003049433231353760e-01 7.089993286132812500e+01
3.077703528106212616e-02 1.366895556449890137e+00 6.989995574951171875e+01
9.496735930442810059e-01 4.602909684181213379e-01 7.091129302978515625e+01
8.652453422546386719e-01 4.003046751022338867e-01 7.089993286132812500e+01
1.292685627937316895e+00 1.634689688682556152e+00 6.899992370605468750e+01
8.652485609054565430e-01 4.003049433231353760e-01 7.089993286132812500e+01
-2.269418954849243164e+00 2.274514913558959961e+00 6.989988708496093750e+01
3.029430150985717773e+00 1.686264276504516602e+00 6.990002441406250000e+01
8.652458786964416504e-01 4.003048539161682129e-01 7.089993286132812500e+01
5.055891871452331543e-01 9.127190113067626953e-01 6.989999389648437500e+01
8.652502298355102539e-01 4.003048539161682129e-01 7.089993286132812500e+01
8.652449846267700195e-01 4.003041982650756836e-01 7.089993286132812500e+01
1.508177399635314941e+00 8.793008327484130859e-01 6.990003204345703125e+01
8.652471899986267090e-01 4.003033339977264404e-01 7.089993286132812500e+01
-1.633300662040710449e+00 1.517611861228942871e+00 6.896492004394531250e+01
1.293569660186767578e+01 4.393717288970947266e+00 6.989991760253906250e+01
8.652439713478088379e-01 4.003046751022338867e-01 7.089993286132812500e+01
8.701251149177551270e-01 6.837581396102905273e-01 6.990000915527343750e+01
8.652476668357849121e-01 4.003034532070159912e-01 7.089993286132812500e+01
-9.923474311828613281e+00 2.988327503204345703e+00 6.990003967285156250e+01
2.182669401168823242e+00 7.592980265617370605e-01 6.990005493164062500e+01
7.388088703155517578e-01 5.384474992752075195e-01 7.159494781494140625e+01
2.359953373670578003e-01 6.062389612197875977e-01 6.989998626708984375e+01
8.652575016021728516e-01 4.003048837184906006e-01 7.089993286132812500e+01
8.652445673942565918e-01 4.003036320209503174e-01 7.089993286132812500e+01
1.235949635505676270e+00 5.195316672325134277e-01 6.990002441406250000e+01
1.148211598396301270e+00 4.688127636909484863e-01 7.159503173828125000e+01
-1.244814991950988770e+00 5.658205151557922363e-01 6.989993286132812500e+01
4.108378410339355469e+00 5.719248652458190918e-01 6.990003967285156250e+01
8.652471303939819336e-01 4.003032445907592773e-01 7.089993286132812500e+01
6.505459547042846680e-01 4.106332659721374512e-01 6.990010833740234375e+01
1.843637108802795410e+00 3.881802558898925781e-01 7.159493255615234375e+01
-4.697743415832519531e+00 2.303455919027328491e-01 7.159323883056640625e+01
1.716325044631958008e+00 3.339029252529144287e-01 6.990005493164062500e+01
8.905838131904602051e-01 3.510217368602752686e-01 7.159471130371093750e+01
-1.201700121164321899e-01 2.721452414989471436e-01 6.989998626708984375e+01
8.011608123779296875e+00 -3.997279107570648193e-01 7.126532745361328125e+01
2.410347759723663330e-02 2.557735145092010498e-01 7.159492492675781250e+01
1.102444767951965332e+00 1.371771246194839478e-01 6.919981384277343750e+01
1.343788981437683105e+00 2.532219588756561279e-01 7.159492492675781250e+01
-3.454734563827514648e+00 -4.665634930133819580e-01 6.990591430664062500e+01
3.865820646286010742e+00 -3.482719957828521729e-01 6.919992828369140625e+01
6.397877335548400879e-01 2.257840335369110107e-01 7.159491729736328125e+01
8.979742974042892456e-02 -8.737150579690933228e-02 6.919982910156250000e+01
2.503196477890014648e+00 -1.040696054697036743e-01 7.159483337402343750e+01
-1.096924543380737305e+00 -2.374354451894760132e-01 7.159489440917968750e+01
1.769357562065124512e+00 -2.345616072416305542e-01 6.919988250732421875e+01
1.044794321060180664e+00 1.465577334165573120e-01 7.159481048583984375e+01
-9.095917940139770508e-01 -3.997016251087188721e-01 6.974645233154296875e+01
6.858456134796142578e+00 -2.047957897186279297e+00 6.990001678466796875e+01
3.216163516044616699e-01 2.215231209993362427e-02 7.159485626220703125e+01
7.327375411987304688e-01 -3.756189942359924316e-01 6.919974517822265625e+01
1.609205842018127441e+00 -9.062067419290542603e-02 7.159493255615234375e+01
4.507649838924407959e-01 1.887786388397216797e-01 7.089588928222656250e+01
1.974557876586914062e+00 -4.040453433990478516e-01 6.990344238281250000e+01
7.974141836166381836e-01 2.544288290664553642e-03 7.159492492675781250e+01
6.574521958827972412e-02 -3.996959030628204346e-01 6.983577728271484375e+01
2.105959653854370117e+00 -3.997286856174468994e-01 7.113190460205078125e+01
-1.492609232664108276e-01 -3.981482088565826416e-01 7.153146362304687500e+01
1.170864224433898926e+00 -3.996984362602233887e-01 6.980574798583984375e+01
1.217606782913208008e+00 -1.779571175575256348e-01 7.159487152099609375e+01
-1.792203783988952637e+00 -1.820960044860839844e+00 6.989994812011718750e+01
3.356147766113281250e+00 -1.813958168029785156e+00 6.990005493164062500e+01
5.317960381507873535e-01 -2.705612480640411377e-01 7.159475708007812500e+01
4.678088426589965820e-01 -8.597149252891540527e-01 6.958815765380859375e+01
1.573361635208129883e+00 -3.997122943401336670e-01 7.131958007812500000e+01
1.043656170368194580e-01 -3.997365534305572510e-01 7.105944824218750000e+01
1.582873225212097168e+00 -9.432022571563720703e-01 6.990006256103515625e+01
9.471585154533386230e-01 -3.997202217578887939e-01 7.158437347412109375e+01
-2.979708015918731689e-01 -1.497838854789733887e+00 6.990000152587890625e+01
1.072454094886779785e+00 1.258154958486557007e-01 7.089338684082031250e+01
4.628957211971282959e-01 -3.997162580490112305e-01 7.129258728027343750e+01
9.209794402122497559e-01 -1.132207393646240234e+00 6.990512084960937500e+01
1.166611671447753906e+00 -3.967835605144500732e-01 7.126831817626953125e+01
-6.003504276275634766e+00 -1.237987899780273438e+01 6.990743255615234375e+01
2.332619190216064453e+00 -3.244427680969238281e+00 6.990007781982421875e+01
7.867601513862609863e-01 -3.997186422348022461e-01 7.123358154296875000e+01
3.051624298095703125e-01 -2.740025520324707031e+00 6.990001678466796875e+01
1.088033914566040039e+00 -3.997224569320678711e-01 7.097341156005859375e+01
7.163483500480651855e-01 -3.997174799442291260e-01 7.096697235107421875e+01
8.652471303939819336e-01 1.466652601957321167e-01 7.089993286132812500e+01
