-6.341293334960937500e+00 -9.439250081777572632e-02 7.089997100830078125e+01
-6.461701393127441406e+00 4.003058075904846191e-01 7.101027679443359375e+01
-6.253543853759765625e+00 3.023227691650390625e+00 6.990010833740234375e+01
-6.163644790649414062e+00 4.003111422061920166e-01 7.113168334960937500e+01
-1.199361228942871094e+01 1.299817752838134766e+01 6.990015411376953125e+01
-4.769346714019775391e+00 3.424417257308959961e+00 6.990002441406250000e+01
-6.454074859619140625e+00 4.003055691719055176e-01 7.131951141357421875e+01
-6.859884262084960938e+00 1.484621763229370117e+00 6.990145874023437500e+01
-5.852714061737060547e+00 4.003142416477203369e-01 7.107839965820312500e+01
-6.860948562622070312e+00 4.002961814403533936e-01 7.111447906494140625e+01
-5.873339653015136719e+00 1.062119364738464355e+00 6.989997863769531250e+01
-6.147800445556640625e+00 4.003171622753143311e-01 7.151686096191406250e+01
-8.059796333312988281e+00 1.905492186546325684e+00 6.990406036376953125e+01
-1.792396545410156250e+00 4.684547901153564453e+00 6.989990997314453125e+01
-6.788393974304199219e+00 4.002976119518280029e-01 7.153592681884765625e+01
-6.507898330688476562e+00 8.603256940841674805e-01 6.961428833007812500e+01
-5.675837039947509766e+00 4.003137350082397461e-01 7.146081542968750000e+01
-7.259558677673339844e+00 4.002915322780609131e-01 7.093794250488281250e+01
-5.258635997772216797e+00 8.603199720382690430e-01 6.982258605957031250e+01
-6.373426914215087891e+00 1.445101201534271240e-01 7.159488677978515625e+01
-7.429087162017822266e+00 8.603141903877258301e-01 6.959642791748046875e+01
-5.215352535247802734e+00 4.003067314624786377e-01 7.105146789550781250e+01
-7.324128150939941406e+00 4.002863466739654541e-01 7.158380126953125000e+01
-6.064276218414306641e+00 4.002780914306640625e-01 6.966860198974609375e+01
-5.943089485168457031e+00 8.167710900306701660e-02 7.159488677978515625e+01
-9.475278854370117188e+00 1.474094152450561523e+00 6.990014648437500000e+01
-4.176840305328369141e+00 8.864108324050903320e-01 6.989994049072265625e+01
-6.632122039794921875e+00 -1.528175733983516693e-02 7.159489440917968750e+01
-6.902821540832519531e+00 4.003162682056427002e-01 6.933877563476562500e+01
-5.019052982330322266e+00 2.799311280250549316e-01 7.159490203857421875e+01
-8.146227836608886719e+00 4.003039598464965820e-01 7.137574768066406250e+01
-5.267494201660156250e+00 4.002941250801086426e-01 6.922996520996093750e+01
-6.221868991851806641e+00 -1.332291066646575928e-01 7.159487152099609375e+01
-8.130311965942382812e+00 4.003085792064666748e-01 6.951445770263671875e+01
5.729305267333984375e+00 3.593753099441528320e+00 6.989994812011718750e+01
-6.984123229980468750e+00 -1.096961125731468201e-01 7.159484863281250000e+01
-6.333000183105468750e+00 8.219722658395767212e-02 6.919998168945312500e+01
-5.710918426513671875e+00 -1.548509746789932251e-01 7.159486389160156250e+01
-1.713183212280273438e+01 2.188749551773071289e+00 6.989990997314453125e+01
-4.101317405700683594e+00 2.106782495975494385e-01 6.919990539550781250e+01
-6.467711925506591797e+00 -2.615878880023956299e-01 7.159487915039062500e+01
-7.411198616027832031e+00 -4.956167563796043396e-02 6.919978332519531250e+01
-3.805356740951538086e+00 3.343861317262053490e-03 7.159496307373046875e+01
-7.695270538330078125e+00 -1.981249004602432251e-01 7.159481048583984375e+01
-5.710974693298339844e+00 -1.969822645187377930e-01 6.919979858398437500e+01
-6.058417320251464844e+00 -3.312223851680755615e-01 7.159484863281250000e+01
-9.928453445434570312e+00 -1.183268353343009949e-01 6.919995117187500000e+01
-8.267167210578918457e-01 -1.078874170780181885e-01 6.919976806640625000e+01
-6.748519897460937500e+00 -3.752933442592620850e-01 7.159483337402343750e+01
-6.706193447113037109e+00 -3.821538984775543213e-01 6.920069122314453125e+01
-6.328921794891357422e+00 -3.998638093471527100e-01 7.090876007080078125e+01
-1.191680049896240234e+01 -5.700505971908569336e-01 7.159483337402343750e+01
-5.490318775177001953e+00 -4.661027491092681885e-01 6.990020751953125000e+01
-6.341293334960937500e+00 -3.997105062007904053e-01 7.089997100830078125e+01
-7.326735496520996094e+00 -5.278717875480651855e-01 6.990000152587890625e+01
-6.341293334960937500e+00 -3.997105062007904053e-01 7.089997100830078125e+01
-7.182530403137207031e+00 -5.442562699317932129e-01 7.159503936767578125e+01
-6.201776504516601562e+00 -5.544783473014831543e-01 6.989997863769531250e+01
-5.862783908843994141e+00 -5.467818975448608398e-01 7.159491729736328125e+01
-1.068680477142333984e+01 -1.271700143814086914e+00 6.990007781982421875e+01
-4.576216697692871094e+00 -8.400571942329406738e-01 6.989994812011718750e+01
-6.566756725311279297e+00 -5.742328166961669922e-01 7.159496307373046875e+01
-6.797402381896972656e+00 -6.865540742874145508e-01 6.989999389648437500e+01
-6.336231708526611328e+00 -4.012691676616668701e-01 7.090211486816406250e+01
-7.756560802459716797e+00 -8.596961498260498047e-01 7.140122985839843750e+01
-5.809481143951416016e+00 -7.731480002403259277e-01 6.989997100830078125e+01
-6.161736488342285156e+00 -6.534699201583862305e-01 7.159488677978515625e+01
-7.879912853240966797e+00 -1.093239903450012207e+00 6.990000915527343750e+01
-3.477414846420288086e-01 -2.848111867904663086e+00 6.990000152587890625e+01
-6.884912967681884766e+00 -7.778536081314086914e-01 7.159487915039062500e+01
-6.419229984283447266e+00 -8.560771346092224121e-01 6.989998626708984375e+01
-5.644167423248291016e+00 -8.597303628921508789e-01 7.155121612548828125e+01
-6.458868026733398438e+00 -4.597130715847015381e-01 7.089882659912109375e+01
-5.228067398071289062e+00 -1.206898093223571777e+00 6.989996337890625000e+01
-6.409111976623535156e+00 -7.973860502243041992e-01 7.159481811523437500e+01
-7.092576980590820312e+00 -1.151461482048034668e+00 6.990000152587890625e+01
-5.627899169921875000e+00 -8.597187995910644531e-01 7.103334808349609375e+01
-6.925780773162841797e+00 -8.597213625907897949e-01 7.126380920410156250e+01
-6.061985969543457031e+00 -1.130842089653015137e+00 6.989997863769531250e+01
-6.060987949371337891e+00 -8.597220182418823242e-01 7.145280456542968750e+01
-8.998626708984375000e+00 -2.620875835418701172e+00 6.990002441406250000e+01
-3.850034475326538086e+00 -2.614290475845336914e+00 6.989994812011718750e+01
-6.569929599761962891e+00 -8.597002029418945312e-01 7.137638854980468750e+01
-6.644263744354248047e+00 -1.360232234001159668e+00 6.989999389648437500e+01
-5.934123039245605469e+00 -8.597245216369628906e-01 7.114127349853515625e+01
-6.778781890869140625e+00 -8.597143292427062988e-01 7.099168395996093750e+01
-5.623577594757080078e+00 -1.743383526802062988e+00 6.989997863769531250e+01
-6.294195652008056641e+00 -8.597096204757690430e-01 7.129351043701171875e+01
-7.504548072814941406e+00 -2.297912359237670898e+00 6.990000915527343750e+01
-6.296014308929443359e+00 -4.596918523311614990e-01 7.089854431152343750e+01
-6.572638511657714844e+00 -8.597079515457153320e-01 7.112574005126953125e+01
-6.285271167755126953e+00 -1.940189957618713379e+00 6.989998626708984375e+01
-6.167371273040771484e+00 -8.597213625907897949e-01 7.111257171630859375e+01
-6.373357772827148438e+00 -4.593702256679534912e-01 7.089533996582031250e+01
-4.873698711395263672e+00 -4.044993877410888672e+00 6.989996337890625000e+01
-6.386422157287597656e+00 -8.597089648246765137e-01 7.109181213378906250e+01
-6.901410102844238281e+00 -3.540219783782958984e+00 6.990000152587890625e+01
-6.324719905853271484e+00 -4.592261016368865967e-01 7.090543365478515625e+01
-6.352385997772216797e+00 -4.593111574649810791e-01 7.090496826171875000e+01
-6.341293334960937500e+00 -4.597285091876983643e-01 7.089997100830078125e+01
