-3.322049379348754883e+00 -4.597177207469940186e-01 7.089995574951171875e+01
-3.382252216339111328e+00 -4.597189426422119141e-01 7.095510864257812500e+01
-3.321242570877075195e+00 -8.282450437545776367e-01 7.089076232910156250e+01
-3.233226537704467773e+00 -4.597152173519134521e-01 7.101580810546875000e+01
-3.333105802536010742e+00 -8.335121273994445801e-01 7.089800262451171875e+01
-1.749913811683654785e+00 2.964867591857910156e+00 6.989989471435546875e+01
-3.378439188003540039e+00 -4.597184956073760986e-01 7.110972595214843750e+01
-3.841425657272338867e+00 1.027466416358947754e+00 6.989992523193359375e+01
-3.077763080596923828e+00 -4.597127139568328857e-01 7.098916625976562500e+01
-3.581872224807739258e+00 -4.597236514091491699e-01 7.100720977783203125e+01
-2.771443128585815430e+00 8.603066205978393555e-01 6.972334289550781250e+01
-3.225305557250976562e+00 -4.597173631191253662e-01 7.120838928222656250e+01
-3.336709737777709961e+00 -8.400542736053466797e-01 7.089145660400390625e+01
1.226500272750854492e+00 4.224151134490966797e+00 6.989997100830078125e+01
-3.545595884323120117e+00 -4.597222805023193359e-01 7.121792602539062500e+01
-3.488652467727661133e+00 4.003004729747772217e-01 6.961428833007812500e+01
-2.989328861236572266e+00 -4.597165584564208984e-01 7.118037414550781250e+01
-3.781177759170532227e+00 -4.597223103046417236e-01 7.091894531250000000e+01
-2.239396333694458008e+00 4.003060162067413330e-01 6.982257080078125000e+01
-3.345667362213134766e+00 -4.597218036651611328e-01 7.141071319580078125e+01
-4.409863948822021484e+00 4.003293514251708984e-01 6.959638977050781250e+01
-2.759062528610229492e+00 -4.596992135047912598e-01 7.097570800781250000e+01
-3.813467264175415039e+00 -4.597207903861999512e-01 7.124187469482421875e+01
-2.939601421356201172e+00 2.447402626276016235e-01 6.919993591308593750e+01
-2.995787858963012695e+00 -4.653029441833496094e-01 7.146932220458984375e+01
-3.345165014266967773e+00 -8.458988666534423828e-01 7.089257812500000000e+01
-1.164753556251525879e+00 4.221490323543548584e-01 6.990322875976562500e+01
-3.612872123718261719e+00 -4.752988517284393311e-01 7.159486389160156250e+01
-3.933529376983642578e+00 1.147481799125671387e-02 6.919988250732421875e+01
-2.543814182281494141e+00 -4.597007036209106445e-01 7.130897521972656250e+01
-4.224505424499511719e+00 -4.597173631191253662e-01 7.113784027099609375e+01
-2.228952884674072266e+00 -4.533804208040237427e-02 6.919993591308593750e+01
-3.202638626098632812e+00 -5.932691097259521484e-01 7.159477233886718750e+01
-5.517288208007812500e+00 1.219543665647506714e-01 6.919983673095703125e+01
8.748611450195312500e+00 3.133764505386352539e+00 6.989992523193359375e+01
-3.964922666549682617e+00 -5.696856379508972168e-01 7.159488677978515625e+01
-3.315165281295776367e+00 -4.596961438655853271e-01 6.948882293701171875e+01
-2.691615581512451172e+00 -6.148371696472167969e-01 7.159491729736328125e+01
-3.355232715606689453e+00 -8.517595529556274414e-01 7.089688110351562500e+01
-1.861009716987609863e+00 -4.615893959999084473e-01 6.979107666015625000e+01
-3.448451280593872070e+00 -7.216151952743530273e-01 7.159477233886718750e+01
-4.391882419586181641e+00 -5.095945000648498535e-01 6.919988250732421875e+01
-8.053022623062133789e-01 -4.597151875495910645e-01 7.158969116210937500e+01
-4.676518440246582031e+00 -6.580607891082763672e-01 7.159504699707031250e+01
-2.691763877868652344e+00 -6.570020318031311035e-01 6.919986724853515625e+01
-3.039174556732177734e+00 -7.912318110466003418e-01 7.159483337402343750e+01
-6.909358024597167969e+00 -5.783243179321289062e-01 6.919985961914062500e+01
2.192080497741699219e+00 -5.679202079772949219e-01 6.919989013671875000e+01
-3.729310274124145508e+00 -8.353003859519958496e-01 7.159487152099609375e+01
-3.687126636505126953e+00 -8.421545028686523438e-01 6.919985198974609375e+01
-1.288045287132263184e+00 -8.849225044250488281e-01 7.234481811523437500e+01
-1.491710472106933594e+01 -1.213965892791748047e+00 7.234502410888671875e+01
-1.784585595130920410e+00 -9.796711206436157227e-01 6.909368133544921875e+01
-3.269357681274414062e+00 -9.622086286544799805e-01 7.234485626220703125e+01
-5.101790904998779297e+00 -1.091183185577392578e+00 6.909397888183593750e+01
2.493837547302246094e+01 -4.023458480834960938e+00 7.234493255615234375e+01
-5.070828914642333984e+00 -1.160204172134399414e+00 7.234488677978515625e+01
-3.182527542114257812e+00 -1.014492869377136230e+00 6.989993286132812500e+01
-2.327166557312011719e+00 -1.165499925613403320e+00 7.234483337402343750e+01
-7.667806148529052734e+00 -1.731758475303649902e+00 6.990000915527343750e+01
-1.557002186775207520e+00 -1.300058960914611816e+00 6.989994812011718750e+01
-3.790791988372802734e+00 -1.222554683685302734e+00 7.234486389160156250e+01
-3.778175592422485352e+00 -1.146574139595031738e+00 6.989994049072265625e+01
8.362353593111038208e-02 -1.908426642417907715e+00 7.234481811523437500e+01
-7.401798725128173828e+00 -2.185706615447998047e+00 7.234491729736328125e+01
-2.339290380477905273e+00 -1.549811363220214844e+00 6.905201721191406250e+01
-2.948710441589355469e+00 -1.387341737747192383e+00 7.234484100341796875e+01
-4.860722064971923828e+00 -1.553273200988769531e+00 6.989995574951171875e+01
2.670995473861694336e+00 -3.307913780212402344e+00 6.990007019042968750e+01
-4.452390670776367188e+00 -1.645987749099731445e+00 7.234487152099609375e+01
-3.399989128112792969e+00 -1.316102862358093262e+00 6.989993286132812500e+01
-1.775402188301086426e+00 -1.880322098731994629e+00 7.234481811523437500e+01
-1.726679992675781250e+01 -7.976209163665771484e+00 7.076390075683593750e+01
-2.212834596633911133e+00 -1.663998603820800781e+00 6.990354919433593750e+01
-3.463074207305908203e+00 -1.686661243438720703e+00 7.234484863281250000e+01
-4.073361396789550781e+00 -1.611498832702636719e+00 6.989994812011718750e+01
4.406453609466552734e+00 -5.843185901641845703e+00 7.234491729736328125e+01
-5.643219947814941406e+00 -2.686557769775390625e+00 7.234487915039062500e+01
-3.044147253036499023e+00 -1.587172985076904297e+00 6.990499877929687500e+01
-2.589447498321533203e+00 -2.061998605728149414e+00 7.234482574462890625e+01
-5.979454994201660156e+00 -3.080945014953613281e+00 6.989998626708984375e+01
-8.309168815612792969e-01 -3.074187278747558594e+00 6.989998626708984375e+01
-4.015464782714843750e+00 -2.254790544509887695e+00 7.234485626220703125e+01
-3.624684095382690430e+00 -1.819177508354187012e+00 6.990108489990234375e+01
-8.839778900146484375e-01 -3.614210844039916992e+00 7.234482574462890625e+01
-1.021424484252929688e+01 -8.106617927551269531e+00 7.234484100341796875e+01
-2.604312419891357422e+00 -2.203433036804199219e+00 6.989993286132812500e+01
-3.149130821228027344e+00 -2.548604011535644531e+00 7.234483337402343750e+01
-5.721455574035644531e+00 -4.775076866149902344e+00 6.883736419677734375e+01
7.005702495574951172e+00 -1.454092597961425781e+01 7.057376861572265625e+01
-4.802622795104980469e+00 -3.803632974624633789e+00 7.234484863281250000e+01
-3.266025543212890625e+00 -2.400247335433959961e+00 6.989994049072265625e+01
-2.140035867691040039e+00 -3.986057519912719727e+00 7.234482574462890625e+01
-1.024217987060546875e+01 -1.373549938201904297e+01 6.990003204345703125e+01
-1.854479432106018066e+00 -4.504942417144775391e+00 6.989996337890625000e+01
-3.661942481994628906e+00 -4.324265480041503906e+00 7.234483337402343750e+01
-3.882184267044067383e+00 -4.000330448150634766e+00 6.989995574951171875e+01
4.751504063606262207e-01 -1.449543476104736328e+01 7.215231323242187500e+01
-5.866503715515136719e+00 -1.453085994720458984e+01 7.204557037353515625e+01
-3.322049379348754883e+00 -1.456465244293212891e+01 7.089995574951171875e+01
