-2.652559471130371094e+01 5.989473342895507812e+00 7.089483642578125000e+01
-2.652723503112792969e+01 5.989063739776611328e+00 7.089633941650390625e+01
-2.652550888061523438e+01 5.981493473052978516e+00 7.089386749267578125e+01
-2.647362518310546875e+01 6.212203979492187500e+00 7.096262359619140625e+01
-2.885573577880859375e+01 1.150137901306152344e+01 7.048266601562500000e+01
-2.634263420104980469e+01 6.423258781433105469e+00 7.077845001220703125e+01
-2.691539192199707031e+01 8.743189811706542969e+00 7.234486389160156250e+01
-2.704220199584960938e+01 7.855290412902832031e+00 6.990013885498046875e+01
-2.618352699279785156e+01 6.538282871246337891e+00 7.101976013183593750e+01
-2.886947441101074219e+01 9.586554527282714844e+00 7.186235809326171875e+01
-2.640608406066894531e+01 6.351501941680908203e+00 7.063945007324218750e+01
-2.645925521850585938e+01 6.252452373504638672e+00 7.110633087158203125e+01
-2.824213790893554688e+01 8.280739784240722656e+00 6.990006256103515625e+01
-2.597393989562988281e+01 6.594743728637695312e+00 7.077355957031250000e+01
-2.754500579833984375e+01 7.802222728729248047e+00 7.234484100341796875e+01
-2.652727317810058594e+01 5.990853309631347656e+00 7.088188934326171875e+01
-2.601771163940429688e+01 6.588751316070556641e+00 7.132288360595703125e+01
-2.886747932434082031e+01 8.018439292907714844e+00 7.099168395996093750e+01
-2.600520324707031250e+01 6.583812236785888672e+00 7.037697601318359375e+01
-2.652560234069824219e+01 5.978283405303955078e+00 7.089498901367187500e+01
-2.735569000244140625e+01 6.939690589904785156e+00 6.990010070800781250e+01
-2.571184158325195312e+01 6.556362628936767578e+00 7.100432586669921875e+01
-2.860966682434082031e+01 7.674534320831298828e+00 7.234487915039062500e+01
-2.639760971069335938e+01 6.347768306732177734e+00 7.032592773437500000e+01
-2.612445259094238281e+01 6.463104724884033203e+00 7.159487915039062500e+01
-2.885916328430175781e+01 7.373401165008544922e+00 7.015036773681640625e+01
-2.562141227722167969e+01 6.515431404113769531e+00 7.047708129882812500e+01
-2.713244628906250000e+01 6.780323982238769531e+00 7.234487915039062500e+01
-2.688339424133300781e+01 6.487933158874511719e+00 6.990006256103515625e+01
-2.556369209289550781e+01 6.472590446472167969e+00 7.140038299560546875e+01
-2.885947608947753906e+01 7.012629032135009766e+00 7.151004028320312500e+01
-2.574112129211425781e+01 6.562616348266601562e+00 6.967479705810546875e+01
-2.640528297424316406e+01 6.246624469757080078e+00 7.159489440917968750e+01
-2.780488395690917969e+01 6.550241947174072266e+00 6.990408325195312500e+01
-2.543564987182617188e+01 6.338764667510986328e+00 7.080453491210937500e+01
-2.786706352233886719e+01 6.583372116088867188e+00 7.234492492675781250e+01
-2.652519416809082031e+01 6.001416206359863281e+00 7.081281280517578125e+01
-2.589045524597167969e+01 6.224875926971435547e+00 7.159498596191406250e+01
-2.885853958129882812e+01 6.537797451019287109e+00 7.067861938476562500e+01
-2.540033531188964844e+01 6.284795761108398438e+00 7.004080200195312500e+01
-2.678939437866210938e+01 6.266387462615966797e+00 7.234490966796875000e+01
-2.715160942077636719e+01 6.183041095733642578e+00 6.990003967285156250e+01
-2.535307502746582031e+01 6.164522171020507812e+00 7.121617889404296875e+01
-2.882596015930175781e+01 6.320652961730957031e+00 7.207534790039062500e+01
-2.652559471130371094e+01 5.978165149688720703e+00 7.089483642578125000e+01
-2.624058914184570312e+01 6.047168731689453125e+00 7.159494018554687500e+01
-2.862458038330078125e+01 6.142813682556152344e+00 6.990008544921875000e+01
-2.533144950866699219e+01 6.041357517242431641e+00 7.052667236328125000e+01
-2.737542533874511719e+01 6.029120922088623047e+00 7.234492492675781250e+01
-2.673921775817871094e+01 5.988443374633789062e+00 6.990003204345703125e+01
-2.554017066955566406e+01 5.965954780578613281e+00 7.159483337402343750e+01
-2.887927055358886719e+01 5.906256675720214844e+00 7.118817138671875000e+01
-2.534396743774414062e+01 5.885975837707519531e+00 6.950661468505859375e+01
-2.650006294250488281e+01 5.928505897521972656e+00 7.159493255615234375e+01
-2.750594902038574219e+01 5.850665569305419922e+00 6.990003204345703125e+01
-2.652559471130371094e+01 5.978165149688720703e+00 7.089483642578125000e+01
-2.828062438964843750e+01 5.676606655120849609e+00 7.234493255615234375e+01
-2.652559471130371094e+01 5.978165149688720703e+00 7.089483642578125000e+01
-2.604599761962890625e+01 5.830759525299072266e+00 7.159136199951171875e+01
-2.884317207336425781e+01 5.513109683990478516e+00 7.036156463623046875e+01
-2.540979766845703125e+01 5.699799060821533203e+00 7.026267242431640625e+01
-2.699602699279785156e+01 5.614022254943847656e+00 7.234494781494140625e+01
-2.697935104370117188e+01 5.692801475524902344e+00 6.990001678466796875e+01
-2.487555885314941406e+01 5.470070838928222656e+00 7.159486389160156250e+01
-2.886442756652832031e+01 5.218005180358886719e+00 7.172320556640625000e+01
-2.574663162231445312e+01 5.431178569793701172e+00 6.943010711669921875e+01
-2.634471702575683594e+01 5.722538471221923828e+00 7.159487152099609375e+01
-2.804492950439453125e+01 5.293328285217285156e+00 6.990740966796875000e+01
-2.551533508300781250e+01 5.565468311309814453e+00 7.072628021240234375e+01
-2.766004943847656250e+01 5.189034938812255859e+00 7.234500885009765625e+01
-2.668856239318847656e+01 5.023888111114501953e+00 6.880384063720703125e+01
-2.577624130249023438e+01 5.483680725097656250e+00 7.159487152099609375e+01
-2.885818862915039062e+01 4.787761211395263672e+00 7.087207794189453125e+01
-2.576224327087402344e+01 5.424667835235595703e+00 7.020912170410156250e+01
-2.666713142395019531e+01 5.148226261138916016e+00 7.234497070312500000e+01
-2.727306556701660156e+01 5.230229377746582031e+00 6.989994049072265625e+01
-2.318216514587402344e+01 3.822267055511474609e+00 7.151994323730468750e+01
-2.879431724548339844e+01 4.192604541778564453e+00 7.230711364746093750e+01
-2.639838981628417969e+01 5.645187854766845703e+00 7.043941497802734375e+01
-2.622520446777343750e+01 5.485190868377685547e+00 7.148728179931640625e+01
-2.881946754455566406e+01 4.060802936553955078e+00 7.003166198730468750e+01
-2.587936019897460938e+01 5.403701305389404297e+00 7.063542938232421875e+01
-2.722153472900390625e+01 4.578016281127929688e+00 7.234499359130859375e+01
-2.682699584960937500e+01 5.022618770599365234e+00 6.990003967285156250e+01
-2.602436447143554688e+01 5.411882877349853516e+00 7.119187927246093750e+01
-2.886410522460937500e+01 3.519304275512695312e+00 7.138508605957031250e+01
-2.628318977355957031e+01 5.524346351623535156e+00 7.055709075927734375e+01
-2.635204887390136719e+01 4.283151149749755859e+00 7.234495544433593750e+01
-2.768301200866699219e+01 4.089488983154296875e+00 6.989988708496093750e+01
-2.611720275878906250e+01 5.437168121337890625e+00 7.088193511962890625e+01
-2.801143264770507812e+01 3.023783922195434570e+00 7.234486389160156250e+01
-2.646986770629882812e+01 4.445774078369140625e+00 6.990010070800781250e+01
-2.639655876159667969e+01 5.636877059936523438e+00 7.105256652832031250e+01
-2.883053398132324219e+01 1.689534783363342285e+00 7.056178283691406250e+01
-2.638175964355468750e+01 5.620899677276611328e+00 7.079682922363281250e+01
-2.686669540405273438e+01 2.501318216323852539e+00 7.234484100341796875e+01
-2.770391654968261719e+01 -6.285451650619506836e-01 6.879119110107421875e+01
-2.646183204650878906e+01 5.749193191528320312e+00 7.091586303710937500e+01
-2.881863594055175781e+01 -6.342150688171386719e+00 7.192725372314453125e+01
-2.652559471130371094e+01 -1.461931324005126953e+01 7.089483642578125000e+01
