-1.038503265380859375e+01 4.602861404418945312e-01 7.090010070800781250e+01
-1.039389419555664062e+01 4.591670334339141846e-01 7.090821838378906250e+01
-1.029732894897460938e+01 3.821442365646362305e+00 6.990075683593750000e+01
-1.037170982360839844e+01 4.602876901626586914e-01 7.091748046875000000e+01
-1.041020298004150391e+01 4.599515795707702637e-01 7.089564514160156250e+01
-8.812945365905761719e+00 4.224758625030517578e+00 6.990007019042968750e+01
-1.039349079132080078e+01 4.602866172790527344e-01 7.093156433105468750e+01
-1.090443801879882812e+01 2.287582159042358398e+00 6.990001678466796875e+01
-1.034839057922363281e+01 4.602892398834228516e-01 7.091348266601562500e+01
-1.042400264739990234e+01 4.602838754653930664e-01 7.091618347167968750e+01
-9.917080879211425781e+00 1.862113714218139648e+00 6.990011596679687500e+01
-1.037052154541015625e+01 4.602887928485870361e-01 7.094636535644531250e+01
-1.211079025268554688e+01 2.715223312377929688e+00 6.989998626708984375e+01
-5.836453437805175781e+00 5.484192848205566406e+00 6.990010833740234375e+01
-1.041856288909912109e+01 4.602853655815124512e-01 7.094779205322265625e+01
-1.051461696624755859e+01 1.380338907241821289e+00 6.990010833740234375e+01
-1.033512306213378906e+01 4.602911770343780518e-01 7.094216156005859375e+01
-1.045373821258544922e+01 4.601467251777648926e-01 7.090293884277343750e+01
-9.380187988281250000e+00 1.569758534431457520e+00 6.990014648437500000e+01
-1.038857555389404297e+01 4.602885246276855469e-01 7.097671508789062500e+01
-1.121955966949462891e+01 1.366947412490844727e+00 6.990005493164062500e+01
-1.030058479309082031e+01 4.602926075458526611e-01 7.091146087646484375e+01
-1.045873737335205078e+01 4.602825939655303955e-01 7.095138549804687500e+01
-1.016007518768310547e+01 1.049938082695007324e+00 6.990013885498046875e+01
-1.033539772033691406e+01 4.602926969528198242e-01 7.098671722412109375e+01
-1.351969242095947266e+01 2.274497032165527344e+00 6.990006256103515625e+01
-8.223378181457519531e+00 1.684747695922851562e+00 6.990135955810546875e+01
-1.043042182922363281e+01 4.602866172790527344e-01 7.100855255126953125e+01
-1.074470520019531250e+01 9.127261638641357422e-01 6.990011596679687500e+01
-1.026828861236572266e+01 4.602966904640197754e-01 7.096145629882812500e+01
-1.051134681701660156e+01 4.562765359878540039e-01 7.093339538574218750e+01
-9.742053985595703125e+00 8.793229460716247559e-01 6.990012359619140625e+01
-1.035814189910888672e+01 4.602934718132019043e-01 7.105657196044921875e+01
-1.167630195617675781e+01 9.777230620384216309e-01 6.990007019042968750e+01
1.686619162559509277e+00 4.394101619720458984e+00 6.989998626708984375e+01
-1.051801204681396484e+01 4.602835178375244141e-01 7.104384613037109375e+01
-1.038015460968017578e+01 6.837583780288696289e-01 6.990013122558593750e+01
-1.023053073883056641e+01 4.603031575679779053e-01 7.107041931152343750e+01
-2.117441368103027344e+01 2.988471746444702148e+00 6.990014648437500000e+01
-9.067443847656250000e+00 7.593294978141784668e-01 6.990010070800781250e+01
-1.043995094299316406e+01 4.602926075458526611e-01 7.120198059082031250e+01
-1.101430702209472656e+01 6.062325835227966309e-01 6.990012359619140625e+01
-1.000735092163085938e+01 4.603169560432434082e-01 7.100360870361328125e+01
-1.078799057006835938e+01 4.602834284305572510e-01 7.110689544677734375e+01
-1.001429939270019531e+01 5.195277929306030273e-01 6.990010833740234375e+01
-1.010218620300292969e+01 4.687702655792236328e-01 7.159490203857421875e+01
-1.249512386322021484e+01 5.658089518547058105e-01 6.990008544921875000e+01
-7.141328811645507812e+00 5.719412565231323242e-01 6.990003204345703125e+01
-1.038503265380859375e+01 4.002893567085266113e-01 7.090010070800781250e+01
-1.059976673126220703e+01 4.106209576129913330e-01 6.990012359619140625e+01
-9.406908988952636719e+00 3.881696760654449463e-01 7.159491729736328125e+01
-1.594796180725097656e+01 2.303335666656494141e-01 7.159339904785156250e+01
-9.533843040466308594e+00 3.338803648948669434e-01 6.990008544921875000e+01
-1.035970211029052734e+01 3.510200977325439453e-01 7.159470367431640625e+01
-1.206048583984375000e+01 1.823889464139938354e-01 6.919994354248046875e+01
-1.038503265380859375e+01 4.002893567085266113e-01 7.090010070800781250e+01
-1.122589397430419922e+01 2.558080852031707764e-01 7.159486389160156250e+01
-1.014782524108886719e+01 1.371522694826126099e-01 6.919991302490234375e+01
-9.906642913818359375e+00 2.532547116279602051e-01 7.159487152099609375e+01
-1.470555210113525391e+01 -4.666852951049804688e-01 6.990596008300781250e+01
-7.383913993835449219e+00 -3.484219014644622803e-01 6.919978332519531250e+01
-1.061038303375244141e+01 2.258546203374862671e-01 7.159474945068359375e+01
-1.116049194335937500e+01 -8.739131689071655273e-02 6.919997406005859375e+01
-8.747385978698730469e+00 -1.039903461933135986e-01 7.159487152099609375e+01
-1.234702301025390625e+01 -2.373904734849929810e-01 7.159500122070312500e+01
-9.480874061584472656e+00 -2.346090972423553467e-01 6.919995880126953125e+01
-1.020553112030029297e+01 1.466089636087417603e-01 7.159480285644531250e+01
-1.215985298156738281e+01 -3.997072279453277588e-01 6.974662780761718750e+01
-1.038503265380859375e+01 4.002893567085266113e-01 7.090010070800781250e+01
-1.092846202850341797e+01 2.227869257330894470e-02 7.159476470947265625e+01
-1.051754474639892578e+01 -3.756481707096099854e-01 6.919987487792968750e+01
-9.641273498535156250e+00 -9.050257503986358643e-02 7.159490966796875000e+01
-1.049055194854736328e+01 3.464394211769104004e-01 7.089907073974609375e+01
-9.275532722473144531e+00 -4.041967689990997314e-01 6.990344238281250000e+01
-1.045283412933349609e+01 2.712402027100324631e-03 7.159477996826171875e+01
-1.118456077575683594e+01 -3.997364342212677002e-01 6.983591461181640625e+01
-9.144390106201171875e+00 -3.996976613998413086e-01 7.113205718994140625e+01
-1.139137268066406250e+01 -3.917336165904998779e-01 7.152654266357421875e+01
-1.007942199707031250e+01 -3.996965587139129639e-01 6.980593872070312500e+01
-1.003277492523193359e+01 -1.778039336204528809e-01 7.159484100341796875e+01
-1.304252338409423828e+01 -1.821007251739501953e+00 6.990010070800781250e+01
-7.893600940704345703e+00 -1.814444184303283691e+00 6.990000915527343750e+01
-1.071840858459472656e+01 -2.704243063926696777e-01 7.159477233886718750e+01
-1.078246402740478516e+01 -8.597080111503601074e-01 6.958834075927734375e+01
-9.676932334899902344e+00 -3.997103273868560791e-01 7.131974029541015625e+01
-1.114588165283203125e+01 -3.997160792350769043e-01 7.105960845947265625e+01
-9.667282104492187500e+00 -9.434500336647033691e-01 6.990005493164062500e+01
-1.030312442779541016e+01 -3.997038304805755615e-01 7.158451080322265625e+01
-1.154860591888427734e+01 -1.498432159423828125e+00 6.989986419677734375e+01
-1.033285236358642578e+01 3.311654627323150635e-01 7.089845275878906250e+01
-1.078737735748291016e+01 -3.997160792350769043e-01 7.129274749755859375e+01
-1.032900810241699219e+01 -1.140260457992553711e+00 6.990007019042968750e+01
-1.008366680145263672e+01 -3.968016803264617920e-01 7.126848602294921875e+01
-1.041759872436523438e+01 3.396953940391540527e-01 7.089539337158203125e+01
-8.918236732482910156e+00 -3.243011236190795898e+00 6.990063476562500000e+01
-1.046351718902587891e+01 -3.997044265270233154e-01 7.123373413085937500e+01
-1.094518756866455078e+01 -2.740433931350708008e+00 6.990006256103515625e+01
-1.016224575042724609e+01 -3.997376859188079834e-01 7.097357940673828125e+01
-1.053392791748046875e+01 -3.997148871421813965e-01 7.096714019775390625e+01
-1.038503265380859375e+01 -1.115728989243507385e-01 7.090010070800781250e+01
