1.808283424377441406e+01 8.923128128051757812e+00 7.090010070800781250e+01
1.808283424377441406e+01 8.923129081726074219e+00 7.090010070800781250e+01
1.808283424377441406e+01 8.923128128051757812e+00 7.090010070800781250e+01
1.808283424377441406e+01 8.923128128051757812e+00 7.090010070800781250e+01
1.808283424377441406e+01 8.923129081726074219e+00 7.090010070800781250e+01
1.808283424377441406e+01 8.923128128051757812e+00 7.090010070800781250e+01
1.808283424377441406e+01 8.923128128051757812e+00 7.090010070800781250e+01
1.808283424377441406e+01 8.923129081726074219e+00 7.090010070800781250e+01
1.808283424377441406e+01 8.923128128051757812e+00 7.090010070800781250e+01
1.808283233642578125e+01 8.923129081726074219e+00 7.090010070800781250e+01
1.808283424377441406e+01 8.923128128051757812e+00 7.090010070800781250e+01
1.808283424377441406e+01 8.923128128051757812e+00 7.090010070800781250e+01
1.808283233642578125e+01 8.923129081726074219e+00 7.090010070800781250e+01
1.808283424377441406e+01 8.923128128051757812e+00 7.090010070800781250e+01
1.808283424377441406e+01 8.923128128051757812e+00 7.090010070800781250e+01
1.808283424377441406e+01 8.923129081726074219e+00 7.090010070800781250e+01
1.808283424377441406e+01 8.923128128051757812e+00 7.090010070800781250e+01
1.808283042907714844e+01 8.923130035400390625e+00 7.090010070800781250e+01
1.808283424377441406e+01 8.923128128051757812e+00 7.090010070800781250e+01
1.808283424377441406e+01 8.923128128051757812e+00 7.090010070800781250e+01
1.808283233642578125e+01 8.923129081726074219e+00 7.090010070800781250e+01
1.808283615112304688e+01 8.923128128051757812e+00 7.090010070800781250e+01
1.808283233642578125e+01 8.923128128051757812e+00 7.090010070800781250e+01
1.808283424377441406e+01 8.923128128051757812e+00 7.090010070800781250e+01
1.808283424377441406e+01 8.923128128051757812e+00 7.090010070800781250e+01
1.808282279968261719e+01 8.923133850097656250e+00 7.090010070800781250e+01
1.808283615112304688e+01 8.923128128051757812e+00 7.090010070800781250e+01
1.747813415527343750e+01 9.722442626953125000e+00 7.234500122070312500e+01
1.808283233642578125e+01 8.923129081726074219e+00 7.090009307861328125e+01
1.808283615112304688e+01 8.923128128051757812e+00 7.090010070800781250e+01
1.808202171325683594e+01 8.923487663269042969e+00 7.090031433105468750e+01
1.808283615112304688e+01 8.923128128051757812e+00 7.090010070800781250e+01
1.833115005493164062e+01 9.477213859558105469e+00 7.234497833251953125e+01
1.808203887939453125e+01 8.923482894897460938e+00 7.089948272705078125e+01
1.808283615112304688e+01 8.923128128051757812e+00 7.090010070800781250e+01
1.808205604553222656e+01 8.923478126525878906e+00 7.090093994140625000e+01
1.808283424377441406e+01 8.923128128051757812e+00 7.090009307861328125e+01
1.939353752136230469e+01 9.432250022888183594e+00 7.234496307373046875e+01
1.795822906494140625e+01 8.953018188476562500e+00 7.088854980468750000e+01
1.808283615112304688e+01 8.923128128051757812e+00 7.090010070800781250e+01
1.781997871398925781e+01 9.210318565368652344e+00 7.234498596191406250e+01
1.808032989501953125e+01 8.923946380615234375e+00 7.089611816406250000e+01
1.808283615112304688e+01 8.923127174377441406e+00 7.090010070800781250e+01
1.789070510864257812e+01 8.951732635498046875e+00 7.099869537353515625e+01
1.808283615112304688e+01 8.923128128051757812e+00 7.090009307861328125e+01
1.867102050781250000e+01 9.065535545349121094e+00 7.234497070312500000e+01
1.778587722778320312e+01 8.946420669555664062e+00 7.075936889648437500e+01
1.808283615112304688e+01 8.923127174377441406e+00 7.090010070800781250e+01
1.777120208740234375e+01 8.941812515258789062e+00 7.143184661865234375e+01
1.775367164611816406e+01 8.938963890075683594e+00 6.936724853515625000e+01
1.808283615112304688e+01 8.923127174377441406e+00 7.090010070800781250e+01
1.763842201232910156e+01 8.909549713134765625e+00 7.095549011230468750e+01
1.808283805847167969e+01 8.923127174377441406e+00 7.090009307861328125e+01
1.810817337036132812e+01 8.873841285705566406e+00 7.159494018554687500e+01
1.753670883178710938e+01 8.852101325988769531e+00 7.034592437744140625e+01
1.808283805847167969e+01 8.923127174377441406e+00 7.090010070800781250e+01
1.749121284484863281e+01 8.821472167968750000e+00 7.138893127441406250e+01
1.808283424377441406e+01 8.923127174377441406e+00 7.090010070800781250e+01
1.907769966125488281e+01 8.617352485656738281e+00 7.234495544433593750e+01
1.746905517578125000e+01 8.799962997436523438e+00 7.075887298583984375e+01
1.808283996582031250e+01 8.923125267028808594e+00 7.090010070800781250e+01
1.785747718811035156e+01 8.748687744140625000e+00 7.159476470947265625e+01
1.728393554687500000e+01 8.420704841613769531e+00 6.914858245849609375e+01
1.808283615112304688e+01 8.923126220703125000e+00 7.090010070800781250e+01
1.737905502319335938e+01 8.694387435913085938e+00 7.114936828613281250e+01
1.831458473205566406e+01 8.760392189025878906e+00 7.046432495117187500e+01
1.826234817504882812e+01 8.669427871704101562e+00 7.159485626220703125e+01
1.731699943542480469e+01 8.577928543090820312e+00 7.040237426757812500e+01
1.808285713195800781e+01 8.923118591308593750e+00 7.090010070800781250e+01
1.753935050964355469e+01 8.545079231262207031e+00 7.159483337402343750e+01
1.808283424377441406e+01 8.923127174377441406e+00 7.090010070800781250e+01
1.827968788146972656e+01 8.793227195739746094e+00 7.108399963378906250e+01
1.808283424377441406e+01 8.923127174377441406e+00 7.090010070800781250e+01
1.833446884155273438e+01 8.740669250488281250e+00 7.067405700683593750e+01
1.801542663574218750e+01 8.527864456176757812e+00 7.159073638916015625e+01
1.731946754455566406e+01 8.159286499023437500e+00 6.988404846191406250e+01
1.825763893127441406e+01 8.810410499572753906e+00 7.093278503417968750e+01
1.728098678588867188e+01 8.292046546936035156e+00 7.139924621582031250e+01
1.840256309509277344e+01 8.086187362670898438e+00 6.975539398193359375e+01
1.843290138244628906e+01 8.348628997802734375e+00 7.159052276611328125e+01
1.728434753417968750e+01 8.255702018737792969e+00 7.059963226318359375e+01
1.838999176025390625e+01 8.650082588195800781e+00 7.077680206298828125e+01
1.774939727783203125e+01 8.252289772033691406e+00 7.159489440917968750e+01
1.772419166564941406e+01 7.786102771759033203e+00 6.971636962890625000e+01
1.845526123046875000e+01 8.502365112304687500e+00 7.112081146240234375e+01
1.732473754882812500e+01 8.126015663146972656e+00 7.105902862548828125e+01
1.845687675476074219e+01 8.222863197326660156e+00 7.037894439697265625e+01
1.816548156738281250e+01 8.115922927856445312e+00 7.159068298339843750e+01
1.746876907348632812e+01 7.921094417572021484e+00 7.037223052978515625e+01
1.847032737731933594e+01 8.409813880920410156e+00 7.088786315917968750e+01
1.754804611206054688e+01 7.859776020050048828e+00 7.142200469970703125e+01
1.812307739257812500e+01 7.816556930541992188e+00 7.018178558349609375e+01
1.840220451354980469e+01 8.078414916992187500e+00 7.129049682617187500e+01
1.752116203308105469e+01 7.878063678741455078e+00 7.081893920898437500e+01
1.841348075866699219e+01 8.101852416992187500e+00 7.067480468750000000e+01
1.791938781738281250e+01 7.257107257843017578e+00 7.159490966796875000e+01
1.787602424621582031e+01 7.763566493988037109e+00 7.053088378906250000e+01
1.834331893920898438e+01 7.987727642059326172e+00 7.098600769042968750e+01
1.767483329772949219e+01 6.730969429016113281e+00 7.108380126953125000e+01
1.808283424377441406e+01 7.798353195190429688e+00 7.090010070800781250e+01
