1.767486000061035156e+01 3.745368719100952148e+00 7.090002441406250000e+01
1.767486000061035156e+01 3.171767234802246094e+00 7.090002441406250000e+01
1.776185989379882812e+01 6.565429687500000000e+00 6.990871429443359375e+01
1.807488632202148438e+01 4.973243713378906250e+00 7.142179107666015625e+01
1.284553623199462891e+01 1.461888313293457031e+01 7.004578399658203125e+01
1.924672698974609375e+01 6.995701313018798828e+00 6.990013122558593750e+01
1.767486000061035156e+01 3.171767234802246094e+00 7.090002441406250000e+01
1.715552330017089844e+01 5.058809280395507812e+00 6.990007019042968750e+01
1.807486724853515625e+01 3.826759815216064453e+00 7.104610443115234375e+01
1.767486000061035156e+01 3.171767234802246094e+00 7.090002441406250000e+01
1.814282608032226562e+01 4.633634567260742188e+00 6.990000915527343750e+01
1.789281272888183594e+01 4.072927474975585938e+00 7.159489440917968750e+01
1.416495418548583984e+01 7.879960536956787109e+00 6.886595916748046875e+01
2.222320747375488281e+01 8.255413055419921875e+00 6.990008544921875000e+01
1.767486000061035156e+01 3.171767234802246094e+00 7.090002441406250000e+01
1.754577827453613281e+01 4.148007869720458984e+00 6.990391540527343750e+01
1.807487487792968750e+01 3.652673244476318359e+00 7.123715972900390625e+01
1.767486000061035156e+01 3.171767234802246094e+00 7.090002441406250000e+01
1.867975044250488281e+01 4.341289520263671875e+00 6.990002441406250000e+01
1.767486000061035156e+01 3.171767234802246094e+00 7.090002441406250000e+01
1.684126853942871094e+01 4.137342453002929688e+00 6.990110015869140625e+01
1.807488250732421875e+01 3.455996036529541016e+00 7.095384979248046875e+01
1.767486000061035156e+01 3.171767234802246094e+00 7.090002441406250000e+01
1.789981842041015625e+01 3.821419000625610352e+00 6.990006256103515625e+01
1.807307243347167969e+01 3.653165102005004883e+00 7.159495544433593750e+01
1.454006004333496094e+01 5.046059131622314453e+00 6.989994049072265625e+01
1.983908081054687500e+01 4.457750320434570312e+00 6.990010070800781250e+01
1.767486000061035156e+01 3.171767234802246094e+00 7.090002441406250000e+01
1.731520652770996094e+01 3.684176445007324219e+00 6.990009307861328125e+01
1.807486915588378906e+01 3.377375125885009766e+00 7.111026000976562500e+01
1.767486000061035156e+01 3.171767234802246094e+00 7.090002441406250000e+01
1.831785011291503906e+01 3.650808811187744141e+00 6.990002441406250000e+01
1.779428672790527344e+01 3.438255548477172852e+00 7.159494018554687500e+01
1.638380813598632812e+01 3.749103546142578125e+00 6.990016174316406250e+01
2.888258171081542969e+01 6.879755020141601562e+00 6.997148895263671875e+01
1.767486000061035156e+01 3.171767234802246094e+00 7.090002441406250000e+01
1.767973899841308594e+01 3.455234289169311523e+00 6.990005493164062500e+01
1.807485771179199219e+01 3.327139854431152344e+00 7.134096527099609375e+01
6.923469543457031250e+00 5.750836372375488281e+00 6.990358734130859375e+01
1.899242019653320312e+01 3.530799627304077148e+00 6.990003967285156250e+01
1.767486000061035156e+01 3.171767234802246094e+00 7.090002441406250000e+01
1.704561805725097656e+01 3.377699851989746094e+00 6.990009307861328125e+01
1.807485961914062500e+01 3.235342025756835938e+00 7.100965118408203125e+01
1.767486000061035156e+01 3.171767234802246094e+00 7.090002441406250000e+01
1.804559707641601562e+01 3.291006803512573242e+00 6.990002441406250000e+01
1.795773696899414062e+01 3.240255594253540039e+00 7.159490203857421875e+01
1.556494998931884766e+01 3.337272644042968750e+00 6.990010070800781250e+01
2.091808128356933594e+01 3.343393564224243164e+00 6.990010833740234375e+01
1.767486000061035156e+01 3.171767234802246094e+00 7.090002441406250000e+01
1.746012878417968750e+01 3.182098627090454102e+00 6.990005493164062500e+01
1.807484817504882812e+01 3.166810989379882812e+00 7.118415832519531250e+01
1.767486000061035156e+01 3.171767234802246094e+00 7.090002441406250000e+01
1.852604293823242188e+01 3.105358839035034180e+00 6.990001678466796875e+01
1.770019912719726562e+01 3.122482538223266602e+00 7.159484100341796875e+01
1.668946266174316406e+01 3.043611764907836914e+00 6.990010070800781250e+01
1.807431411743164062e+01 3.127048492431640625e+00 7.092044830322265625e+01
1.767486000061035156e+01 3.171767234802246094e+00 7.090002441406250000e+01
1.781437873840332031e+01 3.016997575759887695e+00 6.990002441406250000e+01
1.807486915588378906e+01 3.048823356628417969e+00 7.148095703125000000e+01
1.332862377166748047e+01 2.299632072448730469e+00 6.989996337890625000e+01
1.943986511230468750e+01 2.731438159942626953e+00 6.990003967285156250e+01
1.767486000061035156e+01 3.171767234802246094e+00 7.090002441406250000e+01
1.721875572204589844e+01 2.884926080703735352e+00 6.990005493164062500e+01
1.807205963134765625e+01 3.049458026885986328e+00 7.106853485107421875e+01
1.767486000061035156e+01 3.171767234802246094e+00 7.090002441406250000e+01
1.820668029785156250e+01 2.798324108123779297e+00 6.990000915527343750e+01
1.785438728332519531e+01 2.918048858642578125e+00 7.159482574462890625e+01
1.613630294799804688e+01 2.478265762329101562e+00 6.990010070800781250e+01
2.882252502441406250e+01 -1.382119894027709961e+00 6.904013824462890625e+01
1.767486000061035156e+01 3.171767234802246094e+00 7.090002441406250000e+01
1.759692192077636719e+01 2.715391397476196289e+00 6.990001678466796875e+01
1.807485771179199219e+01 2.907815933227539062e+00 7.127369689941406250e+01
1.878808593750000000e+01 2.364580154418945312e+00 6.990001678466796875e+01
1.767486000061035156e+01 3.171767234802246094e+00 7.090002441406250000e+01
1.692357254028320312e+01 2.420012712478637695e+00 6.990004730224609375e+01
1.807483863830566406e+01 2.913853883743286133e+00 7.097480773925781250e+01
1.767486000061035156e+01 3.171767234802246094e+00 7.090002441406250000e+01
1.795417594909667969e+01 2.440614461898803711e+00 6.990000915527343750e+01
1.802719116210937500e+01 2.593554496765136719e+00 7.159490966796875000e+01
1.502979469299316406e+01 9.608567357063293457e-01 6.990469360351562500e+01
2.016605377197265625e+01 9.572456479072570801e-01 6.990003204345703125e+01
1.767486000061035156e+01 3.171767234802246094e+00 7.090002441406250000e+01
1.737187767028808594e+01 2.211207389831542969e+00 6.990000915527343750e+01
1.807486724853515625e+01 2.719846010208129883e+00 7.113707733154296875e+01
1.509610843658447266e+01 4.603017270565032959e-01 7.144063568115234375e+01
1.839259147644042969e+01 1.828066110610961914e+00 6.990000915527343750e+01
1.775802040100097656e+01 2.359544277191162109e+00 7.159490203857421875e+01
1.651154327392578125e+01 1.273464202880859375e+00 6.990000915527343750e+01
2.853548049926757812e+01 -1.121533203125000000e+01 7.055700683593750000e+01
1.767486000061035156e+01 3.171767234802246094e+00 7.090002441406250000e+01
1.773088455200195312e+01 1.631219625473022461e+00 6.989999389648437500e+01
1.807479476928710938e+01 2.113967180252075195e+00 7.138890075683593750e+01
1.075470829010009766e+01 -9.704051017761230469e+00 6.990009307861328125e+01
1.914243888854980469e+01 -4.734770357608795166e-01 6.990003204345703125e+01
1.767486000061035156e+01 3.171767234802246094e+00 7.090002441406250000e+01
1.711470031738281250e+01 3.101756609976291656e-02 6.989997863769531250e+01
1.807487106323242188e+01 1.735332012176513672e+00 7.103195190429687500e+01
1.717020988464355469e+01 4.603227376937866211e-01 7.112723541259765625e+01
1.767486000061035156e+01 3.167376518249511719e+00 7.090002441406250000e+01
