-1.792587661743164062e+01 -4.124849796295166016e+00 7.090005493164062500e+01
-1.792651939392089844e+01 -4.124731540679931641e+00 7.090064239501953125e+01
-1.783811187744140625e+01 -7.054727077484130859e-01 6.990001678466796875e+01
-1.752582931518554688e+01 -2.327433347702026367e+00 7.142184448242187500e+01
-2.583513069152832031e+01 1.461857604980468750e+01 6.950102233886718750e+01
-1.792380332946777344e+01 -4.123960018157958984e+00 7.089873504638671875e+01
-1.792659187316894531e+01 -4.123925209045410156e+00 7.090271759033203125e+01
-1.844523048400878906e+01 -2.241896867752075195e+00 6.990007019042968750e+01
-1.752584648132324219e+01 -3.473973035812377930e+00 7.104614257812500000e+01
-1.792774772644042969e+01 -4.126122951507568359e+00 7.090082550048828125e+01
-1.745791435241699219e+01 -2.667149066925048828e+00 6.990004730224609375e+01
-1.770794105529785156e+01 -3.227918148040771484e+00 7.159486389160156250e+01
-1.965134811401367188e+01 -1.814452528953552246e+00 6.990010833740234375e+01
-1.792395591735839844e+01 -4.126857757568359375e+00 7.089963531494140625e+01
-1.792778968811035156e+01 -4.125581741333007812e+00 7.090277862548828125e+01
-1.805545997619628906e+01 -3.148968696594238281e+00 6.990007019042968750e+01
-1.752585411071777344e+01 -3.648089408874511719e+00 7.123719787597656250e+01
-1.792587661743164062e+01 -4.129004001617431641e+00 7.090005493164062500e+01
-1.692097663879394531e+01 -2.959469318389892578e+00 6.990004730224609375e+01
-1.792637443542480469e+01 -4.120588779449462891e+00 7.091079711914062500e+01
-1.876033020019531250e+01 -3.162430763244628906e+00 6.990010070800781250e+01
-1.752585601806640625e+01 -3.844776391983032227e+00 7.095388031005859375e+01
-1.792587661743164062e+01 -4.129004001617431641e+00 7.090005493164062500e+01
-1.770091438293457031e+01 -3.479343175888061523e+00 6.990007781982421875e+01
-1.752765464782714844e+01 -3.647595405578613281e+00 7.159500122070312500e+01
-2.106019592285156250e+01 -2.254999637603759766e+00 6.990012359619140625e+01
-1.792461204528808594e+01 -4.128252506256103516e+00 7.089946746826171875e+01
-1.792703056335449219e+01 -4.127478599548339844e+00 7.090280914306640625e+01
-1.828554153442382812e+01 -3.616577386856079102e+00 6.990009307861328125e+01
-1.752585220336914062e+01 -3.923388481140136719e+00 7.111029815673828125e+01
-1.792587661743164062e+01 -4.129004001617431641e+00 7.090005493164062500e+01
-1.792568778991699219e+01 -4.128862857818603516e+00 7.089975738525390625e+01
-1.780647659301757812e+01 -3.862579107284545898e+00 7.159480285644531250e+01
-1.921702003479003906e+01 -3.551625967025756836e+00 6.990012359619140625e+01
-1.792489433288574219e+01 -4.128678798675537109e+00 7.089997100830078125e+01
-1.792587661743164062e+01 -4.129004001617431641e+00 7.090005493164062500e+01
-1.792099761962890625e+01 -3.845535516738891602e+00 6.990008544921875000e+01
-1.752585029602050781e+01 -3.973619699478149414e+00 7.134102630615234375e+01
-2.875590705871582031e+01 -1.531070470809936523e+00 6.989633178710937500e+01
-1.660829353332519531e+01 -3.769965648651123047e+00 6.990005493164062500e+01
-1.792587661743164062e+01 -4.129004001617431641e+00 7.090005493164062500e+01
-1.855270385742187500e+01 -3.923861503601074219e+00 6.990396118164062500e+01
-1.752585220336914062e+01 -4.065425395965576172e+00 7.100968170166015625e+01
-1.792587661743164062e+01 -4.129004001617431641e+00 7.090005493164062500e+01
-1.755514335632324219e+01 -4.009766101837158203e+00 6.990007019042968750e+01
-1.764304161071777344e+01 -4.060525894165039062e+00 7.159483337402343750e+01
-2.003580284118652344e+01 -3.963497400283813477e+00 6.990012359619140625e+01
-1.468243598937988281e+01 -3.957365989685058594e+00 6.990007019042968750e+01
-1.792587661743164062e+01 -4.129004001617431641e+00 7.090005493164062500e+01
-1.814061164855957031e+01 -4.118672370910644531e+00 6.990007019042968750e+01
-1.752585029602050781e+01 -4.133960723876953125e+00 7.118421173095703125e+01
-1.792587661743164062e+01 -4.129004001617431641e+00 7.090005493164062500e+01
-1.707469177246093750e+01 -4.195412635803222656e+00 6.990004730224609375e+01
-1.790053939819335938e+01 -4.178288459777832031e+00 7.159487152099609375e+01
-1.891135025024414062e+01 -4.257169246673583984e+00 6.990005493164062500e+01
-1.792587661743164062e+01 -4.129004001617431641e+00 7.090005493164062500e+01
-1.792587661743164062e+01 -4.129004001617431641e+00 7.090005493164062500e+01
-1.778635787963867188e+01 -4.283773422241210938e+00 6.990005493164062500e+01
-1.752584838867187500e+01 -4.251954078674316406e+00 7.148101806640625000e+01
-2.227132987976074219e+01 -5.000981807708740234e+00 6.990017700195312500e+01
-1.419074821472167969e+01 -5.060833930969238281e+00 6.878388214111328125e+01
-1.792587661743164062e+01 -4.129004001617431641e+00 7.090005493164062500e+01
-1.838198280334472656e+01 -4.415845870971679688e+00 6.990008544921875000e+01
-1.752585029602050781e+01 -4.252183914184570312e+00 7.106976318359375000e+01
-1.792587661743164062e+01 -4.129004001617431641e+00 7.090005493164062500e+01
-1.739405250549316406e+01 -4.502449512481689453e+00 6.990003967285156250e+01
-1.774633789062500000e+01 -4.382738113403320312e+00 7.159490203857421875e+01
-1.946463775634765625e+01 -4.822597026824951172e+00 6.990000152587890625e+01
-1.193182182312011719e+01 -6.577610492706298828e+00 6.990000152587890625e+01
-1.792587661743164062e+01 -4.129004001617431641e+00 7.090005493164062500e+01
-1.800381469726562500e+01 -4.585381031036376953e+00 6.990004730224609375e+01
-1.752584648132324219e+01 -4.392975807189941406e+00 7.127375793457031250e+01
-2.881606292724609375e+01 -9.686643600463867188e+00 7.079380035400390625e+01
-1.681259727478027344e+01 -4.936229705810546875e+00 6.990000152587890625e+01
-1.792757797241210938e+01 -4.138983726501464844e+00 7.091749572753906250e+01
-1.867718124389648438e+01 -4.880776882171630859e+00 6.990005493164062500e+01
-1.752584648132324219e+01 -4.386949539184570312e+00 7.097484588623046875e+01
-1.792587661743164062e+01 -4.129004001617431641e+00 7.090005493164062500e+01
-1.764655685424804688e+01 -4.860167980194091797e+00 6.990002441406250000e+01
-1.757356643676757812e+01 -4.707182407379150391e+00 7.159489440917968750e+01
-2.342296600341796875e+01 -8.723814010620117188e+00 6.883152008056640625e+01
-1.543449974060058594e+01 -6.343688964843750000e+00 6.989998626708984375e+01
-1.792779922485351562e+01 -4.132870197296142578e+00 7.090406036376953125e+01
-1.822885131835937500e+01 -5.089541912078857422e+00 6.990006256103515625e+01
-1.752583503723144531e+01 -4.580963611602783203e+00 7.113713073730468750e+01
-1.792587661743164062e+01 -4.129004001617431641e+00 7.090005493164062500e+01
-1.720979690551757812e+01 -5.469615936279296875e+00 6.990233612060546875e+01
-1.784272003173828125e+01 -4.941188812255859375e+00 7.159489440917968750e+01
-1.908912467956542969e+01 -6.027196407318115234e+00 6.990009307861328125e+01
-1.002344894409179688e+01 -1.459737586975097656e+01 7.065046691894531250e+01
-1.792766380310058594e+01 -4.132558345794677734e+00 7.090180206298828125e+01
-1.786985206604003906e+01 -5.669556140899658203e+00 6.990002441406250000e+01
-1.753125762939453125e+01 -5.172744274139404297e+00 7.138243103027343750e+01
-2.355620574951171875e+01 -1.460494422912597656e+01 7.008650207519531250e+01
-1.645818901062011719e+01 -7.774520874023437500e+00 6.989998626708984375e+01
-1.792635726928710938e+01 -4.133904457092285156e+00 7.090209960937500000e+01
-1.848602104187011719e+01 -7.269666194915771484e+00 6.990003967285156250e+01
-1.752585983276367188e+01 -5.565457820892333984e+00 7.103198242187500000e+01
-1.792664337158203125e+01 -4.133124828338623047e+00 7.090039825439453125e+01
-1.792587661743164062e+01 -4.133158683776855469e+00 7.090005493164062500e+01
