2.480879592895507812e+01 -5.156093120574951172e+00 7.089996337890625000e+01
2.460834121704101562e+01 -3.967445373535156250e+00 7.108359527587890625e+01
2.489656257629394531e+01 -1.875725269317626953e+00 6.989990997314453125e+01
2.501438140869140625e+01 -4.373475551605224609e+00 7.116811370849609375e+01
1.921076393127441406e+01 7.969901084899902344e+00 6.990975189208984375e+01
2.638080024719238281e+01 -1.475041508674621582e+00 6.989998626708984375e+01
2.462311935424804688e+01 -3.982220888137817383e+00 7.159066772460937500e+01
2.428951454162597656e+01 -3.412467002868652344e+00 6.990011596679687500e+01
2.523777580261230469e+01 -4.596877098083496094e+00 7.105662536621093750e+01
2.312553024291992188e+01 -2.707931756973266602e+00 7.159478759765625000e+01
2.527672958374023438e+01 -3.837541580200195312e+00 6.990001678466796875e+01
2.502673339843750000e+01 -4.398213863372802734e+00 7.159477996826171875e+01
2.308354568481445312e+01 -2.985057353973388672e+00 6.990014648437500000e+01
2.889357566833496094e+01 -7.337921857833862305e-01 7.000193786621093750e+01
2.432548332214355469e+01 -4.434506893157958984e+00 7.158742523193359375e+01
2.467922782897949219e+01 -4.319381237030029297e+00 6.990009307861328125e+01
2.532255744934082031e+01 -4.681657791137695312e+00 7.133296203613281250e+01
2.480879211425781250e+01 -5.299306869506835938e+00 7.089996337890625000e+01
2.581234359741210938e+01 -4.131351470947265625e+00 6.990129852294921875e+01
2.477666854858398438e+01 -4.755186557769775391e+00 7.159475708007812500e+01
2.397443389892578125e+01 -4.332843303680419922e+00 6.990011596679687500e+01
2.547024726867675781e+01 -4.829328060150146484e+00 7.098896026611328125e+01
2.480879402160644531e+01 -5.299309730529785156e+00 7.089996337890625000e+01
2.503373336791992188e+01 -4.649719238281250000e+00 6.990009307861328125e+01
2.520695114135742188e+01 -4.817983150482177734e+00 7.159479522705078125e+01
2.167460441589355469e+01 -3.425383090972900391e+00 6.990007019042968750e+01
2.873556900024414062e+01 -2.966015577316284180e+00 6.908569335937500000e+01
2.451799964904785156e+01 -4.914925098419189453e+00 7.159480285644531250e+01
2.444916725158691406e+01 -4.786936283111572266e+00 6.990010070800781250e+01
2.555610847473144531e+01 -4.915185928344726562e+00 7.129273223876953125e+01
2.480879402160644531e+01 -5.299310207366943359e+00 7.089996337890625000e+01
2.545169448852539062e+01 -4.820337295532226562e+00 6.990010833740234375e+01
2.492822265625000000e+01 -5.032825946807861328e+00 7.159487152099609375e+01
2.351772308349609375e+01 -4.721964836120605469e+00 6.990008544921875000e+01
2.875160789489746094e+01 -3.994862079620361328e+00 7.057331085205078125e+01
2.480879592895507812e+01 -5.299310207366943359e+00 7.089996337890625000e+01
2.481367301940917969e+01 -5.015892028808593750e+00 6.990016937255859375e+01
2.543918609619140625e+01 -5.054444789886474609e+00 7.159487915039062500e+01
1.408494853973388672e+01 -2.726848602294921875e+00 6.990608215332031250e+01
2.612201690673828125e+01 -4.941460609436035156e+00 6.990327453613281250e+01
2.480879020690917969e+01 -5.299304962158203125e+00 7.089999389648437500e+01
2.417961502075195312e+01 -5.093398571014404297e+00 6.990013122558593750e+01
2.578506660461425781e+01 -5.144145011901855469e+00 7.116751861572265625e+01
2.199307441711425781e+01 -4.880094528198242188e+00 7.234494781494140625e+01
2.517949485778808594e+01 -5.180083751678466797e+00 6.990007019042968750e+01
2.509170150756835938e+01 -5.230815410614013672e+00 7.159491729736328125e+01
2.269898605346679688e+01 -5.133812904357910156e+00 6.990008544921875000e+01
2.805214118957519531e+01 -5.127677917480468750e+00 6.990000152587890625e+01
2.396197700500488281e+01 -5.248535633087158203e+00 7.234490966796875000e+01
2.459409904479980469e+01 -5.288980960845947266e+00 6.990016174316406250e+01
2.578409576416015625e+01 -5.311395168304443359e+00 7.159277343750000000e+01
1.321393013000488281e+01 -5.653551101684570312e+00 7.234500885009765625e+01
2.565992546081542969e+01 -5.365715026855468750e+00 6.990002441406250000e+01
2.480879592895507812e+01 -5.299311161041259766e+00 7.089997100830078125e+01
2.382350349426269531e+01 -5.427452564239501953e+00 6.990014648437500000e+01
2.633963203430175781e+01 -5.470686912536621094e+00 7.097823333740234375e+01
2.305998039245605469e+01 -5.599801063537597656e+00 7.234492492675781250e+01
2.494829177856445312e+01 -5.454054355621337891e+00 6.990013122558593750e+01
2.528728485107421875e+01 -5.446375370025634766e+00 7.159487915039062500e+01
2.046314620971679688e+01 -6.171328067779541016e+00 6.990003967285156250e+01
2.570966720581054688e+01 -5.524057865142822266e+00 7.038956451416015625e+01
2.434005165100097656e+01 -5.662146568298339844e+00 7.234487152099609375e+01
2.435275268554687500e+01 -5.586112976074218750e+00 6.990013122558593750e+01
2.643887519836425781e+01 -5.801259994506835938e+00 7.159152221679687500e+01
2.072895812988281250e+01 -6.625326156616210938e+00 7.234495544433593750e+01
2.533852386474609375e+01 -5.671285152435302734e+00 6.990388488769531250e+01
2.480879592895507812e+01 -5.299311637878417969e+00 7.089996337890625000e+01
2.327038002014160156e+01 -5.992748260498046875e+00 6.990013122558593750e+01
2.560899162292480469e+01 -5.626195430755615234e+00 7.076645660400390625e+01
2.367843818664550781e+01 -6.085589885711669922e+00 7.234489440917968750e+01
2.473086547851562500e+01 -5.755640983581542969e+00 6.990006256103515625e+01
2.555270004272460938e+01 -5.790198802947998047e+00 7.159490966796875000e+01
1.844360351562500000e+01 -8.547688484191894531e+00 7.083786010742187500e+01
2.550800514221191406e+01 -5.806299686431884766e+00 7.027186584472656250e+01
2.480879592895507812e+01 -5.299311161041259766e+00 7.089996337890625000e+01
2.405751419067382812e+01 -6.051059246063232422e+00 6.989999389648437500e+01
2.651824569702148438e+01 -6.401592731475830078e+00 7.121957397460937500e+01
2.480879592895507812e+01 -5.299311161041259766e+00 7.089996337890625000e+01
2.508810424804687500e+01 -6.030443668365478516e+00 6.989997100830078125e+01
2.480879592895507812e+01 -5.299311161041259766e+00 7.089996337890625000e+01
2.217203712463378906e+01 -7.503278732299804688e+00 6.990776062011718750e+01
2.548661422729492188e+01 -5.901850223541259766e+00 7.062787628173828125e+01
2.480879592895507812e+01 -5.299311161041259766e+00 7.089996337890625000e+01
2.420085906982421875e+01 -7.226685523986816406e+00 6.889341735839843750e+01
2.480879783630371094e+01 -5.299313068389892578e+00 7.089996337890625000e+01
1.791678428649902344e+01 -1.254601478576660156e+01 7.234481048583984375e+01
2.552644348144531250e+01 -6.642856597900390625e+00 6.990006256103515625e+01
2.480879592895507812e+01 -5.299311161041259766e+00 7.089996337890625000e+01
2.364558410644531250e+01 -7.197442054748535156e+00 6.990003204345703125e+01
2.553605461120605469e+01 -6.262712955474853516e+00 7.087699127197265625e+01
2.480879592895507812e+01 -5.299311161041259766e+00 7.089996337890625000e+01
2.486480903625488281e+01 -6.839540481567382812e+00 6.990013885498046875e+01
2.480879592895507812e+01 -5.299311637878417969e+00 7.089996337890625000e+01
1.983944129943847656e+01 -1.454542636871337891e+01 7.018191528320312500e+01
2.627621841430664062e+01 -8.944165229797363281e+00 6.990007781982421875e+01
2.480879592895507812e+01 -5.299311161041259766e+00 7.089996337890625000e+01
2.424907684326171875e+01 -8.437586784362792969e+00 6.990070343017578125e+01
2.480879592895507812e+01 -5.299311161041259766e+00 7.089996337890625000e+01
2.480879592895507812e+01 -5.299311161041259766e+00 7.089996337890625000e+01
2.480879592895507812e+01 -1.459585571289062500e+01 7.089996337890625000e+01
