-1.752585792541503906e+01 5.625400066375732422e+00 7.090010833740234375e+01
-1.792004203796386719e+01 7.750691413879394531e+00 7.126121520996093750e+01
-1.745669174194335938e+01 7.829654216766357422e+00 7.011199951171875000e+01
-1.641814231872558594e+01 1.012012577056884766e+01 7.234492492675781250e+01
-1.752585792541503906e+01 5.131647109985351562e+00 7.090010833740234375e+01
-1.595379924774169922e+01 8.956047058105468750e+00 6.990009307861328125e+01
-1.771116065979003906e+01 6.446095943450927734e+00 7.158942413330078125e+01
-1.804531478881835938e+01 7.019129753112792969e+00 6.989992523193359375e+01
-1.356956386566162109e+01 1.160988330841064453e+01 7.234494018554687500e+01
-1.792226409912109375e+01 5.741913318634033203e+00 7.106373596191406250e+01
-1.705785942077636719e+01 6.593619346618652344e+00 6.990002441406250000e+01
-1.707263946533203125e+01 7.005548477172851562e+00 7.234503936767578125e+01
-1.925155448913574219e+01 7.446499347686767578e+00 6.990003204345703125e+01
-1.297701168060302734e+01 1.021584892272949219e+01 6.990005493164062500e+01
-1.792586708068847656e+01 5.847393512725830078e+00 7.146907806396484375e+01
-1.765545463562011719e+01 6.111792564392089844e+00 6.990001678466796875e+01
-1.581142520904541016e+01 7.192771434783935547e+00 7.234503173828125000e+01
-1.792587852478027344e+01 5.480148792266845703e+00 7.091664886474609375e+01
-1.652077102661132812e+01 6.301398754119873047e+00 6.989990997314453125e+01
-1.755797767639160156e+01 5.675630569458007812e+00 7.159472656250000000e+01
-1.836039543151855469e+01 6.098318576812744141e+00 6.990005493164062500e+01
-6.787771224975585938e+00 1.276140499114990234e+01 7.234490203857421875e+01
-1.792586517333984375e+01 5.457241058349609375e+00 7.117842102050781250e+01
-1.730120468139648438e+01 5.780417442321777344e+00 6.990149688720703125e+01
-1.669788169860839844e+01 6.132586479187011719e+00 7.234503936767578125e+01
-2.066129684448242188e+01 7.006321430206298828e+00 6.989981842041015625e+01
-1.536128044128417969e+01 6.417842388153076172e+00 6.990001678466796875e+01
-1.781658554077148438e+01 5.515941143035888672e+00 7.159478759765625000e+01
-1.788555145263671875e+01 5.644114017486572266e+00 6.990007019042968750e+01
-1.477661228179931641e+01 6.544780254364013672e+00 7.234503173828125000e+01
-1.792587089538574219e+01 5.308947563171386719e+00 7.100554656982421875e+01
-1.688280677795410156e+01 5.610733985900878906e+00 6.990001678466796875e+01
-1.727753257751464844e+01 5.685754776000976562e+00 7.234503936767578125e+01
-1.881713485717773438e+01 5.709084033966064453e+00 6.990007019042968750e+01
-5.454681396484375000e+00 9.125302314758300781e+00 6.990003967285156250e+01
-1.792585945129394531e+01 5.312108516693115234e+00 7.133249664306640625e+01
-1.752097892761230469e+01 5.415128231048583984e+00 6.990009307861328125e+01
-1.621508979797363281e+01 5.640795230865478516e+00 7.234503936767578125e+01
-2.831801605224609375e+01 7.720495700836181641e+00 6.989989471435546875e+01
-1.494570064544677734e+01 5.834734439849853516e+00 6.894186401367187500e+01
-1.765224075317382812e+01 5.269730567932128906e+00 7.159481811523437500e+01
-1.815517425537109375e+01 5.337604045867919922e+00 6.990006256103515625e+01
-1.225348949432373047e+01 5.969622135162353516e+00 7.234504699707031250e+01
-1.792586326599121094e+01 5.191201686859130859e+00 7.110538482666015625e+01
-1.715512275695800781e+01 5.250885963439941406e+00 6.990011596679687500e+01
-1.693764305114746094e+01 5.274061679840087891e+00 7.234503936767578125e+01
-1.963590621948242188e+01 5.297163486480712891e+00 6.990011596679687500e+01
-1.428216266632080078e+01 5.303298473358154297e+00 6.990003967285156250e+01
-1.792584609985351562e+01 5.155630111694335938e+00 7.158261871337890625e+01
-1.774060058593750000e+01 5.141979217529296875e+00 6.990008544921875000e+01
-1.549175739288330078e+01 5.106442928314208984e+00 7.234503936767578125e+01
-1.792586326599121094e+01 5.119426250457763672e+00 7.094995880126953125e+01
-1.667464256286621094e+01 5.065236091613769531e+00 6.990007019042968750e+01
-1.747316551208496094e+01 5.029155731201171875e+00 7.234503936767578125e+01
-1.851138305664062500e+01 5.003475189208984375e+00 6.990005493164062500e+01
-1.752585792541503906e+01 5.131647109985351562e+00 7.090010833740234375e+01
-1.792585754394531250e+01 5.062917232513427734e+00 7.123060607910156250e+01
-1.738633918762207031e+01 4.976877212524414062e+00 6.990010833740234375e+01
-1.653093719482421875e+01 4.825855255126953125e+00 7.234503936767578125e+01
-2.187196731567382812e+01 4.259537220001220703e+00 6.990007781982421875e+01
-1.576077556610107422e+01 4.691298961639404297e+00 6.990008544921875000e+01
-1.775126266479492188e+01 4.957170963287353516e+00 7.159491729736328125e+01
-1.798199081420898438e+01 4.844788551330566406e+00 6.990007781982421875e+01
-1.412001800537109375e+01 4.082888603210449219e+00 7.234503936767578125e+01
-1.792585754394531250e+01 5.001640319824218750e+00 7.104177856445312500e+01
-1.699405479431152344e+01 4.758215904235839844e+00 6.990013122558593750e+01
-1.715250587463378906e+01 4.604007720947265625e+00 7.234503936767578125e+01
-1.906455802917480469e+01 4.438081741333007812e+00 6.990009307861328125e+01
-1.153791904449462891e+01 2.685538768768310547e+00 6.990107727050781250e+01
-1.792585372924804688e+01 4.853409290313720703e+00 7.141142272949218750e+01
-1.760381698608398438e+01 4.675153732299804688e+00 6.989984893798828125e+01
-1.597913360595703125e+01 4.110993385314941406e+00 7.234503936767578125e+01
-1.792582321166992188e+01 4.927531242370605469e+00 7.089620971679687500e+01
-1.641267395019531250e+01 4.324490070343017578e+00 6.990013885498046875e+01
-1.759366607666015625e+01 4.734029293060302734e+00 7.159485626220703125e+01
-1.827719116210937500e+01 4.379846572875976562e+00 6.990007019042968750e+01
-9.798042297363281250e+00 1.486240476369857788e-01 7.234494018554687500e+01
-1.792585754394531250e+01 4.816833496093750000e+00 7.114910888671875000e+01
-1.724655151367187500e+01 4.400516986846923828e+00 6.990012359619140625e+01
-1.679323768615722656e+01 3.929338932037353516e+00 7.234501647949218750e+01
-2.018322372436523438e+01 2.910455465316772461e+00 6.990015411376953125e+01
-1.503454780578613281e+01 2.917021274566650391e+00 6.990007019042968750e+01
-1.785930252075195312e+01 4.460795879364013672e+00 7.159491729736328125e+01
-1.782891273498535156e+01 4.170858860015869141e+00 6.989984893798828125e+01
-1.508770179748535156e+01 2.377060413360595703e+00 7.234503173828125000e+01
-1.792586326599121094e+01 4.711054801940917969e+00 7.098396301269531250e+01
-1.680817031860351562e+01 3.788026332855224609e+00 6.990015411376953125e+01
-1.735294151306152344e+01 3.442774057388305664e+00 7.234497833251953125e+01
-1.868918418884277344e+01 3.233329296112060547e+00 6.990008544921875000e+01
-2.636872053146362305e+00 -1.459184074401855469e+01 7.042986297607421875e+01
-1.792586517333984375e+01 4.336287975311279297e+00 7.129047393798828125e+01
-1.746983528137207031e+01 3.591144084930419922e+00 6.990010833740234375e+01
-1.634383773803710938e+01 2.005292415618896484e+00 7.234498596191406250e+01
-1.753162193298339844e+01 5.120923042297363281e+00 7.089927673339843750e+01
-1.605816078186035156e+01 1.486110687255859375e+00 6.990003204345703125e+01
-1.768931198120117188e+01 3.465543746948242188e+00 7.159494781494140625e+01
-1.752648925781250000e+01 5.128111362457275391e+00 7.089897918701171875e+01
-1.633639717102050781e+01 8.603059649467468262e-01 7.129240417480468750e+01
-1.792585563659667969e+01 2.982494354248046875e+00 7.108020019531250000e+01
-1.752585792541503906e+01 4.064817428588867188e+00 7.090010833740234375e+01
