2.603859710693359375e+01 -5.397690773010253906e+00 7.090003204345703125e+01
2.603859710693359375e+01 -5.397690773010253906e+00 7.090003204345703125e+01
2.612636566162109375e+01 -1.974041342735290527e+00 6.989996337890625000e+01
2.603859710693359375e+01 -5.397690773010253906e+00 7.090003204345703125e+01
2.038553810119628906e+01 8.001951217651367188e+00 6.990008544921875000e+01
2.761042594909667969e+01 -1.573850154876708984e+00 6.990016174316406250e+01
2.603859710693359375e+01 -5.397690773010253906e+00 7.090003204345703125e+01
2.603859710693359375e+01 -5.397690773010253906e+00 7.090003204345703125e+01
2.603859710693359375e+01 -5.397690773010253906e+00 7.090003204345703125e+01
2.603859710693359375e+01 -5.397690773010253906e+00 7.090003204345703125e+01
2.603859710693359375e+01 -5.397690773010253906e+00 7.090003204345703125e+01
2.603859710693359375e+01 -5.397689342498779297e+00 7.090003204345703125e+01
2.431312370300292969e+01 -3.083138227462768555e+00 6.990008544921875000e+01
2.603859710693359375e+01 -5.397690773010253906e+00 7.090003204345703125e+01
2.603859710693359375e+01 -5.397690773010253906e+00 7.090003204345703125e+01
2.590900039672851562e+01 -4.417543411254882812e+00 6.989994049072265625e+01
2.603859710693359375e+01 -5.397689819335937500e+00 7.090003204345703125e+01
1.938347434997558594e+01 4.003205001354217529e-01 7.117523956298828125e+01
2.704349708557128906e+01 -4.228157520294189453e+00 6.990002441406250000e+01
2.603859710693359375e+01 -5.397689342498779297e+00 7.090003204345703125e+01
2.520414543151855469e+01 -4.431119441986083984e+00 6.990007781982421875e+01
2.603911399841308594e+01 -5.397323131561279297e+00 7.090010070800781250e+01
2.504013252258300781e+01 -4.584971427917480469e+00 7.159473419189453125e+01
2.626357269287109375e+01 -4.747989177703857422e+00 6.989999389648437500e+01
2.603859710693359375e+01 -5.397689819335937500e+00 7.090003204345703125e+01
2.290445899963378906e+01 -3.523794412612915039e+00 6.990015411376953125e+01
2.820286941528320312e+01 -4.111676692962646484e+00 6.990008544921875000e+01
2.603166007995605469e+01 -5.388521671295166016e+00 7.091661071777343750e+01
2.567891883850097656e+01 -4.885247230529785156e+00 6.990003967285156250e+01
2.603859710693359375e+01 -5.397690296173095703e+00 7.090003204345703125e+01
2.400646781921386719e+01 -4.496974945068359375e+00 7.143569183349609375e+01
2.668162918090820312e+01 -4.918617248535156250e+00 6.989997100830078125e+01
2.603859710693359375e+01 -5.397689819335937500e+00 7.090003204345703125e+01
2.474745178222656250e+01 -4.820312023162841797e+00 6.990009307861328125e+01
2.603961563110351562e+01 -5.397354125976562500e+00 7.089994812011718750e+01
2.539611816406250000e+01 -5.107834339141845703e+00 7.159453582763671875e+01
2.604347610473632812e+01 -5.114201545715332031e+00 6.989998626708984375e+01
2.603859901428222656e+01 -5.397690296173095703e+00 7.090003204345703125e+01
1.525322914123535156e+01 -2.810471057891845703e+00 6.990044403076171875e+01
2.735631179809570312e+01 -5.038616180419921875e+00 6.989993286132812500e+01
2.603859710693359375e+01 -5.397690296173095703e+00 7.090003204345703125e+01
2.540929794311523438e+01 -5.191739559173583984e+00 6.990000915527343750e+01
2.603859901428222656e+01 -5.397690773010253906e+00 7.090003204345703125e+01
2.470924186706542969e+01 -5.199770927429199219e+00 7.158223724365234375e+01
2.640878486633300781e+01 -5.278627872467041016e+00 6.990151214599609375e+01
2.603995704650878906e+01 -5.397361278533935547e+00 7.090337371826171875e+01
2.392875862121582031e+01 -5.232191085815429688e+00 6.990013885498046875e+01
2.604015159606933594e+01 -5.397608757019042969e+00 7.089955139160156250e+01
2.563149070739746094e+01 -5.373281002044677734e+00 7.159468841552734375e+01
2.582385635375976562e+01 -5.387358665466308594e+00 6.990002441406250000e+01
2.603859901428222656e+01 -5.397690773010253906e+00 7.090003204345703125e+01
2.494073104858398438e+01 -5.431232452392578125e+00 7.103685760498046875e+01
2.615746879577636719e+01 -5.406965255737304688e+00 7.076037597656250000e+01
2.606393623352050781e+01 -5.446977615356445312e+00 7.159487915039062500e+01
2.589669227600097656e+01 -5.416146278381347656e+00 7.075603485107421875e+01
2.604117393493652344e+01 -5.397979259490966797e+00 7.090016174316406250e+01
2.519763374328613281e+01 -5.542189598083496094e+00 7.159487915039062500e+01
2.603859710693359375e+01 -5.397690773010253906e+00 7.090003204345703125e+01
2.603859901428222656e+01 -5.397691249847412109e+00 7.090003204345703125e+01
2.589626884460449219e+01 -5.426250934600830078e+00 7.086727905273437500e+01
2.604125404357910156e+01 -5.398353576660156250e+00 7.089852905273437500e+01
2.581317520141601562e+01 -5.572180271148681641e+00 7.159489440917968750e+01
2.556197547912597656e+01 -5.697434902191162109e+00 6.985507965087890625e+01
2.603859901428222656e+01 -5.397691726684570312e+00 7.090003204345703125e+01
2.518472862243652344e+01 -5.675211906433105469e+00 7.120245361328125000e+01
2.664326858520507812e+01 -5.822290420532226562e+00 6.976303100585937500e+01
2.621814918518066406e+01 -5.651444435119628906e+00 7.159493255615234375e+01
2.567930603027343750e+01 -5.559639930725097656e+00 7.066652679443359375e+01
2.604211044311523438e+01 -5.399126052856445312e+00 7.089944458007812500e+01
2.549500083923339844e+01 -5.775817394256591797e+00 7.159490966796875000e+01
2.603859710693359375e+01 -5.397690773010253906e+00 7.090003204345703125e+01
2.603859901428222656e+01 -5.397692203521728516e+00 7.090003204345703125e+01
2.562098884582519531e+01 -5.610810756683349609e+00 7.089595794677734375e+01
2.664637565612792969e+01 -5.838384628295898438e+00 7.035406494140625000e+01
2.597077941894531250e+01 -5.795364379882812500e+00 7.159487915039062500e+01
2.547712898254394531e+01 -5.959506988525390625e+00 7.015270996093750000e+01
2.603860092163085938e+01 -5.397693634033203125e+00 7.090003204345703125e+01
2.540549659729003906e+01 -5.895961761474609375e+00 7.129413604736328125e+01
2.644521713256835938e+01 -6.462081909179687500e+00 6.944423675537109375e+01
2.639089202880859375e+01 -5.975845813751220703e+00 7.159484863281250000e+01
2.549580574035644531e+01 -5.851389884948730469e+00 7.069577789306640625e+01
2.666917419433593750e+01 -5.958235740661621094e+00 7.064691162109375000e+01
2.570509719848632812e+01 -6.068654060363769531e+00 7.159496307373046875e+01
2.570290565490722656e+01 -6.461950778961181641e+00 6.979205322265625000e+01
2.666366958618164062e+01 -6.103887081146240234e+00 7.127046966552734375e+01
2.547666931152343750e+01 -5.988538265228271484e+00 7.101783752441406250e+01
2.655280876159667969e+01 -6.360372543334960938e+00 7.018357849121093750e+01
2.612099456787109375e+01 -6.202464103698730469e+00 7.158853149414062500e+01
2.552895545959472656e+01 -6.229325771331787109e+00 7.046192932128906250e+01
2.664025688171386719e+01 -6.194711685180664062e+00 7.088102722167968750e+01
2.557266998291015625e+01 -6.324122905731201172e+00 7.135472869873046875e+01
2.608223152160644531e+01 -6.597544670104980469e+00 7.012116241455078125e+01
2.644419097900390625e+01 -6.470457553863525391e+00 7.139582061767578125e+01
2.555630493164062500e+01 -6.295056819915771484e+00 7.083034515380859375e+01
2.646382904052734375e+01 -6.453902244567871094e+00 7.061028289794921875e+01
2.592263984680175781e+01 -6.579652309417724609e+00 7.139296722412109375e+01
2.583340072631835938e+01 -6.548202037811279297e+00 7.053369903564453125e+01
2.635372543334960938e+01 -6.529311656951904297e+00 7.100396728515625000e+01
2.582563018798828125e+01 -6.541946411132812500e+00 7.099591827392578125e+01
2.603859710693359375e+01 -5.400731086730957031e+00 7.090003204345703125e+01
