-5.796759605407714844e+00 1.459601783752441406e+01 7.089997100830078125e+01
-7.370358943939208984e+00 1.131566333770751953e+01 7.234151458740234375e+01
-5.709010124206542969e+00 4.283258438110351562e+00 6.990010833740234375e+01
-4.688914299011230469e+00 5.849388599395751953e+00 7.234495544433593750e+01
-1.144945716857910156e+01 1.425911235809326172e+01 6.990008544921875000e+01
-4.225205898284912109e+00 4.683497428894042969e+00 6.990027618408203125e+01
-6.185200691223144531e+00 3.615730762481689453e+00 7.234495544433593750e+01
-6.316055297851562500e+00 2.747219800949096680e+00 6.990010070800781250e+01
-1.840368866920471191e+00 7.338721275329589844e+00 7.234484100341796875e+01
-9.297554016113281250e+00 6.249779701232910156e+00 7.234504699707031250e+01
-5.328818798065185547e+00 2.322116136550903320e+00 6.990000915527343750e+01
-5.343534946441650391e+00 2.734255313873291016e+00 7.234492492675781250e+01
-7.521965503692626953e+00 3.174520492553710938e+00 6.990017700195312500e+01
-1.248045802116394043e+00 5.944380283355712891e+00 6.989994812011718750e+01
-6.812624931335449219e+00 2.678039312362670898e+00 7.234493255615234375e+01
-5.926337718963623047e+00 1.840327143669128418e+00 6.990002441406250000e+01
-4.082305431365966797e+00 2.921475887298583984e+00 7.234491729736328125e+01
-2.165384674072265625e+01 1.467518424987792969e+01 7.155570983886718750e+01
-4.791854858398437500e+00 2.029865980148315430e+00 6.989995574951171875e+01
-5.863574504852294922e+00 1.991920948028564453e+00 7.234490966796875000e+01
-6.631166458129882812e+00 1.826844930648803711e+00 6.990007019042968750e+01
4.942114830017089844e+00 8.490643501281738281e+00 7.234487152099609375e+01
-7.873541355133056641e+00 2.550761699676513672e+00 7.234494018554687500e+01
-5.571795463562011719e+00 1.509992718696594238e+00 6.989998626708984375e+01
-4.968785285949707031e+00 1.861262440681457520e+00 7.234489440917968750e+01
-8.930810928344726562e+00 2.734170436859130859e+00 6.990012359619140625e+01
-3.632259130477905273e+00 2.146475791931152344e+00 6.989991760253906250e+01
-6.401473999023437500e+00 1.659660935401916504e+00 7.234490203857421875e+01
-6.156422615051269531e+00 1.372748851776123047e+00 6.990001678466796875e+01
-3.047530412673950195e+00 2.273451089859008789e+00 7.234488677978515625e+01
-1.127869796752929688e+01 3.290126800537109375e+00 7.234499359130859375e+01
-5.153755187988281250e+00 1.339378952980041504e+00 6.989994812011718750e+01
-5.548436641693115234e+00 1.414428710937500000e+00 7.234489440917968750e+01
-7.087852478027343750e+00 1.437681317329406738e+00 6.990007781982421875e+01
6.273940563201904297e+00 4.853823184967041016e+00 6.989994049072265625e+01
-7.133467674255371094e+00 1.463385581970214844e+00 7.234490966796875000e+01
-5.791881084442138672e+00 1.143800377845764160e+00 6.989997863769531250e+01
-4.486011028289794922e+00 1.369466662406921387e+00 7.234487915039062500e+01
-1.658473587036132812e+01 3.448171615600585938e+00 6.990014648437500000e+01
-4.479134082794189453e+00 1.219376444816589355e+00 6.989994049072265625e+01
-6.059622287750244141e+00 1.147525310516357422e+00 7.234489440917968750e+01
-6.426015853881835938e+00 1.066263437271118164e+00 6.990001678466796875e+01
-5.247325301170349121e-01 1.698246836662292480e+00 7.234481811523437500e+01
-8.612442970275878906e+00 1.279536604881286621e+00 7.234493255615234375e+01
-5.426019191741943359e+00 9.795668125152587891e-01 6.989996337890625000e+01
-5.208554267883300781e+00 1.002738595008850098e+00 7.234488677978515625e+01
-7.906599521636962891e+00 1.025825977325439453e+00 6.990007781982421875e+01
-2.553067445755004883e+00 1.031977415084838867e+00 6.989990234375000000e+01
-6.643569946289062500e+00 9.111006855964660645e-01 7.234490203857421875e+01
-6.011496067047119141e+00 8.706578612327575684e-01 6.989997863769531250e+01
-4.818615913391113281e+00 8.482062220573425293e-01 7.159479522705078125e+01
-1.137240982055664062e+01 6.899817585945129395e-01 7.159485626220703125e+01
-5.796759128570556641e+00 8.603261113166809082e-01 7.089997100830078125e+01
-5.771418094635009766e+00 8.110347986221313477e-01 7.159488677978515625e+01
-5.798428058624267578e+00 8.601091504096984863e-01 7.089827728271484375e+01
-5.796759605407714844e+00 8.603261709213256836e-01 7.089997100830078125e+01
-6.637814044952392578e+00 7.158117890357971191e-01 7.159489440917968750e+01
-5.796617031097412109e+00 8.601680397987365723e-01 7.089894866943359375e+01
-5.318323135375976562e+00 7.132772207260131836e-01 7.159481048583984375e+01
-5.796760082244873047e+00 8.603261113166809082e-01 7.089997100830078125e+01
-5.793738842010498047e+00 8.595725893974304199e-01 7.089826202392578125e+01
-6.022011280059814453e+00 6.859678626060485840e-01 7.159431457519531250e+01
-5.797796726226806641e+00 8.596739768981933594e-01 7.089769744873046875e+01
-4.497687339782714844e+00 4.603035151958465576e-01 7.145110321044921875e+01
-7.027512550354003906e+00 4.603107869625091553e-01 7.133587646484375000e+01
-5.795621871948242188e+00 8.595272898674011230e-01 7.089783477783203125e+01
-5.617193698883056641e+00 6.065543889999389648e-01 7.159492492675781250e+01
-5.796759605407714844e+00 8.603261113166809082e-01 7.089997100830078125e+01
-5.796759128570556641e+00 8.603260517120361328e-01 7.089997100830078125e+01
-6.340365409851074219e+00 4.821926355361938477e-01 7.159486389160156250e+01
-5.796983242034912109e+00 8.590174913406372070e-01 7.089710235595703125e+01
-5.190549373626708984e+00 4.602999091148376465e-01 7.146628570556640625e+01
-5.796759605407714844e+00 8.603260517120361328e-01 7.089997100830078125e+01
-5.796759605407714844e+00 8.603261113166809082e-01 7.089997100830078125e+01
-5.864583015441894531e+00 4.626240134239196777e-01 7.159486389160156250e+01
-5.796759605407714844e+00 8.603261113166809082e-01 7.089997100830078125e+01
-5.176403522491455078e+00 4.603102803230285645e-01 7.101595306396484375e+01
-6.305013179779052734e+00 4.603138864040374756e-01 7.121635437011718750e+01
-5.796759605407714844e+00 8.603261113166809082e-01 7.089997100830078125e+01
-5.553004741668701172e+00 4.602982997894287109e-01 7.138071441650390625e+01
-5.796759605407714844e+00 8.603260517120361328e-01 7.089997100830078125e+01
-5.796759605407714844e+00 8.603260517120361328e-01 7.089997100830078125e+01
-5.995589733123779297e+00 4.603036642074584961e-01 7.131427764892578125e+01
-5.796759605407714844e+00 8.603261113166809082e-01 7.089997100830078125e+01
-5.442686080932617188e+00 4.603002071380615234e-01 7.110980224609375000e+01
-6.177183628082275391e+00 4.603236615657806396e-01 7.097972106933593750e+01
-5.796759605407714844e+00 8.603261113166809082e-01 7.089997100830078125e+01
-5.755802154541015625e+00 4.602992236614227295e-01 7.124220275878906250e+01
-5.796759605407714844e+00 8.603260517120361328e-01 7.089997100830078125e+01
-5.796759605407714844e+00 8.603260517120361328e-01 7.089997100830078125e+01
-5.997937202453613281e+00 4.603129625320434570e-01 7.109629821777343750e+01
-5.796759605407714844e+00 8.603261113166809082e-01 7.089997100830078125e+01
-5.645516872406005859e+00 4.602999985218048096e-01 7.108484649658203125e+01
-5.796759605407714844e+00 8.603260517120361328e-01 7.089997100830078125e+01
-5.796759605407714844e+00 8.603260517120361328e-01 7.089997100830078125e+01
-5.836003780364990234e+00 4.603073596954345703e-01 7.106679534912109375e+01
-5.796759605407714844e+00 8.603260517120361328e-01 7.089997100830078125e+01
-5.685364246368408203e+00 4.603064954280853271e-01 7.093671417236328125e+01
-5.871209144592285156e+00 4.603144824504852295e-01 7.093349456787109375e+01
-5.796759605407714844e+00 8.527517914772033691e-01 7.089997100830078125e+01
