1.767481994628906250e+01 7.794753074645996094e+00 7.089999389648437500e+01
1.766540527343750000e+01 6.625501632690429688e+00 7.090861511230468750e+01
1.770618820190429688e+01 7.786586761474609375e+00 7.054256439208984375e+01
1.818741035461425781e+01 8.871344566345214844e+00 7.156857299804687500e+01
1.426752567291259766e+01 1.463938140869140625e+01 7.029729461669921875e+01
1.821004867553710938e+01 7.865021228790283203e+00 7.055952453613281250e+01
1.766786766052246094e+01 6.612262725830078125e+00 7.092584991455078125e+01
1.715548706054687500e+01 8.449981689453125000e+00 6.990004730224609375e+01
1.807488441467285156e+01 7.218036174774169922e+00 7.104609680175781250e+01
1.767481994628906250e+01 6.562951564788818359e+00 7.089999389648437500e+01
1.806866455078125000e+01 7.793276309967041016e+00 7.005837249755859375e+01
1.789279747009277344e+01 7.464211940765380859e+00 7.159494018554687500e+01
1.594936180114746094e+01 8.877484321594238281e+00 6.990005493164062500e+01
2.222348785400390625e+01 1.164695453643798828e+01 6.989997863769531250e+01
1.767481994628906250e+01 6.562951564788818359e+00 7.089999389648437500e+01
1.754524612426757812e+01 7.542925357818603516e+00 6.990007781982421875e+01
1.807489204406738281e+01 7.043924808502197266e+00 7.123717498779296875e+01
1.767481994628906250e+01 6.562951564788818359e+00 7.089999389648437500e+01
1.867966651916503906e+01 7.732423782348632812e+00 6.990003967285156250e+01
1.767056274414062500e+01 6.635052680969238281e+00 7.099205780029296875e+01
1.684027290344238281e+01 7.529632568359375000e+00 6.989992523193359375e+01
1.807489013671875000e+01 6.847214698791503906e+00 7.095381927490234375e+01
1.767481994628906250e+01 6.562951564788818359e+00 7.089999389648437500e+01
1.789975357055664062e+01 7.212532520294189453e+00 6.990013885498046875e+01
1.807295989990234375e+01 7.044261932373046875e+00 7.159480285644531250e+01
1.454045104980468750e+01 8.436985969543457031e+00 6.990004730224609375e+01
1.983898544311523438e+01 7.848902702331542969e+00 6.990009307861328125e+01
1.767481994628906250e+01 6.562951564788818359e+00 7.089999389648437500e+01
1.693188285827636719e+01 7.621438026428222656e+00 6.883443450927734375e+01
1.807464027404785156e+01 6.768462181091308594e+00 7.111013031005859375e+01
1.767481994628906250e+01 6.562951564788818359e+00 7.089999389648437500e+01
1.831512260437011719e+01 7.039991855621337891e+00 6.990417480468750000e+01
1.779422950744628906e+01 6.829397678375244141e+00 7.159479522705078125e+01
1.638371086120605469e+01 7.140314102172851562e+00 6.990008544921875000e+01
2.886561775207519531e+01 1.026533985137939453e+01 6.997286224365234375e+01
1.767481994628906250e+01 6.562951564788818359e+00 7.089999389648437500e+01
1.767969703674316406e+01 6.846396446228027344e+00 6.990010833740234375e+01
1.807488441467285156e+01 6.718350887298583984e+00 7.134100341796875000e+01
6.923495292663574219e+00 9.142004966735839844e+00 6.990356445312500000e+01
1.899219512939453125e+01 6.921933174133300781e+00 6.990015411376953125e+01
1.767481994628906250e+01 6.562951564788818359e+00 7.089999389648437500e+01
1.704553985595703125e+01 6.768896579742431641e+00 6.990000152587890625e+01
1.807489204406738281e+01 6.626537799835205078e+00 7.100963592529296875e+01
1.767481994628906250e+01 6.562951564788818359e+00 7.089999389648437500e+01
1.804507064819335938e+01 6.682034492492675781e+00 6.990130615234375000e+01
1.795764923095703125e+01 6.631428241729736328e+00 7.159475708007812500e+01
1.556509780883789062e+01 6.728442192077636719e+00 6.990015411376953125e+01
2.091802787780761719e+01 6.734577178955078125e+00 6.990007781982421875e+01
1.767481994628906250e+01 6.562951564788818359e+00 7.089999389648437500e+01
1.746009063720703125e+01 6.573282718658447266e+00 6.990003204345703125e+01
1.807469177246093750e+01 6.557996749877929688e+00 7.118404388427734375e+01
1.767481994628906250e+01 6.562951564788818359e+00 7.089999389648437500e+01
1.852594184875488281e+01 6.496547698974609375e+00 6.990006256103515625e+01
1.770015716552734375e+01 6.513668537139892578e+00 7.159478759765625000e+01
1.668941688537597656e+01 6.434795379638671875e+00 6.990006256103515625e+01
1.807489013671875000e+01 6.518163681030273438e+00 7.092044830322265625e+01
1.767481994628906250e+01 6.562951564788818359e+00 7.089999389648437500e+01
1.781431961059570312e+01 6.408202648162841797e+00 6.990012359619140625e+01
1.807486915588378906e+01 6.439995288848876953e+00 7.148098754882812500e+01
1.332873153686523438e+01 5.690846443176269531e+00 6.989997100830078125e+01
1.943970298767089844e+01 6.122653007507324219e+00 6.990007781982421875e+01
1.767481994628906250e+01 6.562951564788818359e+00 7.089999389648437500e+01
1.721870422363281250e+01 6.276103973388671875e+00 6.990000152587890625e+01
1.807488250732421875e+01 6.439760684967041016e+00 7.106971740722656250e+01
1.767481994628906250e+01 6.562951564788818359e+00 7.089999389648437500e+01
1.820660972595214844e+01 6.189529418945312500e+00 6.990003967285156250e+01
1.785434913635253906e+01 6.309230327606201172e+00 7.159480285644531250e+01
1.459379959106445312e+01 5.174188137054443359e+00 6.889761352539062500e+01
2.366888999938964844e+01 4.114338397979736328e+00 6.989994049072265625e+01
1.767481994628906250e+01 6.562951564788818359e+00 7.089999389648437500e+01
1.759688949584960938e+01 6.106624126434326172e+00 6.990009307861328125e+01
1.807486915588378906e+01 6.298966884613037109e+00 7.127371215820312500e+01
1.878807449340820312e+01 5.755743503570556641e+00 6.989996337890625000e+01
1.767481994628906250e+01 6.562951564788818359e+00 7.089999389648437500e+01
1.692352104187011719e+01 5.811185836791992188e+00 6.990000152587890625e+01
1.807487869262695312e+01 6.304986953735351562e+00 7.097479248046875000e+01
1.767481994628906250e+01 6.562951564788818359e+00 7.089999389648437500e+01
1.795283508300781250e+01 5.835204601287841797e+00 6.990463256835937500e+01
1.802719306945800781e+01 5.984669685363769531e+00 7.159496307373046875e+01
1.501734638214111328e+01 4.341669082641601562e+00 6.989999389648437500e+01
2.016572952270507812e+01 4.348681449890136719e+00 6.990011596679687500e+01
1.767481994628906250e+01 6.562951564788818359e+00 7.089999389648437500e+01
1.737185668945312500e+01 5.602455139160156250e+00 6.990003967285156250e+01
1.807486534118652344e+01 6.110988140106201172e+00 7.113706970214843750e+01
1.767481994628906250e+01 6.562951564788818359e+00 7.089999389648437500e+01
1.898583030700683594e+01 4.108538627624511719e+00 6.907335662841796875e+01
1.775798606872558594e+01 5.750669956207275391e+00 7.159491729736328125e+01
1.651164054870605469e+01 4.664873600006103516e+00 6.990009307861328125e+01
2.866468048095703125e+01 -7.995352268218994141e+00 7.055289459228515625e+01
1.767481994628906250e+01 6.562951564788818359e+00 7.089999389648437500e+01
1.773084068298339844e+01 5.022509098052978516e+00 6.990003204345703125e+01
1.807485961914062500e+01 5.504875183105468750e+00 7.138899993896484375e+01
1.076756858825683594e+01 -6.288866043090820312e+00 6.990193176269531250e+01
1.914234733581542969e+01 2.917836189270019531e+00 6.990003204345703125e+01
1.767481994628906250e+01 6.562951564788818359e+00 7.089999389648437500e+01
1.711474227905273438e+01 3.422663211822509766e+00 6.990009307861328125e+01
1.807487297058105469e+01 5.126361370086669922e+00 7.103193664550781250e+01
1.653900146484375000e+01 4.602934122085571289e-01 7.141138458251953125e+01
1.767481994628906250e+01 5.331628799438476562e+00 7.089999389648437500e+01
