-1.258541107177734375e+01 -8.052352070808410645e-01 7.090010070800781250e+01
-1.264561748504638672e+01 -4.596923291683197021e-01 7.095525360107421875e+01
-1.249764347076416016e+01 2.563930988311767578e+00 6.990003204345703125e+01
-1.249658298492431641e+01 -4.596928060054779053e-01 7.101596069335937500e+01
-1.260931682586669922e+01 -8.030540347099304199e-01 7.089587402343750000e+01
-1.101315879821777344e+01 2.965152502059936523e+00 6.989996337890625000e+01
-1.264180374145507812e+01 -4.596951603889465332e-01 7.110987854003906250e+01
-1.310479068756103516e+01 1.027478456497192383e+00 6.990007019042968750e+01
-1.234111404418945312e+01 -4.596937298774719238e-01 7.098931884765625000e+01
-1.284525203704833984e+01 -4.596941769123077393e-01 7.100736236572265625e+01
-1.203480052947998047e+01 8.603214621543884277e-01 6.972348022460937500e+01
-1.248866367340087891e+01 -4.596996009349822998e-01 7.120854949951171875e+01
-1.431123638153076172e+01 1.455306649208068848e+00 6.989994812011718750e+01
-1.254226684570312500e+01 -8.114970326423645020e-01 7.089061737060546875e+01
-1.280897045135498047e+01 -4.596978724002838135e-01 7.121809387207031250e+01
-1.275201511383056641e+01 4.003089070320129395e-01 6.961442565917968750e+01
-1.225267696380615234e+01 -4.596992433071136475e-01 7.118052673339843750e+01
-1.304456806182861328e+01 -4.596961736679077148e-01 7.091909027099609375e+01
-1.150278091430664062e+01 4.002806842327117920e-01 6.982273864746093750e+01
-1.260902976989746094e+01 -4.597053825855255127e-01 7.141088104248046875e+01
-1.367321395874023438e+01 4.003164172172546387e-01 6.959654998779296875e+01
-1.202240467071533203e+01 -4.596844315528869629e-01 7.097585296630859375e+01
-1.307685089111328125e+01 -4.597015082836151123e-01 7.124203491210937500e+01
-1.236044311523437500e+01 -2.100400030612945557e-01 6.990009307861328125e+01
-1.225452518463134766e+01 -4.597115814685821533e-01 7.147753906250000000e+01
-1.571719646453857422e+01 1.012770891189575195e+00 6.990097808837890625e+01
-1.042114734649658203e+01 4.262907207012176514e-01 6.990015411376953125e+01
-1.287614631652832031e+01 -4.754132926464080811e-01 7.159479522705078125e+01
-1.319693374633789062e+01 1.153608690947294235e-02 6.919991302490234375e+01
-1.180718708038330078e+01 -4.597055315971374512e-01 7.130911254882812500e+01
-1.348787021636962891e+01 -4.597148597240447998e-01 7.113798522949218750e+01
-1.194242858886718750e+01 -3.806816935539245605e-01 6.990011596679687500e+01
-1.246601104736328125e+01 -5.932909250259399414e-01 7.159485626220703125e+01
-1.478090381622314453e+01 1.220689564943313599e-01 6.919979095458984375e+01
-5.128582119941711426e-01 3.134391546249389648e+00 6.989991760253906250e+01
-1.322809314727783203e+01 -5.697706341743469238e-01 7.159481811523437500e+01
-1.258053302764892578e+01 -5.762395262718200684e-01 6.990009307861328125e+01
-1.195517539978027344e+01 -6.149128079414367676e-01 7.159484100341796875e+01
-2.328542518615722656e+01 1.707026362419128418e+00 6.990842437744140625e+01
-1.126783561706542969e+01 -5.006819367408752441e-01 6.990010833740234375e+01
-1.271180152893066406e+01 -7.216261029243469238e-01 7.159485626220703125e+01
-1.321471786499023438e+01 -6.537647247314453125e-01 6.990007019042968750e+01
-1.006859207153320312e+01 -4.597026407718658447e-01 7.158985900878906250e+01
-1.393916130065917969e+01 -6.581667065620422363e-01 7.159482574462890625e+01
-1.195509815216064453e+01 -6.569921374320983887e-01 6.919994354248046875e+01
-1.230257415771484375e+01 -7.912398576736450195e-01 7.159487915039062500e+01
-1.617304420471191406e+01 -5.782976746559143066e-01 6.919985198974609375e+01
-7.070789813995361328e+00 -5.678930282592773438e-01 6.919988250732421875e+01
-1.299263572692871094e+01 -8.353014588356018066e-01 7.159495544433593750e+01
-1.280015182495117188e+01 -8.493865728378295898e-01 6.990008544921875000e+01
-1.224675464630126953e+01 -8.639147281646728516e-01 7.114066314697265625e+01
-1.752583503723144531e+01 -1.010655760765075684e+00 7.151581573486328125e+01
-1.173424148559570312e+01 -9.261259436607360840e-01 6.990010833740234375e+01
-1.258541107177734375e+01 -8.597185015678405762e-01 7.090010070800781250e+01
-1.357092094421386719e+01 -9.878886342048645020e-01 6.990006256103515625e+01
-1.258541107177734375e+01 -8.597185015678405762e-01 7.090010070800781250e+01
-1.258541107177734375e+01 -8.597185015678405762e-01 7.090010070800781250e+01
-1.244589328765869141e+01 -1.014487147331237793e+00 6.990010833740234375e+01
-1.258541107177734375e+01 -8.597185015678405762e-01 7.090010070800781250e+01
-1.693181037902832031e+01 -1.731886506080627441e+00 6.990000152587890625e+01
-1.082034015655517578e+01 -1.300063729286193848e+00 6.990008544921875000e+01
-1.258541107177734375e+01 -8.597185015678405762e-01 7.090010070800781250e+01
-1.304153728485107422e+01 -1.146572947502136230e+00 6.990008544921875000e+01
-1.258541107177734375e+01 -8.597185015678405762e-01 7.090010070800781250e+01
-1.666496658325195312e+01 -2.185642242431640625e+00 7.234499359130859375e+01
-1.205360317230224609e+01 -1.233153104782104492e+00 6.990010833740234375e+01
-1.258541107177734375e+01 -8.597185015678405762e-01 7.090010070800781250e+01
-1.412416744232177734e+01 -1.553309679031372070e+00 6.990004730224609375e+01
-6.591049671173095703e+00 -3.308450460433959961e+00 6.989999389648437500e+01
-1.258541107177734375e+01 -8.597185015678405762e-01 7.090010070800781250e+01
-1.266334915161132812e+01 -1.316091418266296387e+00 6.990010070800781250e+01
-1.258541107177734375e+01 -8.597185015678405762e-01 7.090010070800781250e+01
-2.880488014221191406e+01 -9.137075424194335938e+00 7.074185180664062500e+01
-1.147218513488769531e+01 -1.666905760765075684e+00 6.990009307861328125e+01
-1.258541107177734375e+01 -8.597185015678405762e-01 7.090010070800781250e+01
-1.333673000335693359e+01 -1.611504316329956055e+00 6.990008544921875000e+01
-4.858088493347167969e+00 -5.842423439025878906e+00 7.234484100341796875e+01
-1.258541107177734375e+01 -8.597185015678405762e-01 7.090010070800781250e+01
-1.230610370635986328e+01 -1.590850830078125000e+00 6.990010833740234375e+01
-1.258541107177734375e+01 -8.597185015678405762e-01 7.090010070800781250e+01
-1.522779655456542969e+01 -3.068389415740966797e+00 6.990578460693359375e+01
-1.009405803680419922e+01 -3.074382066726684570e+00 6.990003967285156250e+01
-1.258541107177734375e+01 -8.597185015678405762e-01 7.090010070800781250e+01
-1.288838672637939453e+01 -1.820257782936096191e+00 6.990010070800781250e+01
-1.014736652374267578e+01 -3.614179372787475586e+00 7.234495544433593750e+01
-1.947717475891113281e+01 -8.106162071228027344e+00 7.234489440917968750e+01
-1.186768722534179688e+01 -2.203407526016235352e+00 6.990009307861328125e+01
-1.258541107177734375e+01 -8.597185015678405762e-01 7.090010070800781250e+01
-1.374872303009033203e+01 -2.758014440536499023e+00 6.990008544921875000e+01
-2.219752311706542969e+00 -1.459113979339599609e+01 7.057271575927734375e+01
-1.406601905822753906e+01 -3.803701162338256836e+00 7.234503173828125000e+01
-1.252938842773437500e+01 -2.400222301483154297e+00 6.990010070800781250e+01
-1.140339756011962891e+01 -3.986057043075561523e+00 7.234497833251953125e+01
-1.950652694702148438e+01 -1.373733234405517578e+01 6.990003204345703125e+01
-1.111773014068603516e+01 -4.505217075347900391e+00 6.990003204345703125e+01
-1.292530918121337891e+01 -4.324316978454589844e+00 7.234500122070312500e+01
-1.314556789398193359e+01 -4.000453472137451172e+00 6.990005493164062500e+01
-8.772292137145996094e+00 -1.455259895324707031e+01 7.215770721435546875e+01
-1.513697433471679688e+01 -1.456905460357666016e+01 7.204891204833984375e+01
-1.258541107177734375e+01 -1.458281135559082031e+01 7.090010070800781250e+01
