-1.476457881927490234e+01 4.603121578693389893e-01 7.089997100830078125e+01
-1.477344322204589844e+01 4.591931700706481934e-01 7.090808868408203125e+01
-1.467682838439941406e+01 3.823271274566650391e+00 6.990010070800781250e+01
-1.475125217437744141e+01 4.603115320205688477e-01 7.091735076904296875e+01
-1.478975772857666016e+01 4.599806964397430420e-01 7.089551544189453125e+01
-1.319260311126708984e+01 4.224495887756347656e+00 6.990000915527343750e+01
-1.477303886413574219e+01 4.603122472763061523e-01 7.093144226074218750e+01
-1.528390502929687500e+01 2.287304401397705078e+00 6.990003967285156250e+01
-1.472792911529541016e+01 4.603107273578643799e-01 7.091335296630859375e+01
-1.480356216430664062e+01 4.603134989738464355e-01 7.091606140136718750e+01
-1.429664611816406250e+01 1.862063884735107422e+00 6.990002441406250000e+01
-1.475006389617919922e+01 4.603112637996673584e-01 7.094624328613281250e+01
-1.648991966247558594e+01 2.714673042297363281e+00 6.990010070800781250e+01
-1.021597671508789062e+01 5.484227657318115234e+00 6.989997100830078125e+01
-1.479811954498291016e+01 4.603130519390106201e-01 7.094767761230468750e+01
-1.489416027069091797e+01 1.380325198173522949e+00 6.990000152587890625e+01
-1.471466159820556641e+01 4.603100121021270752e-01 7.094203948974609375e+01
-1.482714748382568359e+01 4.548085927963256836e-01 7.090255737304687500e+01
-1.375976276397705078e+01 1.569734811782836914e+00 6.990004730224609375e+01
-1.476812267303466797e+01 4.603117108345031738e-01 7.097660064697265625e+01
-1.559904861450195312e+01 1.366890192031860352e+00 6.989999389648437500e+01
-1.468012046813964844e+01 4.603089690208435059e-01 7.091133117675781250e+01
-1.483830928802490234e+01 4.603131115436553955e-01 7.095127105712890625e+01
-1.453962135314941406e+01 1.049947381019592285e+00 6.990000915527343750e+01
-1.471493721008300781e+01 4.603096842765808105e-01 7.098660278320312500e+01
-1.789888381958007812e+01 2.274294614791870117e+00 6.990003967285156250e+01
-1.260045719146728516e+01 1.686223268508911133e+00 6.990009307861328125e+01
-1.480998134613037109e+01 4.603130221366882324e-01 7.100846099853515625e+01
-1.512425231933593750e+01 9.127365946769714355e-01 6.989998626708984375e+01
-1.464783191680908203e+01 4.603073894977569580e-01 7.096132659912109375e+01
-1.489998054504394531e+01 4.603134989738464355e-01 7.093566131591796875e+01
-1.412162303924560547e+01 8.793153762817382812e-01 6.990002441406250000e+01
-1.464516830444335938e+01 6.667477488517761230e-01 7.159478759765625000e+01
-1.605577087402343750e+01 9.776975512504577637e-01 6.990000152587890625e+01
-2.693437337875366211e+00 4.393941879272460938e+00 6.989990234375000000e+01
-1.489759540557861328e+01 4.603093862533569336e-01 7.104375457763671875e+01
-1.475970077514648438e+01 6.837670207023620605e-01 6.990000152587890625e+01
-1.413416290283203125e+01 6.451738476753234863e-01 7.159490966796875000e+01
-2.555420494079589844e+01 2.988539934158325195e+00 6.989999389648437500e+01
-1.344710063934326172e+01 7.593083977699279785e-01 6.990005493164062500e+01
-1.489100456237792969e+01 5.384293198585510254e-01 7.159491729736328125e+01
-1.539386177062988281e+01 6.062445640563964844e-01 6.989997863769531250e+01
-1.438707733154296875e+01 4.602974355220794678e-01 7.100342559814453125e+01
-1.611887931823730469e+01 6.019321680068969727e-01 7.159497833251953125e+01
-1.439385795593261719e+01 5.195328593254089355e-01 6.990001678466796875e+01
-1.448169898986816406e+01 4.687874913215637207e-01 7.159485626220703125e+01
-1.687461471557617188e+01 5.658136606216430664e-01 6.989998626708984375e+01
-1.153667163848876953e+01 5.711144804954528809e-01 6.990476989746093750e+01
-1.476457881927490234e+01 4.002984762191772461e-01 7.089997100830078125e+01
-1.497931289672851562e+01 4.106300473213195801e-01 6.989999389648437500e+01
-1.378638935089111328e+01 3.881779611110687256e-01 7.159483337402343750e+01
-2.034029579162597656e+01 2.299520224332809448e-01 7.159486389160156250e+01
-1.391345310211181641e+01 3.338944017887115479e-01 6.990003204345703125e+01
-1.473923492431640625e+01 3.510036468505859375e-01 7.159493255615234375e+01
-1.476457881927490234e+01 4.002984464168548584e-01 7.089997100830078125e+01
-1.476457881927490234e+01 4.002984762191772461e-01 7.089997100830078125e+01
-1.560559272766113281e+01 2.557910680770874023e-01 7.159485626220703125e+01
-1.476457881927490234e+01 4.002984464168548584e-01 7.089997100830078125e+01
-1.428610992431640625e+01 2.532397210597991943e-01 7.159485626220703125e+01
-1.476457977294921875e+01 4.002982974052429199e-01 7.089997100830078125e+01
-1.476457881927490234e+01 4.002983868122100830e-01 7.089997100830078125e+01
-1.499001884460449219e+01 2.257944345474243164e-01 7.159489440917968750e+01
-1.476457881927490234e+01 4.002984166145324707e-01 7.089997100830078125e+01
-1.312666034698486328e+01 -1.040648892521858215e-01 7.159485626220703125e+01
-1.672649192810058594e+01 -2.373559325933456421e-01 7.159484100341796875e+01
-1.476457881927490234e+01 4.002983868122100830e-01 7.089997100830078125e+01
-1.458501243591308594e+01 1.465264856815338135e-01 7.159492492675781250e+01
-1.476457881927490234e+01 4.002983272075653076e-01 7.089997100830078125e+01
-1.476457786560058594e+01 4.002979695796966553e-01 7.089997100830078125e+01
-1.530817985534667969e+01 2.216844633221626282e-02 7.159485626220703125e+01
-1.476457881927490234e+01 4.002983868122100830e-01 7.089997100830078125e+01
-1.402081298828125000e+01 -9.049822390079498291e-02 7.159478759765625000e+01
-1.476459980010986328e+01 4.002875685691833496e-01 7.089997100830078125e+01
-1.476457881927490234e+01 4.002982974052429199e-01 7.089997100830078125e+01
-1.483240413665771484e+01 2.582296263426542282e-03 7.159488677978515625e+01
-1.476457881927490234e+01 4.002983272075653076e-01 7.089997100830078125e+01
-1.352388763427734375e+01 -3.997194468975067139e-01 7.113193511962890625e+01
-1.577707958221435547e+01 -3.965735137462615967e-01 7.153025054931640625e+01
-1.476457881927490234e+01 4.002983272075653076e-01 7.089997100830078125e+01
-1.441223335266113281e+01 -1.779392212629318237e-01 7.159488677978515625e+01
-1.476457977294921875e+01 4.002980291843414307e-01 7.089997100830078125e+01
-1.476457786560058594e+01 4.002980291843414307e-01 7.089997100830078125e+01
-1.509806156158447266e+01 -2.706302702426910400e-01 7.159486389160156250e+01
-1.476457881927490234e+01 4.002982676029205322e-01 7.089997100830078125e+01
-1.405647850036621094e+01 -3.997010886669158936e-01 7.131961059570312500e+01
-1.552543830871582031e+01 -3.997183144092559814e-01 7.105947875976562500e+01
-1.476457881927490234e+01 4.002982079982757568e-01 7.089997100830078125e+01
-1.468266868591308594e+01 -3.997128605842590332e-01 7.158439636230468750e+01
-1.476457881927490234e+01 4.002980887889862061e-01 7.089997100830078125e+01
-1.476457214355468750e+01 4.002897739410400391e-01 7.089997100830078125e+01
-1.516692638397216797e+01 -3.997142016887664795e-01 7.129262542724609375e+01
-1.476457881927490234e+01 4.002981483936309814e-01 7.089997100830078125e+01
-1.446265506744384766e+01 -3.982672691345214844e-01 7.126903533935546875e+01
-1.476458072662353516e+01 4.002957940101623535e-01 7.089997100830078125e+01
-1.476457881927490234e+01 4.002977311611175537e-01 7.089997100830078125e+01
-1.484306621551513672e+01 -3.997272849082946777e-01 7.123361968994140625e+01
-1.476457881927490234e+01 4.002978205680847168e-01 7.089997100830078125e+01
-1.454179668426513672e+01 -3.997089564800262451e-01 7.097344970703125000e+01
-1.491347885131835938e+01 -3.997298479080200195e-01 7.096701049804687500e+01
-1.476457881927490234e+01 4.002983868122100830e-01 7.089997100830078125e+01
