-2.510253524780273438e+01 1.470025920867919922e+01 7.090017700195312500e+01
-2.510253524780273438e+01 5.742624282836914062e+00 7.090017700195312500e+01
-2.501475906372070312e+01 9.166584014892578125e+00 6.990001678466796875e+01
-2.510253524780273438e+01 5.742624282836914062e+00 7.090017700195312500e+01
-2.878308868408203125e+01 1.446676731109619141e+01 7.024913787841796875e+01
-2.190378570556640625e+01 1.352432823181152344e+01 6.886539459228515625e+01
-2.510253524780273438e+01 5.742624282836914062e+00 7.090017700195312500e+01
-2.562203979492187500e+01 7.630273342132568359e+00 6.989990234375000000e+01
-2.510253524780273438e+01 5.742624282836914062e+00 7.090017700195312500e+01
-2.557821655273437500e+01 6.474932670593261719e+00 7.109653472900390625e+01
-2.463446426391601562e+01 7.204818248748779297e+00 6.989994049072265625e+01
-2.510253524780273438e+01 5.742624282836914062e+00 7.090017700195312500e+01
-2.533278846740722656e+01 6.051487445831298828e+00 7.076673889160156250e+01
-2.055258750915527344e+01 1.082805824279785156e+01 6.989988708496093750e+01
-2.539881706237792969e+01 6.272768020629882812e+00 7.132160949707031250e+01
-2.523212814331054688e+01 6.722733020782470703e+00 6.990012359619140625e+01
-2.510219764709472656e+01 5.743031024932861328e+00 7.090045928955078125e+01
-2.606766319274902344e+01 6.583452701568603516e+00 7.094008636474609375e+01
-2.409748077392578125e+01 6.912337303161621094e+00 6.990001678466796875e+01
-2.510253524780273438e+01 5.742624282836914062e+00 7.090017700195312500e+01
-2.532225990295410156e+01 5.997138023376464844e+00 7.063687133789062500e+01
-2.510194015502929688e+01 5.743046760559082031e+00 7.090025329589843750e+01
-2.610099983215332031e+01 6.555343627929687500e+00 7.159487915039062500e+01
-2.487752723693847656e+01 6.392418384552001953e+00 6.989999389648437500e+01
-2.510173797607421875e+01 5.743588924407958984e+00 7.090157318115234375e+01
-2.534154891967773438e+01 5.885530471801757812e+00 7.082392120361328125e+01
-2.293795776367187500e+01 7.028819561004638672e+00 6.990008544921875000e+01
-2.539324760437011719e+01 6.126899242401123047e+00 7.159481811523437500e+01
-2.533596038818359375e+01 6.075191974639892578e+00 7.025119781494140625e+01
-2.510114669799804688e+01 5.743338108062744141e+00 7.090090942382812500e+01
-2.642381477355957031e+01 6.328264236450195312e+00 7.124845886230468750e+01
-2.445946884155273438e+01 6.221724033355712891e+00 6.990006256103515625e+01
-2.510176086425781250e+01 5.744352817535400391e+00 7.090468597412109375e+01
-2.534751701354980469e+01 5.852176189422607422e+00 7.071044921875000000e+01
-1.821498680114746094e+01 8.021315574645996094e+00 7.032955932617187500e+01
-2.574515151977539062e+01 6.032542228698730469e+00 7.159482574462890625e+01
-2.509765625000000000e+01 6.026153564453125000e+00 6.989999389648437500e+01
-2.510065650939941406e+01 5.743354320526123047e+00 7.090225219726562500e+01
-2.536113929748535156e+01 5.804658412933349609e+00 7.087621307373046875e+01
-2.378486824035644531e+01 6.101686000823974609e+00 6.990011596679687500e+01
-2.510637474060058594e+01 5.746819019317626953e+00 7.092127990722656250e+01
-2.535238647460937500e+01 5.824393272399902344e+00 7.050313568115234375e+01
-2.510031700134277344e+01 5.742976665496826172e+00 7.090078735351562500e+01
-2.645627975463867188e+01 5.944175243377685547e+00 7.159489440917968750e+01
-2.473153495788574219e+01 5.861948490142822266e+00 6.989946746826171875e+01
-2.510069656372070312e+01 5.743069171905517578e+00 7.090469360351562500e+01
-2.537916946411132812e+01 5.764324188232421875e+00 7.076907348632812500e+01
-2.185869216918945312e+01 5.914283752441406250e+00 6.990006256103515625e+01
-2.550964736938476562e+01 5.767034530639648438e+00 7.159484100341796875e+01
-2.531712150573730469e+01 5.752948760986328125e+00 6.990088653564453125e+01
-2.509998893737792969e+01 5.742592811584472656e+00 7.090198516845703125e+01
-2.644462966918945312e+01 5.701621055603027344e+00 7.106743621826171875e+01
-2.425132942199707031e+01 5.676213741302490234e+00 6.990014648437500000e+01
-2.507720184326171875e+01 5.693347930908203125e+00 7.159487915039062500e+01
-2.540654754638671875e+01 5.703085899353027344e+00 7.059168243408203125e+01
-2.510253524780273438e+01 5.742624282836914062e+00 7.090017700195312500e+01
-2.594341659545898438e+01 5.598139762878417969e+00 7.159495544433593750e+01
-2.496299171447753906e+01 5.587826251983642578e+00 6.989999389648437500e+01
-2.510022926330566406e+01 5.741915225982666016e+00 7.090352630615234375e+01
-2.541800880432128906e+01 5.679319858551025391e+00 7.082759094238281250e+01
-2.333742332458496094e+01 5.302268505096435547e+00 6.990013122558593750e+01
-2.532788085937500000e+01 5.568192958831787109e+00 7.159481048583984375e+01
-2.555760002136230469e+01 5.456437587738037109e+00 6.990248870849609375e+01
-2.509956169128417969e+01 5.741708755493164062e+00 7.090143585205078125e+01
-2.607928085327148438e+01 5.425165653228759766e+00 7.124611663818359375e+01
-2.457064056396484375e+01 5.369128704071044922e+00 6.990002441406250000e+01
-2.492303848266601562e+01 5.488950252532958984e+00 7.159486389160156250e+01
-2.554227066040039062e+01 5.544414520263671875e+00 7.061438751220703125e+01
-1.910836601257324219e+01 3.293970584869384766e+00 6.990010070800781250e+01
-2.564603233337402344e+01 5.364566326141357422e+00 7.159493255615234375e+01
-2.518047714233398438e+01 5.286225795745849609e+00 6.990012359619140625e+01
-2.510004806518554688e+01 5.740983009338378906e+00 7.090250396728515625e+01
-2.561333274841308594e+01 5.481946945190429688e+00 7.089519500732421875e+01
-2.398920249938964844e+01 4.935359001159667969e+00 6.990007781982421875e+01
-2.517034339904785156e+01 5.345009803771972656e+00 7.159491729736328125e+01
-2.585402679443359375e+01 4.990665912628173828e+00 6.989992523193359375e+01
-2.509940528869628906e+01 5.740605831146240234e+00 7.090076446533203125e+01
-2.573564338684082031e+01 5.244346618652343750e+00 7.129428863525390625e+01
-2.482316589355468750e+01 5.011329174041748047e+00 6.989996337890625000e+01
-2.475026130676269531e+01 5.164504528045654297e+00 7.159494781494140625e+01
-2.776080513000488281e+01 3.520675897598266602e+00 6.989987945556640625e+01
-2.261118316650390625e+01 3.527961254119873047e+00 6.990011596679687500e+01
-2.543594741821289062e+01 5.071836471557617188e+00 7.159492492675781250e+01
-2.540556907653808594e+01 4.781901359558105469e+00 6.989998626708984375e+01
-2.393023109436035156e+01 4.418176174163818359e+00 7.159491729736328125e+01
-2.565404129028320312e+01 5.162735462188720703e+00 7.101579284667968750e+01
-2.438471221923828125e+01 4.398749828338623047e+00 6.990003204345703125e+01
-2.501939201354980469e+01 4.930563926696777344e+00 7.159490966796875000e+01
-2.626608276367187500e+01 3.843943834304809570e+00 6.989996337890625000e+01
-9.734322547912597656e+00 -1.461569690704345703e+01 7.041479492187500000e+01
-2.548112487792968750e+01 4.989851951599121094e+00 7.126964569091796875e+01
-2.504650497436523438e+01 4.201943397521972656e+00 6.990006256103515625e+01
-2.453425598144531250e+01 4.239569187164306641e+00 7.159483337402343750e+01
-2.880789947509765625e+01 -1.151674628257751465e+00 7.036476898193359375e+01
-2.363468742370605469e+01 2.096710681915283203e+00 6.990000152587890625e+01
-2.520361328125000000e+01 4.712328433990478516e+00 7.132985687255859375e+01
-2.566279411315917969e+01 2.601314306259155273e+00 6.989994812011718750e+01
-2.466588020324707031e+01 4.174599647521972656e+00 7.104418945312500000e+01
-2.528006553649902344e+01 4.788770675659179688e+00 7.098011016845703125e+01
-2.510253524780273438e+01 5.391014099121093750e+00 7.090017700195312500e+01
