1.840846061706542969e+01 -3.997028172016143799e-01 7.089501190185546875e+01
1.807486915588378906e+01 -5.874738216400146484e+00 7.120060729980468750e+01
1.849578475952148438e+01 -4.684820175170898438e+00 6.989999389648437500e+01
1.952012252807617188e+01 -3.084934949874877930e+00 7.234497833251953125e+01
1.278311920166015625e+01 5.242756843566894531e+00 6.989997100830078125e+01
1.997265243530273438e+01 -4.285923957824707031e+00 6.990000152587890625e+01
1.840745735168457031e+01 -8.084073066711425781e+00 7.089874267578125000e+01
1.738713836669921875e+01 -4.380146026611328125e+00 6.892852020263671875e+01
2.237869262695312500e+01 -1.590126752853393555e+00 7.234493255615234375e+01
1.838536643981933594e+01 -8.055632591247558594e+00 7.090454864501953125e+01
1.887405586242675781e+01 -6.636722564697265625e+00 6.990006256103515625e+01
1.840937614440917969e+01 -8.087398529052734375e+00 7.089793395996093750e+01
1.828234291076660156e+01 -7.922011375427246094e+00 7.082192230224609375e+01
2.293375587463378906e+01 -3.033306598663330078e+00 6.990013885498046875e+01
1.837568855285644531e+01 -8.032546997070312500e+00 7.094162750244140625e+01
1.813863182067871094e+01 -6.050470829010009766e+00 6.881276702880859375e+01
2.012885856628417969e+01 -6.022892475128173828e+00 7.234496307373046875e+01
1.840846061706542969e+01 -8.091186523437500000e+00 7.089501190185546875e+01
1.940829086303710938e+01 -6.927553176879882812e+00 6.990004730224609375e+01
1.840824699401855469e+01 -8.087581634521484375e+00 7.089961242675781250e+01
1.821692657470703125e+01 -7.869327545166015625e+00 7.066548919677734375e+01
2.858004188537597656e+01 -8.639489412307739258e-01 7.226358032226562500e+01
1.767486381530761719e+01 -7.494061946868896484e+00 7.140542602539062500e+01
1.863231277465820312e+01 -7.444731712341308594e+00 6.989997100830078125e+01
1.841018295288085938e+01 -8.089104652404785156e+00 7.089801788330078125e+01
1.785998916625976562e+01 -7.763256549835205078e+00 7.072003173828125000e+01
2.056197357177734375e+01 -6.811565876007080078e+00 6.990003204345703125e+01
1.828388786315917969e+01 -7.926521778106689453e+00 7.119267272949218750e+01
1.833598709106445312e+01 -7.987932205200195312e+00 7.069351959228515625e+01
2.116724967956542969e+01 -6.673148155212402344e+00 7.234495544433593750e+01
1.767485046386718750e+01 -7.766023159027099609e+00 7.108838653564453125e+01
1.904567909240722656e+01 -7.616444110870361328e+00 6.990399169921875000e+01
1.840924072265625000e+01 -8.089444160461425781e+00 7.089955902099609375e+01
1.772041511535644531e+01 -7.783504009246826172e+00 7.036215209960937500e+01
2.553305816650390625e+01 -5.734068870544433594e+00 7.030475616455078125e+01
1.776100730895996094e+01 -7.799086093902587891e+00 7.159488677978515625e+01
1.841331481933593750e+01 -7.809166908264160156e+00 6.990015411376953125e+01
1.972379112243652344e+01 -7.580265998840332031e+00 7.234497070312500000e+01
1.752023506164550781e+01 -7.878117084503173828e+00 7.081269073486328125e+01
1.971928977966308594e+01 -7.733988285064697266e+00 6.990013885498046875e+01
1.828114128112792969e+01 -7.952080249786376953e+00 7.159486389160156250e+01
1.761089897155761719e+01 -7.830168247222900391e+00 6.962760925292968750e+01
2.369890594482421875e+01 -7.250338554382324219e+00 7.234490203857421875e+01
1.744186592102050781e+01 -7.947276115417480469e+00 7.139105224609375000e+01
1.877729225158691406e+01 -7.972559928894042969e+00 6.990015411376953125e+01
1.841020774841308594e+01 -8.090763092041015625e+00 7.089930725097656250e+01
1.739440345764160156e+01 -8.011641502380371094e+00 7.041442871093750000e+01
2.163522148132324219e+01 -7.920431137084960938e+00 6.990016937255859375e+01
1.799831581115722656e+01 -8.066594123840332031e+00 7.159484863281250000e+01
1.840846061706542969e+01 -8.091186523437500000e+00 7.089501190185546875e+01
2.044967269897460938e+01 -8.116478919982910156e+00 7.234499359130859375e+01
1.732542610168457031e+01 -8.124275207519531250e+00 7.102999114990234375e+01
1.925539970397949219e+01 -8.157263755798339844e+00 6.989999389648437500e+01
1.840864372253417969e+01 -8.091542243957519531e+00 7.090002441406250000e+01
1.729064559936523438e+01 -8.236563682556152344e+00 6.976071929931640625e+01
2.860482978820800781e+01 -9.232664108276367188e+00 7.141635894775390625e+01
1.756147384643554688e+01 -8.236720085144042969e+00 7.159483337402343750e+01
1.868563652038574219e+01 -8.398661613464355469e+00 6.890834808349609375e+01
1.940687561035156250e+01 -8.398052215576171875e+00 7.234501647949218750e+01
1.727852058410644531e+01 -8.317925453186035156e+00 7.063501739501953125e+01
2.016449356079101562e+01 -8.529276847839355469e+00 6.990011596679687500e+01
1.818139076232910156e+01 -8.266951560974121094e+00 7.159495544433593750e+01
1.751026153564453125e+01 -8.656057357788085938e+00 6.892578887939453125e+01
2.182629966735839844e+01 -9.143639564514160156e+00 7.234503173828125000e+01
1.728325462341308594e+01 -8.456897735595703125e+00 7.129353332519531250e+01
1.893765830993652344e+01 -8.462787628173828125e+00 6.989993286132812500e+01
1.878312301635742188e+01 -8.620677947998046875e+00 7.234501647949218750e+01
1.731920623779296875e+01 -8.582165718078613281e+00 7.018709564208984375e+01
2.437282562255859375e+01 -1.052766513824462891e+01 6.989990997314453125e+01
1.786085700988769531e+01 -8.472100257873535156e+00 7.159500885009765625e+01
1.829004669189453125e+01 -8.784564971923828125e+00 6.937569427490234375e+01
1.996060943603515625e+01 -9.115419387817382812e+00 7.234500885009765625e+01
1.734351158142089844e+01 -8.634666442871093750e+00 7.088462066650390625e+01
1.951605033874511719e+01 -8.894286155700683594e+00 6.990007019042968750e+01
1.834015274047851562e+01 -8.491728782653808594e+00 7.159487152099609375e+01
1.761068534851074219e+01 -8.889457702636718750e+00 6.983316040039062500e+01
2.616410446166992188e+01 -1.309215354919433594e+01 7.234504699707031250e+01
1.748680305480957031e+01 -8.816561698913574219e+00 7.146874237060546875e+01
1.843030929565429688e+01 -8.148381233215332031e+00 7.081678771972656250e+01
1.914365005493164062e+01 -9.297713279724121094e+00 7.234498596191406250e+01
1.751534080505371094e+01 -8.837712287902832031e+00 7.055893707275390625e+01
2.086653709411621094e+01 -1.027626895904541016e+01 6.990830993652343750e+01
1.807256317138671875e+01 -8.766973495483398438e+00 7.159493255615234375e+01
1.815732574462890625e+01 -8.887371063232421875e+00 7.006612396240234375e+01
2.085505294799804688e+01 -1.085530471801757812e+01 7.234493255615234375e+01
1.763307762145996094e+01 -8.906473159790039062e+00 7.105756378173828125e+01
1.912261199951171875e+01 -9.428187370300292969e+00 6.989997863769531250e+01
1.845153617858886719e+01 -8.511898040771484375e+00 7.125493621826171875e+01
1.787612533569335938e+01 -8.959853172302246094e+00 7.043740081787109375e+01
2.331132888793945312e+01 -1.458603096008300781e+01 7.074016571044921875e+01
1.797721099853515625e+01 -8.948666572570800781e+00 7.131587219238281250e+01
1.842662239074707031e+01 -8.590569496154785156e+00 7.057084655761718750e+01
1.843010520935058594e+01 -8.148437500000000000e+00 7.092147064208984375e+01
1.794492530822753906e+01 -8.953654289245605469e+00 7.082803344726562500e+01
1.843135643005371094e+01 -8.148057937622070312e+00 7.087940979003906250e+01
1.834738349914550781e+01 -8.713752746582031250e+00 7.115464782714843750e+01
1.828247642517089844e+01 -8.797569274902343750e+00 7.067008972167968750e+01
1.846343421936035156e+01 -8.288594245910644531e+00 7.091313934326171875e+01
1.827572059631347656e+01 -8.804383277893066406e+00 7.095477294921875000e+01
1.840846061706542969e+01 -8.630156517028808594e+00 7.089501190185546875e+01
