1.847228240966796875e+01 8.385142326354980469e+00 7.089488983154296875e+01
1.845337104797363281e+01 8.510024070739746094e+00 7.091221618652343750e+01
1.855959129333496094e+01 1.179013919830322266e+01 6.990003967285156250e+01
1.847425270080566406e+01 8.393242835998535156e+00 7.089746093750000000e+01
1.830900382995605469e+01 8.771394729614257812e+00 7.086600494384765625e+01
2.003618240356445312e+01 1.218892192840576172e+01 6.990006256103515625e+01
1.845600700378417969e+01 8.499814987182617188e+00 7.095542907714843750e+01
1.840749931335449219e+01 8.619762420654296875e+00 7.077015686035156250e+01
1.847367477416992188e+01 8.386650085449218750e+00 7.089540100097656250e+01
1.813977241516113281e+01 8.896266937255859375e+00 7.103214263916015625e+01
1.893785285949707031e+01 9.838758468627929688e+00 6.989999389648437500e+01
1.847369956970214844e+01 8.390229225158691406e+00 7.089940643310546875e+01
1.807460021972656250e+01 8.917821884155273438e+00 7.066442871093750000e+01
2.299747848510742188e+01 1.344213867187500000e+01 6.990003967285156250e+01
1.821567916870117188e+01 8.843517303466796875e+00 7.125988006591796875e+01
1.845807266235351562e+01 8.491834640502929688e+00 7.078524017333984375e+01
1.847463417053222656e+01 8.387197494506835938e+00 7.089687347412109375e+01
1.782096481323242188e+01 8.951806068420410156e+00 7.092182159423828125e+01
1.947199821472167969e+01 9.547870635986328125e+00 6.990003967285156250e+01
1.847203826904296875e+01 8.388507843017578125e+00 7.090016937255859375e+01
1.798382568359375000e+01 8.950164794921875000e+00 7.030955505371093750e+01
1.847291946411132812e+01 8.384823799133300781e+00 7.089497375488281250e+01
1.777525520324707031e+01 8.951729774475097656e+00 7.137986755371093750e+01
1.869666671752929688e+01 9.032364845275878906e+00 6.989747619628906250e+01
1.847446250915527344e+01 8.387005805969238281e+00 7.089869689941406250e+01
1.761339950561523438e+01 8.897894859313964844e+00 7.062088012695312500e+01
2.062541389465332031e+01 9.663764953613281250e+00 6.990008544921875000e+01
1.817934799194335938e+01 8.771583557128906250e+00 7.159484100341796875e+01
1.811362648010253906e+01 8.895358085632324219e+00 6.989773559570312500e+01
1.847434234619140625e+01 8.385430335998535156e+00 7.089597320556640625e+01
1.748926353454589844e+01 8.820081710815429688e+00 7.115400695800781250e+01
1.911199760437011719e+01 8.860973358154296875e+00 6.989998626708984375e+01
1.847315597534179688e+01 8.386319160461425781e+00 7.089997100830078125e+01
1.749264907836914062e+01 8.822446823120117188e+00 7.013620758056640625e+01
2.872274971008300781e+01 1.177565860748291016e+01 7.004566192626953125e+01
1.782467269897460938e+01 8.676541328430175781e+00 7.159494018554687500e+01
1.847712898254394531e+01 8.665982246398925781e+00 6.990146636962890625e+01
1.847485160827636719e+01 8.385368347167968750e+00 7.089772033691406250e+01
1.735310554504394531e+01 8.652841567993164062e+00 7.079116821289062500e+01
1.978304290771484375e+01 8.741550445556640625e+00 6.990007019042968750e+01
1.834494400024414062e+01 8.523498535156250000e+00 7.159484863281250000e+01
1.741425514221191406e+01 8.730631828308105469e+00 6.921357727050781250e+01
1.847360992431640625e+01 8.384581565856933594e+00 7.089525604248046875e+01
1.730965232849121094e+01 8.557468414306640625e+00 7.149153137207031250e+01
1.884074211120605469e+01 8.502878189086914062e+00 6.990103149414062500e+01
1.847412109375000000e+01 8.384816169738769531e+00 7.089940643310546875e+01
1.728765106201171875e+01 8.477295875549316406e+00 7.033347320556640625e+01
2.169891548156738281e+01 8.555119514465332031e+00 6.990008544921875000e+01
1.806204032897949219e+01 8.408968925476074219e+00 7.159489440917968750e+01
1.847228240966796875e+01 8.384370803833007812e+00 7.089488983154296875e+01
2.051363182067871094e+01 8.359076499938964844e+00 7.234497070312500000e+01
1.727581787109375000e+01 8.347817420959472656e+00 7.104400634765625000e+01
1.931903076171875000e+01 8.318307876586914062e+00 6.990009307861328125e+01
1.852516365051269531e+01 8.281514167785644531e+00 7.234496307373046875e+01
1.729472541809082031e+01 8.231224060058593750e+00 6.969997406005859375e+01
2.886176109313964844e+01 7.221274375915527344e+00 7.142610931396484375e+01
1.762828636169433594e+01 8.239351272583007812e+00 7.159223937988281250e+01
1.861109161376953125e+01 8.230386734008789062e+00 6.989997100830078125e+01
1.947075843811035156e+01 8.077486038208007812e+00 7.234498596191406250e+01
1.731265068054199219e+01 8.151674270629882812e+00 7.062805938720703125e+01
2.022814369201660156e+01 7.946323394775390625e+00 6.990009307861328125e+01
1.824564361572265625e+01 8.208937644958496094e+00 7.159351348876953125e+01
1.760098266601562500e+01 7.836416721343994141e+00 6.898464202880859375e+01
2.189039421081542969e+01 7.331833362579345703e+00 7.234502410888671875e+01
1.737749671936035156e+01 8.028547286987304688e+00 7.128263854980468750e+01
1.900131797790527344e+01 8.012882232666015625e+00 6.990011596679687500e+01
1.884696960449218750e+01 7.854842185974121094e+00 7.234500122070312500e+01
1.746116065979003906e+01 7.928609848022460938e+00 7.023775482177734375e+01
2.443531990051269531e+01 5.948434829711914062e+00 6.990000915527343750e+01
1.792468833923339844e+01 8.003462791442871094e+00 7.159487915039062500e+01
1.843385124206542969e+01 8.159330368041992188e+00 7.040178680419921875e+01
2.002457237243652344e+01 7.360044956207275391e+00 7.234502410888671875e+01
1.847228240966796875e+01 8.384370803833007812e+00 7.089488983154296875e+01
1.957981109619140625e+01 7.581314563751220703e+00 6.990000152587890625e+01
1.844167709350585938e+01 8.204903602600097656e+00 7.120846557617187500e+01
1.785185623168945312e+01 7.763559341430664062e+00 7.006909179687500000e+01
2.622782707214355469e+01 3.383467674255371094e+00 7.234490966796875000e+01
1.767484092712402344e+01 7.756758213043212891e+00 7.139129638671875000e+01
1.875014495849609375e+01 7.657022476196289062e+00 6.990007781982421875e+01
1.920754432678222656e+01 7.177726745605468750e+00 7.234500885009765625e+01
1.774661254882812500e+01 7.777810096740722656e+00 7.062182617187500000e+01
2.095067977905273438e+01 6.181224822998046875e+00 6.990003204345703125e+01
1.821622276306152344e+01 7.869209766387939453e+00 7.142845153808593750e+01
1.835837364196777344e+01 8.023242950439453125e+00 7.051892852783203125e+01
2.091908454895019531e+01 5.620015621185302734e+00 7.234493255615234375e+01
1.767484474182128906e+01 7.545893669128417969e+00 7.106206512451171875e+01
1.918623733520507812e+01 7.047739028930664062e+00 6.990013122558593750e+01
1.864582443237304688e+01 6.689395904541015625e+00 7.234497833251953125e+01
1.812479400634765625e+01 7.817337512969970703e+00 7.059617614746093750e+01
2.869532203674316406e+01 -5.158123016357421875e+00 7.057201385498046875e+01
1.821767997741699219e+01 7.878129005432128906e+00 7.114335632324218750e+01
1.847339248657226562e+01 8.353824615478515625e+00 7.087506103515625000e+01
1.965851593017578125e+01 5.246871948242187500e+00 7.234492492675781250e+01
1.818349838256835938e+01 7.847053050994873047e+00 7.085316467285156250e+01
1.993220901489257812e+01 4.758134365081787109e+00 6.990010833740234375e+01
1.846934127807617188e+01 8.354390144348144531e+00 7.090739440917968750e+01
1.843384552001953125e+01 8.168864250183105469e+00 7.082627105712890625e+01
2.284757423400878906e+01 -7.327270030975341797e+00 7.233790588378906250e+01
1.843256378173828125e+01 8.170968055725097656e+00 7.091277313232421875e+01
1.847228240966796875e+01 8.353870391845703125e+00 7.089488983154296875e+01
