6.995621323585510254e-01 6.636581420898437500e-01 7.089993286132812500e+01
6.393608450889587402e-01 8.602821826934814453e-01 7.095508575439453125e+01
7.873378992080688477e-01 3.884246826171875000e+00 6.989977264404296875e+01
7.883826494216918945e-01 8.602855205535888672e-01 7.101578521728515625e+01
-4.953505039215087891e+00 1.385995483398437500e+01 6.989998626708984375e+01
2.271500825881958008e+00 4.284399986267089844e+00 6.989999389648437500e+01
6.431729197502136230e-01 8.602882623672485352e-01 7.110969543457031250e+01
1.801410168409347534e-01 2.347640991210937500e+00 6.989981842041015625e+01
9.438399672508239746e-01 8.602847456932067871e-01 7.098914337158203125e+01
4.397423863410949707e-01 8.602828979492187500e-01 7.100717926025390625e+01
6.995621323585510254e-01 4.602918326854705811e-01 7.089993286132812500e+01
7.963050603866577148e-01 8.602909445762634277e-01 7.120836639404296875e+01
-1.026044964790344238e+00 2.775024414062500000e+00 6.989990997314453125e+01
5.248131275177001953e+00 5.544184207916259766e+00 6.989994049072265625e+01
4.760144650936126709e-01 8.602913618087768555e-01 7.121790313720703125e+01
5.699825882911682129e-01 1.440302848815917969e+00 6.989997863769531250e+01
1.032275557518005371e+00 8.602862358093261719e-01 7.118034362792968750e+01
2.404355704784393311e-01 8.602876067161560059e-01 7.091892242431640625e+01
1.704373478889465332e+00 1.629722714424133301e+00 6.990000915527343750e+01
6.759438514709472656e-01 8.602962493896484375e-01 7.141069793701171875e+01
-1.347894519567489624e-01 1.426746845245361328e+00 6.990010070800781250e+01
1.262513637542724609e+00 8.602870106697082520e-01 7.097567749023437500e+01
2.081302255392074585e-01 8.603020906448364258e-01 7.124185943603515625e+01
6.995621323585510254e-01 4.602918326854705811e-01 7.089993286132812500e+01
1.030440449714660645e+00 8.602898716926574707e-01 7.147735595703125000e+01
-2.435101509094238281e+00 2.334501981735229492e+00 6.989988708496093750e+01
2.863746881484985352e+00 1.746253848075866699e+00 6.990002441406250000e+01
4.086584746837615967e-01 8.448194265365600586e-01 7.159503173828125000e+01
3.399008810520172119e-01 9.727122783660888672e-01 6.989998626708984375e+01
1.477782964706420898e+00 8.603032827377319336e-01 7.130894470214843750e+01
-2.029369324445724487e-01 8.603131771087646484e-01 7.113782501220703125e+01
6.995621323585510254e-01 4.602918326854705811e-01 7.089993286132812500e+01
8.189997076988220215e-01 7.268022894859313965e-01 7.159490203857421875e+01
-1.809037804603576660e+00 1.582095623016357422e+00 6.895713043212890625e+01
1.277009677886962891e+01 4.453734397888183594e+00 6.989990997314453125e+01
5.660903081297874451e-02 7.503618001937866211e-01 7.159494781494140625e+01
7.064461112022399902e-01 8.603138923645019531e-01 6.948880767822265625e+01
1.330051183700561523e+00 7.051957845687866211e-01 7.159495544433593750e+01
-1.008932876586914062e+01 3.048356533050537109e+00 6.990002441406250000e+01
2.016994476318359375e+00 8.192893862724304199e-01 6.990004730224609375e+01
5.731161236763000488e-01 5.984445810317993164e-01 7.159499359130859375e+01
7.030583918094635010e-02 6.662290692329406738e-01 6.989997863769531250e+01
3.216518402099609375e+00 8.603295087814331055e-01 7.158972930908203125e+01
-6.546287536621093750e-01 6.619092822074890137e-01 7.159487915039062500e+01
1.329820752143859863e+00 6.630008220672607422e-01 6.919992065429687500e+01
9.825066328048706055e-01 5.287964940071105957e-01 7.159497833251953125e+01
-1.410517811775207520e+00 6.258105039596557617e-01 6.989992523193359375e+01
3.942682981491088867e+00 6.319128870964050293e-01 6.990004730224609375e+01
2.922675609588623047e-01 4.847130775451660156e-01 7.159490966796875000e+01
3.344784080982208252e-01 4.778572618961334229e-01 6.919979858398437500e+01
2.733606100082397461e+00 4.350884854793548584e-01 7.234482574462890625e+01
-1.010079264640808105e+00 4.080597460269927979e-01 7.111299896240234375e+01
1.550384044647216797e+00 3.939114809036254883e-01 6.990035247802734375e+01
7.522529959678649902e-01 3.578045666217803955e-01 7.234481048583984375e+01
-2.858633995056152344e-01 3.321327269077301025e-01 6.989997863769531250e+01
1.235419392585754395e+00 4.003029167652130127e-01 7.092733001708984375e+01
3.504878282546997070e-01 4.003120362758636475e-01 7.118835449218750000e+01
8.390684723854064941e-01 3.055357933044433594e-01 6.990001678466796875e+01
8.677911162376403809e-01 4.085861444473266602e-01 7.114425659179687500e+01
-3.634817123413085938e+00 -4.094640016555786133e-01 6.990260314941406250e+01
2.464337825775146484e+00 2.002022974193096161e-02 6.990007781982421875e+01
6.220698952674865723e-01 4.003081619739532471e-01 7.113880157470703125e+01
2.434746026992797852e-01 1.734616607427597046e-01 6.990000152587890625e+01
8.677693605422973633e-01 4.084958732128143311e-01 7.097129821777343750e+01
5.150070786476135254e-01 4.003083407878875732e-01 7.096530151367187500e+01
1.231317996978759766e+00 8.689376711845397949e-02 6.990003967285156250e+01
7.366783618927001953e-01 4.078372716903686523e-01 7.104357910156250000e+01
-8.390615582466125488e-01 -2.332395315170288086e-01 6.989997100830078125e+01
6.728879928588867188e+00 -2.002720117568969727e+00 6.989399719238281250e+01
6.133283376693725586e-01 4.003073871135711670e-01 7.101016235351562500e+01
6.216309070587158203e-01 3.958169370889663696e-03 6.990002441406250000e+01
7.879598736763000488e-01 4.019598662853240967e-01 7.098251342773437500e+01
5.820649266242980957e-01 4.003289341926574707e-01 7.089878845214843750e+01
1.812627673149108887e+00 -3.467793464660644531e-01 6.990007019042968750e+01
6.893323659896850586e-01 4.003063440322875977e-01 7.100474548339843750e+01
-5.169300734996795654e-02 -2.914305329322814941e-01 6.990000152587890625e+01
7.925923466682434082e-01 4.003044068813323975e-01 7.091732788085937500e+01
6.233454942703247070e-01 4.003068208694458008e-01 7.094738006591796875e+01
9.788432121276855469e-01 -2.707709968090057373e-01 6.990003967285156250e+01
7.361144423484802246e-01 4.003055095672607422e-01 7.097202301025390625e+01
-1.957907915115356445e+00 -1.760987401008605957e+00 6.989994049072265625e+01
3.190452337265014648e+00 -1.753960251808166504e+00 6.990006256103515625e+01
6.697465181350708008e-01 4.003063142299652100e-01 7.096205902099609375e+01
3.966118991374969482e-01 -5.001661777496337891e-01 6.990001678466796875e+01
7.526580095291137695e-01 4.003050327301025391e-01 7.093139648437500000e+01
6.425126194953918457e-01 4.003063142299652100e-01 7.091189575195312500e+01
1.415571093559265137e+00 -8.801862597465515137e-01 6.990231323242187500e+01
7.057038545608520508e-01 4.003057777881622314e-01 7.095125579833984375e+01
-4.606536030769348145e-01 -1.432951211929321289e+00 6.990258026123046875e+01
7.448197007179260254e-01 4.003389775753021240e-01 7.089850616455078125e+01
6.693936586380004883e-01 4.003060758113861084e-01 7.092937469482421875e+01
7.555791735649108887e-01 -1.080049276351928711e+00 6.990003967285156250e+01
7.222419381141662598e-01 4.003053903579711914e-01 7.092765808105468750e+01
6.675157546997070312e-01 4.006655216217041016e-01 7.089530181884765625e+01
2.166939258575439453e+00 -3.184452056884765625e+00 6.990007781982421875e+01
6.936771273612976074e-01 4.003057479858398438e-01 7.092494964599609375e+01
1.394747346639633179e-01 -2.680052042007446289e+00 6.990001678466796875e+01
7.161271572113037109e-01 4.008069932460784912e-01 7.090539550781250000e+01
6.884754300117492676e-01 4.007238745689392090e-01 7.090492248535156250e+01
6.995621323585510254e-01 4.003054797649383545e-01 7.089993286132812500e+01
