-6.922636032104492188e+00 1.455360794067382812e+01 7.089998626708984375e+01
-6.982841014862060547e+00 8.603107929229736328e-01 7.095513916015625000e+01
-6.834891796112060547e+00 3.883023500442504883e+00 6.990018463134765625e+01
-6.833809375762939453e+00 8.603185415267944336e-01 7.101584625244140625e+01
-1.257518386840820312e+01 1.385872745513916016e+01 6.990013122558593750e+01
-5.350757598876953125e+00 4.284257888793945312e+00 6.990008544921875000e+01
-6.979028701782226562e+00 8.603188395500183105e-01 7.110976409912109375e+01
-7.441921234130859375e+00 2.347152233123779297e+00 6.990013122558593750e+01
-6.678338050842285156e+00 8.603219985961914062e-01 7.098920440673828125e+01
-7.182469844818115234e+00 8.603091239929199219e-01 7.100724029541015625e+01
-6.454714775085449219e+00 1.922025203704833984e+00 6.990006256103515625e+01
-6.825885295867919922e+00 8.603286743164062500e-01 7.120844268798828125e+01
-8.647935867309570312e+00 2.774616479873657227e+00 6.990013885498046875e+01
-2.373556137084960938e+00 5.544759750366210938e+00 6.989988708496093750e+01
-7.146194934844970703e+00 8.603162169456481934e-01 7.121797943115234375e+01
-7.052209854125976562e+00 1.440263271331787109e+00 6.990007781982421875e+01
-6.589888572692871094e+00 8.603319525718688965e-01 7.118042755126953125e+01
-7.381796836853027344e+00 8.603220582008361816e-01 7.091897583007812500e+01
-5.919230461120605469e+00 1.628091096878051758e+00 6.990146636962890625e+01
-6.946256160736083984e+00 8.603352904319763184e-01 7.141079711914062500e+01
-7.757037162780761719e+00 1.426808595657348633e+00 6.990009307861328125e+01
-6.359634876251220703e+00 8.603271245956420898e-01 7.097573852539062500e+01
-7.414072990417480469e+00 8.603106737136840820e-01 7.124191284179687500e+01
-6.697680950164794922e+00 1.109937310218811035e+00 6.990003967285156250e+01
-6.591722011566162109e+00 8.603376150131225586e-01 7.147747802734375000e+01
-1.005689430236816406e+01 2.334264039993286133e+00 6.990007019042968750e+01
-4.764940261840820312e+00 1.742402791976928711e+00 6.990307617187500000e+01
-7.213459491729736328e+00 8.447179198265075684e-01 7.159489440917968750e+01
-7.282289505004882812e+00 9.727061986923217773e-01 6.990005493164062500e+01
-6.151839733123779297e+00 8.564915657043457031e-01 7.130509185791015625e+01
-7.825181961059570312e+00 8.603386282920837402e-01 7.113789367675781250e+01
-6.279654979705810547e+00 9.393318891525268555e-01 6.990000152587890625e+01
-6.803201198577880859e+00 7.268005609512329102e-01 7.159494018554687500e+01
-8.213730812072753906e+00 1.037652373313903809e+00 6.990009307861328125e+01
5.148156166076660156e+00 4.453824043273925781e+00 6.989994812011718750e+01
-7.565365791320800781e+00 7.502657175064086914e-01 7.159475708007812500e+01
-6.917757987976074219e+00 7.437515258789062500e-01 6.990006256103515625e+01
-6.296032428741455078e+00 7.036912441253662109e-01 7.159072875976562500e+01
-1.771165847778320312e+01 3.048392772674560547e+00 6.990006256103515625e+01
-5.605025768280029297e+00 8.193424940109252930e-01 6.989996337890625000e+01
-7.048960685729980469e+00 5.983164906501770020e-01 7.159437561035156250e+01
-7.551883220672607422e+00 6.662307381629943848e-01 6.990004730224609375e+01
-4.405745029449462891e+00 8.603237271308898926e-01 7.158975982666015625e+01
-8.276685714721679688e+00 6.618928909301757812e-01 7.159486389160156250e+01
-6.551904678344726562e+00 5.795341134071350098e-01 6.990000152587890625e+01
-6.639728546142578125e+00 5.287922024726867676e-01 7.159494018554687500e+01
-9.032483100891113281e+00 6.257968544960021973e-01 6.990009307861328125e+01
-3.678972721099853516e+00 6.319462060928344727e-01 6.989993286132812500e+01
-7.329882621765136719e+00 4.847148060798645020e-01 7.159487915039062500e+01
-7.137365818023681641e+00 4.706278443336486816e-01 6.990002441406250000e+01
-6.821514606475830078e+00 4.590434730052947998e-01 7.097181701660156250e+01
-1.249879074096679688e+01 2.899366021156311035e-01 7.159493255615234375e+01
-6.071695327758789062e+00 3.939068317413330078e-01 6.990026855468750000e+01
-6.922636032104492188e+00 4.602964520454406738e-01 7.089998626708984375e+01
-7.908049583435058594e+00 3.321388661861419678e-01 6.990004730224609375e+01
-6.922636032104492188e+00 4.602964520454406738e-01 7.089998626708984375e+01
-7.763742923736572266e+00 3.157730400562286377e-01 7.159494781494140625e+01
-6.783119678497314453e+00 3.055294156074523926e-01 6.990000152587890625e+01
-6.444140434265136719e+00 3.132294118404388428e-01 7.159490966796875000e+01
-1.126808166503906250e+01 -4.116800725460052490e-01 6.990010833740234375e+01
-5.157555103302001953e+00 1.994865573942661285e-02 6.989996337890625000e+01
-7.148074150085449219e+00 2.857938110828399658e-01 7.159490203857421875e+01
-7.378740310668945312e+00 1.734558194875717163e-01 6.990001678466796875e+01
-5.284642219543457031e+00 -4.409009218215942383e-02 7.159490966796875000e+01
-8.884774208068847656e+00 -1.774312108755111694e-01 7.159493255615234375e+01
-6.390821456909179688e+00 8.685708045959472656e-02 6.989998626708984375e+01
-6.743078708648681641e+00 2.065368592739105225e-01 7.159490203857421875e+01
-8.461240768432617188e+00 -2.332265526056289673e-01 6.990003204345703125e+01
-9.288828969001770020e-01 -1.988187074661254883e+00 6.989997863769531250e+01
-7.466259002685546875e+00 8.215083926916122437e-02 7.159490203857421875e+01
-7.000573158264160156e+00 3.927059937268495560e-03 6.989999389648437500e+01
-6.178802490234375000e+00 -3.054489009082317352e-02 7.159486389160156250e+01
-7.040163516998291016e+00 4.003179967403411865e-01 7.089884185791015625e+01
-5.811175346374511719e+00 -3.456109166145324707e-01 6.990156555175781250e+01
-6.990459442138671875e+00 6.259445846080780029e-02 7.159487915039062500e+01
-7.673922538757324219e+00 -2.914570868015289307e-01 6.990000915527343750e+01
-5.588917732238769531e+00 -3.997069299221038818e-01 7.114934539794921875e+01
-8.015374183654785156e+00 -3.997245430946350098e-01 7.158021545410156250e+01
-6.643820762634277344e+00 -2.695475816726684570e-01 6.990175628662109375e+01
-6.570296764373779297e+00 -1.179301440715789795e-01 7.159488677978515625e+01
-9.579975128173828125e+00 -1.760873317718505859e+00 6.990003967285156250e+01
-1.832909107208251953e+00 -4.064166069030761719e+00 6.885691070556640625e+01
-7.256100177764892578e+00 -2.105938345193862915e-01 7.159484100341796875e+01
-7.225608825683593750e+00 -5.002332329750061035e-01 6.990000152587890625e+01
-6.161420345306396484e+00 -3.997121751308441162e-01 7.135110473632812500e+01
-7.740541458129882812e+00 -3.997017443180084229e-01 7.107144927978515625e+01
-6.205577850341796875e+00 -8.821460604667663574e-01 6.990090942382812500e+01
-6.839479923248291016e+00 -3.518851399421691895e-01 7.159482574462890625e+01
-8.084889411926269531e+00 -1.436271905899047852e+00 6.990087890625000000e+01
-6.877370357513427734e+00 4.003327786922454834e-01 7.089855957031250000e+01
-7.355147361755371094e+00 -3.996918201446533203e-01 7.132207489013671875e+01
-6.866613388061523438e+00 -1.080193996429443359e+00 6.989999389648437500e+01
-6.597491741180419922e+00 -3.996860086917877197e-01 7.129743957519531250e+01
-6.954689502716064453e+00 4.006568789482116699e-01 7.089535522460937500e+01
-5.455037117004394531e+00 -3.184998512268066406e+00 6.989997863769531250e+01
-7.007006168365478516e+00 -3.996948599815368652e-01 7.125864410400390625e+01
-7.482758045196533203e+00 -2.680242061614990234e+00 6.990000915527343750e+01
-6.906067848205566406e+00 4.008010625839233398e-01 7.090544891357421875e+01
-7.082698345184326172e+00 -3.997061550617218018e-01 7.097205352783203125e+01
-6.922636032104492188e+00 4.002981185913085938e-01 7.089998626708984375e+01
