1.807489013671875000e+01 5.961163043975830078e+00 7.090003967285156250e+01
1.768088531494140625e+01 6.138645172119140625e+00 7.126097869873046875e+01
1.816263961791992188e+01 6.943731784820556641e+00 6.990017700195312500e+01
1.918267822265625000e+01 8.509590148925781250e+00 7.234495544433593750e+01
1.807489013671875000e+01 3.520789384841918945e+00 7.090003967285156250e+01
1.964700317382812500e+01 7.345321178436279297e+00 6.989999389648437500e+01
1.788810920715332031e+01 4.845714092254638672e+00 7.159485626220703125e+01
1.755552291870117188e+01 5.407939434051513672e+00 6.990003204345703125e+01
2.203121376037597656e+01 9.999074935913085938e+00 7.234487915039062500e+01
1.767487335205078125e+01 4.136612892150878906e+00 7.106516265869140625e+01
1.854288673400878906e+01 4.982751369476318359e+00 6.989995574951171875e+01
1.852809524536132812e+01 5.394637107849121094e+00 7.234492492675781250e+01
1.807489013671875000e+01 3.520789384841918945e+00 7.090003967285156250e+01
2.262336730957031250e+01 8.604578971862792969e+00 6.990007019042968750e+01
1.767487144470214844e+01 4.236552238464355469e+00 7.146902465820312500e+01
1.794528961181640625e+01 4.500957012176513672e+00 6.989992523193359375e+01
1.978928565979003906e+01 5.581868171691894531e+00 7.234493255615234375e+01
1.767484092712402344e+01 3.869315624237060547e+00 7.091658020019531250e+01
1.907975196838378906e+01 4.690278530120849609e+00 6.990007019042968750e+01
1.804276084899902344e+01 4.064931392669677734e+00 7.159485626220703125e+01
1.724043464660644531e+01 4.487363815307617188e+00 6.990008544921875000e+01
2.847002601623535156e+01 1.090686893463134766e+01 7.229869079589843750e+01
1.767485046386718750e+01 3.846409320831298828e+00 7.117837524414062500e+01
1.829986190795898438e+01 4.170477867126464844e+00 6.990001678466796875e+01
1.890282630920410156e+01 4.521678924560546875e+00 7.234490203857421875e+01
1.494002342224121094e+01 5.395120620727539062e+00 6.989993286132812500e+01
2.023913574218750000e+01 4.806787490844726562e+00 6.990010070800781250e+01
1.778406333923339844e+01 3.905215501785278320e+00 7.159495544433593750e+01
1.771515655517578125e+01 4.033311843872070312e+00 6.989989471435546875e+01
2.082403373718261719e+01 4.933870315551757812e+00 7.234490966796875000e+01
1.767483520507812500e+01 3.698108911514282227e+00 7.100549316406250000e+01
1.871788215637207031e+01 3.999832391738891602e+00 6.990003967285156250e+01
1.832320022583007812e+01 4.074863910675048828e+00 7.234488677978515625e+01
1.807420349121093750e+01 3.521095991134643555e+00 7.089950561523437500e+01
2.886411285400390625e+01 7.090319633483886719e+00 7.000617218017578125e+01
1.767484855651855469e+01 3.701269388198852539e+00 7.133247375488281250e+01
1.807976913452148438e+01 3.804263591766357422e+00 6.990004730224609375e+01
1.938558387756347656e+01 4.029908180236816406e+00 7.234488677978515625e+01
1.806278228759765625e+01 3.523694038391113281e+00 7.089891815185546875e+01
1.939243507385253906e+01 3.879817724227905273e+00 6.990007019042968750e+01
1.794846534729003906e+01 3.658919095993041992e+00 7.159498596191406250e+01
1.807457160949707031e+01 3.520893812179565430e+00 7.089953613281250000e+01
2.334681892395019531e+01 4.358694553375244141e+00 7.234485626220703125e+01
1.767610740661621094e+01 3.580161809921264648e+00 7.110469055175781250e+01
1.844562911987304688e+01 3.640029668807983398e+00 6.990003204345703125e+01
1.866306686401367188e+01 3.663194894790649414e+00 7.234487915039062500e+01
1.807084274291992188e+01 3.521106958389282227e+00 7.089812469482421875e+01
2.131827163696289062e+01 3.692424297332763672e+00 6.990007019042968750e+01
1.767486190795898438e+01 3.544775009155273438e+00 7.158261871337890625e+01
1.807481002807617188e+01 3.520793199539184570e+00 7.089966583251953125e+01
2.010887718200683594e+01 3.495586633682250977e+00 7.234488677978515625e+01
1.767484283447265625e+01 3.508567333221435547e+00 7.094989776611328125e+01
1.892607116699218750e+01 3.454380989074707031e+00 6.990003967285156250e+01
1.807489585876464844e+01 3.520777463912963867e+00 7.090020751953125000e+01
1.807321357727050781e+01 3.520571231842041016e+00 7.089833831787109375e+01
2.892287826538085938e+01 2.306363105773925781e+00 7.145470428466796875e+01
1.767485046386718750e+01 3.452052354812622070e+00 7.123057556152343750e+01
1.821441078186035156e+01 3.366016626358032227e+00 6.990001678466796875e+01
1.906975746154785156e+01 3.215013742446899414e+00 7.234489440917968750e+01
1.806974792480468750e+01 3.519757747650146484e+00 7.089885711669921875e+01
1.983987426757812500e+01 3.080465793609619141e+00 6.990007019042968750e+01
1.784946441650390625e+01 3.346295833587646484e+00 7.159491729736328125e+01
1.807420730590820312e+01 3.520360469818115234e+00 7.089854431152343750e+01
2.148061370849609375e+01 2.472067117691040039e+00 7.234492492675781250e+01
1.767485046386718750e+01 3.390769720077514648e+00 7.104172515869140625e+01
1.860671424865722656e+01 3.147343873977661133e+00 6.990002441406250000e+01
1.807507133483886719e+01 3.520533084869384766e+00 7.090074157714843750e+01
1.807206344604492188e+01 3.519515037536621094e+00 7.089820098876953125e+01
2.406917381286621094e+01 1.072088837623596191e+00 6.989994812011718750e+01
1.767486381530761719e+01 3.242529630661010742e+00 7.141139221191406250e+01
1.807477951049804688e+01 3.520145893096923828e+00 7.089862823486328125e+01
1.807522201538085938e+01 3.520569801330566406e+00 7.090035247802734375e+01
1.807489013671875000e+01 3.520789384841918945e+00 7.090003967285156250e+01
1.918811988830566406e+01 2.713599681854248047e+00 6.990003204345703125e+01
1.800707244873046875e+01 3.123117446899414062e+00 7.159487915039062500e+01
1.807344245910644531e+01 3.519340753555297852e+00 7.089810943603515625e+01
2.580236244201660156e+01 -1.462011694908142090e+00 7.234481048583984375e+01
1.767486190795898438e+01 3.205953598022460938e+00 7.114905548095703125e+01
1.835368347167968750e+01 2.791004657745361328e+00 6.990189361572265625e+01
1.807564353942871094e+01 3.519554138183593750e+00 7.090152740478515625e+01
1.807200813293457031e+01 3.518381118774414062e+00 7.089895629882812500e+01
2.056605339050292969e+01 1.306294441223144531e+00 6.990005493164062500e+01
1.774146080017089844e+01 2.849967718124389648e+00 7.159481811523437500e+01
1.807430648803710938e+01 3.518938064575195312e+00 7.089810943603515625e+01
2.051292419433593750e+01 7.663394212722778320e-01 7.234488677978515625e+01
1.767485809326171875e+01 3.100169181823730469e+00 7.098390197753906250e+01
1.879262542724609375e+01 2.177080392837524414e+00 6.990001678466796875e+01
1.807512092590332031e+01 3.518538475036621094e+00 7.090196228027343750e+01
1.807321357727050781e+01 3.518053293228149414e+00 7.089859771728515625e+01
2.855918121337890625e+01 -1.036778545379638672e+01 7.056890869140625000e+01
1.767484283447265625e+01 2.725351810455322266e+00 7.129044342041015625e+01
1.813091468811035156e+01 1.980232477188110352e+00 6.990000915527343750e+01
1.925688362121582031e+01 3.945050239562988281e-01 7.234488677978515625e+01
1.807307243347167969e+01 3.517408132553100586e+00 7.089978027343750000e+01
1.954250717163085938e+01 -1.245501413941383362e-01 6.990001678466796875e+01
1.791143226623535156e+01 1.854657053947448730e+00 7.159489440917968750e+01
1.807424354553222656e+01 3.517160654067993164e+00 7.089888763427734375e+01
1.894386672973632812e+01 4.003011584281921387e-01 7.118663787841796875e+01
1.767484664916992188e+01 1.371384739875793457e+00 7.108015441894531250e+01
1.807489013671875000e+01 3.516346931457519531e+00 7.090003967285156250e+01
