-2.216341018676757812e+01 1.875330567359924316e+00 7.090009307861328125e+01
-2.236386299133300781e+01 3.003943920135498047e+00 7.108372497558593750e+01
-2.207567024230957031e+01 5.094677448272705078e+00 6.990033721923828125e+01
-2.195782279968261719e+01 2.597934484481811523e+00 7.116824340820312500e+01
-2.769215011596679688e+01 1.477706146240234375e+01 6.992213439941406250e+01
-2.059136009216308594e+01 5.496475696563720703e+00 6.990008544921875000e+01
-2.234908676147460938e+01 2.989196062088012695e+00 7.159080505371093750e+01
-2.268275833129882812e+01 3.559181928634643555e+00 6.990011596679687500e+01
-2.173442268371582031e+01 2.374543428421020508e+00 7.105675506591796875e+01
-2.384649467468261719e+01 4.263195514678955078e+00 7.159484863281250000e+01
-2.169545936584472656e+01 3.133914947509765625e+00 6.990010833740234375e+01
-2.194548606872558594e+01 2.573139429092407227e+00 7.159487152099609375e+01
-2.388914489746093750e+01 3.987001180648803711e+00 6.989999389648437500e+01
-1.761446762084960938e+01 6.756405830383300781e+00 6.990002441406250000e+01
-2.265190124511718750e+01 2.546167135238647461e+00 7.159492492675781250e+01
-2.229299736022949219e+01 2.652169227600097656e+00 6.990007019042968750e+01
-2.164963531494140625e+01 2.289765834808349609e+00 7.133309936523437500e+01
-2.886085319519042969e+01 7.506977558135986328e+00 7.117705535888671875e+01
-2.115857315063476562e+01 2.841556310653686523e+00 6.990014648437500000e+01
-2.219553947448730469e+01 2.216245412826538086e+00 7.159491729736328125e+01
-2.299792861938476562e+01 2.638744354248046875e+00 6.990006256103515625e+01
-2.150194931030273438e+01 2.142085552215576172e+00 7.098908996582031250e+01
-2.423991966247558594e+01 3.362311124801635742e+00 7.234487152099609375e+01
-2.193844413757324219e+01 2.321769237518310547e+00 6.990009307861328125e+01
-2.176528739929199219e+01 2.153386831283569336e+00 7.159487152099609375e+01
-2.529809570312500000e+01 3.546320199966430664e+00 6.990003967285156250e+01
-1.999913787841796875e+01 2.958111047744750977e+00 6.990014648437500000e+01
-2.245417022705078125e+01 2.056435585021972656e+00 7.159484863281250000e+01
-2.252310371398925781e+01 2.184562921524047852e+00 6.990005493164062500e+01
-2.141610336303710938e+01 2.056218147277832031e+00 7.129285430908203125e+01
-2.764488792419433594e+01 4.101692199707031250e+00 7.234499359130859375e+01
-2.152044296264648438e+01 2.151122093200683594e+00 6.990013122558593750e+01
-2.204401779174804688e+01 1.938507795333862305e+00 7.159481048583984375e+01
-2.345475196838378906e+01 2.249562978744506836e+00 6.990000915527343750e+01
-1.009173393249511719e+01 5.665916919708251953e+00 6.989997863769531250e+01
-2.216341018676757812e+01 1.672096610069274902e+00 7.090009307861328125e+01
-2.215853118896484375e+01 1.955575585365295410e+00 6.990008544921875000e+01
-2.153323936462402344e+01 1.916877269744873047e+00 7.159476470947265625e+01
-2.882863235473632812e+01 3.270966053009033203e+00 7.028236389160156250e+01
-2.084594535827636719e+01 2.031103134155273438e+00 6.990018463134765625e+01
-2.228979301452636719e+01 1.810179829597473145e+00 7.159480285644531250e+01
-2.279239273071289062e+01 1.877944111824035645e+00 6.990058135986328125e+01
-2.118714523315429688e+01 1.827261328697204590e+00 7.116764831542968750e+01
-2.216341018676757812e+01 1.672096610069274902e+00 7.090009307861328125e+01
-2.179267883300781250e+01 1.791334033012390137e+00 6.990010833740234375e+01
-2.188061141967773438e+01 1.740566253662109375e+00 7.159477996826171875e+01
-2.427372741699218750e+01 1.837633967399597168e+00 6.989997100830078125e+01
-1.892556571960449219e+01 1.843438506126403809e+00 6.990183258056640625e+01
-2.301009559631347656e+01 1.722863554954528809e+00 7.234481048583984375e+01
-2.237815475463867188e+01 1.682428717613220215e+00 6.990006256103515625e+01
-2.118532943725585938e+01 1.659977436065673828e+00 7.159487915039062500e+01
-2.885759735107421875e+01 1.467579245567321777e+00 7.173437500000000000e+01
-2.131227111816406250e+01 1.605691552162170410e+00 6.990013885498046875e+01
-2.211072349548339844e+01 1.569618463516235352e+00 7.234484100341796875e+01
-2.314896965026855469e+01 1.543920159339904785e+00 6.990000152587890625e+01
-2.216341018676757812e+01 1.672096610069274902e+00 7.090009307861328125e+01
-2.391193771362304688e+01 1.371655344963073730e+00 7.234481048583984375e+01
-2.202388954162597656e+01 1.517325401306152344e+00 6.990008544921875000e+01
-2.168504333496093750e+01 1.525069355964660645e+00 7.159482574462890625e+01
-2.650986671447753906e+01 7.999173402786254883e-01 6.989998626708984375e+01
-2.039847564697265625e+01 1.231785535812377930e+00 6.990015411376953125e+01
-2.263210487365722656e+01 1.309297919273376465e+00 7.234485626220703125e+01
-2.261955642700195312e+01 1.385228991508483887e+00 6.990003204345703125e+01
-2.052862930297851562e+01 1.168699622154235840e+00 7.159365081787109375e+01
-2.624249649047851562e+01 3.463253676891326904e-01 7.234481811523437500e+01
-2.163160133361816406e+01 1.298661589622497559e+00 6.990010070800781250e+01
-2.179009819030761719e+01 1.144512057304382324e+00 7.234487915039062500e+01
-2.370225334167480469e+01 9.784660935401916504e-01 6.989998626708984375e+01
-1.616890335083007812e+01 -7.766950130462646484e-01 6.989996337890625000e+01
-2.329364013671875000e+01 8.859056234359741211e-01 7.234486389160156250e+01
-2.224135208129882812e+01 1.215704560279846191e+00 6.990005493164062500e+01
-2.141968536376953125e+01 1.181327342987060547e+00 7.159487152099609375e+01
-2.882171058654785156e+01 -1.725864529609680176e+00 7.083512878417968750e+01
-2.105023193359375000e+01 8.649438619613647461e-01 6.990013122558593750e+01
-2.230442619323730469e+01 8.452047109603881836e-01 7.234490203857421875e+01
-2.291479110717773438e+01 9.202477335929870605e-01 6.989999389648437500e+01
-1.895035362243652344e+01 -3.997346162796020508e-01 7.150082397460937500e+01
-2.448439025878906250e+01 -1.545915603637695312e-01 7.234489440917968750e+01
-2.188409423828125000e+01 9.409399628639221191e-01 6.990007019042968750e+01
-2.143082237243652344e+01 4.698410034179687500e-01 7.234494018554687500e+01
-2.482112121582031250e+01 -5.493842363357543945e-01 6.990000915527343750e+01
-1.967218017578125000e+01 -5.424582362174987793e-01 6.990008544921875000e+01
-2.285679817199707031e+01 2.770808637142181396e-01 7.234493255615234375e+01
-2.246640968322753906e+01 7.114805579185485840e-01 6.990001678466796875e+01
-1.972540855407714844e+01 -1.082315444946289062e+00 7.234492492675781250e+01
-2.868739509582519531e+01 -5.187641620635986328e+00 7.226778411865234375e+01
-2.144568061828613281e+01 3.283973038196563721e-01 6.990007781982421875e+01
-2.199049186706542969e+01 -1.679100655019283295e-02 7.234497070312500000e+01
-2.332685852050781250e+01 -2.264206111431121826e-01 6.989996337890625000e+01
-9.874393463134765625e+00 -1.460720252990722656e+01 7.051196289062500000e+01
-2.364389228820800781e+01 -1.271635651588439941e+00 7.234489440917968750e+01
-2.210738372802734375e+01 1.314791738986968994e-01 6.990001678466796875e+01
-2.098145866394042969e+01 -1.454077959060668945e+00 7.234489440917968750e+01
-2.877773094177246094e+01 -1.063468742370605469e+01 6.994435882568359375e+01
-2.069589614868164062e+01 -1.972986459732055664e+00 6.990013885498046875e+01
-2.250309944152832031e+01 -1.790365576744079590e+00 7.234410095214843750e+01
-2.272360801696777344e+01 -1.468864321708679199e+00 6.989997863769531250e+01
-1.778255081176757812e+01 -1.405953884124755859e+01 7.234494781494140625e+01
-2.518325424194335938e+01 -1.455327129364013672e+01 7.225974273681640625e+01
-2.216341018676757812e+01 -1.460574626922607422e+01 7.090009307861328125e+01
