-2.532598876953125000e+01 1.472386455535888672e+01 7.056653594970703125e+01
-2.535116195678710938e+01 6.167641639709472656e+00 7.058959960937500000e+01
-2.526815032958984375e+01 8.256545066833496094e+00 6.990750122070312500e+01
-2.396255493164062500e+01 1.214046573638916016e+01 7.234489440917968750e+01
-2.550649261474609375e+01 6.428246498107910156e+00 7.053460693359375000e+01
-2.428851127624511719e+01 8.524295806884765625e+00 6.990657806396484375e+01
-2.534811592102050781e+01 6.157346248626708984e+00 7.064884948730468750e+01
-2.540925788879394531e+01 6.302954673767089844e+00 7.040620422363281250e+01
-2.045673751831054688e+01 1.397355079650878906e+01 7.234477996826171875e+01
-2.567759513854980469e+01 6.541687011718750000e+00 7.071167755126953125e+01
-2.501643180847167969e+01 6.967411994934082031e+00 6.990502929687500000e+01
-2.476820182800292969e+01 8.306653022766113281e+00 7.234484863281250000e+01
-2.575141143798828125e+01 6.571053028106689453e+00 7.031999206542968750e+01
-1.803509330749511719e+01 1.414935588836669922e+01 6.896365356445312500e+01
-2.560241317749023438e+01 6.495005130767822266e+00 7.095972442626953125e+01
-2.533435821533203125e+01 6.063687324523925781e+00 7.050195312500000000e+01
-2.321586227416992188e+01 8.537224769592285156e+00 7.234495544433593750e+01
-2.600310134887695312e+01 6.590297698974609375e+00 7.059453582763671875e+01
-2.465764045715332031e+01 6.778235435485839844e+00 6.990144348144531250e+01
-2.540821838378906250e+01 7.393065929412841797e+00 7.234484863281250000e+01
-2.583368873596191406e+01 6.588475704193115234e+00 6.995813751220703125e+01
-1.329873466491699219e+01 1.454614353179931641e+01 7.218478393554687500e+01
-2.604523086547851562e+01 6.585831642150878906e+00 7.106696319580078125e+01
-2.517605972290039062e+01 6.433367252349853516e+00 6.990008544921875000e+01
-2.430691909790039062e+01 7.232341289520263672e+00 7.234494781494140625e+01
-2.620631408691406250e+01 6.526735782623291016e+00 7.028569030761718750e+01
-2.388335418701171875e+01 6.857606410980224609e+00 6.990000152587890625e+01
-2.575638961791992188e+01 6.569312095642089844e+00 7.159495544433593750e+01
-2.571251678466796875e+01 6.551090240478515625e+00 6.949188995361328125e+01
-2.194203567504882812e+01 7.739769458770751953e+00 7.234504699707031250e+01
-2.632455444335937500e+01 6.442992687225341797e+00 7.082975769042968750e+01
-2.489738845825195312e+01 6.319708347320556641e+00 6.989996337890625000e+01
-2.502035331726074219e+01 6.682380676269531250e+00 7.234494018554687500e+01
-2.631706809997558594e+01 6.443585395812988281e+00 6.979898834228515625e+01
-1.831956672668457031e+01 8.318410873413085938e+00 6.998606872558593750e+01
-2.627735328674316406e+01 6.429601192474365234e+00 7.159493255615234375e+01
-2.532273674011230469e+01 6.189317703247070312e+00 6.990007019042968750e+01
-2.371263313293457031e+01 6.627074241638183594e+00 7.234502410888671875e+01
-2.645917129516601562e+01 6.272221088409423828e+00 7.046150970458984375e+01
-2.444785499572753906e+01 6.239680290222167969e+00 6.990006256103515625e+01
-2.551308631896972656e+01 6.204811096191406250e+00 7.159499359130859375e+01
-2.640365028381347656e+01 6.353077888488769531e+00 6.885402679443359375e+01
-1.883646392822265625e+01 7.031816959381103516e+00 7.234504699707031250e+01
-2.649787330627441406e+01 6.174866199493408203e+00 7.116793060302734375e+01
-2.507887458801269531e+01 6.079870223999023438e+00 6.989998626708984375e+01
-2.460199928283691406e+01 6.175678253173828125e+00 7.234499359130859375e+01
-2.651458358764648438e+01 6.093626499176025391e+00 7.000323486328125000e+01
-2.316438865661621094e+01 6.114779472351074219e+00 6.990009307861328125e+01
-2.592869186401367188e+01 6.036529064178466797e+00 7.159494018554687500e+01
-2.532598876953125000e+01 6.000391006469726562e+00 7.056653594970703125e+01
-2.282228851318359375e+01 5.969368457794189453e+00 7.234504699707031250e+01
-2.652313804626464844e+01 5.963816165924072266e+00 7.071573638916015625e+01
-2.475860023498535156e+01 5.956123828887939453e+00 6.989994049072265625e+01
-2.529797363281250000e+01 5.945900917053222656e+00 7.133473968505859375e+01
-2.650095748901367188e+01 5.847580909729003906e+00 6.937424468994140625e+01
-2.532598876953125000e+01 6.000391006469726562e+00 7.056653594970703125e+01
-2.648734474182128906e+01 5.800840854644775391e+00 7.152610778808593750e+01
-2.508552932739257812e+01 5.733646392822265625e+00 6.884304046630859375e+01
-2.410160064697265625e+01 5.624071121215820312e+00 7.234472656250000000e+01
-2.647342300415039062e+01 5.770141601562500000e+00 7.030251312255859375e+01
-2.414979743957519531e+01 5.706957817077636719e+00 6.990015411376953125e+01
-2.565958404541015625e+01 5.742167472839355469e+00 7.159484863281250000e+01
-2.614369964599609375e+01 5.486138343811035156e+00 6.877378082275390625e+01
-2.113399505615234375e+01 4.709552764892578125e+00 7.234499359130859375e+01
-2.640649032592773438e+01 5.649209976196289062e+00 7.094922637939453125e+01
-2.497229385375976562e+01 5.752026557922363281e+00 6.990145874023437500e+01
-2.523998832702636719e+01 5.878851413726806641e+00 7.089936828613281250e+01
-2.632216835021972656e+01 5.551364898681640625e+00 6.991911315917968750e+01
-2.133156394958496094e+01 4.368644714355468750e+00 6.990010070800781250e+01
-2.612918090820312500e+01 5.441688537597656250e+00 7.159325408935546875e+01
-2.533154678344726562e+01 5.967844486236572266e+00 7.049522399902343750e+01
-2.342224884033203125e+01 4.744150638580322266e+00 7.234498596191406250e+01
-2.627285385131835938e+01 5.517172813415527344e+00 7.055729675292968750e+01
-2.458401870727539062e+01 5.462396621704101562e+00 6.990002441406250000e+01
-2.533153533935546875e+01 5.967867851257324219e+00 7.062335968017578125e+01
-2.592156219482421875e+01 5.404448032379150391e+00 6.977381896972656250e+01
-1.581371307373046875e+01 -1.332812011241912842e-01 7.234500122070312500e+01
-2.606548118591308594e+01 5.418385982513427734e+00 7.102687072753906250e+01
-2.513984680175781250e+01 5.513134479522705078e+00 6.990010070800781250e+01
-2.515682792663574219e+01 5.722779750823974609e+00 7.090016174316406250e+01
-2.603001594543457031e+01 5.411920547485351562e+00 7.030161285400390625e+01
-2.366552925109863281e+01 4.524342536926269531e+00 6.990000915527343750e+01
-2.571302032470703125e+01 5.221730709075927734e+00 7.137300872802734375e+01
-2.543147659301757812e+01 5.665958881378173828e+00 7.021836853027343750e+01
-2.476977539062500000e+01 5.371990203857421875e+00 7.089616394042968750e+01
-2.589427185058593750e+01 5.402860641479492188e+00 7.068566894531250000e+01
-2.484755897521972656e+01 5.104697704315185547e+00 6.989994049072265625e+01
-2.532262229919433594e+01 5.967512607574462891e+00 7.059466552734375000e+01
-2.565021324157714844e+01 5.471319675445556641e+00 7.028782653808593750e+01
-9.763371467590332031e+00 -1.461545753479003906e+01 7.007501220703125000e+01
-2.556377029418945312e+01 5.527596950531005859e+00 7.079858398437500000e+01
-2.528864860534667969e+01 4.973624229431152344e+00 6.990002441406250000e+01
-2.505322837829589844e+01 5.278958320617675781e+00 7.089995574951171875e+01
-2.558202362060546875e+01 5.524003982543945312e+00 7.052954101562500000e+01
-2.434789657592773438e+01 3.570959568023681641e+00 6.990007019042968750e+01
-2.532923507690429688e+01 5.967292308807373047e+00 7.058033752441406250e+01
-2.533160400390625000e+01 5.968911647796630859e+00 7.055651092529296875e+01
-2.531744194030761719e+01 5.969701766967773438e+00 7.056935119628906250e+01
-2.535866355895996094e+01 5.824833393096923828e+00 7.058124542236328125e+01
-2.532598876953125000e+01 -1.465008163452148438e+01 7.056653594970703125e+01
