-1.172353076934814453e+01 6.004241704940795898e-01 7.090012359619140625e+01
-1.178373908996582031e+01 8.603137135505676270e-01 7.095527648925781250e+01
-1.163574790954589844e+01 3.884513616561889648e+00 6.989987945556640625e+01
-1.163469982147216797e+01 8.603157997131347656e-01 7.101599121093750000e+01
-1.737752914428710938e+01 1.386214447021484375e+01 6.990000915527343750e+01
-1.172334384918212891e+01 4.607274234294891357e-01 7.090000152587890625e+01
-1.177992630004882812e+01 8.603157997131347656e-01 7.110990905761718750e+01
-1.224294376373291016e+01 2.347594261169433594e+00 6.990002441406250000e+01
-1.147922229766845703e+01 8.603167533874511719e-01 7.098934173583984375e+01
-1.197986888885498047e+01 8.549047708511352539e-01 7.100593566894531250e+01
-1.125552272796630859e+01 1.922273039817810059e+00 6.990001678466796875e+01
-1.162680435180664062e+01 8.602056503295898438e-01 7.120850372314453125e+01
-1.344919681549072266e+01 2.775085210800170898e+00 6.990006256103515625e+01
-1.172223091125488281e+01 4.617261886596679688e-01 7.089984130859375000e+01
-1.194710254669189453e+01 8.603157401084899902e-01 7.121813201904296875e+01
-1.185312461853027344e+01 1.440396189689636230e+00 6.990005493164062500e+01
-1.139077091217041016e+01 8.603233098983764648e-01 7.118057250976562500e+01
-1.218270969390869141e+01 8.603144884109497070e-01 7.091911315917968750e+01
-1.172331809997558594e+01 4.605207145214080811e-01 7.089990997314453125e+01
-1.174715137481689453e+01 8.603209257125854492e-01 7.141094207763671875e+01
-1.255804920196533203e+01 1.426921367645263672e+00 6.990009307861328125e+01
-1.116051197052001953e+01 8.603162765502929688e-01 7.097587585449218750e+01
-1.221500301361083984e+01 8.603164553642272949e-01 7.124208068847656250e+01
-1.149854755401611328e+01 1.109994173049926758e+00 6.990005493164062500e+01
-1.139260292053222656e+01 8.603311777114868164e-01 7.147763824462890625e+01
-1.485838890075683594e+01 2.334599733352661133e+00 6.990001678466796875e+01
-1.172088146209716797e+01 4.618478715419769287e-01 7.089890289306640625e+01
-1.201427459716796875e+01 8.445895314216613770e-01 7.159484100341796875e+01
-1.208321762084960938e+01 9.727306365966796875e-01 6.990010070800781250e+01
-1.094524002075195312e+01 8.603206276893615723e-01 7.130917358398437500e+01
-1.262608909606933594e+01 8.603210449218750000e-01 7.113803863525390625e+01
-1.108052062988281250e+01 9.393302202224731445e-01 6.990009307861328125e+01
-1.160414218902587891e+01 7.266743183135986328e-01 7.159481048583984375e+01
-1.301482677459716797e+01 1.037719249725341797e+00 6.990007019042968750e+01
-1.171992683410644531e+01 4.614658355712890625e-01 7.089982604980468750e+01
-1.236633300781250000e+01 7.502752542495727539e-01 7.159497070312500000e+01
-1.171865272521972656e+01 7.437599897384643555e-01 6.990008544921875000e+01
-1.109323120117187500e+01 7.051035761833190918e-01 7.159494018554687500e+01
-2.251370239257812500e+01 3.048645496368408203e+00 6.990009307861328125e+01
-1.040596103668212891e+01 8.193082809448242188e-01 6.990013885498046875e+01
-1.184993648529052734e+01 5.983824729919433594e-01 7.159496307373046875e+01
-1.235283565521240234e+01 6.662264466285705566e-01 6.990009307861328125e+01
-9.206587791442871094e+00 8.603088855743408203e-01 7.158991241455078125e+01
-1.307753181457519531e+01 6.618624925613403320e-01 7.159497070312500000e+01
-1.135278511047363281e+01 5.795157551765441895e-01 6.990010070800781250e+01
-1.144072055816650391e+01 5.287454724311828613e-01 7.159484100341796875e+01
-1.383378219604492188e+01 6.258054971694946289e-01 6.990003967285156250e+01
-8.479896545410156250e+00 6.319215893745422363e-01 6.990007781982421875e+01
-1.213076782226562500e+01 4.846911430358886719e-01 7.159500122070312500e+01
-1.193827247619628906e+01 4.706052839756011963e-01 6.990010833740234375e+01
-1.096200180053710938e+01 4.508374333381652832e-01 7.144107818603515625e+01
-1.722181320190429688e+01 2.922926247119903564e-01 7.158536529541015625e+01
-1.087259292602539062e+01 3.938840031623840332e-01 6.990040588378906250e+01
-1.172353076934814453e+01 4.602733552455902100e-01 7.090012359619140625e+01
-1.270904541015625000e+01 3.321025967597961426e-01 6.990007781982421875e+01
-1.172353076934814453e+01 4.602733552455902100e-01 7.090012359619140625e+01
-1.256445980072021484e+01 3.157804608345031738e-01 7.159494018554687500e+01
-1.158401012420654297e+01 3.055012524127960205e-01 6.990010833740234375e+01
-1.124516773223876953e+01 3.132469952106475830e-01 7.159485626220703125e+01
-1.607024765014648438e+01 -4.119582176208496094e-01 6.989995574951171875e+01
-9.958416938781738281e+00 1.991732418537139893e-02 6.990007781982421875e+01
-1.194892501831054688e+01 2.858042418956756592e-01 7.159490203857421875e+01
-1.217966079711914062e+01 1.734163910150527954e-01 6.990010070800781250e+01
-1.008604907989501953e+01 -4.395552352070808411e-02 7.159482574462890625e+01
-1.368498134613037109e+01 -1.772309392690658569e-01 7.159482574462890625e+01
-1.119171428680419922e+01 8.683284372091293335e-02 6.990011596679687500e+01
-1.154397296905517578e+01 2.065127044916152954e-01 7.159504699707031250e+01
-1.326230716705322266e+01 -2.333267629146575928e-01 6.990006256103515625e+01
-5.728928089141845703e+00 -1.988557219505310059e+00 6.989997863769531250e+01
-1.226709079742431641e+01 8.217138051986694336e-02 7.159495544433593750e+01
-1.180146980285644531e+01 3.894616384059190750e-03 6.990011596679687500e+01
-1.097990226745605469e+01 -3.043248876929283142e-02 7.159481048583984375e+01
-1.184099388122558594e+01 4.003277719020843506e-01 7.089897918701171875e+01
-1.061027622222900391e+01 -3.469346165657043457e-01 6.990009307861328125e+01
-1.179134559631347656e+01 6.261875480413436890e-02 7.159493255615234375e+01
-1.247485923767089844e+01 -2.915221452713012695e-01 6.990009307861328125e+01
-1.038984298706054688e+01 -3.997102677822113037e-01 7.114947509765625000e+01
-1.281623077392578125e+01 -3.997180461883544922e-01 7.158032989501953125e+01
-1.144421863555908203e+01 -2.708711624145507812e-01 6.990011596679687500e+01
-1.137119388580322266e+01 -1.179488971829414368e-01 7.159501647949218750e+01
-1.438122653961181641e+01 -1.761194467544555664e+00 6.990003967285156250e+01
-9.232090950012207031e+00 -1.754467010498046875e+00 6.990003204345703125e+01
-1.205702114105224609e+01 -2.106693536043167114e-01 7.159503173828125000e+01
-1.202651023864746094e+01 -5.002782940864562988e-01 6.990011596679687500e+01
-1.096232986450195312e+01 -3.997180759906768799e-01 7.135123443603515625e+01
-1.254141902923583984e+01 -3.997068703174591064e-01 7.107158660888671875e+01
-1.100579071044921875e+01 -8.834449052810668945e-01 6.990009307861328125e+01
-1.164036369323730469e+01 -3.520104587078094482e-01 7.159504699707031250e+01
-1.288685798645019531e+01 -1.438046932220458984e+00 6.990009307861328125e+01
-1.167828559875488281e+01 4.003367722034454346e-01 7.089869689941406250e+01
-1.215603351593017578e+01 -3.996976912021636963e-01 7.132220458984375000e+01
-1.166750717163085938e+01 -1.080254554748535156e+00 6.990010833740234375e+01
-1.139838695526123047e+01 -3.997087776660919189e-01 7.129757690429687500e+01
-1.175556850433349609e+01 4.006637632846832275e-01 7.089549255371093750e+01
-1.025582885742187500e+01 -3.185276031494140625e+00 6.990004730224609375e+01
-1.180789852142333984e+01 -3.996938169002532959e-01 7.125877380371093750e+01
-1.228368186950683594e+01 -2.680427789688110352e+00 6.990009307861328125e+01
-1.148404788970947266e+01 -3.997078835964202881e-01 7.097911071777343750e+01
-1.188358592987060547e+01 -3.996890783309936523e-01 7.097218322753906250e+01
-1.172353076934814453e+01 4.003036022186279297e-01 7.090012359619140625e+01
