-2.576625823974609375e+01 6.576979160308837891e+00 7.089990234375000000e+01
-2.698480415344238281e+01 1.467325878143310547e+01 7.201618957519531250e+01
-2.576622200012207031e+01 6.578358173370361328e+00 7.089949798583984375e+01
-2.465843963623046875e+01 1.156592273712158203e+01 7.234485626220703125e+01
-2.576644515991210938e+01 6.577421188354492188e+00 7.089987182617187500e+01
-2.264570617675781250e+01 1.416845035552978516e+01 6.891486358642578125e+01
-2.615469360351562500e+01 9.332345962524414062e+00 7.234486389160156250e+01
-2.576688766479492188e+01 6.579262733459472656e+00 7.089868927001953125e+01
-2.180947685241699219e+01 1.305601406097412109e+01 7.234490966796875000e+01
-2.883141326904296875e+01 1.129576873779296875e+01 7.216515350341796875e+01
-2.576555252075195312e+01 6.579182624816894531e+00 7.089839172363281250e+01
-2.531303596496582031e+01 8.450894355773925781e+00 7.234484100341796875e+01
-2.576798820495605469e+01 6.579298496246337891e+00 7.089890289306640625e+01
-2.121785163879394531e+01 1.166068935394287109e+01 6.989994812011718750e+01
-2.678210449218750000e+01 8.394659042358398438e+00 7.234484100341796875e+01
-2.576660346984863281e+01 6.579585075378417969e+00 7.089723968505859375e+01
-2.405175590515136719e+01 8.638185501098632812e+00 7.234488677978515625e+01
-2.887832260131835938e+01 9.288241386413574219e+00 7.102859497070312500e+01
-2.476134490966796875e+01 7.746528148651123047e+00 6.989987945556640625e+01
-2.583307075500488281e+01 7.708537101745605469e+00 7.234479522705078125e+01
-2.576877403259277344e+01 6.579892635345458984e+00 7.089688873291015625e+01
-1.502698230743408203e+01 1.420758152008056641e+01 7.234485626220703125e+01
-2.784305191040039062e+01 8.267423629760742188e+00 7.234487915039062500e+01
-2.576548767089843750e+01 6.579204559326171875e+00 7.089647674560546875e+01
-2.493825912475585938e+01 7.577943801879882812e+00 7.234487152099609375e+01
-2.577187538146972656e+01 6.580337047576904297e+00 7.089810943603515625e+01
-2.360229110717773438e+01 7.862812042236328125e+00 6.990009307861328125e+01
-2.637095260620117188e+01 7.376286983489990234e+00 7.234478759765625000e+01
-2.576776885986328125e+01 6.579130649566650391e+00 7.089570617675781250e+01
-2.301669311523437500e+01 7.990275859832763672e+00 7.234499359130859375e+01
-2.886133956909179688e+01 7.948834419250488281e+00 7.171575927734375000e+01
-2.512336349487304688e+01 7.055949687957763672e+00 6.990005493164062500e+01
-2.551792907714843750e+01 7.131096839904785156e+00 7.234486389160156250e+01
-2.577201080322265625e+01 6.579551219940185547e+00 7.089544677734375000e+01
-1.369835853576660156e+01 1.056954956054687500e+01 6.990010070800781250e+01
-2.710295867919921875e+01 7.180034637451171875e+00 7.234483337402343750e+01
-2.576623535156250000e+01 6.578303813934326172e+00 7.089522552490234375e+01
-2.445538330078125000e+01 7.086167812347412109e+00 7.234494781494140625e+01
-2.579220962524414062e+01 6.583203792572021484e+00 7.089749908447265625e+01
-2.444878387451171875e+01 6.935987949371337891e+00 6.989998626708984375e+01
-2.602912521362304688e+01 6.864181995391845703e+00 7.234484863281250000e+01
-2.576927757263183594e+01 6.577966690063476562e+00 7.089510345458984375e+01
-2.049310874938964844e+01 7.415077686309814453e+00 7.234505462646484375e+01
-2.590960884094238281e+01 6.598320960998535156e+00 7.097346496582031250e+01
-2.539560508728027344e+01 6.696191310882568359e+00 6.990013122558593750e+01
-2.517800712585449219e+01 6.719402313232421875e+00 7.234492492675781250e+01
-2.576720428466796875e+01 6.577052593231201172e+00 7.089945220947265625e+01
-2.252325439453125000e+01 6.748593330383300781e+00 6.990004730224609375e+01
-2.599779510498046875e+01 6.590861320495605469e+00 7.129497528076171875e+01
-2.576678848266601562e+01 6.577004432678222656e+00 7.089743041992187500e+01
-2.373188781738281250e+01 6.551771163940429688e+00 7.234502410888671875e+01
-2.608811378479003906e+01 6.567145347595214844e+00 7.094001770019531250e+01
-2.491521072387695312e+01 6.510581016540527344e+00 6.990005493164062500e+01
-2.574091529846191406e+01 6.527684688568115234e+00 7.159485626220703125e+01
-2.576709365844726562e+01 6.576869964599609375e+00 7.089905548095703125e+01
-2.576625823974609375e+01 6.576978683471679688e+00 7.089990234375000000e+01
-2.626165580749511719e+01 6.491857051849365234e+00 7.130922698974609375e+01
-2.576625823974609375e+01 6.576978683471679688e+00 7.089990234375000000e+01
-2.477122879028320312e+01 6.271153450012207031e+00 7.234499359130859375e+01
-2.576717758178710938e+01 6.576794147491455078e+00 7.089968872070312500e+01
-2.400159454345703125e+01 6.136734962463378906e+00 6.990011596679687500e+01
-2.599171829223632812e+01 6.402458190917968750e+00 7.159488677978515625e+01
-2.576683425903320312e+01 6.576616764068603516e+00 7.089864349365234375e+01
-2.235991287231445312e+01 5.528064727783203125e+00 7.234504699707031250e+01
-2.637874984741210938e+01 6.377908706665039062e+00 7.111683654785156250e+01
-2.523583030700683594e+01 6.204513549804687500e+00 6.990251159667968750e+01
-2.558665847778320312e+01 6.323157787322998047e+00 7.159498596191406250e+01
-2.576699638366699219e+01 6.576645851135253906e+00 7.089942169189453125e+01
-1.977384757995605469e+01 4.129044055938720703e+00 6.990012359619140625e+01
-2.630999183654785156e+01 6.198755741119384766e+00 7.159495544433593750e+01
-2.576625823974609375e+01 6.576978683471679688e+00 7.089990234375000000e+01
-2.546406936645507812e+01 6.377570629119873047e+00 7.118220520019531250e+01
-2.576633071899414062e+01 6.576941490173339844e+00 7.089990234375000000e+01
-2.465316772460937500e+01 5.769888877868652344e+00 6.990001678466796875e+01
-2.583409690856933594e+01 6.179181575775146484e+00 7.159496307373046875e+01
-2.576670265197753906e+01 6.576533794403076172e+00 7.089930725097656250e+01
-2.548956298828125000e+01 6.398560523986816406e+00 7.095163726806640625e+01
-2.652335929870605469e+01 5.981114387512207031e+00 7.137119293212890625e+01
-2.518890953063964844e+01 5.065673828125000000e+00 6.883284759521484375e+01
-2.541386985778808594e+01 5.998672485351562500e+00 7.159489440917968750e+01
-2.576677513122558594e+01 6.576546192169189453e+00 7.089970397949218750e+01
-2.327533340454101562e+01 4.362695217132568359e+00 6.990001678466796875e+01
-2.609971809387207031e+01 5.906095027923583984e+00 7.159474945068359375e+01
-2.576635360717773438e+01 6.576673984527587891e+00 7.089958190917968750e+01
-2.533658027648925781e+01 6.091535568237304688e+00 7.115454101562500000e+01
-2.649267959594726562e+01 5.813171386718750000e+00 7.105219268798828125e+01
-2.504861450195312500e+01 5.233440876007080078e+00 6.990000915527343750e+01
-2.568372344970703125e+01 5.770873546600341797e+00 7.158954620361328125e+01
-2.576648902893066406e+01 6.576601982116699219e+00 7.089970397949218750e+01
-9.769416809082031250e+00 -1.461408901214599609e+01 7.039466857910156250e+01
-2.629211425781250000e+01 5.531387805938720703e+00 7.141308593750000000e+01
-2.565789413452148438e+01 3.597216129302978516e+00 6.896562194824218750e+01
-2.519767379760742188e+01 5.073115825653076172e+00 7.159493255615234375e+01
-2.576641845703125000e+01 6.576679706573486328e+00 7.089987945556640625e+01
-2.429878616333007812e+01 2.931997060775756836e+00 6.989997863769531250e+01
-2.588258171081542969e+01 5.391278266906738281e+00 7.139439392089843750e+01
-2.576627159118652344e+01 6.576899528503417969e+00 7.089987945556640625e+01
-2.526374244689941406e+01 4.772450447082519531e+00 7.106563568115234375e+01
-2.598371124267578125e+01 5.408624172210693359e+00 7.099781036376953125e+01
-2.576625823974609375e+01 5.423960685729980469e+00 7.089990234375000000e+01
