-1.509149646759033203e+01 -2.515026032924652100e-01 7.089995574951171875e+01
-1.521191024780273438e+01 4.003179669380187988e-01 7.101026153564453125e+01
-1.509145736694335938e+01 -3.982158899307250977e-01 7.089951324462890625e+01
-1.491384315490722656e+01 4.003029465675354004e-01 7.113167572021484375e+01
-1.509233283996582031e+01 -3.977558612823486328e-01 7.089981079101562500e+01
-1.509092998504638672e+01 -3.983601331710815430e-01 7.089959716796875000e+01
-1.520428276062011719e+01 4.003113210201263428e-01 7.131951904296875000e+01
-1.509186553955078125e+01 -3.983953595161437988e-01 7.089924621582031250e+01
-1.460290718078613281e+01 4.003027081489562988e-01 7.107838439941406250e+01
-1.561117839813232422e+01 4.003093242645263672e-01 7.111447143554687500e+01
-1.509115886688232422e+01 -3.986835479736328125e-01 7.089923095703125000e+01
-1.489799976348876953e+01 4.003064334392547607e-01 7.151685333251953125e+01
-1.509273147583007812e+01 -3.980807065963745117e-01 7.089923858642578125e+01
-1.509039592742919922e+01 -3.985080122947692871e-01 7.089971160888671875e+01
-1.553861618041992188e+01 4.003052711486816406e-01 7.153593444824218750e+01
-1.509159755706787109e+01 -3.989726603031158447e-01 7.089917755126953125e+01
-1.442603015899658203e+01 4.002984464168548584e-01 7.146080780029296875e+01
-1.600979614257812500e+01 4.002937078475952148e-01 7.093792724609375000e+01
-1.509075546264648438e+01 -3.988759517669677734e-01 7.089921569824218750e+01
-1.512362957000732422e+01 1.444713026285171509e-01 7.159485626220703125e+01
-1.509208202362060547e+01 -3.990594446659088135e-01 7.089925384521484375e+01
-1.396550750732421875e+01 4.003136456012725830e-01 7.105145263671875000e+01
-1.607435226440429688e+01 4.002765417098999023e-01 7.158380126953125000e+01
-1.509133052825927734e+01 -3.992598652839660645e-01 7.089922332763671875e+01
-1.469326114654541016e+01 8.168742060661315918e-02 7.159493255615234375e+01
-1.509376049041748047e+01 -3.983843624591827393e-01 7.089923095703125000e+01
-1.509011745452880859e+01 -3.989183902740478516e-01 7.089931488037109375e+01
-1.538231849670410156e+01 -1.531818136572837830e-02 7.159486389160156250e+01
-1.509167480468750000e+01 -3.994840681552886963e-01 7.089945983886718750e+01
-1.376934528350830078e+01 2.798577249050140381e-01 7.159484100341796875e+01
-1.689649772644042969e+01 4.003059864044189453e-01 7.137574768066406250e+01
-1.509102630615234375e+01 -3.993878960609436035e-01 7.089922332763671875e+01
-1.497206878662109375e+01 -1.332501918077468872e-01 7.159487152099609375e+01
-1.509167289733886719e+01 -3.996590971946716309e-01 7.089981842041015625e+01
-1.508914852142333984e+01 -3.989612758159637451e-01 7.089976501464843750e+01
-1.573437595367431641e+01 -1.097013205289840698e-01 7.159488677978515625e+01
-1.509149456024169922e+01 -3.996264934539794922e-01 7.089955902099609375e+01
-1.446108150482177734e+01 -1.548627465963363647e-01 7.159489440917968750e+01
-1.509149646759033203e+01 -3.997379541397094727e-01 7.089995574951171875e+01
-1.509048366546630859e+01 -3.994619548320770264e-01 7.089918518066406250e+01
-1.521791458129882812e+01 -2.616152465343475342e-01 7.159486389160156250e+01
-1.616136932373046875e+01 -4.959949105978012085e-02 6.919982147216796875e+01
-1.255538177490234375e+01 3.344752360135316849e-03 7.159500122070312500e+01
-1.644554710388183594e+01 -1.981413215398788452e-01 7.159483337402343750e+01
-1.509136295318603516e+01 -3.996949791908264160e-01 7.089959716796875000e+01
-1.480860137939453125e+01 -3.312452137470245361e-01 7.159487915039062500e+01
-1.867871856689453125e+01 -1.183493956923484802e-01 6.919990539550781250e+01
-1.508902549743652344e+01 -3.996072113513946533e-01 7.089919281005859375e+01
-1.549876785278320312e+01 -3.753181099891662598e-01 7.159489440917968750e+01
-1.545637893676757812e+01 -3.821822106838226318e-01 6.920075988769531250e+01
-1.305724525451660156e+01 -4.249438643455505371e-01 7.234499359130859375e+01
-1.688439750671386719e+01 -4.545137286186218262e-01 7.112339782714843750e+01
-1.424136066436767578e+01 -4.660647809505462646e-01 6.990118408203125000e+01
-1.503879833221435547e+01 -5.022386312484741211e-01 7.234501647949218750e+01
-1.607696533203125000e+01 -5.279027819633483887e-01 6.989995574951171875e+01
-1.509149646759033203e+01 -3.997379541397094727e-01 7.089995574951171875e+01
-1.544067382812500000e+01 -4.597353637218475342e-01 7.118846130371093750e+01
-1.495198345184326172e+01 -5.545008778572082520e-01 6.990000152587890625e+01
-1.489635372161865234e+01 -4.597155749797821045e-01 7.118336486816406250e+01
-1.943689727783203125e+01 -1.271705508232116699e+00 6.990008544921875000e+01
-1.332665634155273438e+01 -8.400256037712097168e-01 6.990007019042968750e+01
-1.516899585723876953e+01 -4.597271680831909180e-01 7.113884735107421875e+01
-1.554760551452636719e+01 -6.865817904472351074e-01 6.989997863769531250e+01
-1.489905357360839844e+01 -4.589967727661132812e-01 7.098159790039062500e+01
-1.527607154846191406e+01 -4.597278833389282227e-01 7.096533203125000000e+01
-1.455971527099609375e+01 -7.731535434722900391e-01 6.990001678466796875e+01
-1.504905223846435547e+01 -4.597228765487670898e-01 7.106422424316406250e+01
-1.663013648986816406e+01 -1.093276500701904297e+00 6.989997863769531250e+01
-9.098204612731933594e+00 -2.848033189773559570e+00 6.990003204345703125e+01
-1.517773532867431641e+01 -4.597257375717163086e-01 7.101019287109375000e+01
-1.516943168640136719e+01 -8.560939431190490723e-01 6.989999389648437500e+01
-1.500059700012207031e+01 -4.597204923629760742e-01 7.098487091064453125e+01
-1.520899868011474609e+01 -4.597033262252807617e-01 7.089881134033203125e+01
-1.397838115692138672e+01 -1.206845164299011230e+00 6.990004730224609375e+01
-1.510172653198242188e+01 -4.597235620021820068e-01 7.100476837158203125e+01
-1.584278202056884766e+01 -1.151490926742553711e+00 6.989997863769531250e+01
-1.499847507476806641e+01 -4.597195386886596680e-01 7.091735076904296875e+01
-1.516771507263183594e+01 -4.597246348857879639e-01 7.094740295410156250e+01
-1.481220245361328125e+01 -1.130834460258483887e+00 6.990001678466796875e+01
-1.505494594573974609e+01 -4.597218334674835205e-01 7.097204589843750000e+01
-1.774872589111328125e+01 -2.620816946029663086e+00 6.990004730224609375e+01
-1.260064506530761719e+01 -2.613955259323120117e+00 6.990010070800781250e+01
-1.512131214141845703e+01 -4.597235321998596191e-01 7.096208190917968750e+01
-1.539446067810058594e+01 -1.360240340232849121e+00 6.989999389648437500e+01
-1.503840446472167969e+01 -4.597208499908447266e-01 7.093141937255859375e+01
-1.514854621887207031e+01 -4.597236514091491699e-01 7.091191864013671875e+01
-1.437384033203125000e+01 -1.743299603462219238e+00 6.990003967285156250e+01
-1.508535480499267578e+01 -4.597223997116088867e-01 7.095127105712890625e+01
-1.625473022460937500e+01 -2.297906398773193359e+00 6.990000915527343750e+01
-1.504624271392822266e+01 -4.596863687038421631e-01 7.089852905273437500e+01
-1.512166500091552734e+01 -4.597231149673461914e-01 7.092939758300781250e+01
-1.503547763824462891e+01 -1.940140604972839355e+00 6.990002441406250000e+01
-1.506881809234619141e+01 -4.597216248512268066e-01 7.092768096923828125e+01
-1.512354183197021484e+01 -4.593629539012908936e-01 7.089532470703125000e+01
-1.362406539916992188e+01 -4.044614791870117188e+00 6.990006256103515625e+01
-1.509738159179687500e+01 -4.597223997116088867e-01 7.092497253417968750e+01
-1.565157604217529297e+01 -3.540035486221313477e+00 6.990005493164062500e+01
-1.507493209838867188e+01 -4.592203199863433838e-01 7.090541839599609375e+01
-1.510258293151855469e+01 -4.593043327331542969e-01 7.090494537353515625e+01
-1.509149646759033203e+01 -4.597218930721282959e-01 7.089995574951171875e+01
