2.555539512634277344e+01 -5.699154376983642578e+00 7.089485931396484375e+01
2.531065750122070312e+01 -4.669754028320312500e+00 7.111905670166015625e+01
2.557132339477539062e+01 -5.674484729766845703e+00 7.071335601806640625e+01
2.580639648437500000e+01 -5.165477752685546875e+00 7.122224426269531250e+01
2.554233169555664062e+01 -6.264873504638671875e+00 7.089254760742187500e+01
2.591430854797363281e+01 -5.422698020935058594e+00 7.066654968261718750e+01
2.536722564697265625e+01 -4.961059093475341797e+00 7.159484100341796875e+01
2.548449897766113281e+01 -6.038235187530517578e+00 7.075835418701171875e+01
2.610089111328125000e+01 -5.402614116668701172e+00 7.109407043457031250e+01
2.509209060668945312e+01 -5.582583427429199219e+00 7.108610534667968750e+01
2.582286453247070312e+01 -5.460296154022216797e+00 7.032329559326171875e+01
2.577492904663085938e+01 -5.388142108917236328e+00 7.159476470947265625e+01
2.383892822265625000e+01 -3.993367671966552734e+00 6.990013122558593750e+01
2.631175231933593750e+01 -5.450466156005859375e+00 7.072857666015625000e+01
2.553882789611816406e+01 -6.266192913055419922e+00 7.091842651367187500e+01
2.549626922607421875e+01 -5.848667621612548828e+00 7.043859100341796875e+01
2.627161407470703125e+01 -5.434785842895507812e+00 7.149848937988281250e+01
1.878765106201171875e+01 -3.997105658054351807e-01 7.117472839355468750e+01
2.628929138183593750e+01 -5.441707134246826172e+00 7.016453552246093750e+01
2.552302551269531250e+01 -5.747606277465820312e+00 7.159490203857421875e+01
2.472531700134277344e+01 -5.334333896636962891e+00 6.990014648437500000e+01
2.652560043334960938e+01 -5.606476306915283203e+00 7.102539825439453125e+01
2.347127532958984375e+01 -4.599429130554199219e+00 7.234493255615234375e+01
2.584983825683593750e+01 -5.445523738861083984e+00 6.958602905273437500e+01
2.595652008056640625e+01 -5.810918331146240234e+00 7.159487915039062500e+01
2.243714332580566406e+01 -4.431440830230712891e+00 6.990005493164062500e+01
2.658379554748535156e+01 -5.684760570526123047e+00 7.041970825195312500e+01
2.494856071472167969e+01 -5.493701457977294922e+00 7.234485626220703125e+01
2.519783020019531250e+01 -5.786406040191650391e+00 6.990074157714843750e+01
2.661948585510253906e+01 -5.748887062072753906e+00 7.145411682128906250e+01
2.005416870117187500e+01 -3.857488632202148438e+00 7.234496307373046875e+01
2.650169372558593750e+01 -5.590824127197265625e+00 6.942314910888671875e+01
2.567568397521972656e+01 -6.027426719665527344e+00 7.159478759765625000e+01
2.427092552185058594e+01 -5.721445083618164062e+00 6.990009307861328125e+01
2.666884803771972656e+01 -5.927461147308349609e+00 7.080261230468750000e+01
2.421399116516113281e+01 -5.690660476684570312e+00 7.234487915039062500e+01
2.556537246704101562e+01 -5.716106414794921875e+00 6.884978485107421875e+01
2.619039154052734375e+01 -6.049183368682861328e+00 7.159484863281250000e+01
1.482077312469482422e+01 -3.720791816711425781e+00 6.989997863769531250e+01
2.667284965515136719e+01 -5.991333961486816406e+00 7.004675292968750000e+01
2.529161262512207031e+01 -6.007634639739990234e+00 7.234484100341796875e+01
2.493000221252441406e+01 -6.091165542602539062e+00 6.990104675292968750e+01
2.666068267822265625e+01 -6.120167255401611328e+00 7.119776916503906250e+01
2.272975349426269531e+01 -5.875145435333251953e+00 7.234493255615234375e+01
2.555539512634277344e+01 -6.295838356018066406e+00 7.089485931396484375e+01
2.584026718139648438e+01 -6.226866722106933594e+00 7.159464263916015625e+01
2.345639228820800781e+01 -6.131188392639160156e+00 6.990010070800781250e+01
2.662382316589355469e+01 -6.239298820495605469e+00 7.056545257568359375e+01
2.470561408996582031e+01 -6.244885921478271484e+00 7.234485626220703125e+01
2.534177780151367188e+01 -6.285560607910156250e+00 6.990008544921875000e+01
2.654092216491699219e+01 -6.308049678802490234e+00 7.159493255615234375e+01
1.391955184936523438e+01 -6.651330947875976562e+00 7.234500885009765625e+01
2.653578186035156250e+01 -6.372327327728271484e+00 6.974305725097656250e+01
2.555558013916015625e+01 -6.296199798583984375e+00 7.089995574951171875e+01
2.457498741149902344e+01 -6.423345088958740234e+00 6.989999389648437500e+01
2.651670074462890625e+01 -6.403456211090087891e+00 7.094400787353515625e+01
2.380043792724609375e+01 -6.597384452819824219e+00 7.234489440917968750e+01
2.569421958923339844e+01 -6.449838638305664062e+00 6.989982604980468750e+01
2.603744125366210938e+01 -6.443996429443359375e+00 7.159494018554687500e+01
2.123227310180664062e+01 -7.163335323333740234e+00 6.990011596679687500e+01
2.639486694335937500e+01 -6.505267620086669922e+00 7.041925048828125000e+01
2.555397796630859375e+01 -6.296935558319091797e+00 7.089923095703125000e+01
2.510167503356933594e+01 -6.581180095672607422e+00 6.990011596679687500e+01
2.633368110656738281e+01 -6.535495281219482422e+00 7.122504425048828125e+01
2.146114921569824219e+01 -7.626537322998046875e+00 7.234495544433593750e+01
2.595707893371582031e+01 -6.577899932861328125e+00 7.013954925537109375e+01
2.562122344970703125e+01 -6.388869762420654297e+00 7.114962768554687500e+01
2.402456283569335938e+01 -6.985857963562011719e+00 6.989995574951171875e+01
2.623642730712890625e+01 -6.574044227600097656e+00 7.078123474121093750e+01
2.555330276489257812e+01 -6.297294616699218750e+00 7.089753723144531250e+01
2.547785377502441406e+01 -6.749885559082031250e+00 6.989995574951171875e+01
2.600802803039550781e+01 -6.594521522521972656e+00 7.131770324707031250e+01
9.503662109375000000e+00 -1.448759460449218750e+01 7.073824310302734375e+01
2.595551872253417969e+01 -6.585963726043701172e+00 7.053543090820312500e+01
2.555496025085449219e+01 -6.298386096954345703e+00 7.089930725097656250e+01
2.481259346008300781e+01 -7.039101123809814453e+00 6.990618133544921875e+01
2.601838302612304688e+01 -6.594380378723144531e+00 7.098142242431640625e+01
2.555379676818847656e+01 -6.297096729278564453e+00 7.089585113525390625e+01
2.583325386047363281e+01 -7.023177623748779297e+00 6.990005493164062500e+01
2.555798339843750000e+01 -6.300085067749023438e+00 7.089996337890625000e+01
2.291193199157714844e+01 -8.505409240722656250e+00 6.990013122558593750e+01
2.582586097717285156e+01 -6.536266803741455078e+00 7.078629302978515625e+01
2.555405998229980469e+01 -6.298523426055908203e+00 7.089764404296875000e+01
2.525399398803710938e+01 -7.251384258270263672e+00 6.990006256103515625e+01
2.571883010864257812e+01 -6.480484008789062500e+00 7.099171447753906250e+01
1.863916397094726562e+01 -1.356800842285156250e+01 7.234477996826171875e+01
2.626940536499023438e+01 -7.632574081420898438e+00 6.990002441406250000e+01
2.555588150024414062e+01 -6.300582408905029297e+00 7.089891815185546875e+01
2.439809608459472656e+01 -8.184320449829101562e+00 6.990001678466796875e+01
2.563701820373535156e+01 -6.403964042663574219e+00 7.089228057861328125e+01
2.555429649353027344e+01 -6.298023700714111328e+00 7.089593505859375000e+01
2.561112785339355469e+01 -7.828355312347412109e+00 6.990004730224609375e+01
2.555892372131347656e+01 -6.305173397064208984e+00 7.089916992187500000e+01
2.110779571533203125e+01 -1.457116222381591797e+01 7.025220489501953125e+01
2.701535606384277344e+01 -9.922163009643554688e+00 6.990005493164062500e+01
2.555500984191894531e+01 -6.299774169921875000e+00 7.089649963378906250e+01
2.499817848205566406e+01 -9.420083999633789062e+00 6.990007019042968750e+01
2.555684661865234375e+01 -6.301051139831542969e+00 7.089533996582031250e+01
2.401261901855468750e+01 -1.458504390716552734e+01 7.158947753906250000e+01
2.555539512634277344e+01 -1.462287425994873047e+01 7.089485931396484375e+01
