1.683344078063964844e+01 8.603011965751647949e-01 7.090000915527343750e+01
1.677324104309082031e+01 8.603028655052185059e-01 7.095515441894531250e+01
1.692119216918945312e+01 3.883341550827026367e+00 6.990012359619140625e+01
1.692225837707519531e+01 8.603036403656005859e-01 7.101585388183593750e+01
1.121403217315673828e+01 1.378020191192626953e+01 6.990601348876953125e+01
1.840549278259277344e+01 4.284705638885498047e+00 6.990000152587890625e+01
1.677705383300781250e+01 8.603065609931945801e-01 7.110977172851562500e+01
1.631411743164062500e+01 2.347315549850463867e+00 6.990008544921875000e+01
1.707771110534667969e+01 8.603008389472961426e-01 7.098921966552734375e+01
1.657362556457519531e+01 8.603049516677856445e-01 7.100725555419921875e+01
1.730140686035156250e+01 1.922187685966491699e+00 6.989999389648437500e+01
1.693018150329589844e+01 8.603063821792602539e-01 7.120842742919921875e+01
1.510790252685546875e+01 2.774960279464721680e+00 6.990002441406250000e+01
2.138227462768554688e+01 5.544507980346679688e+00 6.989996337890625000e+01
1.660989952087402344e+01 8.603098988533020020e-01 7.121797180175781250e+01
1.670385551452636719e+01 1.440379381179809570e+00 6.990000152587890625e+01
1.716614341735839844e+01 8.603006601333618164e-01 7.118041229248046875e+01
1.637432861328125000e+01 8.603028059005737305e-01 7.091899108886718750e+01
1.783834266662597656e+01 1.629856109619140625e+00 6.990000152587890625e+01
1.680982398986816406e+01 8.603110313415527344e-01 7.141075897216796875e+01
1.600201797485351562e+01 1.423382043838500977e+00 6.990368652343750000e+01
1.739636802673339844e+01 8.602988719940185547e-01 7.097575378417968750e+01
1.634203910827636719e+01 8.603061437606811523e-01 7.124191284179687500e+01
1.705826950073242188e+01 1.109593749046325684e+00 6.990062713623046875e+01
1.716430854797363281e+01 8.603045940399169922e-01 7.147741699218750000e+01
1.369877052307128906e+01 2.334534406661987305e+00 6.989996337890625000e+01
1.899780654907226562e+01 1.746390104293823242e+00 6.990001678466796875e+01
1.654267692565917969e+01 8.446632623672485352e-01 7.159477233886718750e+01
1.613697624206542969e+01 1.452595949172973633e+00 6.896366119384765625e+01
1.761158943176269531e+01 8.602945208549499512e-01 7.130898284912109375e+01
1.593103408813476562e+01 8.603006601333618164e-01 7.113787841796875000e+01
1.747644615173339844e+01 9.393744468688964844e-01 6.989998626708984375e+01
1.695285034179687500e+01 7.267699241638183594e-01 7.159482574462890625e+01
1.442217445373535156e+01 1.538598060607910156e+00 6.903258514404296875e+01
2.884668731689453125e+01 4.434809684753417969e+00 6.990473937988281250e+01
1.619068145751953125e+01 7.503032088279724121e-01 7.159481048583984375e+01
1.683831977844238281e+01 7.438063025474548340e-01 6.989997863769531250e+01
1.746376991271972656e+01 7.051621675491333008e-01 7.159485626220703125e+01
6.056147575378417969e+00 3.045603036880493164e+00 6.990116882324218750e+01
1.815104293823242188e+01 8.193642497062683105e-01 6.989999389648437500e+01
1.670705032348632812e+01 5.984116196632385254e-01 7.159475708007812500e+01
1.620414543151855469e+01 6.662701964378356934e-01 6.989999389648437500e+01
1.807487487792968750e+01 6.576301455497741699e-01 7.124023437500000000e+01
1.547959423065185547e+01 6.618863940238952637e-01 7.159477996826171875e+01
1.720418930053710938e+01 5.795633792877197266e-01 6.989997863769531250e+01
1.711631011962890625e+01 5.288066267967224121e-01 7.159487152099609375e+01
1.472758865356445312e+01 6.255072951316833496e-01 6.990200805664062500e+01
2.006831359863281250e+01 6.315048336982727051e-01 6.990266418457031250e+01
1.642627143859863281e+01 4.847339689731597900e-01 7.159477233886718750e+01
1.661869430541992188e+01 4.706524610519409180e-01 6.989997100830078125e+01
1.683807182312011719e+01 4.602628648281097412e-01 7.090329742431640625e+01
1.125735092163085938e+01 2.899624109268188477e-01 7.159494781494140625e+01
1.768440437316894531e+01 3.939289152622222900e-01 6.990026092529296875e+01
1.683450317382812500e+01 4.582523107528686523e-01 7.092916107177734375e+01
1.584792423248291016e+01 3.321493566036224365e-01 6.989996337890625000e+01
1.683803558349609375e+01 4.598058760166168213e-01 7.090024566650390625e+01
1.599230670928955078e+01 3.157921433448791504e-01 7.159499359130859375e+01
1.697296333312988281e+01 3.055455088615417480e-01 6.989997863769531250e+01
1.683765983581542969e+01 4.590237140655517578e-01 7.090613555908203125e+01
1.251315021514892578e+01 -4.066084325313568115e-01 6.990592193603515625e+01
1.859849548339843750e+01 1.997903548181056976e-02 6.990000152587890625e+01
1.660905075073242188e+01 2.866283655166625977e-01 7.159169769287109375e+01
1.637741088867187500e+01 1.735260337591171265e-01 6.990019989013671875e+01
1.683768081665039062e+01 4.590143859386444092e-01 7.090180969238281250e+01
1.487166213989257812e+01 -1.772907227277755737e-01 7.159483337402343750e+01
1.736526870727539062e+01 8.687107264995574951e-02 6.989997863769531250e+01
1.683500671386718750e+01 4.581077694892883301e-01 7.090606689453125000e+01
1.529469394683837891e+01 -2.332665920257568359e-01 6.989996337890625000e+01
2.282663726806640625e+01 -1.987935543060302734e+00 6.990010070800781250e+01
1.628974533081054688e+01 8.212484419345855713e-02 7.159501647949218750e+01
1.675549888610839844e+01 3.929464612156152725e-03 6.989997100830078125e+01
1.683667564392089844e+01 4.581861495971679688e-01 7.090303039550781250e+01
1.671585083007812500e+01 4.003098011016845703e-01 7.089886474609375000e+01
1.794106101989746094e+01 -3.428022861480712891e-01 6.990503692626953125e+01
1.676561546325683594e+01 6.260827183723449707e-02 7.159491729736328125e+01
1.608209991455078125e+01 -2.914872467517852783e-01 6.989996337890625000e+01
1.683672523498535156e+01 4.582018554210662842e-01 7.090062713623046875e+01
1.574068641662597656e+01 -3.997134268283843994e-01 7.158024597167968750e+01
1.711275482177734375e+01 -2.708298861980438232e-01 6.989999389648437500e+01
1.683470916748046875e+01 4.582401514053344727e-01 7.090251159667968750e+01
1.417591285705566406e+01 -1.761007785797119141e+00 6.989999389648437500e+01
1.932445144653320312e+01 -1.754038572311401367e+00 6.990008544921875000e+01
1.649989128112792969e+01 -2.107416242361068726e-01 7.159503936767578125e+01
1.653045463562011719e+01 -5.002493262290954590e-01 6.989997863769531250e+01
1.683548545837402344e+01 4.580096304416656494e-01 7.090122222900390625e+01
1.601550865173339844e+01 -3.997064232826232910e-01 7.107147979736328125e+01
1.755115127563476562e+01 -8.833419680595397949e-01 6.990002441406250000e+01
1.683349227905273438e+01 4.598233699798583984e-01 7.090043640136718750e+01
1.567009353637695312e+01 -1.438032746315002441e+00 6.989996337890625000e+01
1.687873268127441406e+01 4.003219902515411377e-01 7.089858245849609375e+01
1.640090942382812500e+01 -3.997084796428680420e-01 7.132212066650390625e+01
1.688946533203125000e+01 -1.080202698707580566e+00 6.989999389648437500e+01
1.683402633666992188e+01 4.587717056274414062e-01 7.090072631835937500e+01
1.680136871337890625e+01 4.006474614143371582e-01 7.089537811279296875e+01
1.830094909667968750e+01 -3.184751033782958984e+00 6.990006256103515625e+01
1.674906921386718750e+01 -3.996924161911010742e-01 7.125867462158203125e+01
1.627326965332031250e+01 -2.680494785308837891e+00 6.989994049072265625e+01
1.683377647399902344e+01 4.591156542301177979e-01 7.090012359619140625e+01
1.682234573364257812e+01 4.007065594196319580e-01 7.090500640869140625e+01
1.683344078063964844e+01 4.002879261970520020e-01 7.090000915527343750e+01
