-1.803527832031250000e+01 1.463194370269775391e+01 7.089997100830078125e+01
-1.889513969421386719e+01 1.458494949340820312e+01 7.168767547607421875e+01
-1.794760513305664062e+01 1.229181766510009766e+01 6.990097045898437500e+01
-1.692746734619140625e+01 1.386074829101562500e+01 7.234491729736328125e+01
-2.051528167724609375e+01 1.475027942657470703e+01 7.046129608154296875e+01
-1.646340560913085938e+01 1.269578742980957031e+01 6.990007781982421875e+01
-1.842369461059570312e+01 1.162707233428955078e+01 7.234486389160156250e+01
-1.855460739135742188e+01 1.075885772705078125e+01 6.990003204345703125e+01
-1.457567977905273438e+01 1.453676414489746094e+01 7.216341400146484375e+01
-2.153551101684570312e+01 1.426043128967285156e+01 7.234481811523437500e+01
-1.756737518310546875e+01 1.033351612091064453e+01 6.990008544921875000e+01
-1.803527832031250000e+01 8.871841430664062500e+00 7.089997100830078125e+01
-1.976099967956542969e+01 1.118672752380371094e+01 6.989987945556640625e+01
-1.348727893829345703e+01 1.395509719848632812e+01 6.990010833740234375e+01
-1.905112075805664062e+01 1.068951511383056641e+01 7.234490203857421875e+01
-1.816436958312988281e+01 9.848160743713378906e+00 6.990378570556640625e+01
-1.802228355407714844e+01 8.887463569641113281e+00 7.091091918945312500e+01
-2.469929313659667969e+01 1.467759990692138672e+01 7.117555236816406250e+01
-1.703039360046386719e+01 1.004135704040527344e+01 6.989997863769531250e+01
-1.810209465026855469e+01 1.000345325469970703e+01 7.234493255615234375e+01
-1.886979675292968750e+01 9.838489532470703125e+00 6.989994049072265625e+01
-1.801949119567871094e+01 8.883058547973632812e+00 7.090209197998046875e+01
-2.011201477050781250e+01 1.056223964691162109e+01 7.234490966796875000e+01
-1.781034278869628906e+01 9.521427154541015625e+00 6.990010833740234375e+01
-1.802233505249023438e+01 8.887488365173339844e+00 7.092256164550781250e+01
-1.803654289245605469e+01 8.872597694396972656e+00 7.089956665039062500e+01
-1.801622200012207031e+01 8.883164405822753906e+00 7.089116668701171875e+01
-1.864000892639160156e+01 9.671198844909667969e+00 7.234494781494140625e+01
-1.839364433288574219e+01 9.382415771484375000e+00 6.990362548828125000e+01
-1.798457527160644531e+01 8.897903442382812500e+00 7.092662048339843750e+01
-2.351661300659179688e+01 1.130137443542480469e+01 7.234483337402343750e+01
-1.739227104187011719e+01 9.350895881652832031e+00 6.989994812011718750e+01
-1.778694534301757812e+01 9.425968170166015625e+00 7.234495544433593750e+01
-1.803783607482910156e+01 8.872985839843750000e+00 7.089798736572265625e+01
-1.779352760314941406e+01 8.951822280883789062e+00 7.087994384765625000e+01
-1.937202453613281250e+01 9.474918365478515625e+00 7.234495544433593750e+01
-1.803039932250976562e+01 9.155317306518554688e+00 6.989997100830078125e+01
-1.784702110290527344e+01 8.944967269897460938e+00 7.110749816894531250e+01
-1.803601264953613281e+01 8.872016906738281250e+00 7.089990234375000000e+01
-1.775572776794433594e+01 8.948018074035644531e+00 7.068780517578125000e+01
-1.829815292358398438e+01 9.159054756164550781e+00 7.234496307373046875e+01
-1.803771018981933594e+01 8.872636795043945312e+00 7.089611053466796875e+01
-1.760090446472167969e+01 8.940879821777343750e+00 7.101901245117187500e+01
-2.085102272033691406e+01 9.291060447692871094e+00 7.234496307373046875e+01
-1.781432533264160156e+01 8.942906379699707031e+00 7.030399322509765625e+01
-1.775238990783691406e+01 8.940332412719726562e+00 7.159487915039062500e+01
-1.803887748718261719e+01 8.872123718261718750e+00 7.089826202392578125e+01
-1.747594451904296875e+01 8.901440620422363281e+00 7.072752380371093750e+01
-1.888213157653808594e+01 8.922618865966796875e+00 7.234497833251953125e+01
-1.803633117675781250e+01 8.871891975402832031e+00 7.089507293701171875e+01
-1.740582084655761719e+01 8.864042282104492188e+00 7.134710693359375000e+01
-2.871582794189453125e+01 8.545535087585449219e+00 7.223106384277343750e+01
-1.734343528747558594e+01 8.817864418029785156e+00 7.008716583251953125e+01
-1.800994110107421875e+01 8.822559356689453125e+00 7.159475708007812500e+01
-1.803926658630371094e+01 8.871322631835937500e+00 7.089592742919921875e+01
-1.803527832031250000e+01 8.871841430664062500e+00 7.089997100830078125e+01
-1.978417205810546875e+01 8.571336746215820312e+00 7.234499359130859375e+01
-1.803527832031250000e+01 8.871841430664062500e+00 7.089997100830078125e+01
-1.755784606933593750e+01 8.725101470947265625e+00 7.159335327148437500e+01
-1.804004859924316406e+01 8.870883941650390625e+00 7.089887237548828125e+01
-1.721681213378906250e+01 8.667653083801269531e+00 7.043626403808593750e+01
-1.814888763427734375e+01 8.783901214599609375e+00 7.125016784667968750e+01
-1.803754997253417969e+01 8.870411872863769531e+00 7.089498901367187500e+01
-1.718561172485351562e+01 8.610203742980957031e+00 7.126044464111328125e+01
-2.211537742614746094e+01 7.545741081237792969e+00 7.234505462646484375e+01
-1.713932418823242188e+01 8.242703437805175781e+00 6.921525573730468750e+01
-1.785612106323242188e+01 8.618646621704101562e+00 7.159333801269531250e+01
-1.804209136962890625e+01 8.868770599365234375e+00 7.089554595947265625e+01
-1.714979171752929688e+01 8.510114669799804688e+00 7.075223541259765625e+01
-1.916572380065917969e+01 8.085500717163085938e+00 7.234501647949218750e+01
-1.818447494506835938e+01 7.998210430145263672e+00 6.898567962646484375e+01
-1.729144859313964844e+01 8.381002426147460938e+00 7.159484863281250000e+01
-1.803666114807128906e+01 8.871135711669921875e+00 7.089995574951171875e+01
-1.714495658874511719e+01 8.226280212402343750e+00 7.010019683837890625e+01
-1.810310935974121094e+01 8.474092483520507812e+00 7.159494781494140625e+01
-1.820943641662597656e+01 8.697575569152832031e+00 7.066816711425781250e+01
-1.713443565368652344e+01 8.290962219238281250e+00 7.106839752197265625e+01
-1.815147781372070312e+01 8.780387878417968750e+00 7.097230529785156250e+01
-1.761778259277343750e+01 7.778981685638427734e+00 6.940523529052734375e+01
-1.768287658691406250e+01 8.293511390686035156e+00 7.159499359130859375e+01
-1.816637611389160156e+01 8.762261390686035156e+00 7.085063934326171875e+01
-1.718198204040527344e+01 8.113311767578125000e+00 7.055744934082031250e+01
-1.831822586059570312e+01 8.302582740783691406e+00 7.148956298828125000e+01
-1.827194595336914062e+01 8.121520042419433594e+00 7.011882781982421875e+01
-1.725652885437011719e+01 7.992022991180419922e+00 7.136148071289062500e+01
-1.823606300354003906e+01 8.660722732543945312e+00 7.094206237792968750e+01
-1.747395133972167969e+01 7.820950031280517578e+00 7.011787414550781250e+01
-1.795210266113281250e+01 8.059470176696777344e+00 7.159497070312500000e+01
-1.831318473815917969e+01 8.418351173400878906e+00 7.066107177734375000e+01
-1.732023620605468750e+01 7.924621582031250000e+00 7.087738800048828125e+01
-1.831210136413574219e+01 8.321416854858398438e+00 7.117012023925781250e+01
-1.799742126464843750e+01 7.830884456634521484e+00 7.022424316406250000e+01
-1.752584266662597656e+01 7.524421215057373047e+00 7.152269744873046875e+01
-1.832139587402343750e+01 8.339482307434082031e+00 7.085862731933593750e+01
-1.759521102905273438e+01 7.778781890869140625e+00 7.060011291503906250e+01
-1.812846374511718750e+01 7.922001361846923828e+00 7.129609680175781250e+01
-1.819282150268554688e+01 7.988518714904785156e+00 7.061871337890625000e+01
-1.752585983276367188e+01 7.042525768280029297e+00 7.106798553466796875e+01
-1.819819831848144531e+01 7.996490955352783203e+00 7.097332000732421875e+01
-1.803527832031250000e+01 7.849978923797607422e+00 7.089997100830078125e+01
