-2.549621009826660156e+01 1.470637130737304688e+01 7.089487457275390625e+01
-2.673929595947265625e+01 1.467578983306884766e+01 7.203364562988281250e+01
-2.540890884399414062e+01 9.821929931640625000e+00 6.990011596679687500e+01
-2.438454437255859375e+01 1.142272186279296875e+01 7.234484863281250000e+01
-2.882131385803222656e+01 1.429806804656982422e+01 7.030670928955078125e+01
-2.233854866027832031e+01 1.409820556640625000e+01 6.888623046875000000e+01
-2.588599777221679688e+01 9.181410789489746094e+00 7.234486389160156250e+01
-2.601290321350097656e+01 8.293894767761230469e+00 6.990000915527343750e+01
-2.152573013305664062e+01 1.291792201995849609e+01 7.234488677978515625e+01
-2.882545852661132812e+01 1.154181575775146484e+01 7.226914215087890625e+01
-2.503158760070800781e+01 7.867881298065185547e+00 6.990200042724609375e+01
-2.504141235351562500e+01 8.296893119812011719e+00 7.234484100341796875e+01
-2.721279335021972656e+01 8.719083786010742188e+00 6.990007781982421875e+01
-2.097050094604492188e+01 1.147479820251464844e+01 6.989990997314453125e+01
-2.651557731628417969e+01 8.240437507629394531e+00 7.234481811523437500e+01
-2.562514305114746094e+01 7.391578674316406250e+00 6.989990997314453125e+01
-2.377571296691894531e+01 8.484871864318847656e+00 7.234490966796875000e+01
-2.553130149841308594e+01 6.447029113769531250e+00 7.089632415771484375e+01
-2.449642181396484375e+01 7.580042362213134766e+00 6.989994812011718750e+01
-2.556325721740722656e+01 7.551975250244140625e+00 7.234482574462890625e+01
-2.550855445861816406e+01 6.430756092071533203e+00 7.088008117675781250e+01
-2.549621009826660156e+01 6.416457176208496094e+00 7.089487457275390625e+01
-2.549621391296386719e+01 6.416460037231445312e+00 7.089487457275390625e+01
-2.527242660522460938e+01 7.062715530395507812e+00 6.990013122558593750e+01
-2.466531181335449219e+01 7.420927047729492188e+00 7.234490203857421875e+01
-2.575514793395996094e+01 6.571275234222412109e+00 7.081226348876953125e+01
-2.334321022033691406e+01 7.695772171020507812e+00 6.990013122558593750e+01
-2.610301780700683594e+01 7.218558311462402344e+00 7.234481048583984375e+01
-2.585404968261718750e+01 6.926282405853271484e+00 6.989998626708984375e+01
-2.549621009826660156e+01 6.416457176208496094e+00 7.089487457275390625e+01
-2.549621200561523438e+01 6.416457653045654297e+00 7.089487457275390625e+01
-2.485648727416992188e+01 6.893064975738525391e+00 6.989995574951171875e+01
-2.524700927734375000e+01 6.972517013549804688e+00 7.234490203857421875e+01
-2.588172721862792969e+01 6.588853359222412109e+00 7.059630584716796875e+01
-1.802749824523925781e+01 8.887421607971191406e+00 7.027610778808593750e+01
-2.549621200561523438e+01 6.416457653045654297e+00 7.089487457275390625e+01
-2.549135780334472656e+01 6.698440074920654297e+00 6.990013885498046875e+01
-2.549621009826660156e+01 6.416457176208496094e+00 7.089487457275390625e+01
-2.611830520629882812e+01 6.565686225891113281e+00 7.083721923828125000e+01
-2.418547248840332031e+01 6.773629665374755859e+00 6.990007019042968750e+01
-2.549621009826660156e+01 6.416457176208496094e+00 7.089487457275390625e+01
-2.600744819641113281e+01 6.583769798278808594e+00 7.008246612548828125e+01
-2.549457740783691406e+01 6.416716098785400391e+00 7.089532470703125000e+01
-2.549621200561523438e+01 6.416457176208496094e+00 7.089487457275390625e+01
-2.512742805480957031e+01 6.535067081451416016e+00 6.990014648437500000e+01
-2.549438858032226562e+01 6.416897773742675781e+00 7.089935302734375000e+01
-2.627270889282226562e+01 6.477366924285888672e+00 7.052687835693359375e+01
-2.226944541931152344e+01 6.587212085723876953e+00 6.990003204345703125e+01
-2.549621200561523438e+01 6.416456699371337891e+00 7.089487457275390625e+01
-2.549621009826660156e+01 6.416456699371337891e+00 7.089487457275390625e+01
-2.549620819091796875e+01 6.416456699371337891e+00 7.089487457275390625e+01
-2.637658309936523438e+01 6.389559745788574219e+00 7.100459289550781250e+01
-2.464939498901367188e+01 6.350389003753662109e+00 6.990000152587890625e+01
-2.549621009826660156e+01 6.416456222534179688e+00 7.089487457275390625e+01
-2.644861221313476562e+01 6.292592525482177734e+00 6.992842864990234375e+01
-2.549621009826660156e+01 6.416456699371337891e+00 7.089487457275390625e+01
-2.549621200561523438e+01 6.416456222534179688e+00 7.089487457275390625e+01
-2.549620246887207031e+01 6.416448116302490234e+00 7.089482116699218750e+01
-2.549620819091796875e+01 6.416456222534179688e+00 7.089487457275390625e+01
-2.647912979125976562e+01 6.219219684600830078e+00 7.066870880126953125e+01
-2.374046897888183594e+01 5.978438854217529297e+00 6.990013885498046875e+01
-2.549621009826660156e+01 6.416456222534179688e+00 7.089487457275390625e+01
-2.648208045959472656e+01 5.796450138092041016e+00 6.873344421386718750e+01
-2.549620819091796875e+01 6.416456222534179688e+00 7.089487457275390625e+01
-2.651459884643554688e+01 6.085463523864746094e+00 7.125556945800781250e+01
-2.496708869934082031e+01 6.044908046722412109e+00 6.989993286132812500e+01
-2.549621009826660156e+01 6.416455268859863281e+00 7.089487457275390625e+01
-2.652150726318359375e+01 5.954306125640869141e+00 7.022852325439453125e+01
-1.953387832641601562e+01 3.980808973312377930e+00 6.990011596679687500e+01
-2.549621200561523438e+01 6.416455745697021484e+00 7.089487457275390625e+01
-2.565773010253906250e+01 5.470656871795654297e+00 6.882244873046875000e+01
-2.549620819091796875e+01 6.416455268859863281e+00 7.089487457275390625e+01
-2.651180458068847656e+01 5.898164272308349609e+00 7.088496398925781250e+01
-2.439528465270996094e+01 5.618187904357910156e+00 6.990591430664062500e+01
-2.549621009826660156e+01 6.416455268859863281e+00 7.089487457275390625e+01
-2.633751106262207031e+01 5.574632167816162109e+00 6.977508544921875000e+01
-2.549114227294921875e+01 6.413188457489013672e+00 7.089582061767578125e+01
-2.549621009826660156e+01 6.416456222534179688e+00 7.089487457275390625e+01
-2.533335304260253906e+01 5.990150451660156250e+00 7.031180572509765625e+01
-2.549620819091796875e+01 6.416453838348388672e+00 7.089487457275390625e+01
-2.641039276123046875e+01 5.652326583862304688e+00 7.055087280273437500e+01
-2.549620628356933594e+01 6.416453838348388672e+00 7.089487457275390625e+01
-2.549621009826660156e+01 6.416455268859863281e+00 7.089487457275390625e+01
-2.581114768981933594e+01 5.417991638183593750e+00 6.985539245605468750e+01
-2.548867416381835938e+01 6.407941818237304688e+00 7.089933776855468750e+01
-2.631937599182128906e+01 5.550927639007568359e+00 7.106744384765625000e+01
-2.535545921325683594e+01 6.152948379516601562e+00 7.069876861572265625e+01
-2.549621009826660156e+01 6.416454315185546875e+00 7.089487457275390625e+01
-2.610006713867187500e+01 5.431080818176269531e+00 7.037578582763671875e+01
-2.547880363464355469e+01 6.393399715423583984e+00 7.089432525634765625e+01
-2.549621009826660156e+01 6.416455745697021484e+00 7.089487457275390625e+01
-2.546763420104980469e+01 5.630666732788085938e+00 7.038478851318359375e+01
-2.549620819091796875e+01 6.416452407836914062e+00 7.089487457275390625e+01
-2.603401184082031250e+01 5.415807723999023438e+00 7.081716156005859375e+01
-2.532833671569824219e+01 5.999482631683349609e+00 7.078048706054687500e+01
-2.549621009826660156e+01 6.416455268859863281e+00 7.089487457275390625e+01
-2.566515350341796875e+01 5.469212532043457031e+00 7.059326171875000000e+01
-2.495316886901855469e+01 4.466401100158691406e+00 7.107397460937500000e+01
-2.571770286560058594e+01 5.226391315460205078e+00 7.099459838867187500e+01
-2.549621009826660156e+01 5.583149909973144531e+00 7.089487457275390625e+01
