1.744913291931152344e+01 8.779987335205078125e+00 7.090016174316406250e+01
1.734430122375488281e+01 8.636983871459960938e+00 7.099619293212890625e+01
1.747122192382812500e+01 8.802132606506347656e+00 7.064846038818359375e+01
1.766731262207031250e+01 8.923005104064941406e+00 7.118473815917968750e+01
1.727541160583496094e+01 8.352232933044433594e+00 7.086943054199218750e+01
1.786812591552734375e+01 8.959756851196289062e+00 7.063362884521484375e+01
1.734939384460449219e+01 8.647953987121582031e+00 7.127118682861328125e+01
1.729677581787109375e+01 8.494058609008789062e+00 7.060680389404296875e+01
1.805410575866699219e+01 8.931068420410156250e+00 7.112109375000000000e+01
1.731414985656738281e+01 8.148262977600097656e+00 7.095587921142578125e+01
1.777263832092285156e+01 8.951047897338867188e+00 7.020884704589843750e+01
1.766701889038085938e+01 8.841341972351074219e+00 7.159481811523437500e+01
1.742265701293945312e+01 7.975971698760986328e+00 7.088481903076171875e+01
1.824537086486816406e+01 8.830404281616210938e+00 7.072511291503906250e+01
1.731283950805664062e+01 8.184329032897949219e+00 7.109402465820312500e+01
1.735420608520507812e+01 8.658391952514648438e+00 7.016761779785156250e+01
1.821010398864746094e+01 8.855310440063476562e+00 7.154151153564453125e+01
9.714312553405761719e+00 1.467911148071289062e+01 7.122002410888671875e+01
1.822571182250976562e+01 8.844264030456542969e+00 7.012736511230468750e+01
1.741701126098632812e+01 8.484486579895019531e+00 7.159483337402343750e+01
1.741848945617675781e+01 7.975952148437500000e+00 7.086344146728515625e+01
1.841006660461425781e+01 8.623231887817382812e+00 7.102945709228515625e+01
1.537249374389648438e+01 9.630776405334472656e+00 7.234503173828125000e+01
1.779755783081054688e+01 8.946661949157714844e+00 6.935137939453125000e+01
1.784727478027343750e+01 8.421770095825195312e+00 7.159497070312500000e+01
1.431402015686035156e+01 9.814935684204101562e+00 6.989997863769531250e+01
1.844729804992675781e+01 8.533568382263183594e+00 7.043898773193359375e+01
1.742335319519042969e+01 7.974532604217529297e+00 7.096176147460937500e+01
1.734782791137695312e+01 8.084788322448730469e+00 7.061850738525390625e+01
1.846469116210937500e+01 8.462461471557617188e+00 7.143391418457031250e+01
1.196866416931152344e+01 1.036960601806640625e+01 7.234479522705078125e+01
1.839944648742675781e+01 8.648461341857910156e+00 6.942221069335937500e+01
1.756820678710937500e+01 8.206156730651855469e+00 7.159301757812500000e+01
1.615779876708984375e+01 8.517920494079589844e+00 6.990007781982421875e+01
1.846704864501953125e+01 8.277226448059082031e+00 7.081582641601562500e+01
1.611251640319824219e+01 8.543475151062011719e+00 7.234500885009765625e+01
1.744913291931152344e+01 7.940456867218017578e+00 7.090016174316406250e+01
1.807942771911621094e+01 8.185285568237304688e+00 7.159497070312500000e+01
6.657933712005615234e+00 1.052907562255859375e+01 6.990003204345703125e+01
1.845448684692382812e+01 8.214413642883300781e+00 7.013713836669921875e+01
1.742002105712890625e+01 7.972264289855957031e+00 7.106018829345703125e+01
1.681982040405273438e+01 8.146412849426269531e+00 6.990012359619140625e+01
1.840925407409667969e+01 8.093055725097656250e+00 7.116329193115234375e+01
1.463371276855468750e+01 8.359627723693847656e+00 7.234498596191406250e+01
1.744913291931152344e+01 7.940456867218017578e+00 7.090016174316406250e+01
1.773196792602539062e+01 8.008934974670410156e+00 7.159494018554687500e+01
1.533907127380371094e+01 8.105974197387695312e+00 6.990016174316406250e+01
1.834336471557617188e+01 7.987778186798095703e+00 7.062445831298828125e+01
1.660238456726074219e+01 7.991227626800537109e+00 7.234498596191406250e+01
1.723435020446777344e+01 7.950790882110595703e+00 6.989995574951171875e+01
1.829035377502441406e+01 7.930033683776855469e+00 7.149772644042968750e+01
5.857125759124755859e+00 7.586303710937500000e+00 7.234484863281250000e+01
1.823134231567382812e+01 7.879429817199707031e+00 6.998119354248046875e+01
1.750182151794433594e+01 7.837972640991210938e+00 7.234499359130859375e+01
1.646363639831542969e+01 7.812288284301757812e+00 6.990013885498046875e+01
1.819769477844238281e+01 7.856655597686767578e+00 7.093843841552734375e+01
1.570046138763427734e+01 7.639990806579589844e+00 7.234500122070312500e+01
1.758867263793945312e+01 7.785663127899169922e+00 6.990000152587890625e+01
1.792724990844726562e+01 7.793506145477294922e+00 7.159453582763671875e+01
1.310265064239501953e+01 7.068272590637207031e+00 6.990004730224609375e+01
1.805341529846191406e+01 7.789702415466308594e+00 7.055780029296875000e+01
1.698040771484375000e+01 7.577635765075683594e+00 7.234500885009765625e+01
1.649153900146484375e+01 7.338232994079589844e+00 6.880072021484375000e+01
1.807486915588378906e+01 7.747774124145507812e+00 7.116563415527343750e+01
1.336988830566406250e+01 6.614634037017822266e+00 7.234494781494140625e+01
1.756595802307128906e+01 7.858421802520751953e+00 7.068048858642578125e+01
1.782246398925781250e+01 7.412847042083740234e+00 7.234501647949218750e+01
1.591049957275390625e+01 7.246921062469482422e+00 6.990019226074218750e+01
1.788214874267578125e+01 7.763566970825195312e+00 7.082791900634765625e+01
1.631885337829589844e+01 7.154232025146484375e+00 7.234499359130859375e+01
1.728794479370117188e+01 6.996610164642333984e+00 6.883201599121093750e+01
1.764955139160156250e+01 7.808204174041748047e+00 7.108739471435546875e+01
1.757398605346679688e+01 7.849926948547363281e+00 7.078800964355468750e+01
1.730811309814453125e+01 7.113549232482910156e+00 7.234499359130859375e+01
1.669770050048828125e+01 7.188557147979736328e+00 6.989999389648437500e+01
1.766912841796875000e+01 7.798600196838378906e+00 7.094129180908203125e+01
1.512816619873046875e+01 6.113779544830322266e+00 7.234495544433593750e+01
1.772845077514648438e+01 7.209297180175781250e+00 6.990013122558593750e+01
1.767484283447265625e+01 7.570041179656982422e+00 7.134532165527343750e+01
1.479110717773437500e+01 5.718712806701660156e+00 6.989995574951171875e+01
1.751330566406250000e+01 7.883410930633544922e+00 7.087440490722656250e+01
1.675575828552246094e+01 6.545469760894775391e+00 7.234497070312500000e+01
1.714609336853027344e+01 6.979716300964355469e+00 6.989995574951171875e+01
1.767483520507812500e+01 7.685462951660156250e+00 7.103392028808593750e+01
1.055760097503662109e+01 6.942571997642517090e-01 7.234490966796875000e+01
1.816688346862792969e+01 6.596719264984130859e+00 6.990011596679687500e+01
1.762204170227050781e+01 6.251663684844970703e+00 7.234496307373046875e+01
1.628567504882812500e+01 6.041923999786376953e+00 6.990002441406250000e+01
1.767461013793945312e+01 7.641767024993896484e+00 7.089304351806640625e+01
1.596870231628417969e+01 4.996826648712158203e+00 7.234491729736328125e+01
1.750516128540039062e+01 6.399788379669189453e+00 6.990005493164062500e+01
1.767485809326171875e+01 7.343431472778320312e+00 7.117608642578125000e+01
1.052698707580566406e+01 -4.939073085784912109e+00 6.989994812011718750e+01
1.891687583923339844e+01 4.294804096221923828e+00 6.990005493164062500e+01
1.710927391052246094e+01 4.476253986358642578e+00 7.234489440917968750e+01
1.688896369934082031e+01 4.799655914306640625e+00 6.990010070800781250e+01
1.766934204101562500e+01 7.149686813354492188e+00 7.097278594970703125e+01
1.613138389587402344e+01 8.603013157844543457e-01 7.149346160888671875e+01
1.744913291931152344e+01 8.602997660636901855e-01 7.090016174316406250e+01
