2.388825416564941406e+01 -3.857048749923706055e+00 7.089999389648437500e+01
2.368779945373535156e+01 -3.046884775161743164e+00 7.108362579345703125e+01
2.388840675354003906e+01 -4.372816085815429688e+00 7.089826202392578125e+01
2.409383964538574219e+01 -3.452921152114868164e+00 7.116814422607421875e+01
2.388636970520019531e+01 -4.374289989471435547e+00 7.089965820312500000e+01
2.389059638977050781e+01 -4.373055934906005859e+00 7.089850616455078125e+01
2.370258140563964844e+01 -3.061680793762207031e+00 7.159069061279296875e+01
2.388730430603027344e+01 -4.375303268432617188e+00 7.089816284179687500e+01
2.431722640991210938e+01 -3.676333665847778320e+00 7.105665588378906250e+01
2.220466804504394531e+01 -1.786884427070617676e+00 7.159495544433593750e+01
2.388874626159667969e+01 -4.377218246459960938e+00 7.089894104003906250e+01
2.410619544982910156e+01 -3.477642297744750977e+00 7.159482574462890625e+01
2.388605308532714844e+01 -4.375803470611572266e+00 7.089871978759765625e+01
2.843669700622558594e+01 7.049967646598815918e-01 6.990003204345703125e+01
2.339967918395996094e+01 -3.504535436630249023e+00 7.159494018554687500e+01
2.388803672790527344e+01 -4.377111434936523438e+00 7.089831542968750000e+01
2.440200042724609375e+01 -3.761118412017822266e+00 7.133297729492187500e+01
2.388525009155273438e+01 -4.376137256622314453e+00 7.090011596679687500e+01
2.489311027526855469e+01 -3.209272623062133789e+00 6.990003204345703125e+01
2.385612678527832031e+01 -3.834646463394165039e+00 7.159476470947265625e+01
2.305358314514160156e+01 -3.411928892135620117e+00 6.989978027343750000e+01
2.454968261718750000e+01 -3.908788442611694336e+00 7.098899078369140625e+01
2.388517189025878906e+01 -4.376246452331542969e+00 7.090213775634765625e+01
2.411318397521972656e+01 -3.729185581207275391e+00 6.990015411376953125e+01
2.428637695312500000e+01 -3.897466182708740234e+00 7.159477233886718750e+01
2.076875495910644531e+01 -2.513612031936645508e+00 6.990478515625000000e+01
2.388825416564941406e+01 -4.378755092620849609e+00 7.089999389648437500e+01
2.359749412536621094e+01 -3.994417428970336914e+00 7.159474945068359375e+01
2.352849197387695312e+01 -3.866189718246459961e+00 6.989976501464843750e+01
2.463554000854492188e+01 -3.994643926620483398e+00 7.129274749755859375e+01
2.388484764099121094e+01 -4.377244949340820312e+00 7.090089416503906250e+01
2.453116989135742188e+01 -3.899768829345703125e+00 6.990011596679687500e+01
2.400765609741210938e+01 -4.112322330474853516e+00 7.159476470947265625e+01
2.259721374511718750e+01 -3.801423072814941406e+00 6.990013885498046875e+01
2.388825416564941406e+01 -4.378755092620849609e+00 7.089999389648437500e+01
2.388484764099121094e+01 -4.377218723297119141e+00 7.090367889404296875e+01
2.389313125610351562e+01 -4.095315456390380859e+00 6.990012359619140625e+01
2.451856231689453125e+01 -4.133921623229980469e+00 7.159481811523437500e+01
1.309840202331542969e+01 -1.790459752082824707e+00 6.989999389648437500e+01
2.520580101013183594e+01 -4.019726276397705078e+00 6.990002441406250000e+01
2.376187133789062500e+01 -4.240672111511230469e+00 7.159470367431640625e+01
2.325904846191406250e+01 -4.172833919525146484e+00 6.990012359619140625e+01
2.486450195312500000e+01 -4.223593235015869141e+00 7.116754150390625000e+01
2.388507843017578125e+01 -4.378282546997070312e+00 7.090162658691406250e+01
2.425893974304199219e+01 -4.259531974792480469e+00 6.990013122558593750e+01
2.417107200622558594e+01 -4.310280799865722656e+00 7.159472656250000000e+01
2.177828598022460938e+01 -4.213245391845703125e+00 6.990003967285156250e+01
2.713186264038085938e+01 -4.207108020782470703e+00 6.989995574951171875e+01
2.388527107238769531e+01 -4.378576278686523438e+00 7.090508270263671875e+01
2.367353820800781250e+01 -4.368424415588378906e+00 6.990010070800781250e+01
2.486632537841796875e+01 -4.390873908996582031e+00 7.159477233886718750e+01
2.388551902770996094e+01 -4.378838539123535156e+00 7.090033721923828125e+01
2.473935890197753906e+01 -4.445157527923583984e+00 6.990007781982421875e+01
2.388825416564941406e+01 -4.378755092620849609e+00 7.089999389648437500e+01
2.290286064147949219e+01 -4.506909847259521484e+00 6.990007019042968750e+01
2.516228485107421875e+01 -4.521382331848144531e+00 7.096513366699218750e+01
2.388598251342773438e+01 -4.379145622253417969e+00 7.090187072753906250e+01
2.402775573730468750e+01 -4.533506393432617188e+00 6.990011596679687500e+01
2.436660766601562500e+01 -4.525778293609619141e+00 7.159471130371093750e+01
1.954203414916992188e+01 -5.250886917114257812e+00 6.989994049072265625e+01
2.565354919433593750e+01 -4.819156169891357422e+00 6.989984893798828125e+01
2.388785552978515625e+01 -4.379064559936523438e+00 7.090122222900390625e+01
2.343217468261718750e+01 -4.665580272674560547e+00 6.990007781982421875e+01
2.552308464050292969e+01 -4.882167339324951172e+00 7.159357452392578125e+01
2.388652992248535156e+01 -4.379315853118896484e+00 7.090060424804687500e+01
2.442000961303710938e+01 -4.752152919769287109e+00 6.990010070800781250e+01
2.388825416564941406e+01 -4.378755092620849609e+00 7.089999389648437500e+01
2.234967041015625000e+01 -5.072268486022949219e+00 6.990005493164062500e+01
2.865861892700195312e+01 -6.327477455139160156e+00 7.010410308837890625e+01
2.388767433166503906e+01 -4.379158496856689453e+00 7.090073394775390625e+01
2.381032371520996094e+01 -4.835079193115234375e+00 6.990010070800781250e+01
2.463199234008789062e+01 -4.869533538818359375e+00 7.159478759765625000e+01
3.925033092498779297e+00 -1.456667900085449219e+01 7.070521545410156250e+01
2.500143432617187500e+01 -5.185909748077392578e+00 6.990002441406250000e+01
2.388825416564941406e+01 -4.378755092620849609e+00 7.089999389648437500e+01
2.313703727722167969e+01 -5.130438804626464844e+00 6.990010833740234375e+01
2.665199470520019531e+01 -6.160860061645507812e+00 7.141671752929687500e+01
2.388788223266601562e+01 -4.379047870635986328e+00 7.090022277832031250e+01
2.416752624511718750e+01 -5.109792232513427734e+00 6.990013122558593750e+01
2.388825416564941406e+01 -4.378755092620849609e+00 7.089999389648437500e+01
2.123089981079101562e+01 -6.599937915802001953e+00 6.990003967285156250e+01
2.632478523254394531e+01 -6.544685363769531250e+00 6.992194366455078125e+01
2.388825416564941406e+01 -4.378755092620849609e+00 7.089999389648437500e+01
2.358532333374023438e+01 -5.339153289794921875e+00 6.990014648437500000e+01
2.388825416564941406e+01 -4.378755092620849609e+00 7.089999389648437500e+01
2.388825416564941406e+01 -4.378755092620849609e+00 7.089999389648437500e+01
2.460592079162597656e+01 -5.722336292266845703e+00 6.990007019042968750e+01
2.388825416564941406e+01 -4.378755092620849609e+00 7.089999389648437500e+01
2.272513961791992188e+01 -6.276729106903076172e+00 6.990014648437500000e+01
2.854365921020507812e+01 -1.054578399658203125e+01 7.075296020507812500e+01
2.388825416564941406e+01 -4.378755092620849609e+00 7.089999389648437500e+01
2.394427490234375000e+01 -5.919198513031005859e+00 6.990003204345703125e+01
2.388825416564941406e+01 -4.378755092620849609e+00 7.089999389648437500e+01
1.844511604309082031e+01 -1.450640487670898438e+01 7.011348724365234375e+01
2.535572052001953125e+01 -8.023718833923339844e+00 6.990007781982421875e+01
2.388825416564941406e+01 -4.378755092620849609e+00 7.089999389648437500e+01
2.333128547668457031e+01 -7.501616001129150391e+00 6.990563964843750000e+01
2.388825416564941406e+01 -4.378755092620849609e+00 7.089999389648437500e+01
2.388825416564941406e+01 -4.378755092620849609e+00 7.089999389648437500e+01
2.388825416564941406e+01 -1.458839225769042969e+01 7.089999389648437500e+01
