2.507833862304687500e+01 -4.937065601348876953e+00 7.090007019042968750e+01
2.487788391113281250e+01 -4.236975669860839844e+00 7.108370208740234375e+01
2.516611480712890625e+01 -2.144898414611816406e+00 6.989990997314453125e+01
2.528392219543457031e+01 -4.643022060394287109e+00 7.116822052001953125e+01
2.505914115905761719e+01 -5.523341655731201172e+00 7.089667510986328125e+01
2.665042686462402344e+01 -1.744372725486755371e+00 6.990003967285156250e+01
2.489266204833984375e+01 -4.251755237579345703e+00 7.159077453613281250e+01
2.455899429321289062e+01 -3.681777954101562500e+00 6.990010833740234375e+01
2.550732421875000000e+01 -4.866403102874755859e+00 7.105673217773437500e+01
2.339539146423339844e+01 -2.977957487106323242e+00 7.159476470947265625e+01
2.554633331298828125e+01 -4.106889247894287109e+00 6.989999389648437500e+01
2.529623794555664062e+01 -4.667905330657958984e+00 7.159476470947265625e+01
2.335291481018066406e+01 -3.254357099533081055e+00 6.990015411376953125e+01
2.890164375305175781e+01 -1.295572161674499512e+00 7.005952453613281250e+01
2.459390449523925781e+01 -4.702034950256347656e+00 7.158912658691406250e+01
2.494875335693359375e+01 -4.588793277740478516e+00 6.990007019042968750e+01
2.559210777282714844e+01 -4.951181411743164062e+00 7.133307647705078125e+01
1.914505195617675781e+01 -3.997037410736083984e-01 7.114543151855468750e+01
2.507833862304687500e+01 -5.568844795227050781e+00 7.090007019042968750e+01
2.504621124267578125e+01 -5.024718761444091797e+00 7.159486389160156250e+01
2.424388694763183594e+01 -4.602273941040039062e+00 6.990011596679687500e+01
2.573978805541992188e+01 -5.098863124847412109e+00 7.098906707763671875e+01
2.300170516967773438e+01 -3.878529310226440430e+00 7.234494018554687500e+01
2.530333518981933594e+01 -4.919083595275878906e+00 6.989994049072265625e+01
2.547647476196289062e+01 -5.087538719177246094e+00 7.159487152099609375e+01
2.194390296936035156e+01 -3.694771051406860352e+00 6.990010070800781250e+01
2.724300575256347656e+01 -4.282596111297607422e+00 6.989994049072265625e+01
2.478753662109375000e+01 -5.184450626373291016e+00 7.159492492675781250e+01
2.471868705749511719e+01 -5.056438922882080078e+00 6.990014648437500000e+01
2.582564163208007812e+01 -5.184724807739257812e+00 7.129283142089843750e+01
1.959683418273925781e+01 -3.139236688613891602e+00 7.234497833251953125e+01
2.572040367126464844e+01 -5.090492248535156250e+00 6.990151214599609375e+01
2.519775390625000000e+01 -5.302386283874511719e+00 7.159490966796875000e+01
2.378716278076171875e+01 -4.991452693939208984e+00 6.990010833740234375e+01
2.509364318847656250e+01 -5.563781261444091797e+00 7.089880371093750000e+01
2.374170112609863281e+01 -4.965817928314208984e+00 7.234493255615234375e+01
2.508321762084960938e+01 -5.285359382629394531e+00 6.990003967285156250e+01
2.570854949951171875e+01 -5.324048519134521484e+00 7.159478759765625000e+01
1.433487892150878906e+01 -2.991677999496459961e+00 6.990436553955078125e+01
2.508001327514648438e+01 -5.568388462066650391e+00 7.089879608154296875e+01
2.495195388793945312e+01 -5.430758953094482422e+00 7.159479522705078125e+01
2.444910240173339844e+01 -5.362914085388183594e+00 6.990014648437500000e+01
2.608383560180664062e+01 -5.409034252166748047e+00 7.117563629150390625e+01
2.226283073425292969e+01 -5.149660587310791016e+00 7.234494018554687500e+01
2.544910049438476562e+01 -5.449597358703613281e+00 6.990000152587890625e+01
2.536118888854980469e+01 -5.500362873077392578e+00 7.159488677978515625e+01
2.296840095520019531e+01 -5.403337001800537109e+00 6.990013122558593750e+01
2.508421897888183594e+01 -5.568533420562744141e+00 7.089825439453125000e+01
2.423159790039062500e+01 -5.518074512481689453e+00 7.234488677978515625e+01
2.486360740661621094e+01 -5.558513164520263672e+00 6.990010070800781250e+01
2.605635261535644531e+01 -5.580963134765625000e+00 7.159480285644531250e+01
1.348432064056396484e+01 -5.923059463500976562e+00 7.234500885009765625e+01
2.507966804504394531e+01 -5.568948268890380859e+00 7.089850616455078125e+01
2.513102531433105469e+01 -5.671324729919433594e+00 7.234484100341796875e+01
2.409290504455566406e+01 -5.697004795074462891e+00 6.990010833740234375e+01
2.661504745483398438e+01 -5.740878582000732422e+00 7.097864532470703125e+01
2.332966613769531250e+01 -5.869310855865478516e+00 7.234490966796875000e+01
2.521785736083984375e+01 -5.723615169525146484e+00 6.990006256103515625e+01
2.555673599243164062e+01 -5.715881824493408203e+00 7.159484863281250000e+01
2.076830291748046875e+01 -6.433715820312500000e+00 6.990834045410156250e+01
2.508171081542968750e+01 -5.569686412811279297e+00 7.089816284179687500e+01
2.460963249206542969e+01 -5.931651592254638672e+00 7.234486389160156250e+01
2.462220382690429688e+01 -5.855704784393310547e+00 6.990003204345703125e+01
2.667102241516113281e+01 -6.059278964996337891e+00 7.157576751708984375e+01
2.099880981445312500e+01 -6.894760131835937500e+00 7.234495544433593750e+01
2.507833862304687500e+01 -5.568844795227050781e+00 7.090007019042968750e+01
2.545164489746093750e+01 -6.096421718597412109e+00 7.234483337402343750e+01
2.353969192504882812e+01 -6.262386798858642578e+00 6.990009307861328125e+01
2.508274078369140625e+01 -5.570643424987792969e+00 7.089933776855468750e+01
2.394807243347167969e+01 -6.355060577392578125e+00 7.234488677978515625e+01
2.500062942504882812e+01 -6.023882865905761719e+00 6.990299987792968750e+01
2.582098770141601562e+01 -6.058905124664306641e+00 7.159384155273437500e+01
7.537211894989013672e+00 -1.452068996429443359e+01 7.072891998291015625e+01
2.508047294616699219e+01 -5.570392131805419922e+00 7.089815521240234375e+01
2.493732452392578125e+01 -6.395723342895507812e+00 7.234485626220703125e+01
2.355444908142089844e+01 -7.093682765960693359e+00 6.887174224853515625e+01
2.645823669433593750e+01 -6.458625793457031250e+00 7.115806579589843750e+01
2.275726890563964844e+01 -7.395604133605957031e+00 7.234493255615234375e+01
2.535764312744140625e+01 -6.299966812133789062e+00 6.990009307861328125e+01
2.581088829040527344e+01 -6.771036624908447266e+00 7.234484100341796875e+01
2.242108917236328125e+01 -7.789938926696777344e+00 6.990015411376953125e+01
2.508114814758300781e+01 -5.571342945098876953e+00 7.089894104003906250e+01
2.438496589660644531e+01 -6.963830471038818359e+00 7.234487915039062500e+01
2.477537918090820312e+01 -6.529331207275390625e+00 6.990013122558593750e+01
2.547770690917968750e+01 -6.020044803619384766e+00 7.113674926757812500e+01
1.818691635131835938e+01 -1.281492996215820312e+01 7.234479522705078125e+01
2.579605865478515625e+01 -6.912525653839111328e+00 6.990007019042968750e+01
2.525124740600585938e+01 -7.257630348205566406e+00 7.234486389160156250e+01
2.391514396667480469e+01 -7.466948986053466797e+00 6.990015411376953125e+01
2.548777580261230469e+01 -6.111227989196777344e+00 7.088713836669921875e+01
2.359776496887207031e+01 -8.512760162353515625e+00 7.234496307373046875e+01
2.513436126708984375e+01 -7.109359264373779297e+00 6.990006256103515625e+01
2.625667381286621094e+01 -8.685456275939941406e+00 7.234044647216796875e+01
2.024341392517089844e+01 -1.456483459472656250e+01 7.020144653320312500e+01
2.654160118103027344e+01 -9.203369140625000000e+00 6.990301513671875000e+01
2.473843002319335938e+01 -9.033547401428222656e+00 7.234501647949218750e+01
2.451813316345214844e+01 -8.709852218627929688e+00 6.989994049072265625e+01
2.762605094909667969e+01 -1.471766090393066406e+01 7.174033355712890625e+01
2.339946746826171875e+01 -1.458928203582763672e+01 7.165596008300781250e+01
2.507833862304687500e+01 -1.460340213775634766e+01 7.090007019042968750e+01
