-1.469358801841735840e+00 -6.213495731353759766e-01 7.089991760253906250e+01
-1.529565691947937012e+00 -4.596921503543853760e-01 7.095507049560546875e+01
-1.381595849990844727e+00 2.563737630844116211e+00 6.989990234375000000e+01
-1.380532622337341309e+00 -4.597006142139434814e-01 7.101577758789062500e+01
-7.121788501739501953e+00 1.253843212127685547e+01 6.990008544921875000e+01
1.026590690016746521e-01 2.964581012725830078e+00 6.989992523193359375e+01
-1.525750994682312012e+00 -4.597018957138061523e-01 7.110969543457031250e+01
-1.988726377487182617e+00 1.027435064315795898e+00 6.989990997314453125e+01
-1.225065469741821289e+00 -4.597015082836151123e-01 7.098913574218750000e+01
-1.729204177856445312e+00 -4.596891701221466064e-01 7.100717926025390625e+01
-1.001412153244018555e+00 6.020882129669189453e-01 6.989994049072265625e+01
-1.372612357139587402e+00 -4.597063064575195312e-01 7.120835876464843750e+01
-3.194933176040649414e+00 1.454968929290771484e+00 6.989990997314453125e+01
3.079071521759033203e+00 4.224017620086669922e+00 6.989995574951171875e+01
-1.692915916442871094e+00 -4.597034156322479248e-01 7.121790313720703125e+01
-1.598941922187805176e+00 1.203187108039855957e-01 6.989993286132812500e+01
-1.136620759963989258e+00 -4.596956670284271240e-01 7.118035125732421875e+01
-1.928534030914306641e+00 -4.596815705299377441e-01 7.091890716552734375e+01
-4.669453501701354980e-01 3.069204986095428467e-01 6.990238189697265625e+01
-1.492977380752563477e+00 -4.597097635269165039e-01 7.141069030761718750e+01
-2.303856849670410156e+00 1.069049835205078125e-01 6.989990997314453125e+01
-9.063837528228759766e-01 -4.597077667713165283e-01 7.097566223144531250e+01
-1.960800409317016602e+00 -4.597016572952270508e-01 7.124185180664062500e+01
-1.245616197586059570e+00 -2.135804444551467896e-01 6.990535736083984375e+01
-1.138454437255859375e+00 -4.596901834011077881e-01 7.147738647460937500e+01
-4.603802680969238281e+00 1.014359116554260254e+00 6.989994812011718750e+01
6.788783669471740723e-01 4.167662262916564941e-01 6.990737915039062500e+01
-1.760262012481689453e+00 -4.751926660537719727e-01 7.159501647949218750e+01
-1.829032421112060547e+00 -3.472816944122314453e-01 6.989993286132812500e+01
-6.911584734916687012e-01 -4.597187936305999756e-01 7.130891418457031250e+01
-2.371877193450927734e+00 -4.596898555755615234e-01 7.113781738281250000e+01
-8.264022469520568848e-01 -3.807025849819183350e-01 6.989997100830078125e+01
-1.349913239479064941e+00 -5.931915044784545898e-01 7.159494018554687500e+01
-2.760584831237792969e+00 -2.823051810264587402e-01 6.989991760253906250e+01
1.060104751586914062e+01 3.133680105209350586e+00 6.989990997314453125e+01
-2.112293004989624023e+00 -5.696582794189453125e-01 7.159490966796875000e+01
-1.464480638504028320e+00 -5.762517452239990234e-01 6.989994812011718750e+01
-8.389389514923095703e-01 -6.148426532745361328e-01 7.159486389160156250e+01
-1.225759506225585938e+01 1.728188037872314453e+00 6.990006256103515625e+01
-1.518807858228683472e-01 -5.007097125053405762e-01 6.990000152587890625e+01
-1.595792055130004883e+00 -7.215809822082519531e-01 7.159490966796875000e+01
-2.098642349243164062e+00 -6.537736058235168457e-01 6.989992523193359375e+01
1.047368168830871582e+00 -4.597184956073760986e-01 7.158964538574218750e+01
-2.823616266250610352e+00 -6.580924391746520996e-01 7.159490203857421875e+01
-1.098638653755187988e+00 -7.404856681823730469e-01 6.989996337890625000e+01
-1.186457276344299316e+00 -7.912254929542541504e-01 7.159485626220703125e+01
-3.579382181167602539e+00 -6.942055225372314453e-01 6.989994049072265625e+01
1.773634552955627441e+00 -6.881054043769836426e-01 6.990007019042968750e+01
-1.876594066619873047e+00 -8.353020548820495605e-01 7.159479522705078125e+01
-1.684092164039611816e+00 -8.493881821632385254e-01 6.989994049072265625e+01
-8.519288301467895508e-01 -8.673701882362365723e-01 7.133850860595703125e+01
-1.469358801841735840e+00 -8.597197532653808594e-01 7.089991760253906250e+01
-6.182355880737304688e-01 -9.261236190795898438e-01 6.989998626708984375e+01
-1.469358801841735840e+00 -8.597197532653808594e-01 7.089991760253906250e+01
-3.238969326019287109e+00 -1.089865684509277344e+00 6.910421752929687500e+01
-1.469358801841735840e+00 -8.597197532653808594e-01 7.089991760253906250e+01
-1.469358801841735840e+00 -8.597197532653808594e-01 7.089991760253906250e+01
-1.207976937294006348e+00 -1.149673700332641602e+00 6.902645874023437500e+01
-1.469358801841735840e+00 -8.597197532653808594e-01 7.089991760253906250e+01
-5.815074443817138672e+00 -1.731750369071960449e+00 6.989997863769531250e+01
2.954933345317840576e-01 -1.300010442733764648e+00 6.990002441406250000e+01
-1.469358801841735840e+00 -8.597197532653808594e-01 7.089991760253906250e+01
-2.307462215423583984e+00 -1.386796951293945312e+00 6.906245422363281250e+01
-1.469358801841735840e+00 -8.597197532653808594e-01 7.089991760253906250e+01
-1.469358801841735840e+00 -8.597197532653808594e-01 7.089991760253906250e+01
-9.375740289688110352e-01 -1.233138084411621094e+00 6.989997100830078125e+01
-1.469358801841735840e+00 -8.597197532653808594e-01 7.089991760253906250e+01
-3.008018732070922852e+00 -1.553267478942871094e+00 6.989992523193359375e+01
4.523512363433837891e+00 -3.307842969894409180e+00 6.990006256103515625e+01
-1.469358801841735840e+00 -8.597197532653808594e-01 7.089991760253906250e+01
-1.547294259071350098e+00 -1.316078424453735352e+00 6.989994812011718750e+01
-1.469358801841735840e+00 -8.597197532653808594e-01 7.089991760253906250e+01
-2.830920028686523438e+01 -1.455702018737792969e+01 7.063804626464843750e+01
-3.562332093715667725e-01 -1.666834473609924316e+00 6.990000152587890625e+01
-1.469358801841735840e+00 -8.597197532653808594e-01 7.089991760253906250e+01
-2.220657825469970703e+00 -1.611486196517944336e+00 6.989992523193359375e+01
-1.469358801841735840e+00 -8.597197532653808594e-01 7.089991760253906250e+01
-1.469358801841735840e+00 -8.597197532653808594e-01 7.089991760253906250e+01
-9.209348559379577637e-01 -2.295307159423828125e+00 6.893642425537109375e+01
-1.469358801841735840e+00 -8.597197532653808594e-01 7.089991760253906250e+01
-4.126732826232910156e+00 -3.080919027328491211e+00 6.989995574951171875e+01
1.021541118621826172e+00 -3.073980569839477539e+00 6.990003967285156250e+01
-1.469358801841735840e+00 -8.597197532653808594e-01 7.089991760253906250e+01
-1.772327065467834473e+00 -1.820235133171081543e+00 6.989994812011718750e+01
-1.469358801841735840e+00 -8.597197532653808594e-01 7.089991760253906250e+01
-1.469358801841735840e+00 -8.597197532653808594e-01 7.089991760253906250e+01
-7.516928315162658691e-01 -2.203299999237060547e+00 6.989999389648437500e+01
-1.469358801841735840e+00 -8.597197532653808594e-01 7.089991760253906250e+01
-2.632633447647094727e+00 -2.757954359054565430e+00 6.989993286132812500e+01
8.818666458129882812e+00 -1.448830032348632812e+01 7.057498931884765625e+01
-1.469358801841735840e+00 -8.597197532653808594e-01 7.089991760253906250e+01
-1.354930043220520020e+00 -4.006249904632568359e+00 6.885738372802734375e+01
-1.469358801841735840e+00 -8.597197532653808594e-01 7.089991760253906250e+01
-8.389376640319824219e+00 -1.373528957366943359e+01 6.990000915527343750e+01
-1.925696968100965023e-03 -4.504602432250976562e+00 6.990002441406250000e+01
-1.469358801841735840e+00 -8.597197532653808594e-01 7.089991760253906250e+01
-2.029472589492797852e+00 -4.000211715698242188e+00 6.989995574951171875e+01
-1.469358801841735840e+00 -8.597197532653808594e-01 7.089991760253906250e+01
-1.469358801841735840e+00 -8.597197532653808594e-01 7.089991760253906250e+01
-1.469358801841735840e+00 -1.456840419769287109e+01 7.089991760253906250e+01
