-2.091413974761962891e+00 1.457544517517089844e+01 7.089991760253906250e+01
-2.091413974761962891e+00 8.602885603904724121e-01 7.089991760253906250e+01
-2.003650188446044922e+00 4.283780097961425781e+00 6.989989471435546875e+01
-2.091413974761962891e+00 8.602885603904724121e-01 7.089991760253906250e+01
-7.744215488433837891e+00 1.425932216644287109e+01 6.990001678466796875e+01
-5.194493532180786133e-01 4.684459686279296875e+00 6.989996337890625000e+01
-2.091413974761962891e+00 8.602885603904724121e-01 7.089991760253906250e+01
-2.610791683197021484e+00 2.747479677200317383e+00 6.989988708496093750e+01
-2.091413974761962891e+00 8.602885603904724121e-01 7.089991760253906250e+01
-2.091413974761962891e+00 8.602885603904724121e-01 7.089991760253906250e+01
-1.623447418212890625e+00 2.322158575057983398e+00 6.989990234375000000e+01
-2.091413974761962891e+00 8.602885603904724121e-01 7.089991760253906250e+01
-3.816924333572387695e+00 3.174891233444213867e+00 6.989994812011718750e+01
2.456440448760986328e+00 5.943382263183593750e+00 6.990008544921875000e+01
-2.091413974761962891e+00 8.602885603904724121e-01 7.089991760253906250e+01
-2.221002340316772461e+00 1.840365648269653320e+00 6.989989471435546875e+01
-2.091413974761962891e+00 8.602885603904724121e-01 7.089991760253906250e+01
-2.091413974761962891e+00 8.602885603904724121e-01 7.089991760253906250e+01
-6.006603688001632690e-02 3.224435091018676758e+00 6.887845611572265625e+01
-2.091413974761962891e+00 8.602885603904724121e-01 7.089991760253906250e+01
-2.925917863845825195e+00 1.826920032501220703e+00 6.989990234375000000e+01
-2.091413974761962891e+00 8.602885603904724121e-01 7.089991760253906250e+01
-2.091413974761962891e+00 8.602885603904724121e-01 7.089991760253906250e+01
-1.645368218421936035e+00 2.148410320281982422e+00 6.891719818115234375e+01
-2.091413974761962891e+00 8.602885603904724121e-01 7.089991760253906250e+01
-5.225612640380859375e+00 2.734220743179321289e+00 6.990002441406250000e+01
7.292665541172027588e-02 2.146343231201171875e+00 6.989994049072265625e+01
-2.091413974761962891e+00 8.602885603904724121e-01 7.089991760253906250e+01
-2.451099157333374023e+00 1.372743248939514160e+00 6.989990234375000000e+01
-2.091413974761962891e+00 8.602885603904724121e-01 7.089991760253906250e+01
-2.091413974761962891e+00 8.602885603904724121e-01 7.089991760253906250e+01
-8.456141948699951172e-01 1.788437485694885254e+00 6.896240997314453125e+01
-2.091413974761962891e+00 8.602885603904724121e-01 7.089991760253906250e+01
-3.382644414901733398e+00 1.437705039978027344e+00 6.989991760253906250e+01
9.977307319641113281e+00 4.853131294250488281e+00 6.990004730224609375e+01
-2.091413974761962891e+00 8.602885603904724121e-01 7.089991760253906250e+01
-2.086536407470703125e+00 1.143726468086242676e+00 6.990005493164062500e+01
-2.091413974761962891e+00 8.602885603904724121e-01 7.089991760253906250e+01
-1.288034057617187500e+01 3.448361873626708984e+00 6.990000152587890625e+01
4.054839313030242920e-01 1.540688037872314453e+00 6.900485992431640625e+01
-2.091413974761962891e+00 8.602885603904724121e-01 7.089991760253906250e+01
-2.720706462860107422e+00 1.066237568855285645e+00 6.989990997314453125e+01
-2.091413974761962891e+00 8.602885603904724121e-01 7.089991760253906250e+01
-2.091413974761962891e+00 8.602885603904724121e-01 7.089991760253906250e+01
-1.393539309501647949e+00 1.084744811058044434e+00 6.901751708984375000e+01
-2.091413974761962891e+00 8.602885603904724121e-01 7.089991760253906250e+01
-4.201437950134277344e+00 1.025802850723266602e+00 6.989994049072265625e+01
3.734775066375732422e+00 1.168601751327514648e+00 6.910363769531250000e+01
-2.091413974761962891e+00 8.602885603904724121e-01 7.089991760253906250e+01
-2.306155204772949219e+00 8.706204891204833984e-01 6.989990234375000000e+01
-1.113043546676635742e+00 8.481658101081848145e-01 7.159490966796875000e+01
-7.667239189147949219e+00 6.899387836456298828e-01 7.159482574462890625e+01
-6.444423794746398926e-01 7.473971843719482422e-01 6.919995880126953125e+01
-2.066071271896362305e+00 8.109953403472900391e-01 7.159485626220703125e+01
-3.766782760620117188e+00 6.423991322517395020e-01 6.919985198974609375e+01
1.481629133224487305e+00 4.602883458137512207e-01 7.108261108398437500e+01
-2.932507514953613281e+00 7.157674431800842285e-01 7.159487152099609375e+01
-1.854223847389221191e+00 5.971707105636596680e-01 6.919985198974609375e+01
-1.612847566604614258e+00 7.131997346878051758e-01 7.159494781494140625e+01
-8.354041099548339844e+00 -3.963980972766876221e-01 6.945890045166015625e+01
-3.292779326438903809e-01 4.206754863262176514e-01 6.990156555175781250e+01
-2.316382408142089844e+00 6.861493587493896484e-01 7.159338378906250000e+01
-2.727456092834472656e+00 4.602862000465393066e-01 6.950545501708984375e+01
-7.924947142601013184e-01 4.603130817413330078e-01 7.145098876953125000e+01
-3.322125673294067383e+00 4.602866172790527344e-01 7.133580780029296875e+01
-1.521787047386169434e+00 4.602974951267242432e-01 6.982881927490234375e+01
-1.911838054656982422e+00 6.065024733543395996e-01 7.159490966796875000e+01
-4.707465648651123047e+00 -3.188910782337188721e-01 6.919972229003906250e+01
3.901564121246337891e+00 -1.587878346443176270e+00 6.990003967285156250e+01
-2.635086059570312500e+00 4.821089208126068115e-01 7.159489440917968750e+01
-2.223903179168701172e+00 8.448620885610580444e-02 6.919998931884765625e+01
-1.485242605209350586e+00 4.602878093719482422e-01 7.146619415283203125e+01
-2.221120357513427734e+00 7.940949201583862305e-01 7.089865112304687500e+01
-3.536890149116516113e-01 -3.997160494327545166e-01 6.933892822265625000e+01
-2.159248828887939453e+00 4.625180959701538086e-01 7.159493255615234375e+01
-3.350612163543701172e+00 -3.996926844120025635e-01 6.922389984130859375e+01
-1.471102952957153320e+00 4.603018164634704590e-01 7.101589202880859375e+01
-2.599609136581420898e+00 4.603222012519836426e-01 7.121627044677734375e+01
-1.616589784622192383e+00 -3.826395571231842041e-01 6.919992828369140625e+01
-1.847672224044799805e+00 4.602820575237274170e-01 7.138063812255859375e+01
-4.748795986175537109e+00 -1.360917091369628906e+00 6.989995574951171875e+01
3.995178043842315674e-01 -1.354000568389892578e+00 6.990002441406250000e+01
-2.290211915969848633e+00 4.603306055068969727e-01 7.131416320800781250e+01
-2.488837957382202148e+00 -3.996843695640563965e-01 6.958818817138671875e+01
-1.737361907958984375e+00 4.602866470813751221e-01 7.110974121093750000e+01
-2.471811771392822266e+00 4.603139460086822510e-01 7.097966766357421875e+01
-1.173988461494445801e+00 -8.572719693183898926e-01 6.962166595458984375e+01
-2.050462245941162109e+00 4.603143930435180664e-01 7.124210357666015625e+01
-3.254691600799560547e+00 -1.037950873374938965e+00 6.989993286132812500e+01
-1.793570876121520996e+00 4.657348990440368652e-01 7.089051055908203125e+01
-2.292569637298583984e+00 4.603188335895538330e-01 7.109622192382812500e+01
-2.028863191604614258e+00 -8.597158193588256836e-01 6.978339385986328125e+01
-1.941732168197631836e+00 4.643912613391876221e-01 7.108288574218750000e+01
-2.154245376586914062e+00 7.433829307556152344e-01 7.089083862304687500e+01
-6.229206323623657227e-01 -2.787227630615234375e+00 6.989929962158203125e+01
-2.130654096603393555e+00 4.603120386600494385e-01 7.106672668457031250e+01
-2.651539802551269531e+00 -2.280270814895629883e+00 6.989993286132812500e+01
-1.980027318000793457e+00 4.603001177310943604e-01 7.093665313720703125e+01
-2.165858268737792969e+00 4.603058993816375732e-01 7.093343353271484375e+01
-2.091413974761962891e+00 6.956488490104675293e-01 7.089991760253906250e+01
