-1.792585563659667969e+01 7.500435352325439453e+00 7.090001678466796875e+01
-1.801841545104980469e+01 7.841470241546630859e+00 7.098480987548828125e+01
-1.788194847106933594e+01 8.939179420471191406e+00 7.039972686767578125e+01
-1.754753684997558594e+01 8.930200576782226562e+00 7.139347076416015625e+01
-2.110485458374023438e+01 1.476177310943603516e+01 7.033769989013671875e+01
-1.791568374633789062e+01 7.251226902008056641e+00 7.089354705810546875e+01
-1.801210594177246094e+01 7.838291645050048828e+00 7.122086334228515625e+01
-1.811369132995605469e+01 7.908993244171142578e+00 7.053835296630859375e+01
-1.714640808105468750e+01 8.502788543701171875e+00 7.118466949462890625e+01
-2.142608642578125000e+01 1.261506652832031250e+01 7.234486389160156250e+01
-1.740396881103515625e+01 8.856791496276855469e+00 6.978477478027343750e+01
-1.770820236206054688e+01 8.126400947570800781e+00 7.159392547607421875e+01
-1.965157127380371094e+01 9.541359901428222656e+00 6.989992523193359375e+01
-1.791183853149414062e+01 7.242148399353027344e+00 7.089693450927734375e+01
-1.894171524047851562e+01 9.044182777404785156e+00 7.234497070312500000e+01
-1.800636863708496094e+01 7.835398197174072266e+00 7.027870941162109375e+01
-1.752583503723144531e+01 7.707393646240234375e+00 7.123715209960937500e+01
-2.654861450195312500e+01 1.473871612548828125e+01 7.125659179687500000e+01
-1.791932678222656250e+01 7.234078884124755859e+00 7.089351654052734375e+01
-1.799267196655273438e+01 8.358110427856445312e+00 7.234500122070312500e+01
-1.876035308837890625e+01 8.193103790283203125e+00 6.990000915527343750e+01
-1.752583312988281250e+01 7.510709285736083984e+00 7.095384216308593750e+01
-2.000262451171875000e+01 8.916906356811523438e+00 7.234497833251953125e+01
-1.773961639404296875e+01 7.764317035675048828e+00 7.007215881347656250e+01
-1.752773857116699219e+01 7.707763195037841797e+00 7.159478759765625000e+01
-2.106079673767089844e+01 9.100856781005859375e+00 6.989988708496093750e+01
-1.791458320617675781e+01 7.233179092407226562e+00 7.089480590820312500e+01
-1.853059768676757812e+01 8.025852203369140625e+00 7.234501647949218750e+01
-1.828490066528320312e+01 7.738023281097412109e+00 6.990177917480468750e+01
-1.752630233764648438e+01 7.431854248046875000e+00 7.111000823974609375e+01
-2.340734100341796875e+01 9.656079292297363281e+00 7.234491729736328125e+01
-1.728291130065917969e+01 7.705488681793212891e+00 6.990009307861328125e+01
-1.780643463134765625e+01 7.492952346801757812e+00 7.159488677978515625e+01
-1.921710014343261719e+01 7.803903579711914062e+00 6.990000152587890625e+01
-1.791231727600097656e+01 7.230959415435791016e+00 7.089889526367187500e+01
-1.926263046264648438e+01 7.829570293426513672e+00 7.234503173828125000e+01
-1.792098999023437500e+01 7.509244441986083984e+00 6.990252685546875000e+01
-1.752584075927734375e+01 7.381859779357910156e+00 7.134097290039062500e+01
-2.871542167663574219e+01 9.814707756042480469e+00 6.990003967285156250e+01
-1.791747093200683594e+01 7.228765487670898438e+00 7.089365386962890625e+01
-1.818873596191406250e+01 7.513700008392333984e+00 7.234504699707031250e+01
-1.855508613586425781e+01 7.432409286499023438e+00 6.990010833740234375e+01
-1.752583312988281250e+01 7.290058612823486328e+00 7.100964355468750000e+01
-2.074167251586914062e+01 7.645710945129394531e+00 7.234504699707031250e+01
-1.755513191223144531e+01 7.345715999603271484e+00 6.990005493164062500e+01
-1.764298820495605469e+01 7.294966697692871094e+00 7.159487152099609375e+01
-2.003580474853515625e+01 7.391988754272460938e+00 6.990007019042968750e+01
-1.791378402709960938e+01 7.227119445800781250e+00 7.089629364013671875e+01
-1.877272415161132812e+01 7.277258396148681641e+00 7.234504699707031250e+01
-1.814061164855957031e+01 7.236813068389892578e+00 6.989993286132812500e+01
-1.752584457397460938e+01 7.221524238586425781e+00 7.118416595458984375e+01
-2.873542404174804688e+01 6.896232128143310547e+00 7.224719238281250000e+01
-1.792034912109375000e+01 7.226050853729248047e+00 7.089354705810546875e+01
-1.790051269531250000e+01 7.177187442779541016e+00 7.159495544433593750e+01
-1.891140365600585938e+01 7.098305702209472656e+00 6.989994049072265625e+01
-1.792585563659667969e+01 7.226480484008789062e+00 7.090001678466796875e+01
-1.967475891113281250e+01 6.925974369049072266e+00 7.234504699707031250e+01
-1.778630828857421875e+01 7.071678638458251953e+00 6.989981079101562500e+01
-1.752585792541503906e+01 7.103540420532226562e+00 7.148093414306640625e+01
-2.227182960510253906e+01 6.354398250579833984e+00 6.990001678466796875e+01
-1.791604042053222656e+01 7.224031925201416016e+00 7.089445495605468750e+01
-1.839463806152343750e+01 6.863615036010742188e+00 7.234503936767578125e+01
-1.838201141357421875e+01 6.939606666564941406e+00 6.989993286132812500e+01
-1.752585411071777344e+01 7.103308200836181641e+00 7.106971740722656250e+01
-2.200581169128417969e+01 5.900425910949707031e+00 7.234505462646484375e+01
-1.739393997192382812e+01 6.852970123291015625e+00 6.989982604980468750e+01
-1.774629974365234375e+01 6.972723484039306641e+00 7.159492492675781250e+01
-1.946459388732910156e+01 6.532897472381591797e+00 6.989997863769531250e+01
-1.791353607177734375e+01 7.221448421478271484e+00 7.089796447753906250e+01
-1.905628585815429688e+01 6.440150260925292969e+00 7.234504699707031250e+01
-1.800379753112792969e+01 6.770088195800781250e+00 6.989997863769531250e+01
-1.752586936950683594e+01 6.962537288665771484e+00 7.127368164062500000e+01
-2.883606529235839844e+01 1.658622026443481445e+00 7.079356384277343750e+01
-1.791867256164550781e+01 7.221271991729736328e+00 7.089356231689453125e+01
-1.806689262390136719e+01 6.399463653564453125e+00 7.234503936767578125e+01
-1.867708778381347656e+01 6.474781036376953125e+00 6.990011596679687500e+01
-1.752586555480957031e+01 6.968560218811035156e+00 7.097480010986328125e+01
-2.024720191955566406e+01 5.399504184722900391e+00 7.234504699707031250e+01
-1.764647674560546875e+01 6.495162010192871094e+00 6.989977264404296875e+01
-1.757421112060546875e+01 6.649393081665039062e+00 7.159354400634765625e+01
-2.058309555053710938e+01 5.005393981933593750e+00 6.990010833740234375e+01
-1.791524314880371094e+01 7.217046260833740234e+00 7.089575958251953125e+01
-1.861933326721191406e+01 5.831284046173095703e+00 7.234504699707031250e+01
-1.822883033752441406e+01 6.265946865081787109e+00 6.990002441406250000e+01
-1.752587509155273438e+01 6.774589061737060547e+00 7.113705444335937500e+01
-2.479908943176269531e+01 -4.791802493855357170e-04 7.234092712402343750e+01
-1.792121315002441406e+01 7.217789649963378906e+00 7.089354705810546875e+01
-1.784270286560058594e+01 6.414338588714599609e+00 7.159481811523437500e+01
-1.908907127380371094e+01 5.328343391418457031e+00 6.990008544921875000e+01
-1.791427993774414062e+01 7.211146354675292969e+00 7.089965057373046875e+01
-1.940651130676269531e+01 4.282403945922851562e+00 7.234499359130859375e+01
-1.786982154846191406e+01 5.685654163360595703e+00 6.989981079101562500e+01
-1.753485870361328125e+01 6.192324161529541016e+00 7.137796783447265625e+01
-2.481054496765136719e+01 -5.583356380462646484e+00 6.990521240234375000e+01
-1.791777610778808594e+01 7.206412315368652344e+00 7.089450836181640625e+01
-1.826576423645019531e+01 3.761766672134399414e+00 7.234496307373046875e+01
-1.848596191406250000e+01 4.086033344268798828e+00 6.990006256103515625e+01
-1.752585601806640625e+01 5.790081977844238281e+00 7.103194427490234375e+01
-1.919633865356445312e+01 4.002811908721923828e-01 7.147203826904296875e+01
-1.792585563659667969e+01 7.031665802001953125e+00 7.090001678466796875e+01
