-2.404779815673828125e+01 1.470910835266113281e+01 7.090010070800781250e+01
-2.404779815673828125e+01 4.687916755676269531e+00 7.090010070800781250e+01
-2.396002578735351562e+01 8.111709594726562500e+00 6.989998626708984375e+01
-2.404779815673828125e+01 4.687916755676269531e+00 7.090010070800781250e+01
-2.833918571472167969e+01 1.485994434356689453e+01 7.014101409912109375e+01
-2.247566032409667969e+01 8.512507438659667969e+00 6.990003204345703125e+01
-2.404779815673828125e+01 4.687916755676269531e+00 7.090010070800781250e+01
-2.456456184387207031e+01 6.565609931945800781e+00 6.990510559082031250e+01
-2.404779815673828125e+01 4.687916755676269531e+00 7.090010070800781250e+01
-2.404779815673828125e+01 4.687916755676269531e+00 7.090010070800781250e+01
-2.357983779907226562e+01 6.149766921997070312e+00 6.990010070800781250e+01
-2.404779815673828125e+01 4.687916755676269531e+00 7.090010070800781250e+01
-2.577354621887207031e+01 7.002838611602783203e+00 6.989999389648437500e+01
-1.949847602844238281e+01 9.772649765014648438e+00 6.989994812011718750e+01
-2.404779815673828125e+01 4.687916755676269531e+00 7.090010070800781250e+01
-2.417737579345703125e+01 5.667918205261230469e+00 6.990015411376953125e+01
-2.404779815673828125e+01 4.687916755676269531e+00 7.090010070800781250e+01
-2.617535972595214844e+01 6.541470527648925781e+00 7.098808288574218750e+01
-2.304295349121093750e+01 5.857387542724609375e+00 6.990014648437500000e+01
-2.404779815673828125e+01 4.687916755676269531e+00 7.090010070800781250e+01
-2.488237190246582031e+01 5.654629707336425781e+00 6.990000152587890625e+01
-2.404779815673828125e+01 4.687916755676269531e+00 7.090010070800781250e+01
-2.504634094238281250e+01 5.500699520111083984e+00 7.159486389160156250e+01
-2.382284355163574219e+01 5.337558269500732422e+00 6.990015411376953125e+01
-2.404779815673828125e+01 4.687916755676269531e+00 7.090010070800781250e+01
-2.551542854309082031e+01 5.565410137176513672e+00 7.043188476562500000e+01
-2.188331222534179688e+01 5.974057674407958984e+00 6.990005493164062500e+01
-2.404779815673828125e+01 4.687916755676269531e+00 7.090010070800781250e+01
-2.440748977661132812e+01 5.200381278991699219e+00 6.990006256103515625e+01
-2.404779815673828125e+01 4.687916755676269531e+00 7.090010070800781250e+01
-2.647050666809082031e+01 5.761751651763916016e+00 7.153871917724609375e+01
-2.340480995178222656e+01 5.166957378387451172e+00 6.990010833740234375e+01
-2.404779815673828125e+01 4.687916755676269531e+00 7.090010070800781250e+01
-2.533900070190429688e+01 5.265321254730224609e+00 6.990012359619140625e+01
-1.197602367401123047e+01 8.681769371032714844e+00 6.989997863769531250e+01
-2.469057464599609375e+01 4.977906703948974609e+00 7.159492492675781250e+01
-2.404291915893554688e+01 4.971398353576660156e+00 6.990008544921875000e+01
-2.404779815673828125e+01 4.687916755676269531e+00 7.090010070800781250e+01
-2.884919738769531250e+01 5.839687824249267578e+00 7.045510864257812500e+01
-2.273015022277832031e+01 5.046972751617431641e+00 6.990005493164062500e+01
-2.413008117675781250e+01 4.777818679809570312e+00 7.135240173339843750e+01
-2.467711830139160156e+01 4.893874645233154297e+00 6.990004730224609375e+01
-2.404779815673828125e+01 4.687916755676269531e+00 7.090010070800781250e+01
-2.537708091735839844e+01 4.885825634002685547e+00 7.158226776123046875e+01
-2.367703819274902344e+01 4.807163715362548828e+00 6.990003967285156250e+01
-2.404779815673828125e+01 4.687916755676269531e+00 7.090010070800781250e+01
-2.615807342529296875e+01 4.853450775146484375e+00 6.990000152587890625e+01
-2.080433273315429688e+01 4.859556198120117188e+00 6.990010833740234375e+01
-2.445432662963867188e+01 4.712292194366455078e+00 7.159377288818359375e+01
-2.426254844665527344e+01 4.698249340057373047e+00 6.990003967285156250e+01
-2.404779815673828125e+01 4.687916755676269531e+00 7.090010070800781250e+01
-2.514566802978515625e+01 4.654375076293945312e+00 7.103692626953125000e+01
-2.319652938842773438e+01 4.621501445770263672e+00 6.989999389648437500e+01
-2.402246093750000000e+01 4.638633728027343750e+00 7.159490203857421875e+01
-2.503332519531250000e+01 4.559744358062744141e+00 6.990004730224609375e+01
-2.404779815673828125e+01 4.687916755676269531e+00 7.090010070800781250e+01
-2.488748550415039062e+01 4.543637275695800781e+00 7.159389495849609375e+01
-2.390826797485351562e+01 4.533134460449218750e+00 6.990001678466796875e+01
-2.404779815673828125e+01 4.687916755676269531e+00 7.090010070800781250e+01
-2.839471817016601562e+01 3.815644502639770508e+00 6.989988708496093750e+01
-2.228270149230957031e+01 4.247565269470214844e+00 6.990007019042968750e+01
-2.427321243286132812e+01 4.513432979583740234e+00 7.159494018554687500e+01
-2.450394630432128906e+01 4.401048660278320312e+00 6.990003967285156250e+01
-2.404779815673828125e+01 4.687916755676269531e+00 7.090010070800781250e+01
-2.490169525146484375e+01 4.410386085510253906e+00 7.120252990722656250e+01
-2.351592636108398438e+01 4.314437866210937500e+00 6.989999389648437500e+01
-2.386826896667480469e+01 4.434197425842285156e+00 7.159490966796875000e+01
-2.558658218383789062e+01 3.994312763214111328e+00 6.990003204345703125e+01
-1.805376815795898438e+01 2.239319801330566406e+00 6.990004730224609375e+01
-2.459130859375000000e+01 4.309848785400390625e+00 7.159487152099609375e+01
-2.412574386596679688e+01 4.231501102447509766e+00 6.990000915527343750e+01
-2.404779815673828125e+01 4.687916755676269531e+00 7.090010070800781250e+01
-2.414866828918457031e+01 4.636439323425292969e+00 7.089911651611328125e+01
-2.293458747863769531e+01 3.880740165710449219e+00 6.990010833740234375e+01
-2.411560821533203125e+01 4.290293693542480469e+00 7.159485626220703125e+01
-2.479915428161621094e+01 3.936094284057617188e+00 6.990003204345703125e+01
-2.404779815673828125e+01 4.687916755676269531e+00 7.090010070800781250e+01
-2.468092918395996094e+01 4.189622402191162109e+00 7.129421997070312500e+01
-2.376846313476562500e+01 3.956712961196899414e+00 6.990000915527343750e+01
-2.369557571411132812e+01 4.109879970550537109e+00 7.159477233886718750e+01
-2.849911880493164062e+01 9.672257304191589355e-01 6.922509002685546875e+01
-2.155664634704589844e+01 2.473431587219238281e+00 6.990012359619140625e+01
-2.438119888305664062e+01 4.017153263092041016e+00 7.159481811523437500e+01
-2.435080718994140625e+01 3.727271080017089844e+00 6.989999389648437500e+01
-2.287519073486328125e+01 3.363124847412109375e+00 7.159502410888671875e+01
-2.459930038452148438e+01 4.108031749725341797e+00 7.101571655273437500e+01
-2.333005714416503906e+01 3.344197034835815430e+00 6.990007019042968750e+01
-2.396465492248535156e+01 3.875855207443237305e+00 7.159483337402343750e+01
-2.521122932434082031e+01 2.789427757263183594e+00 6.989998626708984375e+01
-2.388351631164550781e+01 4.470291137695312500e+00 7.089491271972656250e+01
-2.442639541625976562e+01 3.935128927230834961e+00 7.126957702636718750e+01
-2.399176979064941406e+01 3.147243976593017578e+00 6.989999389648437500e+01
-2.347935295104980469e+01 3.184421062469482422e+00 7.159495544433593750e+01
-2.409372329711914062e+01 4.602468967437744141e+00 7.089346313476562500e+01
-2.258009529113769531e+01 1.042364001274108887e+00 6.990002441406250000e+01
-2.414888000488281250e+01 3.657580137252807617e+00 7.132979583740234375e+01
-2.460800743103027344e+01 1.546892881393432617e+00 6.989996337890625000e+01
-2.361111640930175781e+01 3.119796276092529297e+00 7.104412078857421875e+01
-2.422427940368652344e+01 3.739694595336914062e+00 7.097956085205078125e+01
-2.404779815673828125e+01 4.572689533233642578e+00 7.090010070800781250e+01
