1.615912246704101562e+01 -6.764794234186410904e-03 7.089999389648437500e+01
1.603871536254882812e+01 4.002984166145324707e-01 7.101029968261718750e+01
1.624687194824218750e+01 3.023237466812133789e+00 6.990013122558593750e+01
1.633676910400390625e+01 4.002963006496429443e-01 7.113169860839843750e+01
1.050639343261718750e+01 1.299914741516113281e+01 6.990010833740234375e+01
1.773106384277343750e+01 3.424401044845581055e+00 6.990005493164062500e+01
1.604634094238281250e+01 4.002986848354339600e-01 7.131953430175781250e+01
1.563976383209228516e+01 1.487408876419067383e+00 6.990000152587890625e+01
1.664769554138183594e+01 4.003007411956787109e-01 7.107842254638671875e+01
1.563946151733398438e+01 4.003011286258697510e-01 7.111450195312500000e+01
1.677411270141601562e+01 1.521438837051391602e+00 6.958580017089843750e+01
1.635261726379394531e+01 4.003242850303649902e-01 7.151689147949218750e+01
1.443350505828857422e+01 1.915032267570495605e+00 6.989996337890625000e+01
2.070745658874511719e+01 4.683915138244628906e+00 6.990005493164062500e+01
1.571201705932617188e+01 4.003022611141204834e-01 7.153595733642578125e+01
1.602953529357910156e+01 5.803501605987548828e-01 6.989998626708984375e+01
1.682456970214843750e+01 4.003001749515533447e-01 7.146083068847656250e+01
1.524084758758544922e+01 4.002962112426757812e-01 7.093796539306640625e+01
1.716402626037597656e+01 7.698248028755187988e-01 6.989997863769531250e+01
1.612698364257812500e+01 1.445853412151336670e-01 7.159500885009765625e+01
1.532460498809814453e+01 5.669329166412353516e-01 6.989996337890625000e+01
1.728504180908203125e+01 4.002879559993743896e-01 7.105148315429687500e+01
1.517626667022705078e+01 4.003002047538757324e-01 7.158383941650390625e+01
1.638409423828125000e+01 2.499777078628540039e-01 6.989997100830078125e+01
1.655735588073730469e+01 8.170944452285766602e-02 7.159496307373046875e+01
1.302451038360595703e+01 1.474465250968933105e+00 6.989997100830078125e+01
1.832349395751953125e+01 8.863593935966491699e-01 6.990000152587890625e+01
1.586829757690429688e+01 -1.529005356132984161e-02 7.159490203857421875e+01
1.579943275451660156e+01 1.127477362751960754e-01 6.989996337890625000e+01
1.748130226135253906e+01 2.798969745635986328e-01 7.159489440917968750e+01
1.435419559478759766e+01 4.002972543239593506e-01 7.137577056884765625e+01
1.680212783813476562e+01 7.933949679136276245e-02 6.989997100830078125e+01
1.627856636047363281e+01 -1.331886947154998779e-01 7.159500885009765625e+01
1.486785697937011719e+01 1.777182370424270630e-01 6.989996337890625000e+01
2.818858909606933594e+01 3.580141544342041016e+00 6.990337371826171875e+01
1.551634407043457031e+01 -1.097228378057479858e-01 7.159481811523437500e+01
1.616400146484375000e+01 -1.162407323718070984e-01 6.990000915527343750e+01
1.678958511352539062e+01 -1.548202186822891235e-01 7.159498596191406250e+01
5.369222640991210938e+00 2.188592910766601562e+00 6.989998626708984375e+01
1.747671890258789062e+01 -4.067143052816390991e-02 6.989998626708984375e+01
1.603269958496093750e+01 -2.615869939327239990e-01 7.159492492675781250e+01
1.552981662750244141e+01 -1.937605142593383789e-01 6.989996337890625000e+01
1.869445610046386719e+01 3.244483610615134239e-03 7.159482574462890625e+01
1.480513954162597656e+01 -1.981275379657745361e-01 7.159483337402343750e+01
1.652986526489257812e+01 -2.804726660251617432e-01 6.989997863769531250e+01
1.644205474853515625e+01 -3.312120735645294189e-01 7.159500885009765625e+01
1.404899692535400391e+01 -2.341917306184768677e-01 6.989996337890625000e+01
1.939517021179199219e+01 -2.284671962261199951e-01 6.990228271484375000e+01
1.575187969207763672e+01 -3.752958476543426514e-01 7.159487915039062500e+01
1.594437789916992188e+01 -3.893818855285644531e-01 6.989996337890625000e+01
1.819323158264160156e+01 -4.249181151390075684e-01 7.234493255615234375e+01
1.615476989746093750e+01 -3.998469412326812744e-01 7.090053558349609375e+01
1.701001548767089844e+01 -4.660997986793518066e-01 6.990032958984375000e+01
1.621181678771972656e+01 -5.022090077400207520e-01 7.234497833251953125e+01
1.517362594604492188e+01 -5.278823375701904297e-01 6.989997100830078125e+01
1.669521522521972656e+01 -4.597292840480804443e-01 7.092740631103515625e+01
1.615490722656250000e+01 -4.004381000995635986e-01 7.090347290039062500e+01
1.629864501953125000e+01 -5.544884204864501953e-01 6.989996337890625000e+01
1.635429763793945312e+01 -4.597017168998718262e-01 7.118344879150390625e+01
1.183417129516601562e+01 -1.267577767372131348e+00 6.990483093261718750e+01
1.792408943176269531e+01 -8.400332927703857422e-01 6.990003204345703125e+01
1.615641021728515625e+01 -4.018138051033020020e-01 7.090835571289062500e+01
1.570299339294433594e+01 -6.865701079368591309e-01 6.989997100830078125e+01
1.635393524169921875e+01 -4.597024917602539062e-01 7.098264312744140625e+01
1.615518569946289062e+01 -4.009933769702911377e-01 7.090139007568359375e+01
1.669093894958496094e+01 -7.731550335884094238e-01 6.989998626708984375e+01
1.620156097412109375e+01 -4.596916139125823975e-01 7.106423950195312500e+01
1.462041759490966797e+01 -1.093281984329223633e+00 6.989997863769531250e+01
2.215233993530273438e+01 -2.847978591918945312e+00 6.990007781982421875e+01
1.615619277954101562e+01 -4.017520844936370850e-01 7.090373992919921875e+01
1.608118057250976562e+01 -8.561058640480041504e-01 6.989995574951171875e+01
1.625001907348632812e+01 -4.596943855285644531e-01 7.098490905761718750e+01
1.604162597656250000e+01 -4.596766531467437744e-01 7.089884948730468750e+01
1.727231979370117188e+01 -1.206881284713745117e+00 6.990000915527343750e+01
1.615899276733398438e+01 -4.004800617694854736e-01 7.090132904052734375e+01
1.540780639648437500e+01 -1.151497364044189453e+00 6.989997863769531250e+01
1.625214195251464844e+01 -4.596948325634002686e-01 7.091738891601562500e+01
1.615643310546875000e+01 -4.018309414386749268e-01 7.090166473388671875e+01
1.643844032287597656e+01 -1.130873203277587891e+00 6.989996337890625000e+01
1.619566917419433594e+01 -4.596922099590301514e-01 7.097207641601562500e+01
1.350166702270507812e+01 -2.620980978012084961e+00 6.990000152587890625e+01
1.865014076232910156e+01 -2.614079236984252930e+00 6.990007019042968750e+01
1.615825271606445312e+01 -4.014652669429779053e-01 7.090180969238281250e+01
1.585734939575195312e+01 -1.356441378593444824e+00 6.990396881103515625e+01
1.621220970153808594e+01 -4.596917331218719482e-01 7.093145751953125000e+01
1.615705108642578125e+01 -4.018913209438323975e-01 7.090042877197265625e+01
1.687684440612792969e+01 -1.743400454521179199e+00 6.989998626708984375e+01
1.616524314880371094e+01 -4.595025479793548584e-01 7.095114135742187500e+01
1.499863338470458984e+01 -2.293402671813964844e+00 6.990240478515625000e+01
1.620437431335449219e+01 -4.596583843231201172e-01 7.089856719970703125e+01
1.615823936462402344e+01 -4.014703333377838135e-01 7.090085601806640625e+01
1.621514892578125000e+01 -1.940293192863464355e+00 6.989994812011718750e+01
1.618179893493652344e+01 -4.596929252147674561e-01 7.092771148681640625e+01
1.612707901000976562e+01 -4.593356549739837646e-01 7.089536285400390625e+01
1.762668800354003906e+01 -4.044926166534423828e+00 6.990000915527343750e+01
1.615908050537109375e+01 -4.001486003398895264e-01 7.090017700195312500e+01
1.559896469116210938e+01 -3.540450334548950195e+00 6.989994812011718750e+01
1.617568588256835938e+01 -4.591931998729705811e-01 7.090545654296875000e+01
1.615897560119628906e+01 -4.005002081394195557e-01 7.090006256103515625e+01
1.615912246704101562e+01 -4.596939086914062500e-01 7.089999389648437500e+01
