-8.880088806152343750e+00 1.455386829376220703e+01 7.090007781982421875e+01
-1.045735645294189453e+01 1.134002780914306641e+01 7.234498596191406250e+01
-8.792591094970703125e+00 4.273432731628417969e+00 6.990308380126953125e+01
-7.772275924682617188e+00 5.849231243133544922e+00 7.234502410888671875e+01
-1.453303432464599609e+01 1.425969028472900391e+01 6.990015411376953125e+01
-7.308181762695312500e+00 4.684347152709960938e+00 6.990016174316406250e+01
-8.880088806152343750e+00 8.603163957595825195e-01 7.090007781982421875e+01
-9.399444580078125000e+00 2.747428178787231445e+00 6.990009307861328125e+01
-4.923655509948730469e+00 7.338779926300048828e+00 7.234496307373046875e+01
-1.238061714172363281e+01 6.249359607696533203e+00 7.234504699707031250e+01
-8.412168502807617188e+00 2.322041511535644531e+00 6.990016174316406250e+01
-8.880088806152343750e+00 8.603165149688720703e-01 7.090007781982421875e+01
-1.060582828521728516e+01 3.175226211547851562e+00 6.989997863769531250e+01
-4.331174850463867188e+00 5.944593429565429688e+00 6.990000915527343750e+01
-8.880088806152343750e+00 8.603165149688720703e-01 7.090007781982421875e+01
-9.009664535522460938e+00 1.840298295021057129e+00 6.990015411376953125e+01
-8.880087852478027344e+00 8.603164553642272949e-01 7.090007781982421875e+01
-1.718529319763183594e+01 8.095894813537597656e+00 7.124352264404296875e+01
-7.875251770019531250e+00 2.029776573181152344e+00 6.990013122558593750e+01
-8.880088806152343750e+00 8.603165149688720703e-01 7.090007781982421875e+01
-9.714537620544433594e+00 1.826883077621459961e+00 6.990013122558593750e+01
1.857664823532104492e+00 8.489836692810058594e+00 7.234482574462890625e+01
-8.880089759826660156e+00 8.603165149688720703e-01 7.090007781982421875e+01
-8.655132293701171875e+00 1.509959816932678223e+00 6.990012359619140625e+01
-8.880087852478027344e+00 8.603165149688720703e-01 7.090007781982421875e+01
-1.201492404937744141e+01 2.734628677368164062e+00 6.989997863769531250e+01
-6.718625545501708984e+00 2.144660711288452148e+00 6.990142822265625000e+01
-8.880089759826660156e+00 8.603163957595825195e-01 7.090007781982421875e+01
-9.239748001098632812e+00 1.372733592987060547e+00 6.990013122558593750e+01
-8.880086898803710938e+00 8.603165149688720703e-01 7.090007781982421875e+01
-8.880090713500976562e+00 8.603163957595825195e-01 7.090007781982421875e+01
-8.237114906311035156e+00 1.339345812797546387e+00 6.990010833740234375e+01
-8.880088806152343750e+00 8.603162765502929688e-01 7.090007781982421875e+01
-1.017125797271728516e+01 1.437704801559448242e+00 6.990012359619140625e+01
3.191401481628417969e+00 4.854074478149414062e+00 6.989997863769531250e+01
-8.880089759826660156e+00 8.603162765502929688e-01 7.090007781982421875e+01
-8.875210762023925781e+00 1.143782615661621094e+00 6.990011596679687500e+01
-8.880087852478027344e+00 8.603162169456481934e-01 7.090007781982421875e+01
-1.966944122314453125e+01 3.448491334915161133e+00 6.990012359619140625e+01
-7.562504768371582031e+00 1.219354629516601562e+00 6.990007781982421875e+01
-8.880088806152343750e+00 8.603160381317138672e-01 7.090007781982421875e+01
-9.509346008300781250e+00 1.066253304481506348e+00 6.990012359619140625e+01
-8.880084037780761719e+00 8.603164553642272949e-01 7.090007781982421875e+01
-8.880091667175292969e+00 8.603161573410034180e-01 7.090007781982421875e+01
-8.509357452392578125e+00 9.795532822608947754e-01 6.990009307861328125e+01
-8.880087852478027344e+00 8.603158593177795410e-01 7.090007781982421875e+01
-1.099011707305908203e+01 1.025830268859863281e+00 6.990009307861328125e+01
-5.650228023529052734e+00 1.031234979629516602e+00 6.990427398681640625e+01
-8.880088806152343750e+00 8.603156805038452148e-01 7.090007781982421875e+01
-9.094821929931640625e+00 8.706471920013427734e-01 6.990010070800781250e+01
-7.902104854583740234e+00 8.481976985931396484e-01 7.159479522705078125e+01
-1.445506954193115234e+01 6.899917125701904297e-01 7.159487915039062500e+01
-8.028903007507324219e+00 7.939069271087646484e-01 6.990007019042968750e+01
-8.854754447937011719e+00 8.110377788543701172e-01 7.159480285644531250e+01
-9.865521430969238281e+00 7.321556806564331055e-01 6.990011596679687500e+01
-8.880088806152343750e+00 8.603156805038452148e-01 7.090007781982421875e+01
-9.721123695373535156e+00 7.158046960830688477e-01 7.159498596191406250e+01
-8.740571975708007812e+00 7.055475711822509766e-01 6.990008544921875000e+01
-8.401685714721679688e+00 7.132770419120788574e-01 7.159486389160156250e+01
-1.515941619873046875e+01 -3.997220396995544434e-01 6.945522308349609375e+01
-7.114957332611083984e+00 4.199552536010742188e-01 6.990002441406250000e+01
-9.105493545532226562e+00 6.858389377593994141e-01 7.159488677978515625e+01
-9.336199760437011719e+00 5.734708309173583984e-01 6.990009307861328125e+01
-7.581099987030029297e+00 4.603187739849090576e-01 7.145117187500000000e+01
-1.011079120635986328e+01 4.603167772293090820e-01 7.133596801757812500e+01
-8.349896430969238281e+00 4.880155026912689209e-01 6.990312957763671875e+01
-8.700631141662597656e+00 6.066965460777282715e-01 7.159461212158203125e+01
-1.041872787475585938e+01 1.667775511741638184e-01 6.990010070800781250e+01
-2.885461330413818359e+00 -1.588524937629699707e+00 6.989992523193359375e+01
-9.423660278320312500e+00 4.822061359882354736e-01 7.159492492675781250e+01
-8.958026885986328125e+00 4.039414525032043457e-01 6.990007781982421875e+01
-8.273881912231445312e+00 4.602915048599243164e-01 7.146639251708984375e+01
-9.202340126037597656e+00 6.958596706390380859e-01 7.089693450927734375e+01
-7.766807079315185547e+00 5.308764055371284485e-02 6.990002441406250000e+01
-8.947896003723144531e+00 4.627097845077514648e-01 7.159480285644531250e+01
-9.631393432617187500e+00 1.085437834262847900e-01 6.990007781982421875e+01
-8.259716987609863281e+00 4.602895975112915039e-01 7.101606750488281250e+01
-9.388308525085449219e+00 4.603298902511596680e-01 7.121644592285156250e+01
-8.600770950317382812e+00 1.291558742523193359e-01 6.990004730224609375e+01
-8.636338233947753906e+00 4.602943956851959229e-01 7.138081359863281250e+01
-1.153750801086425781e+01 -1.360920786857604980e+00 6.990010070800781250e+01
-6.388657093048095703e+00 -1.354417800903320312e+00 6.989998626708984375e+01
-9.078912734985351562e+00 4.603060483932495117e-01 7.131437683105468750e+01
-9.277532577514648438e+00 -3.997190892696380615e-01 6.958827972412109375e+01
-8.526019096374511719e+00 4.602939188480377197e-01 7.110990905761718750e+01
-9.260489463806152344e+00 4.603378176689147949e-01 7.097982788085937500e+01
-7.961337089538574219e+00 -8.597282171249389648e-01 6.961997985839843750e+01
-8.839132308959960938e+00 4.602977931499481201e-01 7.124230194091796875e+01
-1.004120159149169922e+01 -1.034390926361083984e+00 6.990195465087890625e+01
-8.707948684692382812e+00 6.322809457778930664e-01 7.089463806152343750e+01
-9.081257820129394531e+00 4.603187739849090576e-01 7.109639739990234375e+01
-8.817564964294433594e+00 -8.589599132537841797e-01 6.978402709960937500e+01
-8.728848457336425781e+00 4.602971673011779785e-01 7.108495330810546875e+01
-1.580180168151855469e+01 -1.201840877532958984e+01 6.989992523193359375e+01
-7.412397861480712891e+00 -2.785207033157348633e+00 6.990000915527343750e+01
-8.919331550598144531e+00 4.603087306022644043e-01 7.106690216064453125e+01
-9.440248489379882812e+00 -2.280431509017944336e+00 6.990003204345703125e+01
-8.768695831298828125e+00 4.603053331375122070e-01 7.093681335449218750e+01
-8.954535484313964844e+00 4.603189826011657715e-01 7.093359375000000000e+01
-8.880088806152343750e+00 6.543063521385192871e-01 7.090007781982421875e+01
