-1.738888740539550781e+01 8.851475715637207031e+00 7.090010833740234375e+01
-1.754945755004882812e+01 8.930998802185058594e+00 7.104720306396484375e+01
-1.736404800415039062e+01 8.833106040954589844e+00 7.061706542968750000e+01
-1.721315383911132812e+01 8.655534744262695312e+00 7.112931823730468750e+01
-1.784498405456542969e+01 8.945240974426269531e+00 7.081943511962890625e+01
-1.714051055908203125e+01 8.468373298645019531e+00 7.074211120605468750e+01
-1.753867149353027344e+01 8.926637649536132812e+00 7.145729827880859375e+01
-1.768933486938476562e+01 8.955831527709960938e+00 7.032161712646484375e+01
-1.713543319702148438e+01 8.279157638549804688e+00 7.099266815185546875e+01
-1.804080390930175781e+01 8.867760658264160156e+00 7.116921234130859375e+01
-1.716479682922363281e+01 8.564171791076660156e+00 7.042124176025390625e+01
-1.720048522949218750e+01 8.643115997314453125e+00 7.150076293945312500e+01
-1.810286521911621094e+01 8.821870803833007812e+00 7.048634338378906250e+01
-1.720125198364257812e+01 8.073859214782714844e+00 7.085885620117187500e+01
-1.787551498413085938e+01 8.734875679016113281e+00 7.159228515625000000e+01
-1.752887344360351562e+01 8.922861099243164062e+00 6.981983947753906250e+01
-1.719631958007812500e+01 8.095648765563964844e+00 7.106240081787109375e+01
-1.826019859313964844e+01 8.623235702514648438e+00 7.093614196777343750e+01
-1.721017265319824219e+01 8.072134971618652344e+00 7.072225952148437500e+01
-1.742100906372070312e+01 8.408172607421875000e+00 7.159478759765625000e+01
-1.816532707214355469e+01 8.763514518737792969e+00 6.996967315673828125e+01
-1.738888740539550781e+01 7.864140510559082031e+00 7.090010833740234375e+01
-1.827667045593261719e+01 8.586767196655273438e+00 7.151780700683593750e+01
-1.716305541992187500e+01 8.516312599182128906e+00 6.989626312255859375e+01
-1.719696235656738281e+01 8.096157073974609375e+00 7.123503875732421875e+01
-1.831825637817382812e+01 8.419808387756347656e+00 7.060361480712890625e+01
-1.522416496276855469e+01 9.150422096252441406e+00 6.989994812011718750e+01
-1.767967796325683594e+01 8.248518943786621094e+00 7.159494018554687500e+01
-1.807466697692871094e+01 8.841191291809082031e+00 6.899346923828125000e+01
-1.738888740539550781e+01 7.864140510559082031e+00 7.090010833740234375e+01
-1.831587982177734375e+01 8.275017738342285156e+00 7.114446258544921875e+01
-1.674578857421875000e+01 8.343262672424316406e+00 6.989994049072265625e+01
-1.726946640014648438e+01 8.130612373352050781e+00 7.159497833251953125e+01
-1.831621551513671875e+01 8.278825759887695312e+00 7.018193054199218750e+01
-5.316929817199707031e+00 1.185805416107177734e+01 6.989997100830078125e+01
-1.803156280517578125e+01 8.154085159301757812e+00 7.159481811523437500e+01
-1.738888740539550781e+01 7.864140510559082031e+00 7.090010833740234375e+01
-1.738888740539550781e+01 7.864140510559082031e+00 7.090010833740234375e+01
-1.824802398681640625e+01 8.070232391357421875e+00 7.082048034667968750e+01
-1.607126045227050781e+01 8.223191261291503906e+00 6.990007781982421875e+01
-1.751529121398925781e+01 8.002246856689453125e+00 7.159493255615234375e+01
-1.828010559082031250e+01 8.155810356140136719e+00 6.948387145996093750e+01
-1.211653709411621094e+01 8.702112197875976562e+00 7.234503936767578125e+01
-1.818928909301757812e+01 7.983307838439941406e+00 7.131085968017578125e+01
-1.701820755004882812e+01 7.983361721038818359e+00 6.990026092529296875e+01
-1.738888740539550781e+01 7.864140510559082031e+00 7.090010833740234375e+01
-1.812866401672363281e+01 7.922170162200927734e+00 7.054951477050781250e+01
-1.414539146423339844e+01 8.035781860351562500e+00 6.990010070800781250e+01
-1.779597663879394531e+01 7.888549327850341797e+00 7.159473419189453125e+01
-1.738888740539550781e+01 7.864140510559082031e+00 7.090010833740234375e+01
-1.738888740539550781e+01 7.864140510559082031e+00 7.090010833740234375e+01
-1.802483558654785156e+01 7.844711303710937500e+00 7.097936248779296875e+01
-1.653763771057128906e+01 7.797726631164550781e+00 6.990002441406250000e+01
-1.738875961303710938e+01 7.863893032073974609e+00 7.090359497070312500e+01
-1.791667366027832031e+01 7.795499324798583984e+00 7.036454010009765625e+01
-1.738888740539550781e+01 7.864140510559082031e+00 7.090010833740234375e+01
-1.792558479309082031e+01 7.771922111511230469e+00 7.134355163574218750e+01
-1.724936294555664062e+01 7.709363460540771484e+00 6.990006256103515625e+01
-1.738888740539550781e+01 7.864140510559082031e+00 7.090010833740234375e+01
-1.782177352905273438e+01 7.777275562286376953e+00 7.080049896240234375e+01
-1.562370109558105469e+01 7.423766136169433594e+00 6.990002441406250000e+01
-1.739007759094238281e+01 7.863218784332275391e+00 7.090377807617187500e+01
-1.738889694213867188e+01 7.864133834838867188e+00 7.090008544921875000e+01
-1.398305225372314453e+01 6.815383911132812500e+00 7.234503936767578125e+01
-1.792586135864257812e+01 7.689614772796630859e+00 7.109029388427734375e+01
-1.685869026184082031e+01 7.491836547851562500e+00 6.990314483642578125e+01
-1.738881874084472656e+01 7.864042758941650391e+00 7.090037536621093750e+01
-1.756059455871582031e+01 7.786744117736816406e+00 7.078851318359375000e+01
-1.139921092987060547e+01 5.417322158813476562e+00 6.990078735351562500e+01
-1.739056777954101562e+01 7.862971782684326172e+00 7.090225982666015625e+01
-1.746683120727539062e+01 7.407732963562011719e+00 6.990003204345703125e+01
-1.738888740539550781e+01 7.864140510559082031e+00 7.090010833740234375e+01
-1.738987541198730469e+01 7.863636016845703125e+00 7.090010070800781250e+01
-1.627551078796386719e+01 7.056843757629394531e+00 6.989996337890625000e+01
-1.738903617858886719e+01 7.863264083862304688e+00 7.090164184570312500e+01
-1.814033508300781250e+01 7.112226009368896484e+00 6.989991760253906250e+01
-9.660944938659667969e+00 2.881036281585693359e+00 7.234496307373046875e+01
-1.739002418518066406e+01 7.863245487213134766e+00 7.090081787109375000e+01
-1.710956573486328125e+01 7.132970809936523438e+00 6.990007019042968750e+01
-1.738878440856933594e+01 7.863971710205078125e+00 7.090031433105468750e+01
-1.738894462585449219e+01 7.864092350006103516e+00 7.090008544921875000e+01
-1.489750289916992188e+01 5.649448871612548828e+00 6.990003967285156250e+01
-1.738935852050781250e+01 7.863192081451416016e+00 7.090109252929687500e+01
-1.769189834594726562e+01 6.903491020202636719e+00 6.989999389648437500e+01
-1.495071697235107422e+01 5.109538078308105469e+00 7.234503936767578125e+01
-1.738967323303222656e+01 7.863314151763916016e+00 7.090027618408203125e+01
-1.667103576660156250e+01 6.520211696624755859e+00 6.989992523193359375e+01
-1.738882064819335938e+01 7.863480091094970703e+00 7.090067291259765625e+01
-1.855221748352050781e+01 5.965816020965576172e+00 6.990007781982421875e+01
-4.375886917114257812e-01 -1.459129905700683594e+01 7.036473083496093750e+01
-1.738936424255371094e+01 7.863192558288574219e+00 7.090057373046875000e+01
-1.733286285400390625e+01 6.323597431182861328e+00 6.990008544921875000e+01
-1.620682525634765625e+01 4.737676143646240234e+00 7.234503936767578125e+01
-2.431066513061523438e+01 -5.014702796936035156e+00 6.989994812011718750e+01
-1.592134857177734375e+01 4.218994140625000000e+00 6.990013885498046875e+01
-1.738896942138671875e+01 7.863308906555175781e+00 7.090045166015625000e+01
-1.794903564453125000e+01 4.723453521728515625e+00 6.990007781982421875e+01
-1.543849945068359375e+01 8.603132367134094238e-01 7.154336547851562500e+01
-1.752584838867187500e+01 7.128264427185058594e+00 7.096177673339843750e+01
-1.738888740539550781e+01 8.603371381759643555e-01 7.090010833740234375e+01
