-5.462145805358886719e-01 7.154533267021179199e-01 7.089991760253906250e+01
-6.064178347587585449e-01 8.603146672248840332e-01 7.095507049560546875e+01
-4.584527015686035156e-01 3.883724689483642578e+00 6.989991760253906250e+01
-4.573919475078582764e-01 8.603142499923706055e-01 7.101576995849609375e+01
-6.198753356933593750e+00 1.385872077941894531e+01 6.990006256103515625e+01
1.025738954544067383e+00 4.284455299377441406e+00 6.989997100830078125e+01
-6.026046276092529297e-01 8.603137731552124023e-01 7.110968780517578125e+01
-1.065579414367675781e+00 2.347455739974975586e+00 6.989990997314453125e+01
-3.019304275512695312e-01 8.603143692016601562e-01 7.098912811279296875e+01
-8.060417771339416504e-01 8.603136539459228516e-01 7.100717163085937500e+01
-7.826523482799530029e-02 1.922127604484558105e+00 6.989994049072265625e+01
-4.494709372520446777e-01 8.603131175041198730e-01 7.120835113525390625e+01
-2.271838665008544922e+00 2.775066375732421875e+00 6.989987945556640625e+01
4.002137184143066406e+00 5.543960571289062500e+00 6.989997863769531250e+01
-7.697619795799255371e-01 8.603101372718811035e-01 7.121788787841796875e+01
-6.761592626571655273e-01 1.443083643913269043e+00 6.989714050292968750e+01
-2.134949415922164917e-01 8.603130578994750977e-01 7.118033599853515625e+01
-1.005355238914489746e+00 8.603191971778869629e-01 7.091890716552734375e+01
4.586267471313476562e-01 1.629776954650878906e+00 6.989996337890625000e+01
-5.698325037956237793e-01 8.603093624114990234e-01 7.141067504882812500e+01
-2.210766077041625977e+00 2.388411998748779297e+00 6.890522766113281250e+01
1.673241332173347473e-02 8.603031635284423828e-01 7.097566223144531250e+01
-1.037625074386596680e+00 8.603039383888244629e-01 7.124182891845703125e+01
-3.212554454803466797e-01 1.109963655471801758e+00 6.989994812011718750e+01
-2.153344750404357910e-01 8.603112697601318359e-01 7.147734832763671875e+01
-3.679394245147705078e+00 2.333633899688720703e+00 6.990034484863281250e+01
1.617980718612670898e+00 1.746279478073120117e+00 6.990000152587890625e+01
-8.370574116706848145e-01 8.447583913803100586e-01 7.159487152099609375e+01
-1.237041950225830078e+00 1.444554209709167480e+00 6.897924041748046875e+01
2.319686263799667358e-01 8.603032827377319336e-01 7.130890655517578125e+01
-1.448685288429260254e+00 8.603199124336242676e-01 7.113780975341796875e+01
9.674090892076492310e-02 9.393274784088134766e-01 6.989997100830078125e+01
-4.267783761024475098e-01 7.268185615539550781e-01 7.159487915039062500e+01
-1.840308189392089844e+00 1.039008021354675293e+00 6.989769744873046875e+01
1.152326393127441406e+01 4.453403949737548828e+00 6.989998626708984375e+01
-1.189160108566284180e+00 7.503776550292968750e-01 7.159492492675781250e+01
-5.413364171981811523e-01 7.437775731086730957e-01 6.989995574951171875e+01
8.427296578884124756e-02 7.052145004272460938e-01 7.159494018554687500e+01
-1.133587455749511719e+01 3.048560380935668945e+00 6.989993286132812500e+01
7.712587118148803711e-01 8.193198442459106445e-01 6.990000152587890625e+01
-6.726441383361816406e-01 5.984458923339843750e-01 7.159488677978515625e+01
-1.175492167472839355e+00 6.662552952766418457e-01 6.989993286132812500e+01
1.970519661903381348e+00 8.603135347366333008e-01 7.158965301513671875e+01
-1.900467157363891602e+00 6.619377136230468750e-01 7.159489440917968750e+01
-1.754985153675079346e-01 5.795438885688781738e-01 6.989997100830078125e+01
-2.633069753646850586e-01 5.288068652153015137e-01 7.159487152099609375e+01
-2.656293153762817383e+00 6.258296966552734375e-01 6.989990997314453125e+01
2.696798324584960938e+00 6.319264769554138184e-01 6.990006256103515625e+01
-9.535652399063110352e-01 4.847357273101806641e-01 7.159498596191406250e+01
-7.609449028968811035e-01 4.706425368785858154e-01 6.989995574951171875e+01
-5.462145805358886719e-01 4.603111147880554199e-01 7.089991760253906250e+01
-6.122807979583740234e+00 2.899378836154937744e-01 7.159491729736328125e+01
3.044298291206359863e-01 3.939446210861206055e-01 6.990054321289062500e+01
-5.462145805358886719e-01 4.603111147880554199e-01 7.089991760253906250e+01
-1.531673908233642578e+00 3.321475982666015625e-01 6.989993286132812500e+01
7.136017322540283203e+00 -3.997105062007904053e-01 7.129271697998046875e+01
-1.387375473976135254e+00 3.157784044742584229e-01 7.159492492675781250e+01
-4.067042469978332520e-01 3.055506348609924316e-01 6.989997863769531250e+01
-6.764864176511764526e-02 3.132224082946777344e-01 7.159494018554687500e+01
-4.892006874084472656e+00 -4.117349088191986084e-01 6.989996337890625000e+01
1.218601346015930176e+00 2.002944983541965485e-02 6.990003967285156250e+01
-7.716637253761291504e-01 2.857998311519622803e-01 7.159487152099609375e+01
-1.002316713333129883e+00 1.734717339277267456e-01 6.989995574951171875e+01
1.091804027557373047e+00 -4.408303275704383850e-02 7.159484863281250000e+01
-2.508462667465209961e+00 -1.774523705244064331e-01 7.159490203857421875e+01
-1.444167643785476685e-02 8.690106123685836792e-02 6.989999389648437500e+01
-3.666357994079589844e-01 2.065209448337554932e-01 7.159491729736328125e+01
-2.079817771911621094e+00 -2.309572994709014893e-01 6.990321350097656250e+01
5.446760177612304688e+00 -1.987854361534118652e+00 6.990003967285156250e+01
-1.089889883995056152e+00 8.212918043136596680e-02 7.159489440917968750e+01
-6.241483092308044434e-01 3.962799441069364548e-03 6.989997100830078125e+01
1.976395696401596069e-01 -3.054381161928176880e-02 7.159481811523437500e+01
-6.637121438980102539e-01 4.003480374813079834e-01 7.089877319335937500e+01
5.668874382972717285e-01 -3.467864990234375000e-01 6.990002441406250000e+01
-6.140421628952026367e-01 6.258368492126464844e-02 7.159485626220703125e+01
-1.297492146492004395e+00 -2.914336919784545898e-01 6.989995574951171875e+01
7.875447869300842285e-01 -3.997189104557037354e-01 7.114928436279296875e+01
-1.638948798179626465e+00 -3.997069001197814941e-01 7.158013916015625000e+01
-2.669245004653930664e-01 -2.707753479480743408e-01 6.989998626708984375e+01
-1.939028054475784302e-01 -1.178706437349319458e-01 7.159476470947265625e+01
-3.203654527664184570e+00 -1.760942935943603516e+00 6.989993286132812500e+01
1.944609999656677246e+00 -1.753882765769958496e+00 6.990007019042968750e+01
-8.797359466552734375e-01 -2.106947898864746094e-01 7.159488677978515625e+01
-8.491748571395874023e-01 -5.001788735389709473e-01 6.989997100830078125e+01
2.150309085845947266e-01 -3.997309803962707520e-01 7.135105133056640625e+01
-1.364144682884216309e+00 -3.997131884098052979e-01 7.107138824462890625e+01
1.714361459016799927e-01 -8.832405805587768555e-01 6.990000915527343750e+01
-4.630447030067443848e-01 -3.520040810108184814e-01 7.159487152099609375e+01
-1.709476947784423828e+00 -1.437903523445129395e+00 6.989994812011718750e+01
-5.009599328041076660e-01 4.003621637821197510e-01 7.089849090576171875e+01
-9.787536263465881348e-01 -3.997322916984558105e-01 7.132203674316406250e+01
-4.901955723762512207e-01 -1.080083489418029785e+00 6.989998626708984375e+01
-2.210408002138137817e-01 -3.997493088245391846e-01 7.129740142822265625e+01
-5.782599449157714844e-01 4.006865918636322021e-01 7.089528656005859375e+01
9.211947321891784668e-01 -3.184512615203857422e+00 6.990003967285156250e+01
-6.305907964706420898e-01 -3.997395336627960205e-01 7.125859832763671875e+01
-1.106313824653625488e+00 -2.680099487304687500e+00 6.989997863769531250e+01
-5.296505093574523926e-01 4.008296728134155273e-01 7.090538024902343750e+01
-5.573007464408874512e-01 4.007459282875061035e-01 7.090490722656250000e+01
-5.462145805358886719e-01 4.003275930881500244e-01 7.089991760253906250e+01
