-1.792583847045898438e+01 5.625408172607421875e+00 7.090002441406250000e+01
-1.792584037780761719e+01 2.880274534225463867e+00 7.090002441406250000e+01
-1.783807182312011719e+01 6.303827285766601562e+00 6.989997863769531250e+01
-1.752583122253417969e+01 4.681654453277587891e+00 7.142176055908203125e+01
-2.290555381774902344e+01 1.468385696411132812e+01 7.001918029785156250e+01
-1.635372161865234375e+01 6.704803466796875000e+00 6.989997100830078125e+01
-1.792584037780761719e+01 2.880272388458251953e+00 7.090003204345703125e+01
-1.844518470764160156e+01 4.767339706420898438e+00 6.990005493164062500e+01
-1.752932167053222656e+01 3.529538631439208984e+00 7.104483032226562500e+01
-1.792584037780761719e+01 2.880264759063720703e+00 7.090002441406250000e+01
-1.745792007446289062e+01 4.341979026794433594e+00 6.990010833740234375e+01
-1.770788955688476562e+01 3.781406641006469727e+00 7.159487915039062500e+01
-1.965124320983886719e+01 5.194722175598144531e+00 6.990011596679687500e+01
-1.337744522094726562e+01 7.963956832885742188e+00 6.990007019042968750e+01
-1.792584037780761719e+01 2.880264520645141602e+00 7.090002441406250000e+01
-1.805541610717773438e+01 3.860252380371093750e+00 6.990008544921875000e+01
-1.752585411071777344e+01 3.361129522323608398e+00 7.123712921142578125e+01
-1.792584037780761719e+01 2.880263090133666992e+00 7.090002441406250000e+01
-1.692106628417968750e+01 4.049646377563476562e+00 6.990013885498046875e+01
-1.792584037780761719e+01 2.880287170410156250e+00 7.090005493164062500e+01
-1.876028251647949219e+01 3.846823215484619141e+00 6.990008544921875000e+01
-1.752587127685546875e+01 3.164451360702514648e+00 7.095384216308593750e+01
-1.792584037780761719e+01 2.880263328552246094e+00 7.090002441406250000e+01
-1.770088768005371094e+01 3.529891252517700195e+00 6.990009307861328125e+01
-1.752765464782714844e+01 3.361625194549560547e+00 7.159490966796875000e+01
-2.106013870239257812e+01 4.754254341125488281e+00 6.990010070800781250e+01
-1.576171588897705078e+01 4.166186809539794922e+00 6.990014648437500000e+01
-1.792584037780761719e+01 2.880263566970825195e+00 7.090002441406250000e+01
-1.828550529479980469e+01 3.392688989639282227e+00 6.990006256103515625e+01
-1.752586174011230469e+01 3.085853099822998047e+00 7.111024475097656250e+01
-1.792584037780761719e+01 2.880262613296508789e+00 7.090002441406250000e+01
-1.728289794921875000e+01 3.359267234802246094e+00 6.990010070800781250e+01
-1.780641555786132812e+01 3.146739721298217773e+00 7.159490966796875000e+01
-1.921696281433105469e+01 3.457630872726440430e+00 6.990010833740234375e+01
-5.856391906738281250e+00 6.873343944549560547e+00 6.990009307861328125e+01
-1.792584037780761719e+01 2.880262374877929688e+00 7.090002441406250000e+01
-1.792095947265625000e+01 3.163728475570678711e+00 6.990006256103515625e+01
-1.752584266662597656e+01 3.035634279251098633e+00 7.134096527099609375e+01
-2.871618270874023438e+01 5.468675136566162109e+00 6.989997863769531250e+01
-1.660839080810546875e+01 3.239263296127319336e+00 6.990013122558593750e+01
-1.792584037780761719e+01 2.880263328552246094e+00 7.090003204345703125e+01
-1.855509376525878906e+01 3.086198329925537109e+00 6.990007781982421875e+01
-1.752586174011230469e+01 2.943832874298095703e+00 7.100964355468750000e+01
-1.792584037780761719e+01 2.880261898040771484e+00 7.090002441406250000e+01
-1.755511665344238281e+01 2.999496221542358398e+00 6.990007019042968750e+01
-1.764299583435058594e+01 2.948741674423217773e+00 7.159481811523437500e+01
-2.003565216064453125e+01 3.045759439468383789e+00 6.990014648437500000e+01
-1.468245887756347656e+01 3.051896333694458008e+00 6.990005493164062500e+01
-1.792584037780761719e+01 2.880261659622192383e+00 7.090002441406250000e+01
-1.814056968688964844e+01 2.890593051910400391e+00 6.990005493164062500e+01
-1.752584075927734375e+01 2.875305414199829102e+00 7.118416595458984375e+01
-1.792584037780761719e+01 2.880261659622192383e+00 7.090002441406250000e+01
-1.707470512390136719e+01 2.813857078552246094e+00 6.990007781982421875e+01
-1.790049934387207031e+01 2.830976486206054688e+00 7.159484863281250000e+01
-1.891123962402343750e+01 2.752105712890625000e+00 6.990009307861328125e+01
-1.792583847045898438e+01 2.880261659622192383e+00 7.090002441406250000e+01
-1.792584037780761719e+01 2.880261421203613281e+00 7.090002441406250000e+01
-1.778632164001464844e+01 2.725494146347045898e+00 6.990003967285156250e+01
-1.752582359313964844e+01 2.757315635681152344e+00 7.148097229003906250e+01
-2.227159500122070312e+01 2.008222818374633789e+00 6.990007781982421875e+01
-1.616093254089355469e+01 2.439957618713378906e+00 6.990010070800781250e+01
-1.792584037780761719e+01 2.880260467529296875e+00 7.090003204345703125e+01
-1.838193893432617188e+01 2.593423843383789062e+00 6.990007019042968750e+01
-1.752583694458007812e+01 2.757089376449584961e+00 7.106972503662109375e+01
-1.792584037780761719e+01 2.880260944366455078e+00 7.090002441406250000e+01
-1.739403533935546875e+01 2.506829738616943359e+00 6.990003967285156250e+01
-1.774632072448730469e+01 2.626557350158691406e+00 7.159478759765625000e+01
-1.946436309814453125e+01 2.186774969100952148e+00 6.990012359619140625e+01
-1.193262672424316406e+01 4.319994151592254639e-01 6.990010833740234375e+01
-1.792584037780761719e+01 2.880260467529296875e+00 7.090002441406250000e+01
-1.800377464294433594e+01 2.423898220062255859e+00 6.990004730224609375e+01
-1.752582168579101562e+01 2.616298437118530273e+00 7.127371215820312500e+01
-2.883609771728515625e+01 -2.687622070312500000e+00 7.079357147216796875e+01
-1.681264114379882812e+01 2.073094844818115234e+00 6.990004730224609375e+01
-1.792584037780761719e+01 2.880252838134765625e+00 7.090003967285156250e+01
-1.867709922790527344e+01 2.128534078598022461e+00 6.990008544921875000e+01
-1.752582931518554688e+01 2.622328996658325195e+00 7.097481536865234375e+01
-1.792584037780761719e+01 2.880259990692138672e+00 7.090002441406250000e+01
-1.764653015136718750e+01 2.149125576019287109e+00 6.990003204345703125e+01
-1.757359504699707031e+01 2.302190542221069336e+00 7.159473419189453125e+01
-2.058302497863769531e+01 6.592199206352233887e-01 6.990013885498046875e+01
-1.543450832366943359e+01 6.656183004379272461e-01 6.989997863769531250e+01
-1.792584037780761719e+01 2.880258560180664062e+00 7.090002441406250000e+01
-1.822880363464355469e+01 1.919753551483154297e+00 6.990006256103515625e+01
-1.752582359313964844e+01 2.428332090377807617e+00 7.113708496093750000e+01
-1.792584037780761719e+01 2.880259752273559570e+00 7.090002441406250000e+01
-1.720810508728027344e+01 1.536556124687194824e+00 6.990000152587890625e+01
-1.784269714355468750e+01 2.068228483200073242e+00 7.159473419189453125e+01
-1.908905601501464844e+01 9.821213483810424805e-01 6.990009307861328125e+01
-4.762017726898193359e+00 -1.455789470672607422e+01 7.048426818847656250e+01
-1.792584037780761719e+01 2.880257844924926758e+00 7.090002441406250000e+01
-1.786981582641601562e+01 1.339781522750854492e+00 6.990003967285156250e+01
-1.752584075927734375e+01 1.822297573089599609e+00 7.138897705078125000e+01
-2.484591293334960938e+01 -9.995414733886718750e+00 6.990010833740234375e+01
-1.645816993713378906e+01 -7.652062773704528809e-01 6.989997100830078125e+01
-1.792584037780761719e+01 2.880246400833129883e+00 7.090003204345703125e+01
-1.848596572875976562e+01 -2.603029012680053711e-01 6.990003967285156250e+01
-1.752583312988281250e+01 1.443848609924316406e+00 7.103195190429687500e+01
-1.792584037780761719e+01 2.880250453948974609e+00 7.090002441406250000e+01
-1.792583847045898438e+01 2.835184574127197266e+00 7.090002441406250000e+01
