-1.234409904479980469e+01 -3.996996283531188965e-01 7.090010070800781250e+01
-1.235295963287353516e+01 -4.008200168609619141e-01 7.090821838378906250e+01
-1.225632667541503906e+01 2.964117050170898438e+00 6.989998626708984375e+01
-1.233077812194824219e+01 -3.996993601322174072e-01 7.091747283935546875e+01
-1.236926746368408203e+01 -4.000321626663208008e-01 7.089564514160156250e+01
-1.077182960510253906e+01 3.365222692489624023e+00 6.989994812011718750e+01
-1.235255622863769531e+01 -3.997002840042114258e-01 7.093155670166015625e+01
-1.286347198486328125e+01 1.427484273910522461e+00 6.990007781982421875e+01
-1.230746173858642578e+01 -3.996984660625457764e-01 7.091348266601562500e+01
-1.238306522369384766e+01 -3.997012078762054443e-01 7.091618347167968750e+01
-1.187613296508789062e+01 1.002178549766540527e+00 6.990008544921875000e+01
-1.232958984375000000e+01 -3.996996283531188965e-01 7.094635772705078125e+01
-1.406977844238281250e+01 1.855139017105102539e+00 6.990003204345703125e+01
-7.795619010925292969e+00 4.624103069305419922e+00 6.990013122558593750e+01
-1.237762451171875000e+01 -3.997013866901397705e-01 7.094778442382812500e+01
-1.247368526458740234e+01 5.203747749328613281e-01 6.990009307861328125e+01
-1.229419803619384766e+01 -3.996983170509338379e-01 7.094215393066406250e+01
-1.241279983520507812e+01 -3.998374938964843750e-01 7.090293884277343750e+01
-1.134448623657226562e+01 7.036910057067871094e-01 6.990534973144531250e+01
-1.234764099121093750e+01 -3.997006416320800781e-01 7.097669982910156250e+01
-1.317862319946289062e+01 5.069652199745178223e-01 6.990006256103515625e+01
-1.225966453552246094e+01 -3.996967077255249023e-01 7.091146087646484375e+01
-1.241779613494873047e+01 -3.997028768062591553e-01 7.095137786865234375e+01
-1.211913204193115234e+01 1.899840533733367920e-01 6.990010070800781250e+01
-1.229447460174560547e+01 -3.996988236904144287e-01 7.098670196533203125e+01
-1.547896671295166016e+01 1.414641857147216797e+00 6.989999389648437500e+01
-1.017977905273437500e+01 8.263524770736694336e-01 6.990013122558593750e+01
-1.238948059082031250e+01 -3.997025191783905029e-01 7.100853729248046875e+01
-1.270378684997558594e+01 5.276787281036376953e-02 6.990007781982421875e+01
-1.222738075256347656e+01 -3.996961116790771484e-01 7.096144104003906250e+01
-1.247943305969238281e+01 -3.997049331665039062e-01 7.093577575683593750e+01
-1.170162105560302734e+01 1.897039264440536499e-02 6.990090179443359375e+01
-1.231721496582031250e+01 -3.997004628181457520e-01 7.105653381347656250e+01
-1.363540458679199219e+01 1.177599281072616577e-01 6.990003967285156250e+01
-2.715493738651275635e-01 3.534419059753417969e+00 6.989991760253906250e+01
-1.246848964691162109e+01 -4.035707116127014160e-01 7.103456115722656250e+01
-1.233922100067138672e+01 -1.762116700410842896e-01 6.990009307861328125e+01
-1.218964862823486328e+01 -3.996960222721099854e-01 7.107035827636718750e+01
-2.307726860046386719e+01 2.115008115768432617e+00 6.990534973144531250e+01
-1.102652359008789062e+01 -1.006533205509185791e-01 6.990010833740234375e+01
-1.234512042999267578e+01 -4.585736691951751709e-01 7.090571594238281250e+01
-1.297340488433837891e+01 -2.537366747856140137e-01 6.990007019042968750e+01
-1.196657371520996094e+01 -3.996872007846832275e-01 7.100356292724609375e+01
-1.274702358245849609e+01 -3.997009098529815674e-01 7.110687255859375000e+01
-1.197336578369140625e+01 -3.404518365859985352e-01 6.990011596679687500e+01
-1.234268665313720703e+01 -4.593481719493865967e-01 7.090357208251953125e+01
-1.445435047149658203e+01 -2.941578924655914307e-01 6.990001678466796875e+01
-9.100454330444335938e+00 -2.880412042140960693e-01 6.990004730224609375e+01
-1.235258579254150391e+01 -4.591811001300811768e-01 7.091458129882812500e+01
-1.255883979797363281e+01 -4.493581056594848633e-01 6.990009307861328125e+01
-1.136616897583007812e+01 -4.718073010444641113e-01 7.159477996826171875e+01
-1.792023468017578125e+01 -6.300492286682128906e-01 7.159504699707031250e+01
-1.234409904479980469e+01 -4.596900343894958496e-01 7.090010070800781250e+01
-1.231876373291015625e+01 -5.089694261550903320e-01 7.159484863281250000e+01
-1.234409904479980469e+01 -4.596900343894958496e-01 7.090010070800781250e+01
-1.234409904479980469e+01 -4.596900045871734619e-01 7.090010070800781250e+01
-1.318494319915771484e+01 -6.041682362556457520e-01 7.159484863281250000e+01
-1.234409904479980469e+01 -4.596900343894958496e-01 7.090010070800781250e+01
-1.186573123931884766e+01 -6.067177057266235352e-01 7.159484100341796875e+01
-1.234409999847412109e+01 -4.596901834011077881e-01 7.090010070800781250e+01
-1.234409904479980469e+01 -4.596901237964630127e-01 7.090010070800781250e+01
-1.256948566436767578e+01 -6.341525912284851074e-01 7.159485626220703125e+01
-1.234409904479980469e+01 -4.596900939941406250e-01 7.090010070800781250e+01
-1.104497528076171875e+01 -8.597284555435180664e-01 7.145125579833984375e+01
-1.357493209838867188e+01 -8.597314357757568359e-01 7.133603668212890625e+01
-1.234409904479980469e+01 -4.596900939941406250e-01 7.090010070800781250e+01
-1.216458129882812500e+01 -7.133944630622863770e-01 7.159486389160156250e+01
-1.234409904479980469e+01 -4.596901535987854004e-01 7.090010070800781250e+01
-1.234409904479980469e+01 -4.596901834011077881e-01 7.090010070800781250e+01
-1.288766574859619141e+01 -8.377963304519653320e-01 7.159494018554687500e+01
-1.234409904479980469e+01 -4.596901237964630127e-01 7.090010070800781250e+01
-1.173790836334228516e+01 -8.597034811973571777e-01 7.146640014648437500e+01
-1.234409904479980469e+01 -4.596900939941406250e-01 7.090010070800781250e+01
-1.234409904479980469e+01 -4.596901834011077881e-01 7.090010070800781250e+01
-1.241191291809082031e+01 -8.573349118232727051e-01 7.159489440917968750e+01
-1.234409904479980469e+01 -4.596901535987854004e-01 7.090010070800781250e+01
-1.234409904479980469e+01 -4.596900939941406250e-01 7.090010070800781250e+01
-1.285236454010009766e+01 -8.597115278244018555e-01 7.121649169921875000e+01
-1.234409904479980469e+01 -4.596901535987854004e-01 7.090010070800781250e+01
-1.210035514831542969e+01 -8.597000837326049805e-01 7.138082122802734375e+01
-1.234409904479980469e+01 -4.596901834011077881e-01 7.090010070800781250e+01
-1.234409904479980469e+01 -4.596901834011077881e-01 7.090010070800781250e+01
-1.254292488098144531e+01 -8.597047328948974609e-01 7.131439971923828125e+01
-1.234409904479980469e+01 -4.596901834011077881e-01 7.090010070800781250e+01
-1.199002742767333984e+01 -8.597139120101928711e-01 7.110993194580078125e+01
-1.234409904479980469e+01 -4.596900343894958496e-01 7.090010070800781250e+01
-1.234409904479980469e+01 -4.596901834011077881e-01 7.090010070800781250e+01
-1.230314254760742188e+01 -8.597099781036376953e-01 7.124232482910156250e+01
-1.234409904479980469e+01 -4.596901834011077881e-01 7.090010070800781250e+01
-1.234409904479980469e+01 -4.596900939941406250e-01 7.090010070800781250e+01
-1.254528141021728516e+01 -8.597122430801391602e-01 7.109643554687500000e+01
-1.234409904479980469e+01 -4.596901834011077881e-01 7.090010070800781250e+01
-1.219447612762451172e+01 -8.554310798645019531e-01 7.108300018310546875e+01
-1.234409904479980469e+01 -4.596900939941406250e-01 7.090010070800781250e+01
-1.234409904479980469e+01 -4.596901535987854004e-01 7.090010070800781250e+01
-1.238334369659423828e+01 -8.597151041030883789e-01 7.106693267822265625e+01
-1.234409904479980469e+01 -4.596901535987854004e-01 7.090010070800781250e+01
-1.234409904479980469e+01 -4.596900641918182373e-01 7.090010070800781250e+01
-1.234409904479980469e+01 -4.596900641918182373e-01 7.090010070800781250e+01
-1.234409904479980469e+01 -4.596900939941406250e-01 7.090010070800781250e+01
