-7.414902210235595703e+00 4.802780970931053162e-02 7.089997100830078125e+01
-7.535306453704833984e+00 4.003008008003234863e-01 7.101026916503906250e+01
-7.327157497406005859e+00 3.023048162460327148e+00 6.990016937255859375e+01
-7.237262248992919922e+00 4.002891778945922852e-01 7.113166809082031250e+01
-1.306712055206298828e+01 1.299795818328857422e+01 6.990016937255859375e+01
-5.843072891235351562e+00 3.424149990081787109e+00 6.990010070800781250e+01
-7.527680873870849609e+00 4.003027677536010742e-01 7.131950378417968750e+01
-7.934194564819335938e+00 1.487188816070556641e+00 6.990010833740234375e+01
-6.926344871520996094e+00 4.002955257892608643e-01 7.107839202880859375e+01
-7.934554100036621094e+00 4.003085196018218994e-01 7.111447906494140625e+01
-6.946983337402343750e+00 1.062029242515563965e+00 6.990005493164062500e+01
-7.221482753753662109e+00 4.000306725502014160e-01 7.151662445068359375e+01
-9.140145301818847656e+00 1.914551019668579102e+00 6.990015411376953125e+01
-2.866033315658569336e+00 4.684534549713134766e+00 6.989991760253906250e+01
-7.862004756927490234e+00 4.003192782402038574e-01 7.153592681884765625e+01
-7.544477939605712891e+00 5.802891850471496582e-01 6.990004730224609375e+01
-6.749473094940185547e+00 4.002989828586578369e-01 7.146079254150390625e+01
-8.333167076110839844e+00 4.003090560436248779e-01 7.093794250488281250e+01
-6.410044193267822266e+00 7.697923779487609863e-01 6.990000152587890625e+01
-7.447036266326904297e+00 1.445393860340118408e-01 7.159490203857421875e+01
-8.249312400817871094e+00 5.668300390243530273e-01 6.990007019042968750e+01
-6.288984298706054688e+00 4.003083705902099609e-01 7.105146026611328125e+01
-8.397727012634277344e+00 4.002963900566101074e-01 7.158379364013671875e+01
-7.189946174621582031e+00 2.499506771564483643e-01 6.990001678466796875e+01
-7.016703605651855469e+00 8.168888837099075317e-02 7.159487915039062500e+01
-1.054903316497802734e+01 1.474199056625366211e+00 6.990010070800781250e+01
-5.250494003295898438e+00 8.864021897315979004e-01 6.989995574951171875e+01
-7.705719947814941406e+00 -1.527852006256580353e-02 7.159486389160156250e+01
-7.774561882019042969e+00 1.127255335450172424e-01 6.990002441406250000e+01
-6.092635631561279297e+00 2.799624204635620117e-01 7.159491729736328125e+01
-9.219863891601562500e+00 4.003339111804962158e-01 7.137575531005859375e+01
-6.771923542022705078e+00 7.934105396270751953e-02 6.989999389648437500e+01
-7.295479774475097656e+00 -1.332154422998428345e-01 7.159485626220703125e+01
-8.706021308898925781e+00 1.776738762855529785e-01 6.990005493164062500e+01
4.655611991882324219e+00 3.593743085861206055e+00 6.989995574951171875e+01
-8.057669639587402344e+00 -1.097065582871437073e-01 7.159477996826171875e+01
-7.410024166107177734e+00 -1.162257865071296692e-01 6.990000915527343750e+01
-6.784529209136962891e+00 -1.548337489366531372e-01 7.159486389160156250e+01
-1.820380401611328125e+01 2.188374757766723633e+00 6.990005493164062500e+01
-6.097327709197998047e+00 -4.065632820129394531e-02 6.989997863769531250e+01
-7.541307449340820312e+00 -2.615844011306762695e-01 7.159480285644531250e+01
-8.044157028198242188e+00 -1.937559694051742554e-01 6.990002441406250000e+01
-4.879154682159423828e+00 3.331629559397697449e-03 7.159491729736328125e+01
-8.769054412841796875e+00 -1.980809867382049561e-01 7.159490203857421875e+01
-7.044174194335937500e+00 -2.804560959339141846e-01 6.989999389648437500e+01
-7.132041454315185547e+00 -3.312082588672637939e-01 7.159481048583984375e+01
-9.524774551391601562e+00 -2.341903001070022583e-01 6.990006256103515625e+01
-4.171330928802490234e+00 -2.280477732419967651e-01 6.989994049072265625e+01
-7.822088241577148438e+00 -3.752779364585876465e-01 7.159476470947265625e+01
-7.629632949829101562e+00 -3.893612623214721680e-01 6.990000915527343750e+01
-7.414902210235595703e+00 -3.996926844120025635e-01 7.089997100830078125e+01
-1.299044895172119141e+01 -5.700339078903198242e-01 7.159484100341796875e+01
-6.563994884490966797e+00 -4.660796821117401123e-01 6.990029144287109375e+01
-7.414902210235595703e+00 -3.996926844120025635e-01 7.089997100830078125e+01
-8.400318145751953125e+00 -5.278505682945251465e-01 6.990002441406250000e+01
-7.414902210235595703e+00 -3.996926844120025635e-01 7.089997100830078125e+01
-8.255853652954101562e+00 -5.441894531250000000e-01 7.159481048583984375e+01
-7.275387763977050781e+00 -5.544577836990356445e-01 6.990000152587890625e+01
-6.936317920684814453e+00 -5.467869639396667480e-01 7.159502410888671875e+01
-1.176029396057128906e+01 -1.271658301353454590e+00 6.990010833740234375e+01
-5.649864673614501953e+00 -8.400295972824096680e-01 6.989997100830078125e+01
-7.640365600585937500e+00 -5.742148160934448242e-01 7.159496307373046875e+01
-7.871003627777099609e+00 -6.865316033363342285e-01 6.990000915527343750e+01
-5.920932769775390625e+00 -8.597298860549926758e-01 7.153379058837890625e+01
-8.830253601074218750e+00 -8.597055077552795410e-01 7.140126037597656250e+01
-6.883100986480712891e+00 -7.731226086616516113e-01 6.989999389648437500e+01
-7.235321998596191406e+00 -6.534850001335144043e-01 7.159497833251953125e+01
-8.953484535217285156e+00 -1.093205213546752930e+00 6.990003204345703125e+01
-1.421157240867614746e+00 -2.848172903060913086e+00 6.989997100830078125e+01
-7.958486557006835938e+00 -7.778113484382629395e-01 7.159483337402343750e+01
-7.492837905883789062e+00 -8.560519814491271973e-01 6.990000152587890625e+01
-6.717775344848632812e+00 -8.597130775451660156e-01 7.155121612548828125e+01
-7.532458782196044922e+00 -4.596859514713287354e-01 7.089882659912109375e+01
-6.301699638366699219e+00 -1.206863045692443848e+00 6.989998626708984375e+01
-7.482726573944091797e+00 -7.974017262458801270e-01 7.159487915039062500e+01
-8.166174888610839844e+00 -1.151432991027832031e+00 6.990000915527343750e+01
-6.701490879058837891e+00 -8.597121834754943848e-01 7.103335571289062500e+01
-7.999383449554443359e+00 -8.596988320350646973e-01 7.126380920410156250e+01
-7.135599613189697266e+00 -1.130811572074890137e+00 6.990000152587890625e+01
-7.134583473205566406e+00 -8.597259521484375000e-01 7.145282745361328125e+01
-1.007219791412353516e+01 -2.620826482772827148e+00 6.990003967285156250e+01
-4.923684120178222656e+00 -2.614236593246459961e+00 6.989996337890625000e+01
-7.643548488616943359e+00 -8.597021698951721191e-01 7.137641143798828125e+01
-7.717867851257324219e+00 -1.360199809074401855e+00 6.990000915527343750e+01
-7.007716178894042969e+00 -8.597244024276733398e-01 7.114128112792968750e+01
-7.852399826049804688e+00 -8.597058057785034180e-01 7.099169158935546875e+01
-6.697199821472167969e+00 -1.743341207504272461e+00 6.989999389648437500e+01
-7.368196010589599609e+00 -8.558703660964965820e-01 7.129023742675781250e+01
-8.578140258789062500e+00 -2.297867536544799805e+00 6.990001678466796875e+01
-7.369616985321044922e+00 -4.596821665763854980e-01 7.089854431152343750e+01
-7.645994663238525391e+00 -8.591876626014709473e-01 7.112549591064453125e+01
-7.358880996704101562e+00 -1.940146565437316895e+00 6.990000152587890625e+01
-7.240976810455322266e+00 -8.597120642662048340e-01 7.111257171630859375e+01
-7.446966648101806641e+00 -4.593526124954223633e-01 7.089533996582031250e+01
-5.947328567504882812e+00 -4.044924259185791016e+00 6.989997863769531250e+01
-7.460032939910888672e+00 -8.597123622894287109e-01 7.109181976318359375e+01
-7.975011348724365234e+00 -3.540157318115234375e+00 6.990001678466796875e+01
-7.398327350616455078e+00 -4.592132270336151123e-01 7.090544128417968750e+01
-7.425995349884033203e+00 -4.592952728271484375e-01 7.090496826171875000e+01
-7.414902210235595703e+00 -4.597144126892089844e-01 7.089997100830078125e+01
