1.553860187530517578e+01 5.672856047749519348e-02 7.089998626708984375e+01
1.541819763183593750e+01 4.002983570098876953e-01 7.101028442382812500e+01
1.562635517120361328e+01 3.023374795913696289e+00 6.990008544921875000e+01
1.571624374389648438e+01 4.003017246723175049e-01 7.113169097900390625e+01
1.553825473785400391e+01 -3.988683819770812988e-01 7.089992523193359375e+01
1.711046600341796875e+01 3.424238204956054688e+00 6.990009307861328125e+01
1.542582416534423828e+01 4.003001153469085693e-01 7.131951141357421875e+01
1.501922798156738281e+01 1.487486958503723145e+00 6.989996337890625000e+01
1.602716064453125000e+01 4.002987742424011230e-01 7.107840728759765625e+01
1.501895713806152344e+01 4.002996087074279785e-01 7.111448669433593750e+01
1.600655174255371094e+01 1.062124371528625488e+00 6.990000915527343750e+01
1.573208618164062500e+01 4.003023505210876465e-01 7.151684570312500000e+01
1.553798580169677734e+01 -3.988640010356903076e-01 7.089962768554687500e+01
2.008663177490234375e+01 4.683598041534423828e+00 6.990011596679687500e+01
1.509151077270507812e+01 4.003006815910339355e-01 7.153592681884765625e+01
1.540901374816894531e+01 5.803854465484619141e-01 6.989996337890625000e+01
1.620404052734375000e+01 4.003122150897979736e-01 7.146081542968750000e+01
1.462033271789550781e+01 4.003143906593322754e-01 7.093795776367187500e+01
1.654349708557128906e+01 7.698370218276977539e-01 6.989997863769531250e+01
1.550647354125976562e+01 1.444430798292160034e-01 7.159479522705078125e+01
1.470409107208251953e+01 5.669485926628112793e-01 6.989996337890625000e+01
1.666450309753417969e+01 4.002988040447235107e-01 7.105147552490234375e+01
1.455577087402343750e+01 4.003026783466339111e-01 7.158381652832031250e+01
1.576357364654541016e+01 2.499986737966537476e-01 6.989996337890625000e+01
1.593683528900146484e+01 8.173199743032455444e-02 7.159495544433593750e+01
1.553583240509033203e+01 -3.980351090431213379e-01 7.089910125732421875e+01
1.770297622680664062e+01 8.863843083381652832e-01 6.989998626708984375e+01
1.524781417846679688e+01 -1.531701814383268356e-02 7.159481048583984375e+01
1.517891502380371094e+01 1.127661839127540588e-01 6.989996337890625000e+01
1.686079788208007812e+01 2.799277007579803467e-01 7.159489440917968750e+01
1.373372077941894531e+01 4.002998769283294678e-01 7.137574768066406250e+01
1.618160629272460938e+01 7.936221361160278320e-02 6.989996337890625000e+01
1.565801906585693359e+01 -1.332249194383621216e-01 7.159484100341796875e+01
1.424734783172607422e+01 1.777361482381820679e-01 6.989996337890625000e+01
2.760805892944335938e+01 3.593394994735717773e+00 6.990005493164062500e+01
1.489580726623535156e+01 -1.096924394369125366e-01 7.159482574462890625e+01
1.554347991943359375e+01 -1.162078455090522766e-01 6.989996337890625000e+01
1.616906547546386719e+01 -1.547964662313461304e-01 7.159497833251953125e+01
4.822594642639160156e+00 2.170890569686889648e+00 6.990682983398437500e+01
1.685620117187500000e+01 -4.064776003360748291e-02 6.989997863769531250e+01
1.541219425201416016e+01 -2.615796923637390137e-01 7.159483337402343750e+01
1.490930175781250000e+01 -1.937391906976699829e-01 6.989996337890625000e+01
1.807426261901855469e+01 3.319538896903395653e-03 7.159490203857421875e+01
1.418468379974365234e+01 -1.981139928102493286e-01 7.159479522705078125e+01
1.590934562683105469e+01 -2.804490625858306885e-01 6.989997100830078125e+01
1.582148742675781250e+01 -3.312004506587982178e-01 7.159488677978515625e+01
1.343011379241943359e+01 -2.342970371246337891e-01 6.990073394775390625e+01
1.878200531005859375e+01 -2.280548661947250366e-01 6.990000915527343750e+01
1.513137722015380859e+01 -3.752738237380981445e-01 7.159484100341796875e+01
1.532387542724609375e+01 -3.893596529960632324e-01 6.990004730224609375e+01
1.615743637084960938e+01 -4.073586761951446533e-01 7.133957672119140625e+01
1.373299121856689453e+01 -4.548549652099609375e-01 7.112501525878906250e+01
1.638946151733398438e+01 -4.660741686820983887e-01 6.990036010742187500e+01
1.559129714965820312e+01 -5.021866559982299805e-01 7.234497833251953125e+01
1.455311775207519531e+01 -5.278576612472534180e-01 6.989997100830078125e+01
1.807486915588378906e+01 -6.836246848106384277e-01 7.102967071533203125e+01
1.521339893341064453e+01 -4.555689692497253418e-01 7.116868591308593750e+01
1.567812252044677734e+01 -5.544626712799072266e-01 6.989997100830078125e+01
1.573387145996093750e+01 -4.597074687480926514e-01 7.118357849121093750e+01
1.119256019592285156e+01 -1.271787047386169434e+00 6.989997100830078125e+01
1.730359458923339844e+01 -8.400164842605590820e-01 6.990000915527343750e+01
1.531315231323242188e+01 -5.742024183273315430e-01 7.159494018554687500e+01
1.508247470855712891e+01 -6.865456700325012207e-01 6.989997100830078125e+01
1.573351478576660156e+01 -4.597102701663970947e-01 7.098268127441406250e+01
1.535391139984130859e+01 -4.597183763980865479e-01 7.096540069580078125e+01
1.607043266296386719e+01 -7.731410264968872070e-01 6.989995574951171875e+01
1.558107280731201172e+01 -4.597130119800567627e-01 7.106435394287109375e+01
1.399991416931152344e+01 -1.093250870704650879e+00 6.989997863769531250e+01
2.153184700012207031e+01 -2.847966670989990234e+00 6.990007019042968750e+01
1.545230960845947266e+01 -4.597159922122955322e-01 7.101029205322265625e+01
1.546066284179687500e+01 -8.560695648193359375e-01 6.989997863769531250e+01
1.562956142425537109e+01 -4.597135782241821289e-01 7.098496246337890625e+01
1.542102050781250000e+01 -4.596967101097106934e-01 7.089884185791015625e+01
1.665182876586914062e+01 -1.206878781318664551e+00 6.989997863769531250e+01
1.552836513519287109e+01 -4.597149491310119629e-01 7.100486755371093750e+01
1.478733730316162109e+01 -1.151422858238220215e+00 6.990003967285156250e+01
1.563168811798095703e+01 -4.597145318984985352e-01 7.091738891601562500e+01
1.546233272552490234e+01 -4.597170948982238770e-01 7.094746398925781250e+01
1.581791877746582031e+01 -1.130847692489624023e+00 6.989996337890625000e+01
1.557517719268798828e+01 -4.597148895263671875e-01 7.097212219238281250e+01
1.288113117218017578e+01 -2.620970964431762695e+00 6.989999389648437500e+01
1.802965354919433594e+01 -2.614087104797363281e+00 6.990004730224609375e+01
1.550876617431640625e+01 -4.597160816192626953e-01 7.096215820312500000e+01
1.523582267761230469e+01 -1.359606266021728516e+00 6.990063476562500000e+01
1.559173107147216797e+01 -4.597154259681701660e-01 7.093147277832031250e+01
1.548151302337646484e+01 -4.597174823284149170e-01 7.091195678710937500e+01
1.625337600708007812e+01 -1.737858772277832031e+00 6.990409088134765625e+01
1.554474735260009766e+01 -4.597157537937164307e-01 7.095133972167968750e+01
1.437532138824462891e+01 -2.297935724258422852e+00 6.990000152587890625e+01
1.558388805389404297e+01 -4.596820771694183350e-01 7.089855957031250000e+01
1.550841331481933594e+01 -4.597167372703552246e-01 7.092945098876953125e+01
1.559462642669677734e+01 -1.940231323242187500e+00 6.989996337890625000e+01
1.556129646301269531e+01 -4.597159624099731445e-01 7.092772674560546875e+01
1.550653362274169922e+01 -4.593575000762939453e-01 7.089535522460937500e+01
1.700621414184570312e+01 -4.045018196105957031e+00 6.989997100830078125e+01
1.553271293640136719e+01 -4.597164690494537354e-01 7.092501831054687500e+01
1.497846031188964844e+01 -3.540338754653930664e+00 6.989997100830078125e+01
1.555517768859863281e+01 -4.592145085334777832e-01 7.090545654296875000e+01
1.552750778198242188e+01 -4.592984616756439209e-01 7.090498352050781250e+01
1.553860187530517578e+01 -4.597168564796447754e-01 7.089998626708984375e+01
