1.757994079589843750e+01 -8.597041368484497070e-01 7.089489746093750000e+01
1.599710559844970703e+01 2.679280042648315430e+00 7.234490203857421875e+01
1.766725540161132812e+01 -4.431456565856933594e+00 6.989999389648437500e+01
1.766849517822265625e+01 -7.438625335693359375e+00 7.101039886474609375e+01
1.198062515258789062e+01 5.434830665588378906e+00 6.990445709228515625e+01
1.914389801025390625e+01 -4.032730579376220703e+00 6.990003967285156250e+01
1.719012451171875000e+01 -5.072262763977050781e+00 7.234499359130859375e+01
1.706321334838867188e+01 -5.959861278533935547e+00 6.989997100830078125e+01
1.767485427856445312e+01 -7.682005882263183594e+00 7.092955780029296875e+01
1.406699085235595703e+01 -2.429254531860351562e+00 7.234499359130859375e+01
1.853453445434570312e+01 -4.855388164520263672e+00 6.885498809814453125e+01
1.767184448242187500e+01 -7.457432746887207031e+00 7.118789672851562500e+01
1.586320781707763672e+01 -5.534593582153320312e+00 6.990001678466796875e+01
2.210501289367675781e+01 -2.779792785644531250e+00 6.990007019042968750e+01
1.656046295166015625e+01 -6.013243675231933594e+00 7.234500122070312500e+01
1.745086097717285156e+01 -6.861184597015380859e+00 6.989878845214843750e+01
1.767485237121582031e+01 -7.723317146301269531e+00 7.097489166259765625e+01
1.757994079589843750e+01 -7.837421894073486328e+00 7.089489746093750000e+01
1.857966995239257812e+01 -6.673905372619628906e+00 6.990003204345703125e+01
1.751288795471191406e+01 -6.701789379119873047e+00 7.234499359130859375e+01
1.674972724914550781e+01 -6.875760555267333984e+00 6.990002441406250000e+01
1.767384910583496094e+01 -7.770697593688964844e+00 7.090753173828125000e+01
1.549576663970947266e+01 -6.140969276428222656e+00 7.234500885009765625e+01
1.804571342468261719e+01 -6.492331027984619141e+00 6.882449340820312500e+01
1.767485427856445312e+01 -7.722681999206542969e+00 7.106053161621093750e+01
1.446162605285644531e+01 -5.972986698150634766e+00 6.990007019042968750e+01
1.758090782165527344e+01 -7.836847782135009766e+00 7.089444732666015625e+01
1.697306442260742188e+01 -7.035230159759521484e+00 7.234499359130859375e+01
1.722210884094238281e+01 -7.327606678009033203e+00 6.990003204345703125e+01
1.767484474182128906e+01 -7.788640499114990234e+00 7.094477844238281250e+01
1.207870864868164062e+01 -5.399069786071777344e+00 7.234500122070312500e+01
1.821628189086914062e+01 -7.363333702087402344e+00 6.990524291992187500e+01
1.766844749450683594e+01 -7.639929771423339844e+00 7.140989685058593750e+01
1.629527664184570312e+01 -7.262941837310791016e+00 6.989997863769531250e+01
1.779717636108398438e+01 -7.765551567077636719e+00 7.087689971923828125e+01
1.623845481872558594e+01 -7.232207298278808594e+00 7.234500122070312500e+01
1.758479499816894531e+01 -7.555394649505615234e+00 6.990000915527343750e+01
1.807485961914062500e+01 -7.645178318023681641e+00 7.144047546386718750e+01
6.923157691955566406e+00 -5.281047344207763672e+00 6.990722656250000000e+01
1.785211753845214844e+01 -7.763254642486572266e+00 7.068832397460937500e+01
1.731613731384277344e+01 -7.549194335937500000e+00 7.234499359130859375e+01
1.695388221740722656e+01 -7.632531642913818359e+00 6.990003204345703125e+01
1.807485389709472656e+01 -7.758761882781982422e+00 7.103053283691406250e+01
1.475421047210693359e+01 -7.416715621948242188e+00 7.234501647949218750e+01
1.771317672729492188e+01 -7.794569969177246094e+00 7.053552246093750000e+01
1.786490249633789062e+01 -7.768428802490234375e+00 7.159490203857421875e+01
1.548073577880859375e+01 -7.672756195068359375e+00 6.990004730224609375e+01
1.810858726501464844e+01 -7.809446811676025391e+00 7.073191070556640625e+01
1.673009109497070312e+01 -7.786465167999267578e+00 7.234501647949218750e+01
1.736631011962890625e+01 -7.827143192291259766e+00 6.990005493164062500e+01
1.816839790344238281e+01 -7.844713211059570312e+00 7.131291198730468750e+01
5.945113182067871094e+00 -8.192883491516113281e+00 7.234492492675781250e+01
1.823336029052734375e+01 -7.888401031494140625e+00 7.012723541259765625e+01
1.760546302795410156e+01 -7.887065887451171875e+00 7.159477996826171875e+01
1.659943962097167969e+01 -7.964940547943115234e+00 6.989994049072265625e+01
1.827542686462402344e+01 -7.915281295776367188e+00 7.093045806884765625e+01
1.582490444183349609e+01 -8.138981819152832031e+00 7.234499359130859375e+01
1.757994079589843750e+01 -7.837421894073486328e+00 7.089489746093750000e+01
1.806188583374023438e+01 -7.985548973083496094e+00 7.159483337402343750e+01
1.325615787506103516e+01 -8.705051422119140625e+00 6.990000152587890625e+01
1.837868690490722656e+01 -8.036690711975097656e+00 7.044235992431640625e+01
1.745885467529296875e+01 -7.931149959564208984e+00 7.126815032958984375e+01
1.749148559570312500e+01 -7.893050670623779297e+00 7.070096588134765625e+01
1.840924072265625000e+01 -8.092787742614746094e+00 7.124672698974609375e+01
1.348585319519042969e+01 -9.168068885803222656e+00 7.234494018554687500e+01
1.846616744995117188e+01 -8.459729194641113281e+00 6.922847747802734375e+01
1.776080703735351562e+01 -8.093032836914062500e+00 7.159488677978515625e+01
1.604916191101074219e+01 -8.527417182922363281e+00 6.990003204345703125e+01
1.844808197021484375e+01 -8.192062377929687500e+00 7.075005340576171875e+01
1.748938369750976562e+01 -7.900413036346435547e+00 7.101065826416015625e+01
1.742673110961914062e+01 -8.734555244445800781e+00 6.892910766601562500e+01
1.832930564880371094e+01 -8.331912994384765625e+00 7.159494781494140625e+01
1.757994079589843750e+01 -7.837421894073486328e+00 7.089489746093750000e+01
1.846193885803222656e+01 -8.476948738098144531e+00 7.010260009765625000e+01
1.751162719726562500e+01 -8.237998962402343750e+00 7.159481811523437500e+01
1.737960052490234375e+01 -8.037886619567871094e+00 7.062824249267578125e+01
1.846715164184570312e+01 -8.409510612487792969e+00 7.106077575683593750e+01
1.744790458679199219e+01 -7.941338062286376953e+00 7.097708892822265625e+01
1.800021362304687500e+01 -8.937554359436035156e+00 6.939021301269531250e+01
1.793493270874023438e+01 -8.420002937316894531e+00 7.159503173828125000e+01
1.742437553405761719e+01 -7.967453002929687500e+00 7.083635711669921875e+01
1.842678260803222656e+01 -8.590214729309082031e+00 7.055496215820312500e+01
1.728163146972656250e+01 -8.437584877014160156e+00 7.151649475097656250e+01
1.733456993103027344e+01 -8.615334510803222656e+00 7.008502960205078125e+01
1.835614585876464844e+01 -8.714364051818847656e+00 7.135489654541015625e+01
1.734562683105468750e+01 -8.083795547485351562e+00 7.094402313232421875e+01
1.814410018920898438e+01 -8.893612861633300781e+00 7.010885620117187500e+01
1.766372489929199219e+01 -8.655733108520507812e+00 7.159497833251953125e+01
1.727791786193847656e+01 -8.330265045166015625e+00 7.063526916503906250e+01
1.829511451721191406e+01 -8.784813880920410156e+00 7.087230682373046875e+01
1.728590202331542969e+01 -8.422078132629394531e+00 7.118185424804687500e+01
1.761857223510742188e+01 -8.899706840515136719e+00 7.020532989501953125e+01
1.799887657165527344e+01 -8.945473670959472656e+00 7.140699768066406250e+01
1.727832031250000000e+01 -8.398624420166015625e+00 7.085131835937500000e+01
1.802336120605468750e+01 -8.938813209533691406e+00 7.059275054931640625e+01
1.748409271240234375e+01 -8.814398765563964844e+00 7.130234527587890625e+01
1.741799545288085938e+01 -8.745426177978515625e+00 7.060578155517578125e+01
1.789211273193359375e+01 -8.958427429199218750e+00 7.099785614013671875e+01
1.741262435913085938e+01 -8.736394882202148438e+00 7.097023010253906250e+01
1.757994079589843750e+01 -8.879074096679687500e+00 7.089489746093750000e+01
