1.153929710388183594e+01 8.603440523147583008e-01 7.089997863769531250e+01
1.147908496856689453e+01 8.603442907333374023e-01 7.095513916015625000e+01
1.168823432922363281e+01 6.270018100738525391e+00 6.920291900634765625e+01
1.162813091278076172e+01 8.603317141532897949e-01 7.101584625244140625e+01
5.886344432830810547e+00 1.385967063903808594e+01 6.990004730224609375e+01
1.311141014099121094e+01 4.284811019897460938e+00 6.989993286132812500e+01
1.148289966583251953e+01 8.603346347808837891e-01 7.110977172851562500e+01
1.052042675018310547e+01 4.162407875061035156e+00 6.893820953369140625e+01
1.178360652923583984e+01 8.603240847587585449e-01 7.098919677734375000e+01
1.127942848205566406e+01 8.603453040122985840e-01 7.100724792480468750e+01
1.240577888488769531e+01 3.167061567306518555e+00 6.904835510253906250e+01
1.163605022430419922e+01 8.603194355964660645e-01 7.120844268798828125e+01
9.813631057739257812e+00 2.775090694427490234e+00 6.989991760253906250e+01
1.812809562683105469e+01 7.824515819549560547e+00 6.945144653320312500e+01
1.131571674346923828e+01 8.603380322456359863e-01 7.121800231933593750e+01
1.141020011901855469e+01 1.436638712882995605e+00 6.990374755859375000e+01
1.186985397338867188e+01 8.576812148094177246e-01 7.117857360839843750e+01
1.108009052276611328e+01 8.603448271751403809e-01 7.091896820068359375e+01
1.254377651214599609e+01 1.629324793815612793e+00 6.990039062500000000e+01
1.151568222045898438e+01 8.602311611175537109e-01 7.141067504882812500e+01
1.070477390289306641e+01 1.426933169364929199e+00 6.989994049072265625e+01
1.210229587554931641e+01 8.603082895278930664e-01 7.097573089599609375e+01
1.104780006408691406e+01 8.603432774543762207e-01 7.124195098876953125e+01
1.194472980499267578e+01 1.631115198135375977e+00 6.909779357910156250e+01
1.187019443511962891e+01 8.603001236915588379e-01 7.147743988037109375e+01
8.404637336730957031e+00 2.334487676620483398e+00 6.989993286132812500e+01
1.370371246337890625e+01 1.746378779411315918e+00 6.989996337890625000e+01
1.124846458435058594e+01 8.447131514549255371e-01 7.159490966796875000e+01
1.117960834503173828e+01 9.727399349212646484e-01 6.989994812011718750e+01
1.231754398345947266e+01 8.603042960166931152e-01 7.130900573730468750e+01
1.063673114776611328e+01 8.603307604789733887e-01 7.113789367675781250e+01
1.273581504821777344e+01 1.351712226867675781e+00 6.903911590576171875e+01
1.165873050689697266e+01 7.267809510231018066e-01 7.159492492675781250e+01
1.024803352355957031e+01 1.037711143493652344e+00 6.989994812011718750e+01
2.369024276733398438e+01 4.480325698852539062e+00 6.989329528808593750e+01
1.089648818969726562e+01 7.502846121788024902e-01 7.159483337402343750e+01
1.154417514801025391e+01 7.437559962272644043e-01 6.989997863769531250e+01
1.216968441009521484e+01 7.051442861557006836e-01 7.159488677978515625e+01
7.490439414978027344e-01 3.048671245574951172e+00 6.989994049072265625e+01
1.285689640045166016e+01 8.193227052688598633e-01 6.989997100830078125e+01
1.141287899017333984e+01 5.984020233154296875e-01 7.159488677978515625e+01
1.090999794006347656e+01 6.662309169769287109e-01 6.989995574951171875e+01
1.405609130859375000e+01 8.602915406227111816e-01 7.158972930908203125e+01
1.018544101715087891e+01 6.618471741676330566e-01 7.159475708007812500e+01
1.191003704071044922e+01 5.795201659202575684e-01 6.989997100830078125e+01
1.182219219207763672e+01 5.287722945213317871e-01 7.159490203857421875e+01
9.429191589355468750e+00 6.258003711700439453e-01 6.989996337890625000e+01
1.476203536987304688e+01 6.308221220970153809e-01 6.990637207031250000e+01
1.113207817077636719e+01 4.846963584423065186e-01 7.159482574462890625e+01
1.132464027404785156e+01 4.706075191497802734e-01 6.990036010742187500e+01
1.153929710388183594e+01 4.602796733379364014e-01 7.089997863769531250e+01
1.125173377990722656e+01 4.514941871166229248e-01 7.093581390380859375e+01
1.239026832580566406e+01 3.938876986503601074e-01 6.990022277832031250e+01
1.153929710388183594e+01 4.602796733379364014e-01 7.089997863769531250e+01
1.055381202697753906e+01 3.321128487586975098e-01 6.989996337890625000e+01
1.922122383117675781e+01 -3.997079133987426758e-01 7.129276275634765625e+01
1.069818592071533203e+01 3.157555460929870605e-01 7.159494781494140625e+01
1.167881679534912109e+01 3.055088818073272705e-01 6.989997100830078125e+01
1.201777076721191406e+01 3.132193684577941895e-01 7.159487152099609375e+01
7.193346023559570312e+00 -4.117982387542724609e-01 6.989998626708984375e+01
1.330435371398925781e+01 1.993796601891517639e-02 6.989997100830078125e+01
1.131384372711181641e+01 2.857652306556701660e-01 7.159494018554687500e+01
1.108317279815673828e+01 1.734266132116317749e-01 6.989997100830078125e+01
1.317733669281005859e+01 -4.412104561924934387e-02 7.159491729736328125e+01
9.577169418334960938e+00 -1.774448454380035400e-01 7.159492492675781250e+01
1.207111549377441406e+01 8.683773875236511230e-02 6.989997100830078125e+01
1.171886920928955078e+01 2.064984589815139771e-01 7.159495544433593750e+01
1.000062179565429688e+01 -2.332750856876373291e-01 6.989997863769531250e+01
1.753273963928222656e+01 -1.988077282905578613e+00 6.990002441406250000e+01
1.099564456939697266e+01 8.211354911327362061e-02 7.159493255615234375e+01
1.146155261993408203e+01 5.037509836256504059e-03 6.990245819091796875e+01
1.227854824066162109e+01 -2.753761410713195801e-02 7.159057617187500000e+01
1.142179679870605469e+01 4.003150165081024170e-01 7.089883422851562500e+01
1.265251827239990234e+01 -3.469046652317047119e-01 6.989997863769531250e+01
1.147146987915039062e+01 6.255315989255905151e-02 7.159491729736328125e+01
1.078799533843994141e+01 -2.914892733097076416e-01 6.989997863769531250e+01
1.287298583984375000e+01 -3.997047841548919678e-01 7.114933013916015625e+01
1.044659805297851562e+01 -3.997108340263366699e-01 7.158018493652343750e+01
1.181860828399658203e+01 -2.708614766597747803e-01 6.989997863769531250e+01
1.189167022705078125e+01 -1.180020496249198914e-01 7.159494781494140625e+01
8.881905555725097656e+00 -1.760934352874755859e+00 6.990000915527343750e+01
1.403047657012939453e+01 -1.754229545593261719e+00 6.989998626708984375e+01
1.120580959320068359e+01 -2.106579691171646118e-01 7.159487915039062500e+01
1.123631954193115234e+01 -5.002654790878295898e-01 6.989997863769531250e+01
1.230050086975097656e+01 -3.997152149677276611e-01 7.135108947753906250e+01
1.072139644622802734e+01 -3.997134268283843994e-01 7.107144165039062500e+01
1.225701236724853516e+01 -8.833926916122436523e-01 6.989998626708984375e+01
1.162245941162109375e+01 -3.519601225852966309e-01 7.159486389160156250e+01
1.038573455810546875e+01 -1.422107219696044922e+00 6.990834808349609375e+01
1.158454990386962891e+01 4.003334641456604004e-01 7.089855194091796875e+01
1.110678863525390625e+01 -3.997035324573516846e-01 7.132206726074218750e+01
1.159532070159912109e+01 -1.080242872238159180e+00 6.989996337890625000e+01
1.186444187164306641e+01 -3.997029960155487061e-01 7.129743194580078125e+01
1.150724983215332031e+01 4.006514549255371094e-01 7.089534759521484375e+01
1.300686931610107422e+01 -3.184948205947875977e+00 6.989998626708984375e+01
1.145492649078369141e+01 -3.997179865837097168e-01 7.125863647460937500e+01
1.098254108428955078e+01 -2.661386966705322266e+00 6.990600585937500000e+01
1.177877807617187500e+01 -3.996949493885040283e-01 7.097896575927734375e+01
1.137923526763916016e+01 -3.997185528278350830e-01 7.097204589843750000e+01
1.153929710388183594e+01 4.002948999404907227e-01 7.089997863769531250e+01
