1.816752624511718750e+01 -3.997012972831726074e-01 7.089495086669921875e+01
1.807489204406738281e+01 -7.220652580261230469e+00 7.097981262207031250e+01
1.825484275817871094e+01 -4.430056095123291016e+00 6.990001678466796875e+01
1.927923965454101562e+01 -2.829652786254882812e+00 7.234498596191406250e+01
1.254283523559570312e+01 5.496266841888427734e+00 6.990002441406250000e+01
1.973158454895019531e+01 -4.031194686889648438e+00 6.990002441406250000e+01
1.807543563842773438e+01 -7.182895183563232422e+00 7.123751831054687500e+01
1.715860176086425781e+01 -4.170145034790039062e+00 6.895233154296875000e+01
2.213786697387695312e+01 -1.334898471832275391e+00 7.234490966796875000e+01
1.807485771179199219e+01 -7.693472862243652344e+00 7.093320465087890625e+01
1.863310432434082031e+01 -6.381728172302246094e+00 6.990003967285156250e+01
1.862234306335449219e+01 -5.955620288848876953e+00 7.234497833251953125e+01
1.645064353942871094e+01 -5.533103942871093750e+00 6.989997863769531250e+01
2.269266319274902344e+01 -2.778430938720703125e+00 6.990010833740234375e+01
1.807717514038085938e+01 -7.674467086791992188e+00 7.102346801757812500e+01
1.789911079406738281e+01 -5.806105613708496094e+00 6.882360839843750000e+01
1.988799858093261719e+01 -5.767749786376953125e+00 7.234496307373046875e+01
1.816752624511718750e+01 -7.836134433746337891e+00 7.089495086669921875e+01
1.916728210449218750e+01 -6.672587871551513672e+00 6.990006256103515625e+01
1.810047531127929688e+01 -6.700548171997070312e+00 7.234498596191406250e+01
1.733728027343750000e+01 -6.874435901641845703e+00 6.990003967285156250e+01
2.859338378906250000e+01 -4.282255172729492188e-01 7.229773712158203125e+01
1.807485389709472656e+01 -7.760702133178710938e+00 7.095942687988281250e+01
1.839137268066406250e+01 -7.189695835113525391e+00 6.989993286132812500e+01
1.899842262268066406e+01 -6.831665992736816406e+00 7.234497833251953125e+01
1.504899406433105469e+01 -5.971569538116455078e+00 6.990005493164062500e+01
2.031484413146972656e+01 -6.560194969177246094e+00 6.990283966064453125e+01
1.807485580444335938e+01 -7.713640213012695312e+00 7.111637878417968750e+01
1.742156028747558594e+01 -6.773334980010986328e+00 6.882097625732421875e+01
2.092643547058105469e+01 -6.418034076690673828e+00 7.234495544433593750e+01
1.816547775268554688e+01 -7.835227012634277344e+00 7.089549255371093750e+01
1.880732345581054688e+01 -7.359470844268798828e+00 6.989991760253906250e+01
1.841672706604003906e+01 -7.280071735382080078e+00 7.234497833251953125e+01
1.807465934753417969e+01 -7.794606208801269531e+00 7.082302856445312500e+01
2.877270889282226562e+01 -4.327492713928222656e+00 7.001633453369140625e+01
1.815766716003417969e+01 -7.831686019897460938e+00 7.090560913085937500e+01
1.817238044738769531e+01 -7.554098606109619141e+00 6.990003204345703125e+01
1.948291206359863281e+01 -7.325192928314208984e+00 7.234497070312500000e+01
1.786373901367187500e+01 -7.763261318206787109e+00 7.086679840087890625e+01
1.947842025756835938e+01 -7.478918552398681641e+00 6.990003204345703125e+01
1.807485008239746094e+01 -7.734878540039062500e+00 7.140438079833984375e+01
1.800906562805175781e+01 -7.784274578094482422e+00 7.064314270019531250e+01
2.345820045471191406e+01 -6.995250225067138672e+00 7.234490203857421875e+01
1.816745948791503906e+01 -7.836124420166015625e+00 7.089498901367187500e+01
1.853636550903320312e+01 -7.717505455017089844e+00 6.990007019042968750e+01
1.875781822204589844e+01 -7.693216800689697266e+00 7.234498596191406250e+01
1.767457580566406250e+01 -7.797466278076171875e+00 7.066133117675781250e+01
2.139405441284179688e+01 -7.665391445159912109e+00 6.990017700195312500e+01
1.816747474670410156e+01 -7.836131095886230469e+00 7.089504241943359375e+01
1.773940086364746094e+01 -7.815536022186279297e+00 6.890124511718750000e+01
2.020880889892578125e+01 -7.861427307128906250e+00 7.234498596191406250e+01
1.755434608459472656e+01 -7.854867935180664062e+00 7.097136688232421875e+01
1.901434898376464844e+01 -7.902202606201171875e+00 6.990007019042968750e+01
1.816753959655761719e+01 -7.836161136627197266e+00 7.089533233642578125e+01
1.747324943542480469e+01 -7.926428318023681641e+00 7.019043731689453125e+01
2.861227226257324219e+01 -9.005417823791503906e+00 7.142900085449218750e+01
1.816749382019042969e+01 -7.836140155792236328e+00 7.089498138427734375e+01
1.840940093994140625e+01 -8.104449272155761719e+00 6.916130828857421875e+01
1.916597557067871094e+01 -8.143011093139648438e+00 7.234500885009765625e+01
1.740526580810546875e+01 -7.989092826843261719e+00 7.071955871582031250e+01
1.992341613769531250e+01 -8.274188995361328125e+00 6.990013122558593750e+01
1.816750907897949219e+01 -7.836147308349609375e+00 7.089500427246093750e+01
1.728476524353027344e+01 -8.391296386718750000e+00 6.895957946777343750e+01
2.158548355102539062e+01 -8.888624191284179688e+00 7.234502410888671875e+01
1.816749954223632812e+01 -7.836143016815185547e+00 7.089495849609375000e+01
1.816819381713867188e+01 -7.836603641510009766e+00 7.089369201660156250e+01
1.816754722595214844e+01 -7.836164474487304688e+00 7.089503479003906250e+01
1.729044723510742188e+01 -8.231475830078125000e+00 7.032492828369140625e+01
2.413149833679199219e+01 -1.027245235443115234e+01 6.989991760253906250e+01
1.816750907897949219e+01 -7.836146831512451172e+00 7.089497375488281250e+01
1.801418495178222656e+01 -8.734044075012207031e+00 6.892746734619140625e+01
1.816762542724609375e+01 -7.836200237274169922e+00 7.089504241943359375e+01
1.728132247924804688e+01 -8.288394927978515625e+00 7.088630676269531250e+01
1.825171089172363281e+01 -7.897175788879394531e+00 7.081932830810546875e+01
1.816752243041992188e+01 -7.836153507232666016e+00 7.089498138427734375e+01
1.735222434997558594e+01 -8.651943206787109375e+00 6.980976867675781250e+01
1.816763305664062500e+01 -7.836203575134277344e+00 7.089497375488281250e+01
1.816750907897949219e+01 -7.836147308349609375e+00 7.089495849609375000e+01
1.844185256958007812e+01 -8.554228782653808594e+00 6.991279602050781250e+01
1.816754341125488281e+01 -7.836163043975830078e+00 7.089498138427734375e+01
1.730815315246582031e+01 -8.554450988769531250e+00 7.057157135009765625e+01
1.832233238220214844e+01 -7.973748207092285156e+00 7.083280944824218750e+01
1.816751861572265625e+01 -7.836151123046875000e+00 7.089496612548828125e+01
1.781639671325683594e+01 -8.949338912963867188e+00 6.973601531982421875e+01
1.816755676269531250e+01 -7.836168766021728516e+00 7.089496612548828125e+01
1.736841201782226562e+01 -8.676374435424804688e+00 7.106247711181640625e+01
1.846853065490722656e+01 -8.399662017822265625e+00 7.047555541992187500e+01
1.816752815246582031e+01 -7.836155891418457031e+00 7.089496612548828125e+01
1.754221916198730469e+01 -8.856513023376464844e+00 7.035742187500000000e+01
1.844023132324218750e+01 -8.197387695312500000e+00 7.088633728027343750e+01
1.816751861572265625e+01 -7.836151123046875000e+00 7.089495849609375000e+01
1.820468902587890625e+01 -8.858015060424804688e+00 7.023161315917968750e+01
1.816753578186035156e+01 -7.836159229278564453e+00 7.089496612548828125e+01
1.760044097900390625e+01 -8.891268730163574219e+00 7.081301116943359375e+01
1.844767189025878906e+01 -8.531972885131835938e+00 7.070406341552734375e+01
1.816752433776855469e+01 -7.836153984069824219e+00 7.089495849609375000e+01
1.796859931945800781e+01 -8.951498985290527344e+00 7.053981018066406250e+01
1.839612388610839844e+01 -8.657029151916503906e+00 7.097034454345703125e+01
1.796014022827148438e+01 -8.950405120849609375e+00 7.098832702636718750e+01
1.816752624511718750e+01 -8.878155708312988281e+00 7.089495086669921875e+01
