-1.719005966186523438e+01 8.619039535522460938e+00 7.089494323730468750e+01
-1.729251098632812500e+01 8.771141052246093750e+00 7.098880004882812500e+01
-1.717721176147460938e+01 8.591616630554199219e+00 7.074854278564453125e+01
-1.713331413269042969e+01 8.345981597900390625e+00 7.096895599365234375e+01
-1.754370689392089844e+01 8.928695678710937500e+00 7.083238983154296875e+01
-1.562605381011962891e+01 1.189524459838867188e+01 6.990004730224609375e+01
-1.728465270996093750e+01 8.761431694030761719e+00 7.124682617187500000e+01
-1.740222358703613281e+01 8.861345291137695312e+00 7.048643493652343750e+01
-1.325332260131835938e+01 1.453664875030517578e+01 7.233263397216796875e+01
-1.775295066833496094e+01 8.957002639770507812e+00 7.112729644775390625e+01
-1.713751792907714844e+01 8.254571914672851562e+00 7.078266143798828125e+01
-1.713059616088867188e+01 8.336299896240234375e+00 7.108452606201171875e+01
-1.782885169982910156e+01 8.947311401367187500e+00 7.052474975585937500e+01
-1.268439292907714844e+01 1.312637615203857422e+01 6.990438842773437500e+01
-1.767247581481933594e+01 8.953636169433593750e+00 7.158113098144531250e+01
-1.727762794494628906e+01 8.752711296081542969e+00 7.021918487548828125e+01
-1.546962451934814453e+01 1.015877532958984375e+01 7.234492492675781250e+01
-1.806324577331542969e+01 8.851163864135742188e+00 7.093105316162109375e+01
-1.619022178649902344e+01 9.254077911376953125e+00 6.989997100830078125e+01
-1.722242164611816406e+01 8.638524055480957031e+00 7.159480285644531250e+01
-1.791226959228515625e+01 8.926993370056152344e+00 7.002949523925781250e+01
-8.167960166931152344e+00 1.450092792510986328e+01 7.210885620117187500e+01
-1.809542083740234375e+01 8.827370643615722656e+00 7.152487182617187500e+01
-1.713891220092773438e+01 8.238143920898437500e+00 7.066758728027343750e+01
-1.635916328430175781e+01 9.094902992248535156e+00 7.234497070312500000e+01
-1.821433639526367188e+01 8.702848434448242188e+00 7.056816864013671875e+01
-1.504272651672363281e+01 9.366383552551269531e+00 6.990282440185546875e+01
-1.748294448852539062e+01 8.477581977844238281e+00 7.159477996826171875e+01
-1.779246330261230469e+01 8.948698043823242188e+00 6.922010803222656250e+01
-1.443109607696533203e+01 9.508563995361328125e+00 7.234497833251953125e+01
-1.828221511840820312e+01 8.574519157409667969e+00 7.118283081054687500e+01
-1.655030250549316406e+01 8.567068099975585938e+00 6.989997863769531250e+01
-1.694085693359375000e+01 8.646502494812011719e+00 7.234498596191406250e+01
-1.828060340881347656e+01 8.578107833862304688e+00 7.005036163330078125e+01
-5.180474281311035156e+00 1.206371307373046875e+01 6.989997100830078125e+01
-1.783765220642089844e+01 8.382598876953125000e+00 7.159497070312500000e+01
-1.718188667297363281e+01 8.565363883972167969e+00 6.921957397460937500e+01
-1.587465286254882812e+01 8.601385116577148438e+00 7.234498596191406250e+01
-1.832332992553710938e+01 8.362286567687988281e+00 7.078990936279296875e+01
-1.588321018218994141e+01 8.446548461914062500e+00 6.990309143066406250e+01
-1.731738853454589844e+01 8.229551315307617188e+00 7.159484863281250000e+01
-1.831720542907714844e+01 8.459317207336425781e+00 6.910379791259765625e+01
-1.189886093139648438e+01 8.931403160095214844e+00 7.234503936767578125e+01
-1.831441879272460938e+01 8.257834434509277344e+00 7.147194671630859375e+01
-1.682142639160156250e+01 8.208997726440429688e+00 6.990061950683593750e+01
-1.659975814819335938e+01 8.233354568481445312e+00 7.234500122070312500e+01
-1.829220390319824219e+01 8.176889419555664062e+00 7.037261962890625000e+01
-1.396329307556152344e+01 8.261190414428710938e+00 6.990009307861328125e+01
-1.760028457641601562e+01 8.115032196044921875e+00 7.159491729736328125e+01
-1.719005966186523438e+01 8.090435028076171875e+00 7.089494323730468750e+01
-1.514872837066650391e+01 8.065141677856445312e+00 7.234500885009765625e+01
-1.823999786376953125e+01 8.058358192443847656e+00 7.102579498291015625e+01
-1.634326744079589844e+01 8.024369239807128906e+00 6.990009307861328125e+01
-1.713717842102050781e+01 7.987579345703125000e+00 7.234501647949218750e+01
-1.816794204711914062e+01 7.963256835937500000e+00 6.990264129638671875e+01
-1.719005966186523438e+01 8.090435028076171875e+00 7.089494323730468750e+01
-1.803708267211914062e+01 7.944895267486572266e+00 7.159479522705078125e+01
-1.705124092102050781e+01 7.936442852020263672e+00 6.989996337890625000e+01
-1.619159507751464844e+01 7.783554077148437500e+00 7.234502410888671875e+01
-1.810253334045410156e+01 7.907333850860595703e+00 7.068498229980468750e+01
-1.543420028686523438e+01 7.652387619018554688e+00 6.990014648437500000e+01
-1.741712570190429688e+01 7.914671421051025391e+00 7.159487915039062500e+01
-1.769671058654785156e+01 7.771805763244628906e+00 6.978415679931640625e+01
-1.377204895019531250e+01 7.037929058074951172e+00 7.234503936767578125e+01
-1.799398422241210938e+01 7.829145908355712891e+00 7.117967987060546875e+01
-1.666091918945312500e+01 7.718873500823974609e+00 6.989997100830078125e+01
-1.681537628173828125e+01 7.560912132263183594e+00 7.234503936767578125e+01
-1.787301635742187500e+01 7.782594203948974609e+00 7.045108795166015625e+01
-1.122610282897949219e+01 5.654123306274414062e+00 6.989990997314453125e+01
-1.773756980895996094e+01 7.709585189819335938e+00 7.159482574462890625e+01
-1.726760292053222656e+01 7.636375904083251953e+00 6.990001678466796875e+01
-1.563781356811523438e+01 7.066137790679931641e+00 7.234503173828125000e+01
-1.781810569763183594e+01 7.769921302795410156e+00 7.088881683349609375e+01
-1.496143531799316406e+01 6.474484920501708984e+00 6.889298248291015625e+01
-1.733159255981445312e+01 7.260515213012695312e+00 7.234503936767578125e+01
-1.744460868835449219e+01 7.835727214813232422e+00 7.055612945556640625e+01
-9.434474945068359375e+00 3.089506387710571289e+00 7.234497070312500000e+01
-1.792586708068847656e+01 7.511330604553222656e+00 7.135298156738281250e+01
-1.691215705871582031e+01 7.362981319427490234e+00 6.989998626708984375e+01
-1.645481109619140625e+01 6.883811473846435547e+00 7.234503936767578125e+01
-1.755064773559570312e+01 7.789033889770507812e+00 7.075925445556640625e+01
-1.471148300170898438e+01 5.887128829956054688e+00 6.990001678466796875e+01
-1.752584838867187500e+01 7.414866924285888672e+00 7.159464263916015625e+01
-1.749148559570312500e+01 7.134810447692871094e+00 6.990006256103515625e+01
-1.474317359924316406e+01 5.325984954833984375e+00 7.234503936767578125e+01
-1.742097282409667969e+01 7.847637653350830078e+00 7.094335174560546875e+01
-1.648012733459472656e+01 6.761334896087646484e+00 6.990579223632812500e+01
-1.701651573181152344e+01 6.395450115203857422e+00 7.234503936767578125e+01
-1.719047927856445312e+01 8.089749336242675781e+00 7.089458465576171875e+01
-7.680937647819519043e-02 -1.457954311370849609e+01 7.035444641113281250e+01
-1.752583694458007812e+01 7.422790527343750000e+00 7.122262573242187500e+01
-1.713445472717285156e+01 6.561401844024658203e+00 6.990238952636718750e+01
-1.600377273559570312e+01 4.952796936035156250e+00 7.234503936767578125e+01
-2.407610702514648438e+01 -4.721929073333740234e+00 6.989994049072265625e+01
-1.573008155822753906e+01 4.464070320129394531e+00 6.990012359619140625e+01
-1.753118133544921875e+01 4.613364219665527344e+00 7.234504699707031250e+01
-1.774731063842773438e+01 4.965990543365478516e+00 6.990008544921875000e+01
-1.517665576934814453e+01 8.603181242942810059e-01 7.155898284912109375e+01
-1.752192497253417969e+01 6.307353019714355469e+00 7.104436492919921875e+01
-1.719005966186523438e+01 8.603131771087646484e-01 7.089494323730468750e+01
