1.748883056640625000e+01 -7.900958538055419922e+00 7.090010070800781250e+01
1.737179374694824219e+01 -8.041555404663085938e+00 7.100731658935546875e+01
1.751282501220703125e+01 -7.883167743682861328e+00 7.062668609619140625e+01
1.802152442932128906e+01 -6.420239925384521484e+00 7.159490966796875000e+01
1.727831077575683594e+01 -8.320167541503906250e+00 7.086286163330078125e+01
1.792287063598632812e+01 -7.763266563415527344e+00 7.062400054931640625e+01
1.737736320495605469e+01 -8.028475761413574219e+00 7.131475830078125000e+01
1.730878448486328125e+01 -8.164963722229003906e+00 7.055343627929687500e+01
1.810612487792968750e+01 -7.808380603790283203e+00 7.112553405761718750e+01
1.731310844421386719e+01 -8.548646926879882812e+00 7.097263336181640625e+01
1.782685089111328125e+01 -7.763236522674560547e+00 7.017777252197265625e+01
1.770671844482421875e+01 -7.918275833129882812e+00 7.159476470947265625e+01
1.735904502868652344e+01 -8.645077705383300781e+00 7.082489013671875000e+01
1.828724670410156250e+01 -7.926788806915283203e+00 7.072457122802734375e+01
1.728800964355468750e+01 -8.459836006164550781e+00 7.118574523925781250e+01
1.738327980041503906e+01 -8.020893096923828125e+00 7.008557891845703125e+01
1.825621604919433594e+01 -7.896605014801025391e+00 7.154685211181640625e+01
1.748883056640625000e+01 -8.819170951843261719e+00 7.090010070800781250e+01
1.827001190185546875e+01 -7.910006999969482422e+00 7.012271881103515625e+01
1.745670509338378906e+01 -8.275090217590332031e+00 7.159484100341796875e+01
1.741462516784667969e+01 -8.733216285705566406e+00 7.081118011474609375e+01
1.843524169921875000e+01 -8.146715164184570312e+00 7.102743530273437500e+01
1.748823356628417969e+01 -8.818685531616210938e+00 7.090051269531250000e+01
1.785459899902343750e+01 -7.762880802154541016e+00 6.927422332763671875e+01
1.788698577880859375e+01 -8.337841987609863281e+00 7.159493255615234375e+01
1.435408401489257812e+01 -6.944911003112792969e+00 6.990003204345703125e+01
1.846026611328125000e+01 -8.241942405700683594e+00 7.045127105712890625e+01
1.733445167541503906e+01 -8.615106582641601562e+00 7.126898193359375000e+01
1.731281280517578125e+01 -8.568391799926757812e+00 7.041072082519531250e+01
1.847065544128417969e+01 -8.314505577087402344e+00 7.141612243652343750e+01
1.200733852386474609e+01 -6.389568805694580078e+00 7.234500122070312500e+01
1.841794586181640625e+01 -8.126958847045898438e+00 6.945510864257812500e+01
1.760822486877441406e+01 -8.552755355834960938e+00 7.159482574462890625e+01
1.619752120971679688e+01 -8.241719245910644531e+00 6.990003967285156250e+01
1.845619773864746094e+01 -8.499125480651855469e+00 7.081995391845703125e+01
1.615216445922851562e+01 -8.216130256652832031e+00 7.234499359130859375e+01
1.748883056640625000e+01 -8.819170951843261719e+00 7.090010070800781250e+01
1.811747360229492188e+01 -8.574983596801757812e+00 7.159308624267578125e+01
6.699287414550781250e+00 -6.230949401855468750e+00 6.990013122558593750e+01
1.843974113464355469e+01 -8.560050010681152344e+00 7.017839050292968750e+01
1.739531898498535156e+01 -8.717000961303710938e+00 7.141412353515625000e+01
1.685948371887207031e+01 -8.613204002380371094e+00 6.990000915527343750e+01
1.837336730957031250e+01 -8.678585052490234375e+00 7.114251708984375000e+01
1.467327022552490234e+01 -8.399978637695312500e+00 7.234500122070312500e+01
1.748883056640625000e+01 -8.819170951843261719e+00 7.090010070800781250e+01
1.777160835266113281e+01 -8.750706672668457031e+00 7.159474182128906250e+01
1.537865352630615234e+01 -8.653644561767578125e+00 6.990004730224609375e+01
1.830380630493164062e+01 -8.776043891906738281e+00 7.064883422851562500e+01
1.664205360412597656e+01 -8.768398284912109375e+00 7.234497833251953125e+01
1.727410125732421875e+01 -8.808839797973632812e+00 6.990014648437500000e+01
1.824711036682128906e+01 -8.828566551208496094e+00 7.143874359130859375e+01
5.896118640899658203e+00 -9.173345565795898438e+00 7.234487915039062500e+01
1.817733764648437500e+01 -8.872887611389160156e+00 7.009121704101562500e+01
1.754152107238769531e+01 -8.921658515930175781e+00 7.234498596191406250e+01
1.650328445434570312e+01 -8.947345733642578125e+00 6.990002441406250000e+01
1.814598655700683594e+01 -8.892739295959472656e+00 7.093370056152343750e+01
1.574009990692138672e+01 -9.119647026062011719e+00 7.234498596191406250e+01
1.762836265563964844e+01 -8.973955154418945312e+00 6.990000152587890625e+01
1.793058395385742188e+01 -8.954945564270019531e+00 7.154166412353515625e+01
1.314280796051025391e+01 -9.691263198852539062e+00 6.990009307861328125e+01
1.798268508911132812e+01 -8.942376136779785156e+00 7.062030029296875000e+01
1.702010345458984375e+01 -9.181994438171386719e+00 7.234496307373046875e+01
1.703267097473144531e+01 -9.106046676635742188e+00 6.990000915527343750e+01
1.792996788024902344e+01 -8.955010414123535156e+00 7.108725738525390625e+01
1.340944480895996094e+01 -1.014503955841064453e+01 7.234493255615234375e+01
1.756280708312988281e+01 -8.871116638183593750e+00 7.076100158691406250e+01
1.786216354370117188e+01 -9.346784591674804688e+00 7.234496307373046875e+01
1.459249877929687500e+01 -1.012468624114990234e+01 6.901774597167968750e+01
1.779883193969726562e+01 -8.945808410644531250e+00 7.084838104248046875e+01
1.635852622985839844e+01 -9.605413436889648438e+00 7.234496307373046875e+01
1.741088867187500000e+01 -9.275563240051269531e+00 6.990006256103515625e+01
1.759244537353515625e+01 -8.887544631958007812e+00 7.099689483642578125e+01
6.257081985473632812e+00 -1.455112171173095703e+01 7.079051208496093750e+01
1.756779479980468750e+01 -8.876427650451660156e+00 7.082917022705078125e+01
1.734781074523925781e+01 -9.646081924438476562e+00 7.234494018554687500e+01
1.673744201660156250e+01 -9.571027755737304688e+00 6.989998626708984375e+01
1.760116767883300781e+01 -8.891608238220214844e+00 7.092110443115234375e+01
1.516768169403076172e+01 -1.064599227905273438e+01 7.234500885009765625e+01
1.776814079284667969e+01 -9.550312042236328125e+00 6.990010070800781250e+01
1.822141265869140625e+01 -1.002141857147216797e+01 7.234493255615234375e+01
1.483129692077636719e+01 -1.104050350189208984e+01 6.990007781982421875e+01
1.998014259338378906e+01 -1.103379726409912109e+01 6.990005493164062500e+01
1.679543685913085938e+01 -1.021419620513916016e+01 7.234494781494140625e+01
1.718583106994628906e+01 -9.779788017272949219e+00 6.990002441406250000e+01
1.992674446105957031e+01 -1.157348442077636719e+01 7.234487915039062500e+01
1.209780788421630859e+01 -1.448763942718505859e+01 7.203028106689453125e+01
1.820662689208984375e+01 -1.016299533843994141e+01 6.989999389648437500e+01
1.766174125671386719e+01 -1.050798702239990234e+01 7.234491729736328125e+01
1.632540893554687500e+01 -1.071764659881591797e+01 6.989999389648437500e+01
2.182912445068359375e+01 -1.456877136230468750e+01 7.076301574707031250e+01
1.600833702087402344e+01 -1.176292705535888672e+01 7.234491729736328125e+01
1.754486083984375000e+01 -1.035988426208496094e+01 6.989996337890625000e+01
1.867073440551757812e+01 -1.194521808624267578e+01 7.234484100341796875e+01
1.441833496093750000e+01 -1.453221607208251953e+01 7.045642852783203125e+01
1.895663261413574219e+01 -1.246496772766113281e+01 6.989995574951171875e+01
1.714897346496582031e+01 -1.228335475921630859e+01 7.234482574462890625e+01
1.692862701416015625e+01 -1.196016788482666016e+01 6.989997863769531250e+01
1.908177757263183594e+01 -1.453942871093750000e+01 7.142546844482421875e+01
1.643391799926757812e+01 -1.448712444305419922e+01 7.137506103515625000e+01
1.748883056640625000e+01 -1.451531982421875000e+01 7.090010070800781250e+01
