6.558857917785644531e+00 1.463924407958984375e+01 7.089995574951171875e+01
6.558857917785644531e+00 8.603151440620422363e-01 7.089995574951171875e+01
6.733484745025634766e+00 7.672162532806396484e+00 6.891017150878906250e+01
6.558857917785644531e+00 8.603151440620422363e-01 7.089995574951171875e+01
9.557979702949523926e-01 1.414144325256347656e+01 6.990885162353515625e+01
8.130844116210937500e+00 4.684539318084716797e+00 6.989998626708984375e+01
6.558857917785644531e+00 8.603151440620422363e-01 7.089995574951171875e+01
6.039501667022705078e+00 2.747428655624389648e+00 6.989996337890625000e+01
6.558857917785644531e+00 8.603151440620422363e-01 7.089995574951171875e+01
6.558857917785644531e+00 8.603151440620422363e-01 7.089995574951171875e+01
7.026819705963134766e+00 2.322170019149780273e+00 6.989994812011718750e+01
6.558857917785644531e+00 8.603151440620422363e-01 7.089995574951171875e+01
4.833312988281250000e+00 3.174964427947998047e+00 6.989996337890625000e+01
1.110676574707031250e+01 5.943468570709228516e+00 6.990010833740234375e+01
6.558857917785644531e+00 8.603151440620422363e-01 7.089995574951171875e+01
6.429274559020996094e+00 1.840356826782226562e+00 6.989997100830078125e+01
6.558857917785644531e+00 8.603151440620422363e-01 7.089995574951171875e+01
6.558857917785644531e+00 8.603151440620422363e-01 7.089995574951171875e+01
7.563756942749023438e+00 2.029848337173461914e+00 6.989994812011718750e+01
6.558857917785644531e+00 8.603151440620422363e-01 7.089995574951171875e+01
5.724390506744384766e+00 1.826904416084289551e+00 6.989998626708984375e+01
6.558857917785644531e+00 8.603151440620422363e-01 7.089995574951171875e+01
6.558857917785644531e+00 8.603151440620422363e-01 7.089995574951171875e+01
6.783823490142822266e+00 1.509986281394958496e+00 6.989996337890625000e+01
6.558857917785644531e+00 8.603151440620422363e-01 7.089995574951171875e+01
3.424432039260864258e+00 2.734383106231689453e+00 6.989998626708984375e+01
8.723284721374511719e+00 2.146421194076538086e+00 6.989993286132812500e+01
6.558857917785644531e+00 8.603151440620422363e-01 7.089995574951171875e+01
6.199186801910400391e+00 1.372749447822570801e+00 6.989997863769531250e+01
6.558857917785644531e+00 8.603151440620422363e-01 7.089995574951171875e+01
6.558857917785644531e+00 8.603151440620422363e-01 7.089995574951171875e+01
7.201849460601806641e+00 1.339358329772949219e+00 6.989995574951171875e+01
6.558857917785644531e+00 8.603151440620422363e-01 7.089995574951171875e+01
5.267685890197753906e+00 1.437705516815185547e+00 6.990000152587890625e+01
1.862883186340332031e+01 4.853572368621826172e+00 6.989998626708984375e+01
6.558857917785644531e+00 8.603151440620422363e-01 7.089995574951171875e+01
6.563735961914062500e+00 1.143787622451782227e+00 6.989997100830078125e+01
6.558857917785644531e+00 8.603151440620422363e-01 7.089995574951171875e+01
-4.230603218078613281e+00 3.448516845703125000e+00 6.989999389648437500e+01
7.876448631286621094e+00 1.219355821609497070e+00 6.989994812011718750e+01
6.558857917785644531e+00 8.603151440620422363e-01 7.089995574951171875e+01
5.929592132568359375e+00 1.066255450248718262e+00 6.989998626708984375e+01
6.558857917785644531e+00 8.603151440620422363e-01 7.089995574951171875e+01
6.558857917785644531e+00 8.603151440620422363e-01 7.089995574951171875e+01
6.928892135620117188e+00 9.793285727500915527e-01 6.990185546875000000e+01
6.558857917785644531e+00 8.603151440620422363e-01 7.089995574951171875e+01
4.448937416076660156e+00 1.025821328163146973e+00 6.990002441406250000e+01
9.802350997924804688e+00 1.031955957412719727e+00 6.989995574951171875e+01
6.558857917785644531e+00 8.603151440620422363e-01 7.089995574951171875e+01
6.344124317169189453e+00 8.706467151641845703e-01 6.989997863769531250e+01
7.537253379821777344e+00 8.481920957565307617e-01 7.159496307373046875e+01
9.826564788818359375e-01 6.899538636207580566e-01 7.159490966796875000e+01
7.410033702850341797e+00 7.939071655273437500e-01 6.989995574951171875e+01
6.584200382232666016e+00 8.110219836235046387e-01 7.159489440917968750e+01
5.573431968688964844e+00 7.321559786796569824e-01 6.990000152587890625e+01
1.013204002380371094e+01 4.602993726730346680e-01 7.108265686035156250e+01
5.717844009399414062e+00 7.158077359199523926e-01 7.159484100341796875e+01
6.698374271392822266e+00 7.055479884147644043e-01 6.989997100830078125e+01
7.037413120269775391e+00 7.132297754287719727e-01 7.159496307373046875e+01
2.239228010177612305e+00 -6.481027696281671524e-03 6.990602111816406250e+01
8.319176673889160156e+00 4.211553633213043213e-01 6.990262603759765625e+01
6.333406925201416016e+00 6.858025789260864258e-01 7.159490966796875000e+01
6.102754116058349609e+00 5.734747052192687988e-01 6.989998626708984375e+01
7.857868194580078125e+00 4.603115618228912354e-01 7.145106506347656250e+01
5.328126907348632812e+00 4.603069722652435303e-01 7.133585357666015625e+01
7.090666770935058594e+00 4.868798255920410156e-01 6.989996337890625000e+01
6.738440036773681641e+00 6.065201759338378906e-01 7.159497070312500000e+01
5.020276069641113281e+00 1.668025702238082886e-01 6.990001678466796875e+01
1.250787544250488281e+01 -1.569893717765808105e+00 6.990741729736328125e+01
6.015229701995849609e+00 4.821660816669464111e-01 7.159487152099609375e+01
6.480921745300292969e+00 4.039521515369415283e-01 6.989997863769531250e+01
7.165030002593994141e+00 4.603140354156494141e-01 7.146623229980468750e+01
6.558857917785644531e+00 8.603151440620422363e-01 7.089995574951171875e+01
7.672060966491699219e+00 5.314433947205543518e-02 6.989997100830078125e+01
6.491023063659667969e+00 4.625442028045654297e-01 7.159497070312500000e+01
5.809834003448486328e+00 1.108254864811897278e-01 6.990299224853515625e+01
7.179187297821044922e+00 4.603166580200195312e-01 7.101593780517578125e+01
6.050601005554199219e+00 4.603000283241271973e-01 7.121634674072265625e+01
6.838163375854492188e+00 1.291878521442413330e-01 6.989997100830078125e+01
6.802594661712646484e+00 4.603167474269866943e-01 7.138066864013671875e+01
3.901608705520629883e+00 -1.360779643058776855e+00 6.990003967285156250e+01
9.049944877624511719e+00 -1.354112148284912109e+00 6.990000152587890625e+01
6.360042572021484375e+00 4.603216946125030518e-01 7.131423187255859375e+01
6.255890846252441406e+00 -1.001963391900062561e-01 6.989998626708984375e+01
6.908219814300537109e+00 4.656119048595428467e-01 7.110699462890625000e+01
6.178445816040039062e+00 4.603252410888671875e-01 7.097970581054687500e+01
7.276554107666015625e+00 -4.833221137523651123e-01 6.989998626708984375e+01
6.599811553955078125e+00 4.603252708911895752e-01 7.124215698242187500e+01
5.395621776580810547e+00 -1.037856698036193848e+00 6.990000915527343750e+01
1.816409683227539062e+01 -1.451318073272705078e+01 7.053342437744140625e+01
6.357695579528808594e+00 4.603316783905029297e-01 7.109626770019531250e+01
6.614879131317138672e+00 -6.801351904869079590e-01 6.989999389648437500e+01
6.710087299346923828e+00 4.603243470191955566e-01 7.108481597900390625e+01
-3.609199523925781250e-01 -1.201480865478515625e+01 6.990007781982421875e+01
8.026321411132812500e+00 -2.784641981124877930e+00 6.990003967285156250e+01
6.519617080688476562e+00 4.603305757045745850e-01 7.106676483154296875e+01
5.998765945434570312e+00 -2.280054092407226562e+00 6.990003204345703125e+01
6.670244216918945312e+00 4.603279531002044678e-01 7.093669128417968750e+01
6.484414100646972656e+00 4.603337943553924561e-01 7.093347167968750000e+01
6.558857917785644531e+00 4.603320062160491943e-01 7.089995574951171875e+01
