2.567420768737792969e+01 -5.033281326293945312e+00 7.089995574951171875e+01
2.565245056152343750e+01 -5.011518478393554688e+00 7.091988372802734375e+01
2.576197433471679688e+01 -1.732511758804321289e+00 6.989990997314453125e+01
2.569652175903320312e+01 -5.055593013763427734e+00 7.092906188964843750e+01
2.006055450439453125e+01 8.150155067443847656e+00 6.990698242187500000e+01
2.724601936340332031e+01 -1.332280874252319336e+00 6.990010070800781250e+01
2.565405464172363281e+01 -5.013123035430908203e+00 7.097492218017578125e+01
2.515486717224121094e+01 -3.269026517868041992e+00 6.990000152587890625e+01
2.572076797485351562e+01 -5.079840660095214844e+00 7.091696166992187500e+01
2.544660377502441406e+01 -4.805686950683593750e+00 7.099390411376953125e+01
2.656059837341308594e+01 -2.387103557586669922e+00 6.900579071044921875e+01
2.569812393188476562e+01 -5.057195663452148438e+00 7.097620391845703125e+01
2.394889259338378906e+01 -2.841739654541015625e+00 6.990010070800781250e+01
2.891873359680175781e+01 -1.529704332351684570e+00 7.018665313720703125e+01
2.551864051818847656e+01 -4.877720355987548828e+00 7.112123107910156250e+01
2.554462814331054688e+01 -4.176075458526611328e+00 6.990000152587890625e+01
2.572996902465820312e+01 -5.089043140411376953e+00 7.094695281982421875e+01
1.929641723632812500e+01 4.003164172172546387e-01 7.116369628906250000e+01
2.792639923095703125e+01 -2.534909963607788086e+00 6.865872192382812500e+01
2.566650199890136719e+01 -5.025572299957275391e+00 7.106660461425781250e+01
2.483981132507324219e+01 -4.189573764801025391e+00 6.990007019042968750e+01
2.574599838256835938e+01 -5.105071544647216797e+00 7.090961456298828125e+01
2.467559051513671875e+01 -4.343237876892089844e+00 7.159476470947265625e+01
2.589917945861816406e+01 -4.506392955780029297e+00 6.989993286132812500e+01
2.572980117797851562e+01 -5.088874816894531250e+00 7.099697113037109375e+01
2.254020118713378906e+01 -3.282263755798339844e+00 6.990012359619140625e+01
2.783841133117675781e+01 -3.870107173919677734e+00 6.990003967285156250e+01
2.538341331481933594e+01 -4.771697044372558594e+00 7.159479522705078125e+01
2.531458854675292969e+01 -4.643720626831054688e+00 6.990012359619140625e+01
2.575531578063964844e+01 -5.114390850067138672e+00 7.094258117675781250e+01
2.386260414123535156e+01 -4.353110313415527344e+00 7.137748718261718750e+01
2.631461143493652344e+01 -4.678965091705322266e+00 6.990397644042968750e+01
2.571220970153808594e+01 -5.071283817291259766e+00 7.112107849121093750e+01
2.438317680358886719e+01 -4.578752994537353516e+00 6.990010833740234375e+01
2.877772331237792969e+01 -4.129306793212890625e+00 7.064283752441406250e+01
2.503141403198242188e+01 -4.866082668304443359e+00 7.159479522705078125e+01
2.567908477783203125e+01 -4.872626781463623047e+00 6.990003967285156250e+01
2.576264953613281250e+01 -5.121726512908935547e+00 7.099745178222656250e+01
1.488465690612792969e+01 -2.567857503890991211e+00 6.989998626708984375e+01
2.698806762695312500e+01 -4.798056602478027344e+00 6.990278625488281250e+01
2.554819488525390625e+01 -5.018402099609375000e+00 7.159262847900390625e+01
2.504794120788574219e+01 -4.951121807098388672e+00 6.990475463867187500e+01
2.578016281127929688e+01 -5.139240264892578125e+00 7.092899322509765625e+01
2.448912620544433594e+01 -4.979640960693359375e+00 7.150811767578125000e+01
2.604493522644042969e+01 -5.036844253540039062e+00 6.989997863769531250e+01
2.577306747436523438e+01 -5.132145404815673828e+00 7.114279937744140625e+01
2.356445693969726562e+01 -4.990587711334228516e+00 6.990010833740234375e+01
2.878384399414062500e+01 -4.991523265838623047e+00 6.994122314453125000e+01
2.526693153381347656e+01 -5.131660461425781250e+00 7.159490203857421875e+01
2.545948028564453125e+01 -5.145749568939208984e+00 6.990000152587890625e+01
2.579854393005371094e+01 -5.157621383666992188e+00 7.098828125000000000e+01
2.469546508789062500e+01 -5.185982704162597656e+00 7.102193450927734375e+01
2.652537536621093750e+01 -5.222487926483154297e+00 6.989997100830078125e+01
2.569954681396484375e+01 -5.205365657806396484e+00 7.159477996826171875e+01
2.468894004821777344e+01 -5.284219264984130859e+00 6.990016174316406250e+01
2.581248283386230469e+01 -5.171560287475585938e+00 7.090702819824218750e+01
2.483311271667480469e+01 -5.300602436065673828e+00 7.159490966796875000e+01
2.581370544433593750e+01 -5.310827255249023438e+00 6.990010833740234375e+01
2.585148429870605469e+01 -5.210566997528076172e+00 7.115741729736328125e+01
2.132863616943359375e+01 -6.028082370758056641e+00 6.990004730224609375e+01
2.743898391723632812e+01 -5.596352100372314453e+00 6.990010833740234375e+01
2.544900321960449219e+01 -5.330402374267578125e+00 7.159415435791015625e+01
2.521817970275878906e+01 -5.442873954772949219e+00 6.990015411376953125e+01
2.585163497924804688e+01 -5.210715770721435547e+00 7.097522735595703125e+01
2.491299438476562500e+01 -5.403487682342529297e+00 7.116956329345703125e+01
2.602635002136230469e+01 -5.403354644775390625e+00 7.023780059814453125e+01
2.585375213623046875e+01 -5.409821510314941406e+00 7.159482574462890625e+01
2.413567924499511719e+01 -5.849568843841552734e+00 6.990005493164062500e+01
2.865358161926269531e+01 -6.373172760009765625e+00 7.040287017822265625e+01
2.513058090209960938e+01 -5.534228801727294922e+00 7.159487152099609375e+01
2.559627914428710938e+01 -5.612396717071533203e+00 6.990008544921875000e+01
2.603519821166992188e+01 -5.394291400909423828e+00 7.123719024658203125e+01
7.307042121887207031e+00 -1.452948188781738281e+01 7.072074890136718750e+01
2.601735115051269531e+01 -5.404890537261962891e+00 7.059171295166015625e+01
2.560676765441894531e+01 -5.551538467407226562e+00 7.159092712402343750e+01
2.492296028137207031e+01 -5.907794475555419922e+00 6.990003204345703125e+01
2.600019836425781250e+01 -5.366285324096679688e+00 7.096090698242187500e+01
2.510980415344238281e+01 -5.600285530090332031e+00 7.125129699707031250e+01
2.579460716247558594e+01 -5.471243858337402344e+00 7.046889495849609375e+01
2.602657699584960938e+01 -5.734357357025146484e+00 7.159491729736328125e+01
2.301725006103515625e+01 -7.376932144165039062e+00 6.990015411376953125e+01
2.596439170837402344e+01 -5.414036750793457031e+00 7.078347015380859375e+01
2.534068298339843750e+01 -5.827094554901123047e+00 7.159493255615234375e+01
2.537121391296386719e+01 -6.116676330566406250e+00 6.989990234375000000e+01
2.662652397155761719e+01 -6.231991767883300781e+00 7.146432495117187500e+01
2.518266487121582031e+01 -5.672920227050781250e+00 7.100300598144531250e+01
2.583338356018066406e+01 -5.454083442687988281e+00 7.067817687988281250e+01
2.575736045837402344e+01 -5.968224048614501953e+00 7.159476470947265625e+01
2.451102447509765625e+01 -7.054164886474609375e+00 6.990005493164062500e+01
2.588269233703613281e+01 -5.432260990142822266e+00 7.089337158203125000e+01
2.533669853210449219e+01 -5.827171325683593750e+00 7.122933197021484375e+01
2.568831443786621094e+01 -5.543987751007080078e+00 7.064814758300781250e+01
2.621335601806640625e+01 -6.582088470458984375e+00 7.155899810791015625e+01
2.061639976501464844e+01 -1.456677436828613281e+01 7.016912841796875000e+01
2.580011558532714844e+01 -5.468816280364990234e+00 7.081416320800781250e+01
2.556245994567871094e+01 -6.295130252838134766e+00 7.137499237060546875e+01
2.558483886718750000e+01 -5.657156944274902344e+00 7.074040985107421875e+01
2.607563400268554688e+01 -6.597600460052490234e+00 7.103234863281250000e+01
2.549228286743164062e+01 -6.133547306060791016e+00 7.098186492919921875e+01
2.567420768737792969e+01 -5.390443801879882812e+00 7.089995574951171875e+01
