-1.749775886535644531e+01 -7.808332920074462891e+00 7.090010070800781250e+01
-1.792585563659667969e+01 -6.065262794494628906e+00 7.129227447509765625e+01
-1.746988677978515625e+01 -7.822422981262207031e+00 7.058251953125000000e+01
-1.728565788269042969e+01 -7.954455852508544922e+00 7.117675018310546875e+01
-1.796089935302734375e+01 -7.811830520629882812e+00 7.081817626953125000e+01
-1.717651367187500000e+01 -8.128126144409179688e+00 7.069574737548828125e+01
-1.768452453613281250e+01 -7.584815979003906250e+00 7.159485626220703125e+01
-1.781197547912597656e+01 -7.767905235290527344e+00 7.029509735107421875e+01
-1.713264465332031250e+01 -8.311776161193847656e+00 7.103343963623046875e+01
-1.813560295104980469e+01 -7.927674293518066406e+00 7.116339111328125000e+01
-1.722076797485351562e+01 -8.044342041015625000e+00 7.030818176269531250e+01
-1.727983093261718750e+01 -8.008577346801757812e+00 7.159488677978515625e+01
-1.818902969360351562e+01 -7.982357978820800781e+00 7.049949645996093750e+01
-1.715824508666992188e+01 -8.530158996582031250e+00 7.082546234130859375e+01
-1.798157882690429688e+01 -8.043918609619140625e+00 7.158828735351562500e+01
-1.764801597595214844e+01 -7.773232936859130859e+00 6.974057769775390625e+01
-1.714319229125976562e+01 -8.483363151550292969e+00 7.119892883300781250e+01
-1.830333709716796875e+01 -8.207802772521972656e+00 7.093341064453125000e+01
-1.714611053466796875e+01 -8.500370025634765625e+00 7.055016326904296875e+01
-1.752988624572753906e+01 -8.365511894226074219e+00 7.159488677978515625e+01
-1.823700523376464844e+01 -8.053339004516601562e+00 7.001423645019531250e+01
-1.728172492980957031e+01 -8.756131172180175781e+00 7.092916870117187500e+01
-1.831343650817871094e+01 -8.245695114135742188e+00 7.146762847900390625e+01
-1.720518684387207031e+01 -8.064718246459960938e+00 6.959958648681640625e+01
-1.714267349243164062e+01 -8.480369567871093750e+00 7.151976776123046875e+01
-1.831970214843750000e+01 -8.418192863464355469e+00 7.063787841796875000e+01
-1.734786796569824219e+01 -8.820565223693847656e+00 7.083084869384765625e+01
-1.778849029541015625e+01 -8.525330543518066406e+00 7.159478759765625000e+01
-1.816295433044433594e+01 -7.961906433105468750e+00 6.905068969726562500e+01
-1.743613815307617188e+01 -8.877957344055175781e+00 7.093248748779296875e+01
-1.828901100158691406e+01 -8.558917999267578125e+00 7.110867309570312500e+01
-1.726446342468261719e+01 -8.735820770263671875e+00 7.053727722167968750e+01
-1.737861633300781250e+01 -8.643779754638671875e+00 7.159335327148437500e+01
-1.828490638732910156e+01 -8.557631492614746094e+00 7.029048919677734375e+01
-5.425560951232910156e+00 -4.915637969970703125e+00 6.989994049072265625e+01
-1.814048385620117188e+01 -8.619663238525390625e+00 7.159486389160156250e+01
-1.749775886535644531e+01 -8.909630775451660156e+00 7.090010070800781250e+01
-1.618714332580566406e+01 -8.400542259216308594e+00 7.234486389160156250e+01
-1.817881011962890625e+01 -8.746258735656738281e+00 7.083698272705078125e+01
-1.618007278442382812e+01 -8.550563812255859375e+00 6.990002441406250000e+01
-1.762415313720703125e+01 -8.771533966064453125e+00 7.159487915039062500e+01
-1.823903656005859375e+01 -8.667032241821289062e+00 6.972213745117187500e+01
-1.222610282897949219e+01 -8.071768760681152344e+00 7.234484100341796875e+01
-1.810580635070800781e+01 -8.819102287292480469e+00 7.121214294433593750e+01
-1.712698936462402344e+01 -8.790380477905273438e+00 6.990000915527343750e+01
-1.690961074829101562e+01 -8.767231941223144531e+00 7.234487152099609375e+01
-1.804101562500000000e+01 -8.867016792297363281e+00 7.064263916015625000e+01
-1.425436401367187500e+01 -8.737995147705078125e+00 6.990013122558593750e+01
-1.790485763549804688e+01 -8.885221481323242188e+00 7.159474182128906250e+01
-1.791933059692382812e+01 -8.889347076416015625e+00 6.893691253662109375e+01
-1.546383285522460938e+01 -8.934832572937011719e+00 7.234490966796875000e+01
-1.792167663574218750e+01 -8.922581672668457031e+00 7.095293426513671875e+01
-1.664639282226562500e+01 -8.976053237915039062e+00 6.989987945556640625e+01
-1.744507217407226562e+01 -9.012110710144042969e+00 7.234487915039062500e+01
-1.780554199218750000e+01 -8.949659347534179688e+00 7.058777618408203125e+01
-1.749775886535644531e+01 -8.909630775451660156e+00 7.090010070800781250e+01
-1.776269912719726562e+01 -8.955154418945312500e+00 7.111900329589843750e+01
-1.735824012756347656e+01 -9.064400672912597656e+00 6.990010070800781250e+01
-1.650296211242675781e+01 -9.215384483337402344e+00 7.234485626220703125e+01
-1.771910095214843750e+01 -8.954046249389648438e+00 7.084916687011718750e+01
-1.573252964019775391e+01 -9.350015640258789062e+00 6.989999389648437500e+01
-1.796646118164062500e+01 -9.272435188293457031e+00 7.234488677978515625e+01
-1.750013923645019531e+01 -8.911127090454101562e+00 7.089488220214843750e+01
-1.409219837188720703e+01 -9.958303451538085938e+00 7.234490966796875000e+01
-1.760448646545410156e+01 -8.944318771362304688e+00 7.093790435791015625e+01
-1.696617126464843750e+01 -9.282910346984863281e+00 6.990052795410156250e+01
-1.712445640563964844e+01 -9.437200546264648438e+00 7.234484100341796875e+01
-1.750582885742187500e+01 -8.913268089294433594e+00 7.089485931396484375e+01
-1.153718471527099609e+01 -1.134456062316894531e+01 6.990563201904296875e+01
-1.862800216674804688e+01 -9.695830345153808594e+00 7.234488677978515625e+01
-1.749811363220214844e+01 -8.911709785461425781e+00 7.089554595947265625e+01
-1.595114994049072266e+01 -9.930208206176757812e+00 7.234492492675781250e+01
-1.750232505798339844e+01 -8.911960601806640625e+00 7.090005493164062500e+01
-1.638437652587890625e+01 -9.716931343078613281e+00 6.989995574951171875e+01
-1.763876914978027344e+01 -9.736488342285156250e+00 7.234484863281250000e+01
-1.750112724304199219e+01 -8.913002014160156250e+00 7.089561462402343750e+01
-9.769931793212890625e+00 -1.389266109466552734e+01 7.234494018554687500e+01
-1.980616950988769531e+01 -1.072642612457275391e+01 7.233708190917968750e+01
-1.721840858459472656e+01 -9.640874862670898438e+00 6.989995574951171875e+01
-1.676520347595214844e+01 -1.011183357238769531e+01 7.234487915039062500e+01
-1.750427055358886719e+01 -8.915073394775390625e+00 7.089765167236328125e+01
-1.500660324096679688e+01 -1.112411880493164062e+01 6.990012359619140625e+01
-1.819109725952148438e+01 -1.030454826354980469e+01 7.234484100341796875e+01
-1.749875259399414062e+01 -8.912779808044433594e+00 7.089682006835937500e+01
-1.505956554412841797e+01 -1.166425991058349609e+01 7.234503936767578125e+01
-2.285883331298828125e+01 -1.454660987854003906e+01 7.202400207519531250e+01
-1.677994918823242188e+01 -1.025347995758056641e+01 6.989997100830078125e+01
-1.732485389709472656e+01 -1.059838962554931641e+01 7.234487152099609375e+01
-1.749997329711914062e+01 -8.913244247436523438e+00 7.089819335937500000e+01
-1.322311019897460938e+01 -1.457227134704589844e+01 7.076509094238281250e+01
-1.897820854187011719e+01 -1.185329627990722656e+01 7.234487152099609375e+01
-1.749766349792480469e+01 -8.912243843078613281e+00 7.089840698242187500e+01
-1.631569862365722656e+01 -1.203609371185302734e+01 7.234503173828125000e+01
-1.749816703796386719e+01 -8.910388946533203125e+00 7.090003967285156250e+01
-1.603014564514160156e+01 -1.255496311187744141e+01 6.990007781982421875e+01
-1.783765411376953125e+01 -1.237419128417968750e+01 7.234498596191406250e+01
-1.749811363220214844e+01 -8.911616325378417969e+00 7.089946746826171875e+01
-1.589301681518554688e+01 -1.467224693298339844e+01 7.142935943603515625e+01
-1.855895233154296875e+01 -1.461133098602294922e+01 7.137789154052734375e+01
-1.749775886535644531e+01 -1.461675071716308594e+01 7.090010070800781250e+01
