1.745416259765625000e+01 6.412855982780456543e-01 7.090002441406250000e+01
1.739396095275878906e+01 8.602991104125976562e-01 7.095517730712890625e+01
1.754191970825195312e+01 3.883517265319824219e+00 6.990007781982421875e+01
1.754298400878906250e+01 8.602982163429260254e-01 7.101587677001953125e+01
1.182902145385742188e+01 1.379377174377441406e+01 6.990501403808593750e+01
1.902614212036132812e+01 4.284512996673583984e+00 6.990006256103515625e+01
1.739777374267578125e+01 8.602972030639648438e-01 7.110978698730468750e+01
1.693481063842773438e+01 2.347404718399047852e+00 6.990003967285156250e+01
1.807486534118652344e+01 1.476673245429992676e+00 7.112670135498046875e+01
1.719433975219726562e+01 8.602986335754394531e-01 7.100727844238281250e+01
1.792213249206542969e+01 1.922181487083435059e+00 6.990000152587890625e+01
1.755090332031250000e+01 8.602958321571350098e-01 7.120845031738281250e+01
1.572869682312011719e+01 2.774845600128173828e+00 6.990008544921875000e+01
2.200311088562011719e+01 5.544619560241699219e+00 6.989994812011718750e+01
1.723061752319335938e+01 8.602992296218872070e-01 7.121799468994140625e+01
1.732457351684570312e+01 1.440392732620239258e+00 6.989998626708984375e+01
1.807485771179199219e+01 1.206515550613403320e+00 7.142314910888671875e+01
1.699503326416015625e+01 8.603010177612304688e-01 7.091901397705078125e+01
1.845907020568847656e+01 1.629845976829528809e+00 6.990000915527343750e+01
1.743054580688476562e+01 8.602957725524902344e-01 7.141077423095703125e+01
1.661965751647949219e+01 1.426936268806457520e+00 6.990000915527343750e+01
1.807486724853515625e+01 9.013345241546630859e-01 7.098353576660156250e+01
1.696273994445800781e+01 8.603062629699707031e-01 7.124194335937500000e+01
1.767913627624511719e+01 1.109999418258666992e+00 6.989999389648437500e+01
1.785227012634277344e+01 9.415748715400695801e-01 7.159477233886718750e+01
1.431944274902343750e+01 2.334546804428100586e+00 6.989996337890625000e+01
1.961688041687011719e+01 1.745393276214599609e+00 6.990079498291015625e+01
1.716338729858398438e+01 8.446608781814575195e-01 7.159481811523437500e+01
1.709446716308593750e+01 9.727718234062194824e-01 6.989997863769531250e+01
1.807487678527832031e+01 7.793551683425903320e-01 7.122625732421875000e+01
1.655170059204101562e+01 8.603081703186035156e-01 7.113790893554687500e+01
1.809717178344726562e+01 9.393602609634399414e-01 6.989999389648437500e+01
1.757357597351074219e+01 7.267583608627319336e-01 7.159485626220703125e+01
1.501686573028564453e+01 1.550221443176269531e+00 6.901244354248046875e+01
2.882909774780273438e+01 4.223612308502197266e+00 6.995763397216796875e+01
1.681142044067382812e+01 7.502778172492980957e-01 7.159481048583984375e+01
1.745904159545898438e+01 7.437911629676818848e-01 6.989998626708984375e+01
1.807484436035156250e+01 7.013975977897644043e-01 7.158423614501953125e+01
6.663515090942382812e+00 3.048789501190185547e+00 6.989994812011718750e+01
1.877177238464355469e+01 8.193489909172058105e-01 6.990000915527343750e+01
1.732776832580566406e+01 5.983986258506774902e-01 7.159479522705078125e+01
1.682631683349609375e+01 6.657786369323730469e-01 6.990231323242187500e+01
1.807488632202148438e+01 5.589593648910522461e-01 7.107013702392578125e+01
1.610027122497558594e+01 6.618759632110595703e-01 7.159481811523437500e+01
1.782491302490234375e+01 5.795469284057617188e-01 6.989998626708984375e+01
1.773703575134277344e+01 5.287905931472778320e-01 7.159489440917968750e+01
1.534396743774414062e+01 6.258309483528137207e-01 6.989996337890625000e+01
2.069757652282714844e+01 6.319397687911987305e-01 6.990004730224609375e+01
1.704694366455078125e+01 4.847199022769927979e-01 7.159487152099609375e+01
1.723942184448242188e+01 4.706351161003112793e-01 6.990001678466796875e+01
1.746685791015625000e+01 4.601458907127380371e-01 7.090904235839843750e+01
1.187855529785156250e+01 2.899601161479949951e-01 7.159490203857421875e+01
1.830511856079101562e+01 3.939124345779418945e-01 6.990028381347656250e+01
1.745416259765625000e+01 4.603032171726226807e-01 7.090002441406250000e+01
1.646863746643066406e+01 3.321310877799987793e-01 6.989997100830078125e+01
1.745897865295410156e+01 4.597640037536621094e-01 7.090026855468750000e+01
1.661318206787109375e+01 3.158016800880432129e-01 7.159488677978515625e+01
1.759350013732910156e+01 3.057336211204528809e-01 6.990131378173828125e+01
1.793257141113281250e+01 3.132629990577697754e-01 7.159481811523437500e+01
1.313379383087158203e+01 -4.066412448883056641e-01 6.990591430664062500e+01
1.921922874450683594e+01 1.995933614671230316e-02 6.990000915527343750e+01
1.722872924804687500e+01 2.858036458492279053e-01 7.159492492675781250e+01
1.699802207946777344e+01 1.734393239021301270e-01 6.989997863769531250e+01
1.745942497253417969e+01 4.586828351020812988e-01 7.090225982666015625e+01
1.549245452880859375e+01 -1.772846877574920654e-01 7.159481811523437500e+01
1.798599433898925781e+01 8.685177564620971680e-02 6.989999389648437500e+01
1.763370895385742188e+01 2.065597772598266602e-01 7.159489440917968750e+01
1.591539669036865234e+01 -2.332922369241714478e-01 6.989996337890625000e+01
2.344759559631347656e+01 -1.988049745559692383e+00 6.990007019042968750e+01
1.691057395935058594e+01 8.218096196651458740e-02 7.159489440917968750e+01
1.737622070312500000e+01 3.909668419510126114e-03 6.989997863769531250e+01
1.819799041748046875e+01 -3.053376823663711548e-02 7.159490203857421875e+01
1.733662223815917969e+01 4.003185927867889404e-01 7.089888000488281250e+01
1.856739616394042969e+01 -3.468896746635437012e-01 6.990000915527343750e+01
1.738633728027343750e+01 6.258485466241836548e-02 7.159494781494140625e+01
1.670282936096191406e+01 -2.914970815181732178e-01 6.989998626708984375e+01
1.878789520263671875e+01 -3.997099399566650391e-01 7.114938354492187500e+01
1.636144065856933594e+01 -3.997052013874053955e-01 7.158023834228515625e+01
1.773348045349121094e+01 -2.708566784858703613e-01 6.989999389648437500e+01
1.780653953552246094e+01 -1.179839670658111572e-01 7.159499359130859375e+01
1.479659175872802734e+01 -1.761060237884521484e+00 6.989999389648437500e+01
1.994515800476074219e+01 -1.754041790962219238e+00 6.990010833740234375e+01
1.712067794799804688e+01 -2.106300443410873413e-01 7.159491729736328125e+01
1.715118026733398438e+01 -5.002574920654296875e-01 6.990000152587890625e+01
1.821538162231445312e+01 -3.997094631195068359e-01 7.135114288330078125e+01
1.663626098632812500e+01 -3.996914029121398926e-01 7.107148742675781250e+01
1.817186737060546875e+01 -8.833506107330322266e-01 6.990003967285156250e+01
1.753732872009277344e+01 -3.519763052463531494e-01 7.159494781494140625e+01
1.629078674316406250e+01 -1.438097834587097168e+00 6.989995574951171875e+01
1.749942970275878906e+01 4.003380835056304932e-01 7.089859771728515625e+01
1.702164649963378906e+01 -3.996927142143249512e-01 7.132211303710937500e+01
1.751018524169921875e+01 -1.080205678939819336e+00 6.990002441406250000e+01
1.777932167053222656e+01 -3.997162580490112305e-01 7.129749298095703125e+01
1.742210769653320312e+01 4.006601572036743164e-01 7.089539337158203125e+01
1.892166328430175781e+01 -3.184745311737060547e+00 6.990008544921875000e+01
1.736978912353515625e+01 -3.997121751308441162e-01 7.125868988037109375e+01
1.689471817016601562e+01 -2.676439762115478516e+00 6.990125274658203125e+01
1.747073173522949219e+01 4.008044004440307617e-01 7.090548706054687500e+01
1.744307327270507812e+01 4.007198214530944824e-01 7.090501403808593750e+01
1.745416259765625000e+01 4.003019332885742188e-01 7.090002441406250000e+01
