9.610784530639648438e+00 4.603171646595001221e-01 7.089997100830078125e+01
9.601752281188964844e+00 4.603174924850463867e-01 7.090824127197265625e+01
9.698551177978515625e+00 3.823895931243896484e+00 6.989991760253906250e+01
9.624109268188476562e+00 4.603165388107299805e-01 7.091735076904296875e+01
9.585607528686523438e+00 4.599862396717071533e-01 7.089551544189453125e+01
1.118283653259277344e+01 4.224690914154052734e+00 6.989996337890625000e+01
9.602324485778808594e+00 4.603173434734344482e-01 7.093144226074218750e+01
9.091402053833007812e+00 2.287518262863159180e+00 6.989993286132812500e+01
9.647431373596191406e+00 4.603156149387359619e-01 7.091335296630859375e+01
9.571804046630859375e+00 4.603186547756195068e-01 7.091606140136718750e+01
1.007876014709472656e+01 1.862206220626831055e+00 6.989993286132812500e+01
9.625297546386718750e+00 4.603163301944732666e-01 7.094624328613281250e+01
7.885162353515625000e+00 2.715060949325561523e+00 6.989994049072265625e+01
1.415961456298828125e+01 5.484491348266601562e+00 6.989992523193359375e+01
9.577246665954589844e+00 4.603182673454284668e-01 7.094767761230468750e+01
9.481329917907714844e+00 1.379372358322143555e+00 6.990097808837890625e+01
9.660697937011718750e+00 4.603148996829986572e-01 7.094203948974609375e+01
9.541901588439941406e+00 4.603199362754821777e-01 7.090281677246093750e+01
1.061570739746093750e+01 1.569869399070739746e+00 6.989994049072265625e+01
9.607241630554199219e+00 4.603168964385986328e-01 7.097659301757812500e+01
8.776269912719726562e+00 1.366951823234558105e+00 6.989994049072265625e+01
9.695236206054687500e+00 4.603136777877807617e-01 7.091133117675781250e+01
9.537056922912597656e+00 4.603198766708374023e-01 7.095127105712890625e+01
9.835755348205566406e+00 1.049995422363281250e+00 6.989994812011718750e+01
9.660422325134277344e+00 4.603146612644195557e-01 7.098659515380859375e+01
6.476230621337890625e+00 2.274452686309814453e+00 6.989996337890625000e+01
1.353844642639160156e+01 2.734131097793579102e+00 6.908528900146484375e+01
9.565385818481445312e+00 4.603184163570404053e-01 7.100845336914062500e+01
9.251099586486816406e+00 9.127629399299621582e-01 6.989995574951171875e+01
9.727521896362304688e+00 4.603120982646942139e-01 7.096132659912109375e+01
9.475384712219238281e+00 4.603224694728851318e-01 7.093566131591796875e+01
1.025249195098876953e+01 8.783947229385375977e-01 6.990196990966796875e+01
9.637677192687988281e+00 4.603151977062225342e-01 7.105644989013671875e+01
8.319530487060546875e+00 9.777350425720214844e-01 6.989994812011718750e+01
2.168014717102050781e+01 4.393362998962402344e+00 6.990004730224609375e+01
9.496054649353027344e+00 4.520688354969024658e-01 7.102399444580078125e+01
9.615662574768066406e+00 6.837882399559020996e-01 6.989995574951171875e+01
9.765254974365234375e+00 4.603099524974822998e-01 7.107025146484375000e+01
-1.179792046546936035e+00 2.988777399063110352e+00 6.989990234375000000e+01
1.092838764190673828e+01 7.593523263931274414e-01 6.989995574951171875e+01
9.555857658386230469e+00 4.603201150894165039e-01 7.120189666748046875e+01
8.981491088867187500e+00 6.062575578689575195e-01 6.989996337890625000e+01
9.988249778747558594e+00 4.603013098239898682e-01 7.100341796875000000e+01
9.207700729370117188e+00 4.603208303451538086e-01 7.110682678222656250e+01
9.981525421142578125e+00 5.195487737655639648e-01 6.989996337890625000e+01
9.858591079711914062e+00 4.603054225444793701e-01 7.150870513916015625e+01
7.500696182250976562e+00 5.658274888992309570e-01 6.989996337890625000e+01
1.285427474975585938e+01 5.719487667083740234e-01 6.989997100830078125e+01
8.763979911804199219e+00 4.510822594165802002e-01 7.234489440917968750e+01
9.396053314208984375e+00 4.106395542621612549e-01 6.990000915527343750e+01
1.058914089202880859e+01 3.881855607032775879e-01 7.159494781494140625e+01
4.052300930023193359e+00 2.304881811141967773e-01 7.159271240234375000e+01
1.046196842193603516e+01 3.338994979858398438e-01 6.989996337890625000e+01
9.636127471923828125e+00 3.510136008262634277e-01 7.159493255615234375e+01
8.625308990478515625e+00 2.721424698829650879e-01 6.989996337890625000e+01
9.615300178527832031e+00 3.998026549816131592e-01 7.090019989013671875e+01
8.769748687744140625e+00 2.557969391345977783e-01 7.159487915039062500e+01
9.750303268432617188e+00 2.455379217863082886e-01 6.989996337890625000e+01
1.008930873870849609e+01 2.532323300838470459e-01 7.159493255615234375e+01
5.290405273437500000e+00 -4.666384160518646240e-01 6.990586090087890625e+01
1.137582015991210938e+01 -4.002826288342475891e-02 6.989997100830078125e+01
9.385329246520996094e+00 2.257921993732452393e-01 7.159494018554687500e+01
9.154664993286132812e+00 1.134576052427291870e-01 6.989997100830078125e+01
9.614960670471191406e+00 3.990222215652465820e-01 7.090174102783203125e+01
5.531197547912597656e+00 -9.256260395050048828e-01 7.234487915039062500e+01
1.014259815216064453e+01 2.686916105449199677e-02 6.989997100830078125e+01
9.790358543395996094e+00 1.465250104665756226e-01 7.159495544433593750e+01
8.072123527526855469e+00 -2.932401895523071289e-01 6.989997863769531250e+01
9.614578247070312500e+00 3.987582623958587646e-01 7.089933776855468750e+01
9.067155838012695312e+00 2.215882949531078339e-02 7.159488677978515625e+01
9.532846450805664062e+00 -5.606487393379211426e-02 6.989997100830078125e+01
9.613969802856445312e+00 3.982064127922058105e-01 7.090294647216796875e+01
9.610784530639648438e+00 4.003081321716308594e-01 7.089997100830078125e+01
9.611674308776855469e+00 3.996631205081939697e-01 7.089916992187500000e+01
9.542954444885253906e+00 2.565643982961773872e-03 7.159493255615234375e+01
8.859489440917968750e+00 -3.514538109302520752e-01 6.989998626708984375e+01
9.614013671875000000e+00 3.982258439064025879e-01 7.090057373046875000e+01
8.518042564392089844e+00 -4.597158432006835938e-01 7.158020019531250000e+01
9.890090942382812500e+00 -3.308221101760864258e-01 6.989998626708984375e+01
9.612022399902343750e+00 3.982765972614288330e-01 7.090241241455078125e+01
6.946599006652832031e+00 -1.826584219932556152e+00 6.989744567871093750e+01
9.612374305725097656e+00 3.988947570323944092e-01 7.089933013916015625e+01
9.610290527343750000e+00 3.993139564990997314e-01 7.090100097656250000e+01
9.307813644409179688e+00 -5.602169036865234375e-01 6.989998626708984375e+01
9.612792968750000000e+00 3.980390727519989014e-01 7.090116119384765625e+01
8.792847633361816406e+00 -4.597235918045043945e-01 7.107144165039062500e+01
1.032848453521728516e+01 -9.433364868164062500e-01 6.989999389648437500e+01
9.610832214355468750e+00 3.998448550701141357e-01 7.090036773681640625e+01
8.447530746459960938e+00 -1.497893095016479492e+00 6.990000915527343750e+01
9.611863136291503906e+00 3.988791406154632568e-01 7.089994049072265625e+01
9.178256988525390625e+00 -4.597130119800567627e-01 7.132207489013671875e+01
9.666806221008300781e+00 -1.140152931213378906e+00 6.990000152587890625e+01
9.611356735229492188e+00 3.987957239151000977e-01 7.090067291259765625e+01
2.722958803176879883e+00 -1.241536426544189453e+01 6.990471649169921875e+01
9.610940933227539062e+00 3.999192416667938232e-01 7.089986419677734375e+01
9.610718727111816406e+00 3.996365964412689209e-01 7.090025329589843750e+01
9.050675392150878906e+00 -2.740157365798950195e+00 6.990001678466796875e+01
9.610785484313964844e+00 4.003030061721801758e-01 7.089997100830078125e+01
9.450788497924804688e+00 -4.593375921249389648e-01 7.097200775146484375e+01
9.610784530639648438e+00 4.003081023693084717e-01 7.089997100830078125e+01
