-2.533444213867187500e+01 6.064042568206787109e+00 7.089482879638671875e+01
-2.534367942810058594e+01 6.125309467315673828e+00 7.090328979492187500e+01
-2.524714279174804688e+01 9.469295501708984375e+00 6.990010070800781250e+01
-2.533249282836914062e+01 6.072716712951660156e+00 7.089736938476562500e+01
-2.546777534484863281e+01 6.379975795745849609e+00 7.087124633789062500e+01
-2.211672019958496094e+01 1.389179420471191406e+01 6.884797668457031250e+01
-2.533583259582519531e+01 6.073797225952148438e+00 7.090000152587890625e+01
-2.538545417785644531e+01 6.249288082122802734e+00 7.079660797119140625e+01
-2.533306884765625000e+01 6.066183567047119141e+00 7.089533233642578125e+01
-2.562415885925292969e+01 6.509951114654541016e+00 7.101441955566406250e+01
-2.486884498596191406e+01 7.518404006958007812e+00 6.989987182617187500e+01
-2.533303642272949219e+01 6.069748878479003906e+00 7.089931488037109375e+01
-2.568773841857910156e+01 6.537845134735107422e+00 7.069008636474609375e+01
-2.080879402160644531e+01 1.112220668792724609e+01 6.989987945556640625e+01
-2.555591583251953125e+01 6.460221767425537109e+00 7.120985412597656250e+01
-2.533444404602050781e+01 6.063945770263671875e+00 7.089481353759765625e+01
-2.533211135864257812e+01 6.066735744476318359e+00 7.089678955078125000e+01
-2.594560623168945312e+01 6.596385955810546875e+00 7.092010498046875000e+01
-2.433474540710449219e+01 7.227412700653076172e+00 6.989999389648437500e+01
-2.533468437194824219e+01 6.068043231964111328e+00 7.090007781982421875e+01
-2.578099250793457031e+01 6.581187248229980469e+00 7.035971069335937500e+01
-2.533381462097167969e+01 6.064380168914794922e+00 7.089491271972656250e+01
-2.598363876342773438e+01 6.592359542846679688e+00 7.134651947021484375e+01
-2.511066246032714844e+01 6.710181713104248047e+00 6.990010070800781250e+01
-2.533227920532226562e+01 6.066548824310302734e+00 7.089860534667968750e+01
-2.614457130432128906e+01 6.548308849334716797e+00 7.063637542724609375e+01
-2.318154716491699219e+01 7.343186855316162109e+00 6.990013885498046875e+01
-2.562739944458007812e+01 6.451177120208740234e+00 7.159484100341796875e+01
-2.566673088073730469e+01 6.537356853485107422e+00 6.997097778320312500e+01
-2.533239936828613281e+01 6.064983367919921875e+00 7.089590454101562500e+01
-2.627176856994628906e+01 6.479392051696777344e+00 7.114190673828125000e+01
-2.469480895996093750e+01 6.540475368499755859e+00 6.990005493164062500e+01
-2.533357429504394531e+01 6.065868377685546875e+00 7.089987182617187500e+01
-2.627109909057617188e+01 6.482790946960449219e+00 7.016942596435546875e+01
-1.832506179809570312e+01 8.382932662963867188e+00 7.031411743164062500e+01
-2.598074722290039062e+01 6.355516433715820312e+00 7.159346771240234375e+01
-2.533444213867187500e+01 6.063937187194824219e+00 7.089481353759765625e+01
-2.533189392089843750e+01 6.064924240112304688e+00 7.089763641357421875e+01
-2.642484474182128906e+01 6.325502395629882812e+00 7.079376983642578125e+01
-2.402381896972656250e+01 6.421075820922851562e+00 6.990011596679687500e+01
-2.546181106567382812e+01 6.203094482421875000e+00 7.159495544433593750e+01
-2.636797904968261719e+01 6.402180671691894531e+00 6.925243377685546875e+01
-2.533312606811523438e+01 6.064142704010009766e+00 7.089518737792968750e+01
-2.647314262390136719e+01 6.233468055725097656e+00 7.147919464111328125e+01
-2.496557998657226562e+01 6.182569980621337891e+00 6.989988708496093750e+01
-2.533261680603027344e+01 6.064375877380371094e+00 7.089931488037109375e+01
-2.650311088562011719e+01 6.155606269836425781e+00 7.034097290039062500e+01
-2.210780906677246094e+01 6.234682559967041016e+00 6.990002441406250000e+01
-2.574470520019531250e+01 6.088532924652099609e+00 7.159487152099609375e+01
-2.533444213867187500e+01 6.063933849334716797e+00 7.089482879638671875e+01
-2.329291534423828125e+01 6.038637638092041016e+00 7.234503173828125000e+01
-2.652234649658203125e+01 6.027641773223876953e+00 7.104287719726562500e+01
-2.448770904541015625e+01 5.997872352600097656e+00 6.990005493164062500e+01
-2.528155899047851562e+01 5.961072444915771484e+00 7.234497833251953125e+01
-2.651134300231933594e+01 5.910872459411621094e+00 6.970057678222656250e+01
-2.533444213867187500e+01 6.063933849334716797e+00 7.089482879638671875e+01
-2.617959403991699219e+01 5.918715476989746094e+00 7.159313964843750000e+01
-2.519541931152343750e+01 5.909713745117187500e+00 6.989837646484375000e+01
-2.433591270446777344e+01 5.757032871246337891e+00 7.234500122070312500e+01
-2.650022888183593750e+01 5.830001831054687500e+00 7.062658691406250000e+01
-2.357884979248046875e+01 5.625953197479248047e+00 6.990017700195312500e+01
-2.556113624572753906e+01 5.888459205627441406e+00 7.159361267089843750e+01
-2.624112892150878906e+01 5.493725299835205078e+00 6.890699768066406250e+01
-2.191623687744140625e+01 5.011367797851562500e+00 7.234500885009765625e+01
-2.644517898559570312e+01 5.702925682067871094e+00 7.128823089599609375e+01
-2.425488090515136719e+01 5.305868148803710938e+00 6.886486816406250000e+01
-2.495974159240722656e+01 5.534387588500976562e+00 7.234498596191406250e+01
-2.636563301086425781e+01 5.599126815795898438e+00 7.022464752197265625e+01
-1.937235832214355469e+01 3.628387451171875000e+00 6.990010833740234375e+01
-2.588212203979492188e+01 5.682966709136962891e+00 7.159492492675781250e+01
-2.538958740234375000e+01 5.741028785705566406e+00 7.018728637695312500e+01
-2.378208732604980469e+01 5.039565563201904297e+00 7.234502410888671875e+01
-2.632772636413574219e+01 5.557026386260986328e+00 7.088513946533203125e+01
-2.422908210754394531e+01 5.262449741363525391e+00 6.990188598632812500e+01
-2.540276527404785156e+01 5.663304805755615234e+00 7.159483337402343750e+01
-2.598918724060058594e+01 5.408781528472900391e+00 7.002335357666015625e+01
-1.757836151123046875e+01 1.062685489654541016e+00 7.234494781494140625e+01
-2.612637329101562500e+01 5.440658092498779297e+00 7.138780212402343750e+01
-2.505660057067871094e+01 5.336638927459716797e+00 6.990008544921875000e+01
-2.521256446838378906e+01 5.863917827606201172e+00 7.113520050048828125e+01
-2.609408760070800781e+01 5.428975582122802734e+00 7.060897827148437500e+01
-2.285639572143554688e+01 3.861099958419799805e+00 6.990010833740234375e+01
-2.567042160034179688e+01 5.387983322143554688e+00 7.159492492675781250e+01
-2.547923851013183594e+01 5.604880332946777344e+00 7.041691589355468750e+01
-2.472945785522460938e+01 5.380432128906250000e+00 7.125335693359375000e+01
-2.595952415466308594e+01 5.406682968139648438e+00 7.102587127685546875e+01
-2.462048339843750000e+01 4.727293968200683594e+00 6.990007019042968750e+01
-2.532426071166992188e+01 5.964492321014404297e+00 7.097990417480468750e+01
-2.571550559997558594e+01 5.442113876342773438e+00 7.056725311279296875e+01
-9.723243713378906250e+00 -1.461627006530761719e+01 7.040177154541015625e+01
-2.574295806884765625e+01 5.251658916473388672e+00 7.129350280761718750e+01
-2.533212471008300781e+01 6.000216960906982422e+00 7.085346984863281250e+01
-2.528010940551757812e+01 5.920228004455566406e+00 7.096124267578125000e+01
-2.565381050109863281e+01 5.469708919525146484e+00 7.084867858886718750e+01
-2.387443351745605469e+01 2.437491655349731445e+00 6.989999389648437500e+01
-2.544350624084472656e+01 4.952238559722900391e+00 7.135845947265625000e+01
-2.539365959167480469e+01 5.731912136077880859e+00 7.078910827636718750e+01
-2.530055427551269531e+01 5.942239761352539062e+00 7.090600585937500000e+01
-2.552600097656250000e+01 5.034701824188232422e+00 7.098107910156250000e+01
-2.533444213867187500e+01 5.967267990112304688e+00 7.089482879638671875e+01
