-2.623807525634765625e+01 1.475648498535156250e+01 7.089489746093750000e+01
-2.746640396118164062e+01 1.467408180236816406e+01 7.202014923095703125e+01
-2.615076637268066406e+01 9.918519973754882812e+00 6.990006256103515625e+01
-2.512641906738281250e+01 1.151902008056640625e+01 7.234485626220703125e+01
-2.886404800415039062e+01 1.273723316192626953e+01 7.043039703369140625e+01
-2.309888267517089844e+01 1.414961814880371094e+01 6.889800262451171875e+01
-2.662785911560058594e+01 9.277733802795410156e+00 7.234487915039062500e+01
-2.675474357604980469e+01 8.390146255493164062e+00 6.990008544921875000e+01
-2.226752853393554688e+01 1.301437568664550781e+01 7.234493255615234375e+01
-2.882537269592285156e+01 1.049593067169189453e+01 7.196289825439453125e+01
-2.577248191833496094e+01 7.967253684997558594e+00 6.989995574951171875e+01
-2.578328895568847656e+01 8.393186569213867188e+00 7.234482574462890625e+01
-2.623818206787109375e+01 6.512943744659423828e+00 7.089483642578125000e+01
-2.171255493164062500e+01 1.157093143463134766e+01 6.989997100830078125e+01
-2.725745391845703125e+01 8.336798667907714844e+00 7.234485626220703125e+01
-2.636701202392578125e+01 7.487947463989257812e+00 6.989990234375000000e+01
-2.451765251159667969e+01 8.581124305725097656e+00 7.234487152099609375e+01
-2.887526893615722656e+01 8.810350418090820312e+00 7.100395202636718750e+01
-2.523820304870605469e+01 7.676483154296875000e+00 6.989988708496093750e+01
-2.630511856079101562e+01 7.648268699645996094e+00 7.234477996826171875e+01
-2.623822784423828125e+01 6.512977123260498047e+00 7.089471435546875000e+01
-2.623289299011230469e+01 6.516481399536132812e+00 7.089559173583984375e+01
-2.832208824157714844e+01 8.209121704101562500e+00 7.234490203857421875e+01
-2.601426315307617188e+01 7.159141540527343750e+00 6.990002441406250000e+01
-2.540722846984863281e+01 7.517209053039550781e+00 7.234483337402343750e+01
-2.623847198486328125e+01 6.513037681579589844e+00 7.089476776123046875e+01
-2.623794746398925781e+01 6.512875556945800781e+00 7.089483642578125000e+01
-2.684487533569335938e+01 7.314890861511230469e+00 7.234481048583984375e+01
-2.623816490173339844e+01 6.512928009033203125e+00 7.089464569091796875e+01
-2.623555564880371094e+01 6.514094829559326172e+00 7.089622497558593750e+01
-2.885750198364257812e+01 7.673827171325683594e+00 7.158537292480468750e+01
-2.559840202331542969e+01 6.989370822906494141e+00 6.990005493164062500e+01
-2.598888969421386719e+01 7.068825721740722656e+00 7.234483337402343750e+01
-2.623856163024902344e+01 6.513017177581787109e+00 7.089452362060546875e+01
-2.600440216064453125e+01 6.590108871459960938e+00 7.087554168701171875e+01
-2.757942962646484375e+01 7.117955207824707031e+00 7.234486389160156250e+01
-2.623807334899902344e+01 6.512932300567626953e+00 7.089443206787109375e+01
-2.605186843872070312e+01 6.585128784179687500e+00 7.110016632080078125e+01
-2.623868560791015625e+01 6.512946128845214844e+00 7.089484405517578125e+01
-2.593574714660644531e+01 6.595183372497558594e+00 7.066544342041015625e+01
-2.650185203552246094e+01 6.800997734069824219e+00 7.234484863281250000e+01
-2.623859977722167969e+01 6.512971401214599609e+00 7.089406585693359375e+01
-2.579988479614257812e+01 6.582444667816162109e+00 7.101498413085937500e+01
-2.877306365966796875e+01 6.890219211578369141e+00 7.219580841064453125e+01
-2.603082084655761719e+01 6.579458236694335938e+00 7.033586883544921875e+01
-2.595317840576171875e+01 6.581777095794677734e+00 7.159474182128906250e+01
-2.623874282836914062e+01 6.512852191925048828e+00 7.089458465576171875e+01
-2.568289756774902344e+01 6.542179107666015625e+00 7.072373199462890625e+01
-2.708785438537597656e+01 6.563752174377441406e+00 7.234489440917968750e+01
-2.623852920532226562e+01 6.512821674346923828e+00 7.089278411865234375e+01
-2.561197090148925781e+01 6.505042076110839844e+00 7.133965301513671875e+01
-2.887425422668457031e+01 6.432260513305664062e+00 7.122344207763671875e+01
-2.554594612121582031e+01 6.458800315856933594e+00 7.008175659179687500e+01
-2.621254730224609375e+01 6.463147163391113281e+00 7.159490203857421875e+01
-2.623874092102050781e+01 6.512712955474853516e+00 7.089421844482421875e+01
-2.623807525634765625e+01 6.512799739837646484e+00 7.089489746093750000e+01
-2.799299812316894531e+01 6.211259841918945312e+00 7.234490203857421875e+01
-2.623807525634765625e+01 6.512799739837646484e+00 7.089489746093750000e+01
-2.575605583190917969e+01 6.364649772644042969e+00 7.159494018554687500e+01
-2.623881530761718750e+01 6.512650966644287109e+00 7.089472961425781250e+01
-2.541032409667968750e+01 6.306294441223144531e+00 7.042592620849609375e+01
-2.634385490417480469e+01 6.430919647216796875e+00 7.122096252441406250e+01
-2.623956871032714844e+01 6.511860370635986328e+00 7.089162445068359375e+01
-2.538361549377441406e+01 6.249686241149902344e+00 7.125740051269531250e+01
-2.885079574584960938e+01 5.663621902465820312e+00 7.182026672363281250e+01
-2.534375000000000000e+01 5.884806156158447266e+00 6.921324920654296875e+01
-2.605718231201171875e+01 6.257152557373046875e+00 7.159498596191406250e+01
-2.623882865905761719e+01 6.512459754943847656e+00 7.089440917968750000e+01
-2.534997367858886719e+01 6.150005340576171875e+00 7.074672698974609375e+01
-2.634824180603027344e+01 6.436168193817138672e+00 7.103572082519531250e+01
-2.638983726501464844e+01 5.624145984649658203e+00 6.894769287109375000e+01
-2.548884201049804688e+01 6.018395900726318359e+00 7.159481811523437500e+01
-2.623897933959960938e+01 6.512338638305664062e+00 7.089488983154296875e+01
-2.534514045715332031e+01 5.865342140197753906e+00 7.009277343750000000e+01
-2.630640029907226562e+01 6.112160205841064453e+00 7.159492492675781250e+01
-2.638799667358398438e+01 6.362784862518310547e+00 7.069535064697265625e+01
-2.520938873291015625e+01 5.849485874176025391e+00 7.108722686767578125e+01
-2.634366416931152344e+01 6.429697036743164062e+00 7.096062469482421875e+01
-2.581921005249023438e+01 5.416351795196533203e+00 6.939525604248046875e+01
-2.588314819335937500e+01 5.930326938629150391e+00 7.159490203857421875e+01
-2.636813926696777344e+01 6.404084205627441406e+00 7.084595489501953125e+01
-2.538398361206054688e+01 5.753563404083251953e+00 7.055205535888671875e+01
-2.651883888244628906e+01 5.947936058044433594e+00 7.147993469238281250e+01
-2.647333526611328125e+01 5.766944408416748047e+00 7.011840057373046875e+01
-2.505682563781738281e+01 5.178243637084960938e+00 7.159494018554687500e+01
-2.643896675109863281e+01 6.301570415496826172e+00 7.093701171875000000e+01
-2.567568778991699219e+01 5.459924221038818359e+00 7.011132049560546875e+01
-2.615429687500000000e+01 5.694539546966552734e+00 7.159494018554687500e+01
-2.651818847656250000e+01 6.055710792541503906e+00 7.065410614013671875e+01
-2.552012062072753906e+01 5.561721801757812500e+00 7.087222290039062500e+01
-2.651955795288085938e+01 5.953112602233886719e+00 7.116959381103515625e+01
-2.620003318786621094e+01 5.466741085052490234e+00 7.021585845947265625e+01
-2.577239418029785156e+01 5.281105995178222656e+00 7.146414184570312500e+01
-2.651790618896484375e+01 5.992138385772705078e+00 7.085446166992187500e+01
-2.579745674133300781e+01 5.418372154235839844e+00 7.059466552734375000e+01
-2.633117485046386719e+01 5.563825130462646484e+00 7.129066467285156250e+01
-2.639483833312988281e+01 5.633844375610351562e+00 7.061502838134765625e+01
-2.592937469482421875e+01 5.404261589050292969e+00 7.099671173095703125e+01
-2.640024757385253906e+01 5.641456604003906250e+00 7.096791076660156250e+01
-2.623807525634765625e+01 5.493054389953613281e+00 7.089489746093750000e+01
