-7.027395725250244141e+00 1.455012416839599609e+01 7.090001678466796875e+01
-8.604565620422363281e+00 1.133936691284179688e+01 7.234483337402343750e+01
-6.939648628234863281e+00 4.283137321472167969e+00 6.990018463134765625e+01
-5.919549465179443359e+00 5.849371910095214844e+00 7.234500885009765625e+01
-1.268023300170898438e+01 1.425942420959472656e+01 6.990010833740234375e+01
-5.455478668212890625e+00 4.684361934661865234e+00 6.990009307861328125e+01
-7.415827751159667969e+00 3.615646123886108398e+00 7.234496307373046875e+01
-7.545335769653320312e+00 2.742274045944213867e+00 6.990275573730468750e+01
-3.070996522903442383e+00 7.338715076446533203e+00 7.234488677978515625e+01
-1.052808952331542969e+01 6.249606132507324219e+00 7.234505462646484375e+01
-6.559473037719726562e+00 2.322039127349853516e+00 6.990009307861328125e+01
-6.574182033538818359e+00 2.734191417694091797e+00 7.234493255615234375e+01
-8.752808570861816406e+00 3.174777984619140625e+00 6.990010833740234375e+01
2.131193161010742188e+00 1.109677410125732422e+01 6.888652801513671875e+01
-8.043236732482910156e+00 2.677976846694946289e+00 7.234494781494140625e+01
-7.156970024108886719e+00 1.840279817581176758e+00 6.990010070800781250e+01
-5.312982082366943359e+00 2.921407699584960938e+00 7.234492492675781250e+01
-2.283934020996093750e+01 1.463583564758300781e+01 7.155389404296875000e+01
-6.022530078887939453e+00 2.029800415039062500e+00 6.990003967285156250e+01
-7.094209194183349609e+00 1.991874575614929199e+00 7.234491729736328125e+01
-7.861801147460937500e+00 1.826823949813842773e+00 6.990012359619140625e+01
3.711007833480834961e+00 8.490289688110351562e+00 7.234485626220703125e+01
-9.104128837585449219e+00 2.550702333450317383e+00 7.234495544433593750e+01
-6.802439689636230469e+00 1.509949922561645508e+00 6.990006256103515625e+01
-6.199440956115722656e+00 1.861219167709350586e+00 7.234490966796875000e+01
-1.016185855865478516e+01 2.734396934509277344e+00 6.990003967285156250e+01
-4.862905502319335938e+00 2.146450042724609375e+00 6.989997100830078125e+01
-7.027853965759277344e+00 8.609123826026916504e-01 7.090111541748046875e+01
-7.387051582336425781e+00 1.372719645500183105e+00 6.990007781982421875e+01
-4.278231143951416016e+00 2.273398160934448242e+00 7.234490203857421875e+01
-1.250920486450195312e+01 3.290049791336059570e+00 7.234500122070312500e+01
-6.384412765502929688e+00 1.339343309402465820e+00 6.990003204345703125e+01
-6.779077529907226562e+00 1.414398074150085449e+00 7.234490966796875000e+01
-8.318500518798828125e+00 1.437667012214660645e+00 6.990011596679687500e+01
5.043769359588623047e+00 4.853957653045654297e+00 6.989994812011718750e+01
-8.364077568054199219e+00 1.463354110717773438e+00 7.234493255615234375e+01
-7.022517681121826172e+00 1.143771171569824219e+00 6.990006256103515625e+01
-5.716677188873291016e+00 1.369435429573059082e+00 7.234489440917968750e+01
-1.781652450561523438e+01 3.448428630828857422e+00 6.990008544921875000e+01
-5.709759712219238281e+00 1.219359636306762695e+00 6.989997863769531250e+01
-7.027495861053466797e+00 8.604156970977783203e-01 7.090056610107421875e+01
-7.656647205352783203e+00 1.066242218017578125e+00 6.990007019042968750e+01
-1.755363941192626953e+00 1.698228001594543457e+00 7.234486389160156250e+01
-9.843024253845214844e+00 1.279508829116821289e+00 7.234494781494140625e+01
-6.656662940979003906e+00 9.795446395874023438e-01 6.990003204345703125e+01
-6.439201831817626953e+00 1.002716183662414551e+00 7.234490203857421875e+01
-9.137259483337402344e+00 1.025808334350585938e+00 6.990011596679687500e+01
-3.783627748489379883e+00 1.031961917877197266e+00 6.989992523193359375e+01
-7.028523921966552734e+00 8.603742122650146484e-01 7.090193939208984375e+01
-7.242126941680908203e+00 8.706380128860473633e-01 6.990004730224609375e+01
-6.049269199371337891e+00 8.481868505477905273e-01 7.159483337402343750e+01
-1.260391044616699219e+01 6.899357438087463379e-01 7.159500885009765625e+01
-5.580267429351806641e+00 7.474029660224914551e-01 6.919987487792968750e+01
-7.002054691314697266e+00 8.110166788101196289e-01 7.159490966796875000e+01
-7.029628753662109375e+00 8.600161075592041016e-01 7.089775085449218750e+01
-7.027395725250244141e+00 8.603065609931945801e-01 7.090001678466796875e+01
-7.868360042572021484e+00 7.158076763153076172e-01 7.159486389160156250e+01
-6.790208339691162109e+00 5.971919298171997070e-01 6.919997406005859375e+01
-6.548954010009765625e+00 7.132560610771179199e-01 7.159486389160156250e+01
-7.027395725250244141e+00 8.603065013885498047e-01 7.090001678466796875e+01
-5.266032218933105469e+00 4.208861887454986572e-01 6.990209960937500000e+01
-7.252802371978759766e+00 6.858282089233398438e-01 7.159483337402343750e+01
-7.028237819671630859e+00 8.597769141197204590e-01 7.089817047119140625e+01
-5.728369235992431641e+00 4.602980613708496094e-01 7.145113372802734375e+01
-8.258152008056640625e+00 4.602901637554168701e-01 7.133592224121093750e+01
-6.457774162292480469e+00 4.603192508220672607e-01 6.982892608642578125e+01
-6.847832679748535156e+00 6.065387725830078125e-01 7.159495544433593750e+01
-7.030472278594970703e+00 8.589197993278503418e-01 7.089801788330078125e+01
-7.027395725250244141e+00 8.603065013885498047e-01 7.090001678466796875e+01
-7.570972919464111328e+00 4.821929633617401123e-01 7.159487152099609375e+01
-7.027462482452392578e+00 8.599167466163635254e-01 7.089916229248046875e+01
-6.421220779418945312e+00 4.603035449981689453e-01 7.146630096435546875e+01
-7.027395725250244141e+00 8.603065013885498047e-01 7.090001678466796875e+01
-7.027395725250244141e+00 8.603065013885498047e-01 7.090001678466796875e+01
-7.095220565795898438e+00 4.625938236713409424e-01 7.159493255615234375e+01
-7.027395725250244141e+00 8.603065013885498047e-01 7.090001678466796875e+01
-6.407071590423583984e+00 4.603113234043121338e-01 7.101599884033203125e+01
-7.535619735717773438e+00 4.603173136711120605e-01 7.121638488769531250e+01
-7.027395725250244141e+00 8.603065013885498047e-01 7.090001678466796875e+01
-6.783652305603027344e+00 4.602968394756317139e-01 7.138073730468750000e+01
-7.027395725250244141e+00 8.603065013885498047e-01 7.090001678466796875e+01
-7.027395725250244141e+00 8.603065013885498047e-01 7.090001678466796875e+01
-7.226206779479980469e+00 4.603220820426940918e-01 7.131428527832031250e+01
-7.027395725250244141e+00 8.603065013885498047e-01 7.090001678466796875e+01
-6.673335552215576172e+00 4.602955877780914307e-01 7.110984039306640625e+01
-7.407803535461425781e+00 4.603215456008911133e-01 7.097976684570312500e+01
-7.027395725250244141e+00 8.603065013885498047e-01 7.090001678466796875e+01
-6.986441135406494141e+00 4.603067040443420410e-01 7.124222564697265625e+01
-7.027395725250244141e+00 8.603065013885498047e-01 7.090001678466796875e+01
-7.027395725250244141e+00 8.603065013885498047e-01 7.090001678466796875e+01
-7.228560924530029297e+00 4.603179097175598145e-01 7.109633636474609375e+01
-7.027395725250244141e+00 8.603065013885498047e-01 7.090001678466796875e+01
-6.876159191131591797e+00 4.602973461151123047e-01 7.108488464355468750e+01
-7.027395725250244141e+00 8.603065013885498047e-01 7.090001678466796875e+01
-7.027395725250244141e+00 8.603065013885498047e-01 7.090001678466796875e+01
-7.066637992858886719e+00 4.603080153465270996e-01 7.106683349609375000e+01
-7.027395725250244141e+00 8.603065013885498047e-01 7.090001678466796875e+01
-6.916003227233886719e+00 4.602968096733093262e-01 7.093675231933593750e+01
-7.101842880249023438e+00 4.603073894977569580e-01 7.093353271484375000e+01
-7.027395725250244141e+00 4.603024721145629883e-01 7.090001678466796875e+01
