-2.333880233764648438e+01 3.978929758071899414e+00 7.089997863769531250e+01
-2.333880233764648438e+01 3.978929758071899414e+00 7.089997863769531250e+01
-2.325105476379394531e+01 7.401773929595947266e+00 6.990014648437500000e+01
-2.333880233764648438e+01 3.978929758071899414e+00 7.089997863769531250e+01
-2.791948318481445312e+01 1.483667850494384766e+01 7.008972167968750000e+01
-2.176686477661132812e+01 7.803036212921142578e+00 6.990003967285156250e+01
-2.333880233764648438e+01 3.978929758071899414e+00 7.089997863769531250e+01
-2.385807228088378906e+01 5.865727424621582031e+00 6.990015411376953125e+01
-2.333880233764648438e+01 3.978929758071899414e+00 7.089997863769531250e+01
-2.333880233764648438e+01 3.978929758071899414e+00 7.089997863769531250e+01
-2.287092208862304688e+01 5.440527439117431641e+00 6.990014648437500000e+01
-2.333880233764648438e+01 3.978929758071899414e+00 7.089997863769531250e+01
-2.506436538696289062e+01 6.293602943420410156e+00 6.989997863769531250e+01
-1.879039192199707031e+01 9.062644004821777344e+00 6.990002441406250000e+01
-2.333880233764648438e+01 3.978929758071899414e+00 7.089997863769531250e+01
-2.346837615966796875e+01 4.958901405334472656e+00 6.990006256103515625e+01
-2.333880233764648438e+01 3.978929758071899414e+00 7.089997863769531250e+01
-2.333892059326171875e+01 3.979032039642333984e+00 7.089998626708984375e+01
-2.233398628234863281e+01 5.148365020751953125e+00 6.990005493164062500e+01
-2.333880233764648438e+01 3.978929758071899414e+00 7.089997863769531250e+01
-2.417320632934570312e+01 4.945445537567138672e+00 6.990008544921875000e+01
-2.333880233764648438e+01 3.978929758071899414e+00 7.089997863769531250e+01
-2.433757972717285156e+01 4.791903972625732422e+00 7.159490203857421875e+01
-2.311384010314941406e+01 4.628592014312744141e+00 6.989999389648437500e+01
-2.333880233764648438e+01 3.978929758071899414e+00 7.089997863769531250e+01
-2.333880615234375000e+01 3.978931903839111328e+00 7.089997863769531250e+01
-2.117460823059082031e+01 5.264896869659423828e+00 6.990006256103515625e+01
-2.333880233764648438e+01 3.978929758071899414e+00 7.089997863769531250e+01
-2.369847106933593750e+01 4.491361141204833984e+00 6.990000915527343750e+01
-2.333880233764648438e+01 3.978929758071899414e+00 7.089997863769531250e+01
-2.537089729309082031e+01 4.879630088806152344e+00 7.143563079833984375e+01
-2.269584465026855469e+01 4.457947731018066406e+00 6.990003204345703125e+01
-2.333880233764648438e+01 3.978929758071899414e+00 7.089997863769531250e+01
-2.333880424499511719e+01 3.978930234909057617e+00 7.089997863769531250e+01
-1.128953933715820312e+01 7.965334892272949219e+00 6.990171813964843750e+01
-2.398162078857421875e+01 4.268939495086669922e+00 7.159484863281250000e+01
-2.333392333984375000e+01 4.262393951416015625e+00 6.990002441406250000e+01
-2.333880233764648438e+01 3.978929758071899414e+00 7.089997863769531250e+01
-2.333880805969238281e+01 3.978930950164794922e+00 7.089997863769531250e+01
-2.202133369445800781e+01 4.337937355041503906e+00 6.990007019042968750e+01
-2.346518325805664062e+01 4.117010593414306641e+00 7.159467315673828125e+01
-2.396807479858398438e+01 4.184872627258300781e+00 6.990000152587890625e+01
-2.333880233764648438e+01 3.978929758071899414e+00 7.089997863769531250e+01
-2.465909767150878906e+01 4.175500869750976562e+00 7.157752990722656250e+01
-2.296810150146484375e+01 4.098157405853271484e+00 6.990007781982421875e+01
-2.333880233764648438e+01 3.978929758071899414e+00 7.089997863769531250e+01
-2.333880424499511719e+01 3.978929996490478516e+00 7.089997863769531250e+01
-2.009582901000976562e+01 4.150543212890625000e+00 6.990013122558593750e+01
-2.374597740173339844e+01 4.003343582153320312e+00 7.159474945068359375e+01
-2.355352973937988281e+01 3.989260911941528320e+00 6.990003204345703125e+01
-2.333880233764648438e+01 3.978929758071899414e+00 7.089997863769531250e+01
-2.333880615234375000e+01 3.978929519653320312e+00 7.089997863769531250e+01
-2.248773574829101562e+01 3.912530422210693359e+00 6.990010833740234375e+01
-2.331346511840820312e+01 3.929648876190185547e+00 7.159474182128906250e+01
-2.333880424499511719e+01 3.978929519653320312e+00 7.089997863769531250e+01
-2.333880233764648438e+01 3.978929758071899414e+00 7.089997863769531250e+01
-2.417983627319335938e+01 3.834418773651123047e+00 7.159487915039062500e+01
-2.319925498962402344e+01 3.824127197265625000e+00 6.989976501464843750e+01
-2.333880233764648438e+01 3.978929758071899414e+00 7.089997863769531250e+01
-2.333880615234375000e+01 3.978929281234741211e+00 7.089997863769531250e+01
-2.157404327392578125e+01 3.538662195205688477e+00 6.990013885498046875e+01
-2.356422424316406250e+01 3.804439306259155273e+00 7.159484863281250000e+01
-2.333880233764648438e+01 3.978929519653320312e+00 7.089997863769531250e+01
-2.333880233764648438e+01 3.978929758071899414e+00 7.089997863769531250e+01
-2.333880805969238281e+01 3.978927612304687500e+00 7.089997863769531250e+01
-2.280706405639648438e+01 3.605543613433837891e+00 6.990012359619140625e+01
-2.315925216674804688e+01 3.725178956985473633e+00 7.159487152099609375e+01
-2.333880424499511719e+01 3.978929042816162109e+00 7.089997863769531250e+01
-1.734528160095214844e+01 1.530540943145751953e+00 6.990001678466796875e+01
-2.388246917724609375e+01 3.600753545761108398e+00 7.159494781494140625e+01
-2.333880233764648438e+01 3.978929519653320312e+00 7.089997863769531250e+01
-2.333880233764648438e+01 3.978929758071899414e+00 7.089997863769531250e+01
-2.333880424499511719e+01 3.978928565979003906e+00 7.089997863769531250e+01
-2.222572326660156250e+01 3.171849250793457031e+00 6.990010833740234375e+01
-2.340663337707519531e+01 3.581182479858398438e+00 7.159495544433593750e+01
-2.333880233764648438e+01 3.978928804397583008e+00 7.089997863769531250e+01
-2.333880233764648438e+01 3.978929758071899414e+00 7.089997863769531250e+01
-2.333880424499511719e+01 3.978928327560424805e+00 7.089997863769531250e+01
-2.333880233764648438e+01 3.978929519653320312e+00 7.089997863769531250e+01
-2.298640060424804688e+01 3.400599002838134766e+00 7.159500122070312500e+01
-2.333880424499511719e+01 3.978928327560424805e+00 7.089997863769531250e+01
-2.084810066223144531e+01 1.764845967292785645e+00 6.990018463134765625e+01
-2.367122077941894531e+01 3.310142517089843750e+00 7.159265136718750000e+01
-2.333880233764648438e+01 3.978928565979003906e+00 7.089997863769531250e+01
-2.216632461547851562e+01 2.654284477233886719e+00 7.159482574462890625e+01
-2.333880424499511719e+01 3.978927850723266602e+00 7.089997863769531250e+01
-2.333880233764648438e+01 3.978928804397583008e+00 7.089997863769531250e+01
-2.325562667846679688e+01 3.166554212570190430e+00 7.159498596191406250e+01
-2.333880424499511719e+01 3.978927850723266602e+00 7.089997863769531250e+01
-2.333879089355468750e+01 3.978914737701416016e+00 7.089997863769531250e+01
-2.333880805969238281e+01 3.978919029235839844e+00 7.089998626708984375e+01
-2.333880233764648438e+01 3.978927850723266602e+00 7.089997863769531250e+01
-2.277203559875488281e+01 2.479872941970825195e+00 7.159278869628906250e+01
-2.333880424499511719e+01 3.978927373886108398e+00 7.089997863769531250e+01
-2.333880043029785156e+01 3.978925704956054688e+00 7.089997863769531250e+01
-2.333880233764648438e+01 3.978926897048950195e+00 7.089997863769531250e+01
-2.333880233764648438e+01 3.978927135467529297e+00 7.089997863769531250e+01
-2.333880043029785156e+01 3.978923797607421875e+00 7.089997863769531250e+01
-2.333880233764648438e+01 3.978926420211791992e+00 7.089997863769531250e+01
-2.333880233764648438e+01 3.978925943374633789e+00 7.089997863769531250e+01
