1.936641097068786621e+00 5.072934031486511230e-01 7.089995574951171875e+01
1.876439571380615234e+00 8.603073358535766602e-01 7.095510864257812500e+01
2.024417400360107422e+00 3.884292602539062500e+00 6.989978790283203125e+01
2.025463581085205078e+00 8.603179454803466797e-01 7.101580810546875000e+01
-3.716458320617675781e+00 1.386005401611328125e+01 6.990000152587890625e+01
3.508676767349243164e+00 4.284659385681152344e+00 6.989995574951171875e+01
1.880251407623291016e+00 8.603149652481079102e-01 7.110972595214843750e+01
1.421754479408264160e+00 2.331188201904296875e+00 6.990856933593750000e+01
2.180927515029907227e+00 8.603223562240600586e-01 7.098916625976562500e+01
1.676825881004333496e+00 8.602994680404663086e-01 7.100720214843750000e+01
2.404568433761596680e+00 1.922063112258911133e+00 6.990002441406250000e+01
2.033385753631591797e+00 8.603214025497436523e-01 7.120838928222656250e+01
2.110372781753540039e-01 2.775043487548828125e+00 6.989993286132812500e+01
6.485350131988525391e+00 5.544363975524902344e+00 6.989993286132812500e+01
1.713095307350158691e+00 8.603115081787109375e-01 7.121792602539062500e+01
1.807055830955505371e+00 1.440369963645935059e+00 6.989995574951171875e+01
2.269360542297363281e+00 8.603169918060302734e-01 7.118037414550781250e+01
1.477539420127868652e+00 8.602893948554992676e-01 7.091893768310546875e+01
2.941458940505981445e+00 1.629753828048706055e+00 6.990002441406250000e+01
1.913022756576538086e+00 8.603200316429138184e-01 7.141072082519531250e+01
2.895004153251647949e-01 2.368248939514160156e+00 6.892613220214843750e+01
2.499610900878906250e+00 8.603236079216003418e-01 7.097570037841796875e+01
1.445242762565612793e+00 8.602982759475708008e-01 7.124185943603515625e+01
2.161587953567504883e+00 1.109932541847229004e+00 6.990004730224609375e+01
2.267515897750854492e+00 8.603092432022094727e-01 7.147737884521484375e+01
-1.198031067848205566e+00 2.334530591964721680e+00 6.989990997314453125e+01
4.100894927978515625e+00 1.746318340301513672e+00 6.990001678466796875e+01
1.645786762237548828e+00 8.447778224945068359e-01 7.159494018554687500e+01
1.576982021331787109e+00 9.727326631546020508e-01 6.990000915527343750e+01
2.714863300323486328e+00 8.603275418281555176e-01 7.130896759033203125e+01
1.034257054328918457e+00 8.602857589721679688e-01 7.113782501220703125e+01
2.579570531845092773e+00 9.393122196197509766e-01 6.990005493164062500e+01
2.056079149246215820e+00 7.268269062042236328e-01 7.159493255615234375e+01
6.454614996910095215e-01 1.037709116935729980e+00 6.989999389648437500e+01
1.396864986419677734e+01 4.441011428833007812e+00 6.990312957763671875e+01
1.293724417686462402e+00 7.503688931465148926e-01 7.159493255615234375e+01
1.943524599075317383e+00 8.603121042251586914e-01 6.948891448974609375e+01
2.567142486572265625e+00 7.052240967750549316e-01 7.159499359130859375e+01
-8.851569175720214844e+00 3.048217058181762695e+00 6.990010833740234375e+01
3.254099369049072266e+00 8.193199634552001953e-01 6.990005493164062500e+01
1.810219407081604004e+00 5.984414815902709961e-01 7.159487915039062500e+01
8.700888752937316895e-01 8.093667626380920410e-01 6.920510101318359375e+01
4.453434944152832031e+00 8.603271842002868652e-01 7.158970642089843750e+01
5.822818875312805176e-01 6.619578599929809570e-01 7.159499359130859375e+01
2.307337284088134766e+00 5.795416831970214844e-01 6.990007019042968750e+01
2.219553470611572266e+00 5.288122296333312988e-01 7.159492492675781250e+01
-1.733875572681427002e-01 6.258299946784973145e-01 6.989997100830078125e+01
5.179937839508056641e+00 6.319457292556762695e-01 6.990000915527343750e+01
1.529317855834960938e+00 4.847383201122283936e-01 7.159497833251953125e+01
1.571576952934265137e+00 4.778798222541809082e-01 6.919991302490234375e+01
2.314630746841430664e+00 4.556317627429962158e-01 7.116846466064453125e+01
-3.639981985092163086e+00 2.899411916732788086e-01 7.159496307373046875e+01
2.787384986877441406e+00 3.939411044120788574e-01 6.990046691894531250e+01
1.936641097068786621e+00 4.603153467178344727e-01 7.089995574951171875e+01
9.512359499931335449e-01 3.321588933467864990e-01 6.990002441406250000e+01
9.619003295898437500e+00 -3.997208774089813232e-01 7.129276275634765625e+01
1.095634818077087402e+00 3.158092200756072998e-01 7.159483337402343750e+01
2.076143980026245117e+00 3.055631220340728760e-01 6.990007019042968750e+01
2.415102005004882812e+00 3.132589161396026611e-01 7.159482574462890625e+01
-2.409519433975219727e+00 -4.118045568466186523e-01 6.989991760253906250e+01
3.701511383056640625e+00 2.002015709877014160e-02 6.990004730224609375e+01
1.711162805557250977e+00 2.857815027236938477e-01 7.159499359130859375e+01
1.480564475059509277e+00 1.734920144081115723e-01 6.990004730224609375e+01
3.574506282806396484e+00 -4.403157159686088562e-02 7.159481811523437500e+01
-2.533046342432498932e-02 -1.773582994937896729e-01 7.159484863281250000e+01
2.468388080596923828e+00 8.692344278097152710e-02 6.990007781982421875e+01
2.116204977035522461e+00 2.065460830926895142e-01 7.159490203857421875e+01
3.980545401573181152e-01 -2.331992685794830322e-01 6.990001678466796875e+01
1.307195949554443359e+01 -4.088527679443359375e+00 6.904212951660156250e+01
1.392999529838562012e+00 8.215691894292831421e-02 7.159489440917968750e+01
1.858711719512939453e+00 3.992701880633831024e-03 6.990007019042968750e+01
2.680399656295776367e+00 -3.047646582126617432e-02 7.159476470947265625e+01
1.819074511528015137e+00 4.003170430660247803e-01 7.089881134033203125e+01
3.049736738204956055e+00 -3.467777371406555176e-01 6.990006256103515625e+01
1.869039535522460938e+00 6.391309946775436401e-02 7.159258270263671875e+01
1.185404419898986816e+00 -2.913886010646820068e-01 6.990004730224609375e+01
3.264982938766479492e+00 -3.962213397026062012e-01 7.114830780029296875e+01
8.438875675201416016e-01 -3.997178971767425537e-01 7.158019256591796875e+01
2.215916156768798828e+00 -2.707315981388092041e-01 6.990008544921875000e+01
2.289015531539916992e+00 -1.179691031575202942e-01 7.159492492675781250e+01
-7.166424393653869629e-01 -1.757464647293090820e+00 6.990153503417968750e+01
4.427664756774902344e+00 -1.754055380821228027e+00 6.990003204345703125e+01
1.603137135505676270e+00 -2.106554210186004639e-01 7.159489440917968750e+01
1.633697628974914551e+00 -5.001211166381835938e-01 6.990006256103515625e+01
2.697873592376708984e+00 -3.997121751308441162e-01 7.135108184814453125e+01
1.118697524070739746e+00 -3.997231125831604004e-01 7.107142639160156250e+01
2.654273986816406250e+00 -8.832031488418579102e-01 6.990007781982421875e+01
2.019814252853393555e+00 -3.520309627056121826e-01 7.159493255615234375e+01
7.734404802322387695e-01 -1.437798500061035156e+00 6.990003967285156250e+01
1.981926560401916504e+00 4.003254771232604980e-01 7.089852905273437500e+01
1.504109978675842285e+00 -3.997122645378112793e-01 7.132205963134765625e+01
1.992657423019409180e+00 -1.080006957054138184e+00 6.990007019042968750e+01
2.261805057525634766e+00 -3.997191190719604492e-01 7.129743194580078125e+01
1.904575228691101074e+00 4.006527960300445557e-01 7.089532470703125000e+01
3.404071331024169922e+00 -3.184560298919677734e+00 6.990006256103515625e+01
1.852266073226928711e+00 -3.997235000133514404e-01 7.125862884521484375e+01
1.376561522483825684e+00 -2.679984569549560547e+00 6.990005493164062500e+01
1.953216195106506348e+00 4.007942974567413330e-01 7.090542602539062500e+01
1.925547719001770020e+00 4.007114470005035400e-01 7.090495300292968750e+01
1.936641097068786621e+00 4.002924561500549316e-01 7.089995574951171875e+01
