-1.806192970275878906e+01 -3.997045159339904785e-01 7.089483642578125000e+01
-1.963553428649902344e+01 2.592606782913208008e+00 7.233638763427734375e+01
-1.797462463378906250e+01 -4.457212448120117188e+00 6.990004730224609375e+01
-1.792582321166992188e+01 -7.249833106994628906e+00 7.107236480712890625e+01
-2.365363883972167969e+01 5.391454219818115234e+00 6.990573883056640625e+01
-1.649807548522949219e+01 -4.058331966400146484e+00 6.990003967285156250e+01
-1.845176124572753906e+01 -5.097506999969482422e+00 7.234498596191406250e+01
-1.857857704162597656e+01 -5.985499858856201172e+00 6.990006256103515625e+01
-1.792589950561523438e+01 -7.640027999877929688e+00 7.094451141357421875e+01
-2.157484436035156250e+01 -2.454657554626464844e+00 7.234491729736328125e+01
-1.759641075134277344e+01 -6.408545494079589844e+00 6.990004730224609375e+01
-1.792583465576171875e+01 -7.300061225891113281e+00 7.132872772216796875e+01
-2.138095283508300781e+01 -3.410628557205200195e+00 6.897139739990234375e+01
-1.353723812103271484e+01 -2.805566310882568359e+00 6.990009307861328125e+01
-1.908141136169433594e+01 -6.038587570190429688e+00 7.234494018554687500e+01
-1.819084548950195312e+01 -6.887784957885742188e+00 6.990000915527343750e+01
-1.792590522766113281e+01 -7.699238777160644531e+00 7.100947570800781250e+01
-2.884762382507324219e+01 1.533837199211120605e+00 7.134085845947265625e+01
-1.706220245361328125e+01 -6.699256420135498047e+00 6.989997100830078125e+01
-1.812898254394531250e+01 -6.727156162261962891e+00 7.234490966796875000e+01
-1.888861656188964844e+01 -6.905194282531738281e+00 6.990419006347656250e+01
-1.792592620849609375e+01 -7.766136646270751953e+00 7.091313171386718750e+01
-2.014608764648437500e+01 -6.166331291198730469e+00 7.234494018554687500e+01
-1.783813667297363281e+01 -7.216486930847167969e+00 6.990005493164062500e+01
-1.792589187622070312e+01 -7.698315620422363281e+00 7.113224029541015625e+01
-2.118021583557128906e+01 -5.998352527618408203e+00 6.990001678466796875e+01
-1.806042289733886719e+01 -7.861876010894775391e+00 7.089414215087890625e+01
-1.866877365112304688e+01 -7.060620784759521484e+00 7.234485626220703125e+01
-1.841972923278808594e+01 -7.353001594543457031e+00 6.990006256103515625e+01
-1.793887138366699219e+01 -7.799518108367919922e+00 7.095951080322265625e+01
-2.356331443786621094e+01 -5.424351215362548828e+00 7.234498596191406250e+01
-1.806004714965820312e+01 -7.861368179321289062e+00 7.089190673828125000e+01
-1.781273269653320312e+01 -7.306717395782470703e+00 7.234484100341796875e+01
-1.934639167785644531e+01 -7.288380622863769531e+00 6.990007781982421875e+01
-1.779061126708984375e+01 -7.773007869720458984e+00 7.087236022949218750e+01
-1.940330696105957031e+01 -7.257605552673339844e+00 7.234482574462890625e+01
-1.805707740783691406e+01 -7.580796718597412109e+00 6.990013885498046875e+01
-1.752584648132324219e+01 -7.654537200927734375e+00 7.148579406738281250e+01
-2.879624366760253906e+01 -5.287797927856445312e+00 6.989998626708984375e+01
-1.769830894470214844e+01 -7.763684749603271484e+00 7.061885833740234375e+01
-1.832571411132812500e+01 -7.574565410614013672e+00 7.234482574462890625e+01
-1.868797683715820312e+01 -7.657884120941162109e+00 6.989998626708984375e+01
-1.752584457397460938e+01 -7.777567386627197266e+00 7.104175567626953125e+01
-2.088732147216796875e+01 -7.442115306854248047e+00 7.234477996826171875e+01
-1.777472877502441406e+01 -7.770399093627929688e+00 7.012016296386718750e+01
-1.777699661254882812e+01 -7.793785095214843750e+00 7.159476470947265625e+01
-2.016096496582031250e+01 -7.698118686676025391e+00 6.990006256103515625e+01
-1.745368576049804688e+01 -7.830583572387695312e+00 7.070730590820312500e+01
-1.891172027587890625e+01 -7.811817646026611328e+00 7.234485626220703125e+01
-1.827556419372558594e+01 -7.852492332458496094e+00 6.989997863769531250e+01
-1.738987922668457031e+01 -7.871098041534423828e+00 7.137223052978515625e+01
-2.880980300903320312e+01 -8.191134452819824219e+00 7.223432159423828125e+01
-1.732449150085449219e+01 -7.920305252075195312e+00 7.002846527099609375e+01
-1.803639984130859375e+01 -7.912428855895996094e+00 7.159491729736328125e+01
-1.904028892517089844e+01 -7.990011215209960938e+00 6.990205383300781250e+01
-1.806192970275878906e+01 -7.862771034240722656e+00 7.089483642578125000e+01
-1.981692123413085938e+01 -8.164322853088378906e+00 7.234490203857421875e+01
-1.806192970275878906e+01 -7.862771034240722656e+00 7.089483642578125000e+01
-1.757996940612792969e+01 -8.010903358459472656e+00 7.159479522705078125e+01
-2.238506126403808594e+01 -8.730270385742187500e+00 6.990009307861328125e+01
-1.719778442382812500e+01 -8.078355789184570312e+00 7.040524291992187500e+01
-1.818223381042480469e+01 -7.955893039703369141e+00 7.126567077636718750e+01
-1.851394653320312500e+01 -8.147041320800781250e+00 6.990383148193359375e+01
-1.717363548278808594e+01 -8.136302947998046875e+00 7.127169799804687500e+01
-2.215644645690917969e+01 -9.193557739257812500e+00 7.234503173828125000e+01
-1.714959144592285156e+01 -8.503413200378417969e+00 6.917931365966796875e+01
-1.788106918334960938e+01 -8.118371963500976562e+00 7.159479522705078125e+01
-1.959245872497558594e+01 -8.552653312683105469e+00 6.990013122558593750e+01
-1.714316940307617188e+01 -8.238089561462402344e+00 7.074154663085937500e+01
-1.806192970275878906e+01 -7.862771034240722656e+00 7.089483642578125000e+01
-1.820603179931640625e+01 -8.706572532653808594e+00 6.904591369628906250e+01
-1.731281089782714844e+01 -8.357099533081054688e+00 7.159465026855468750e+01
-1.806192970275878906e+01 -7.862771034240722656e+00 7.089483642578125000e+01
-1.715048027038574219e+01 -8.523652076721191406e+00 7.007608795166015625e+01
-1.813004684448242188e+01 -8.262196540832519531e+00 7.159274291992187500e+01
-1.815555953979492188e+01 -7.956458568572998047e+00 7.077021789550781250e+01
-1.713884162902832031e+01 -8.457994461059570312e+00 7.106742095947265625e+01
-1.818153190612792969e+01 -7.956902503967285156e+00 7.096929168701171875e+01
-1.764807510375976562e+01 -8.946102142333984375e+00 6.941313171386718750e+01
-1.770700263977050781e+01 -8.445244789123535156e+00 7.159484100341796875e+01
-1.817335319519042969e+01 -7.955905437469482422e+00 7.085290527343750000e+01
-1.719597625732421875e+01 -8.632552146911621094e+00 7.054723358154296875e+01
-1.831707191467285156e+01 -8.376089096069335938e+00 7.142649078369140625e+01
-1.828459167480468750e+01 -8.568685531616210938e+00 7.015991973876953125e+01
-1.727624320983886719e+01 -8.750426292419433594e+00 7.136045837402343750e+01
-1.822183227539062500e+01 -8.030901908874511719e+00 7.092835998535156250e+01
-1.750187683105468750e+01 -8.911274909973144531e+00 7.011450958251953125e+01
-1.797815895080566406e+01 -8.680955886840820312e+00 7.159481048583984375e+01
-1.831616210937500000e+01 -8.277627944946289062e+00 7.067629241943359375e+01
-1.734211540222167969e+01 -8.816310882568359375e+00 7.087210083007812500e+01
-1.832489585876464844e+01 -8.385643959045410156e+00 7.115146636962890625e+01
-1.802506828308105469e+01 -8.876399040222167969e+00 7.023685455322265625e+01
-1.765077209472656250e+01 -8.950252532958984375e+00 7.139743041992187500e+01
-1.831315040588378906e+01 -8.330199241638183594e+00 7.085853576660156250e+01
-1.762541007995605469e+01 -8.947017669677734375e+00 7.059739685058593750e+01
-1.815187263488769531e+01 -8.779567718505859375e+00 7.127718353271484375e+01
-1.821170806884765625e+01 -8.702562332153320312e+00 7.062744140625000000e+01
-1.775754547119140625e+01 -8.955815315246582031e+00 7.099522399902343750e+01
-1.821745491027832031e+01 -8.698390960693359375e+00 7.096485900878906250e+01
-1.806192970275878906e+01 -8.851402282714843750e+00 7.089483642578125000e+01
