2.030972671508789062e+01 -7.931948900222778320e-01 7.090005493164062500e+01
2.012904167175292969e+01 4.003038108348846436e-01 7.106557464599609375e+01
2.030987167358398438e+01 -7.945345044136047363e-01 7.089839935302734375e+01
2.051530647277832031e+01 1.255906820297241211e-01 7.116819763183593750e+01
2.030789756774902344e+01 -7.958778738975524902e-01 7.089973449707031250e+01
2.031284713745117188e+01 -7.926205992698669434e-01 7.089807128906250000e+01
2.014048576354980469e+01 4.003026485443115234e-01 7.152962493896484375e+01
2.030876922607421875e+01 -7.967313528060913086e-01 7.089820861816406250e+01
2.073794937133789062e+01 -9.902052581310272217e-02 7.105644226074218750e+01
1.952990341186523438e+01 4.003193974494934082e-01 7.122195434570312500e+01
2.031042480468750000e+01 -7.980294823646545410e-01 7.089855957031250000e+01
2.052765274047851562e+01 1.008335053920745850e-01 7.159483337402343750e+01
2.030750274658203125e+01 -7.972288131713867188e-01 7.089876556396484375e+01
2.485819816589355469e+01 4.283570289611816406e+00 6.990008544921875000e+01
1.982126235961914062e+01 7.380724698305130005e-02 7.159484100341796875e+01
2.030948829650878906e+01 -7.984055280685424805e-01 7.089820861816406250e+01
2.082348823547363281e+01 -1.825585216283798218e-01 7.133305358886718750e+01
1.985004234313964844e+01 -3.997313678264617920e-01 7.091906738281250000e+01
2.131466102600097656e+01 3.693619370460510254e-01 6.990000915527343750e+01
2.027760124206542969e+01 -2.561204433441162109e-01 7.159481048583984375e+01
1.927331352233886719e+01 4.002952277660369873e-01 6.965808868408203125e+01
2.097116851806640625e+01 -3.302375674247741699e-01 7.098905181884765625e+01
1.981768608093261719e+01 -3.997070491313934326e-01 7.124240112304687500e+01
2.053475952148437500e+01 -1.503464728593826294e-01 6.989975738525390625e+01
2.070786285400390625e+01 -3.189077973365783691e-01 7.159485626220703125e+01
1.717497253417968750e+01 1.074051380157470703e+00 6.989998626708984375e+01
2.030972671508789062e+01 -8.002131581306457520e-01 7.090005493164062500e+01
2.001895523071289062e+01 -4.158598184585571289e-01 7.159484100341796875e+01
1.969818878173828125e+01 7.106258720159530640e-02 6.919982910156250000e+01
2.105699920654296875e+01 -4.161089658737182617e-01 7.129280090332031250e+01
1.940610694885253906e+01 -3.996948897838592529e-01 7.113824462890625000e+01
2.095284843444824219e+01 -3.210731446743011475e-01 6.989985656738281250e+01
2.042914390563964844e+01 -5.337464213371276855e-01 7.159491729736328125e+01
1.901844406127929688e+01 -2.227736711502075195e-01 6.990001678466796875e+01
2.030972671508789062e+01 -8.002131581306457520e-01 7.090005493164062500e+01
1.897312736511230469e+01 -1.972028911113739014e-01 7.234487915039062500e+01
2.031460571289062500e+01 -5.167359113693237305e-01 6.990005493164062500e+01
2.094007492065429688e+01 -5.553635954856872559e-01 7.159492492675781250e+01
9.617394447326660156e+00 1.764689087867736816e+00 6.990909576416015625e+01
2.162733078002929688e+01 -4.411687254905700684e-01 6.990003967285156250e+01
2.018330955505371094e+01 -6.620925664901733398e-01 7.159495544433593750e+01
1.968043327331542969e+01 -5.942640304565429688e-01 6.990004730224609375e+01
2.128594207763671875e+01 -6.450563669204711914e-01 7.116759490966796875e+01
1.749418258666992188e+01 -3.810234963893890381e-01 7.234494781494140625e+01
2.068051910400390625e+01 -6.809557676315307617e-01 6.989990234375000000e+01
2.059261894226074219e+01 -7.317213416099548340e-01 7.159497070312500000e+01
1.819960021972656250e+01 -6.346908211708068848e-01 6.990002441406250000e+01
2.355337715148925781e+01 -6.285640597343444824e-01 6.990000152587890625e+01
1.946295166015625000e+01 -7.494407296180725098e-01 7.234492492675781250e+01
2.009498977661132812e+01 -7.898814678192138672e-01 6.990006256103515625e+01
2.128781127929687500e+01 -8.123323321342468262e-01 7.159484100341796875e+01
1.807486724853515625e+01 -8.684914112091064453e-01 7.117858123779296875e+01
2.116097450256347656e+01 -8.666266798973083496e-01 6.989997863769531250e+01
2.036241722106933594e+01 -9.026995897293090820e-01 7.234491729736328125e+01
1.932425880432128906e+01 -9.283777475357055664e-01 6.990005493164062500e+01
2.158373832702636719e+01 -9.428381323814392090e-01 7.096519470214843750e+01
1.856095886230468750e+01 -1.100695490837097168e+00 7.234497070312500000e+01
2.044924163818359375e+01 -9.549787044525146484e-01 6.990007781982421875e+01
2.078817367553710938e+01 -9.472655653953552246e-01 7.159490966796875000e+01
1.596907329559326172e+01 -1.671227931976318359e+00 6.990128326416015625e+01
2.207472229003906250e+01 -1.240539789199829102e+00 6.990007781982421875e+01
1.984098243713378906e+01 -1.163048982620239258e+00 7.234496307373046875e+01
1.985361862182617188e+01 -1.087056756019592285e+00 6.990007781982421875e+01
2.194446182250976562e+01 -1.303596377372741699e+00 7.159358978271484375e+01
1.623004531860351562e+01 -2.126178026199340820e+00 7.234499359130859375e+01
2.084151840209960938e+01 -1.173636078834533691e+00 6.990010070800781250e+01
2.068306922912597656e+01 -1.327840447425842285e+00 7.234495544433593750e+01
1.877106857299804688e+01 -1.493760108947753906e+00 6.990007019042968750e+01
2.030972671508789062e+01 -8.002131581306457520e-01 7.090005493164062500e+01
1.917938041687011719e+01 -1.586485266685485840e+00 7.234497833251953125e+01
2.023179244995117188e+01 -1.256569504737854004e+00 6.990009307861328125e+01
2.105350494384765625e+01 -1.291017651557922363e+00 7.159488677978515625e+01
-6.726583957672119141e+00 -1.459777927398681641e+01 7.063626098632812500e+01
2.142288208007812500e+01 -1.607349634170532227e+00 6.990010833740234375e+01
2.016869926452636719e+01 -1.627167820930480957e+00 7.234497070312500000e+01
1.955845260620117188e+01 -1.551954627037048340e+00 6.990009307861328125e+01
2.349505233764648438e+01 -2.854163408279418945e+00 7.149559783935546875e+01
1.798853492736816406e+01 -2.627067804336547852e+00 7.234499359130859375e+01
2.058901977539062500e+01 -1.531307935714721680e+00 6.990011596679687500e+01
2.104235076904296875e+01 -2.002528667449951172e+00 7.234497070312500000e+01
1.765216636657714844e+01 -3.021568298339843750e+00 6.990002441406250000e+01
2.280074882507324219e+01 -3.014583349227905273e+00 6.990013122558593750e+01
1.961629867553710938e+01 -2.195310354232788086e+00 7.234497833251953125e+01
2.000676727294921875e+01 -1.760700464248657227e+00 6.990010833740234375e+01
2.274781036376953125e+01 -3.554717779159545898e+00 7.234493255615234375e+01
1.807486915588378906e+01 -3.150085449218750000e+00 7.136856842041015625e+01
2.102739906311035156e+01 -2.143806934356689453e+00 6.990011596679687500e+01
2.048265075683593750e+01 -2.489149332046508789e+00 7.234497833251953125e+01
1.914646911621093750e+01 -2.698419809341430664e+00 6.990008544921875000e+01
2.850898742675781250e+01 -1.166179943084716797e+01 7.064109039306640625e+01
1.882912254333496094e+01 -3.744185924530029297e+00 7.234497833251953125e+01
2.036574554443359375e+01 -2.340619564056396484e+00 6.990011596679687500e+01
2.149175834655761719e+01 -3.926598548889160156e+00 7.234494781494140625e+01
1.338949298858642578e+01 -1.367618560791015625e+01 6.990011596679687500e+01
2.177733612060546875e+01 -4.445533275604248047e+00 6.990003967285156250e+01
1.996982574462890625e+01 -4.264840126037597656e+00 7.234496307373046875e+01
1.974958038330078125e+01 -3.940892219543457031e+00 6.990003204345703125e+01
2.412568473815917969e+01 -1.450329017639160156e+01 7.215859985351562500e+01
1.776933097839355469e+01 -1.444954204559326172e+01 7.204383850097656250e+01
2.030972671508789062e+01 -1.456925487518310547e+01 7.090005493164062500e+01
