-2.480761718750000000e+01 5.156677246093750000e+00 7.090001678466796875e+01
-2.494046974182128906e+01 5.570567607879638672e+00 7.102172088623046875e+01
-2.471984481811523438e+01 8.111701011657714844e+00 6.989989471435546875e+01
-2.466955375671386719e+01 5.309627532958984375e+00 7.108009338378906250e+01
-2.533301162719726562e+01 5.933229923248291016e+00 7.080708312988281250e+01
-2.323566055297851562e+01 8.512024879455566406e+00 6.990006256103515625e+01
-2.493058395385742188e+01 5.560141563415527344e+00 7.135745239257812500e+01
-2.532437515258789062e+01 6.565541267395019531e+00 6.990502929687500000e+01
-2.451963996887207031e+01 5.159420490264892578e+00 7.100518798828125000e+01
-2.604077339172363281e+01 6.586308956146240234e+00 7.140904235839843750e+01
-2.434190750122070312e+01 6.142692565917968750e+00 6.990482330322265625e+01
-2.465963554382324219e+01 5.299721717834472656e+00 7.137180328369140625e+01
-2.548537826538085938e+01 5.597022056579589844e+00 7.050724029541015625e+01
-2.025860786437988281e+01 9.772255897521972656e+00 6.989993286132812500e+01
-2.529290390014648438e+01 5.556208610534667969e+00 7.159028625488281250e+01
-2.493720436096191406e+01 5.667934417724609375e+00 6.990000915527343750e+01
-2.446258163452148438e+01 5.102680206298828125e+00 7.119081115722656250e+01
-2.650035667419433594e+01 6.162602424621582031e+00 7.097001647949218750e+01
-2.380286979675292969e+01 5.857226371765136719e+00 6.990016174316406250e+01
-2.483956718444824219e+01 5.228986740112304688e+00 7.159097290039062500e+01
-2.554515457153320312e+01 5.542182445526123047e+00 7.001620483398437500e+01
-2.436339950561523438e+01 5.003501415252685547e+00 7.095978546142578125e+01
-2.580632400512695312e+01 5.500787258148193359e+00 7.159489440917968750e+01
-2.458265113830566406e+01 5.337544441223144531e+00 6.990001678466796875e+01
-2.446361732482910156e+01 5.103731632232666016e+00 7.150034332275390625e+01
-2.601690673828125000e+01 5.410902976989746094e+00 7.051422119140625000e+01
-2.264340591430664062e+01 5.973848819732666016e+00 6.990009307861328125e+01
-2.509638595581054688e+01 5.069577693939208984e+00 7.159001922607421875e+01
-2.516728210449218750e+01 5.200297355651855469e+00 6.990005493164062500e+01
-2.430572700500488281e+01 4.945846557617187500e+00 7.116379547119140625e+01
-2.547494125366210938e+01 4.983654022216796875e+00 7.107592010498046875e+01
-2.416469383239746094e+01 5.166862964630126953e+00 6.990012359619140625e+01
-2.468819236755371094e+01 4.954354286193847656e+00 7.159491729736328125e+01
-2.609887886047363281e+01 5.265301704406738281e+00 6.989999389648437500e+01
-1.273733806610107422e+01 8.681228637695312500e+00 6.990001678466796875e+01
-2.545046615600585938e+01 4.977894306182861328e+00 7.159491729736328125e+01
-2.480273818969726562e+01 4.971353530883789062e+00 6.989999389648437500e+01
-2.426032829284667969e+01 4.900456905364990234e+00 7.150332641601562500e+01
-2.885327148437500000e+01 5.658352375030517578e+00 7.052507019042968750e+01
-2.349011802673339844e+01 5.046886444091796875e+00 6.990008544921875000e+01
-2.493403625488281250e+01 4.825994968414306641e+00 7.159493255615234375e+01
-2.543691253662109375e+01 4.893820762634277344e+00 6.990000152587890625e+01
-2.415194892883300781e+01 4.792080879211425781e+00 7.107971191406250000e+01
-2.524415588378906250e+01 4.752864360809326172e+00 7.112403869628906250e+01
-2.443690109252929688e+01 4.807104110717773438e+00 6.990007019042968750e+01
-2.452472877502441406e+01 4.756361961364746094e+00 7.159492492675781250e+01
-2.691394805908203125e+01 4.853095531463623047e+00 6.990178680419921875e+01
-2.156429290771484375e+01 4.859502792358398438e+00 6.990006256103515625e+01
-2.520283508300781250e+01 4.711568355560302734e+00 7.157438659667968750e+01
-2.502235221862792969e+01 4.698202610015869141e+00 6.990003204345703125e+01
-2.404680824279785156e+01 4.678443908691406250e+00 7.144046020507812500e+01
-2.516815185546875000e+01 4.676856040954589844e+00 7.094494628906250000e+01
-2.395644569396972656e+01 4.621463298797607422e+00 6.990002441406250000e+01
-2.478227424621582031e+01 4.638576030731201172e+00 7.159497833251953125e+01
-2.579312705993652344e+01 4.559700965881347656e+00 6.989997863769531250e+01
-2.480761718750000000e+01 4.687870979309082031e+00 7.090001678466796875e+01
-2.512467956542968750e+01 4.633391380310058594e+00 7.116198730468750000e+01
-2.466810417175292969e+01 4.533107280731201172e+00 6.990005493164062500e+01
-2.432911872863769531e+01 4.540803432464599609e+00 7.159494018554687500e+01
-2.882124900817871094e+01 3.882477760314941406e+00 6.997648620605468750e+01
-2.304264640808105469e+01 4.247550964355468750e+00 6.990005493164062500e+01
-2.501704406738281250e+01 4.525761127471923828e+00 7.154557800292968750e+01
-2.526373481750488281e+01 4.401021957397460938e+00 6.990001678466796875e+01
-2.370974922180175781e+01 4.349805355072021484e+00 7.136579132080078125e+01
-2.508802413940429688e+01 4.596734046936035156e+00 7.099932861328125000e+01
-2.427580642700195312e+01 4.314433574676513672e+00 6.990002441406250000e+01
-2.462805938720703125e+01 4.434110164642333984e+00 7.159494018554687500e+01
-2.634640502929687500e+01 3.994265794754028320e+00 6.989994812011718750e+01
-1.881432723999023438e+01 2.239576816558837891e+00 6.990009307861328125e+01
-2.502674102783203125e+01 4.535448551177978516e+00 7.118012237548828125e+01
-2.488555335998535156e+01 4.231513500213623047e+00 6.990005493164062500e+01
-2.406387519836425781e+01 4.197090625762939453e+00 7.159481048583984375e+01
-2.884817695617675781e+01 2.625833272933959961e+00 7.086059570312500000e+01
-2.369441604614257812e+01 3.880701065063476562e+00 6.990003204345703125e+01
-2.486174964904785156e+01 4.370443344116210938e+00 7.145465087890625000e+01
-2.555890655517578125e+01 3.936114072799682617e+00 6.990003967285156250e+01
-2.266831588745117188e+01 3.308413982391357422e+00 7.129999542236328125e+01
-2.501553153991699219e+01 4.524234771728515625e+00 7.102944183349609375e+01
-2.452830696105957031e+01 3.956731081008911133e+00 6.990001678466796875e+01
-2.445534324645996094e+01 4.109752655029296875e+00 7.159478759765625000e+01
-2.746534347534179688e+01 2.466378211975097656e+00 6.989992523193359375e+01
-2.232707023620605469e+01 2.482813358306884766e+00 6.990429687500000000e+01
-2.493098068237304688e+01 4.439676284790039062e+00 7.115707397460937500e+01
-2.511058616638183594e+01 3.727354288101196289e+00 6.990003967285156250e+01
-2.364667129516601562e+01 3.376254081726074219e+00 7.158802795410156250e+01
-2.498872947692871094e+01 4.497437000274658203e+00 7.093798828125000000e+01
-2.408987808227539062e+01 3.344154596328735352e+00 6.989998626708984375e+01
-2.476523590087890625e+01 4.273927211761474609e+00 7.125415802001953125e+01
-2.704498863220214844e+01 1.036922812461853027e+00 6.897671508789062500e+01
-1.025262641906738281e+01 -1.459317302703857422e+01 7.044032287597656250e+01
-2.493194961547851562e+01 4.440652847290039062e+00 7.102135467529296875e+01
-2.475159263610839844e+01 3.147308588027954102e+00 6.989997863769531250e+01
-2.458174896240234375e+01 4.090467929840087891e+00 7.117611694335937500e+01
-2.881722259521484375e+01 -2.772509336471557617e+00 7.032064819335937500e+01
-2.333998489379882812e+01 1.042493104934692383e+00 6.989998626708984375e+01
-2.484081077575683594e+01 4.349518775939941406e+00 7.104112243652343750e+01
-2.595449256896972656e+01 -1.742526650428771973e+00 6.885251617431640625e+01
-2.466422653198242188e+01 4.172954559326171875e+00 7.094731140136718750e+01
-2.486591720581054688e+01 4.374633312225341797e+00 7.092626190185546875e+01
-2.480761718750000000e+01 4.316341400146484375e+00 7.090001678466796875e+01
