1.335198783874511719e+01 -4.597322344779968262e-01 7.089999389648437500e+01
1.329178714752197266e+01 -4.597253501415252686e-01 7.095513916015625000e+01
1.343975257873535156e+01 2.563794374465942383e+00 6.989996337890625000e+01
1.344080829620361328e+01 -4.597187638282775879e-01 7.101584625244140625e+01
7.698653697967529297e+00 1.254058170318603516e+01 6.990000152587890625e+01
1.492398452758789062e+01 2.964535474777221680e+00 6.990001678466796875e+01
1.329576492309570312e+01 -4.608938395977020264e-01 7.110913848876953125e+01
1.283261203765869141e+01 1.027470469474792480e+00 6.989997100830078125e+01
1.359627151489257812e+01 -4.597119688987731934e-01 7.098920440673828125e+01
1.309217453002929688e+01 -4.597330987453460693e-01 7.100724029541015625e+01
1.381995964050292969e+01 6.021738052368164062e-01 6.989996337890625000e+01
1.344872951507568359e+01 -4.597182273864746094e-01 7.120841979980468750e+01
1.001761436462402344e+01 3.613020420074462891e+00 6.896765899658203125e+01
1.790035438537597656e+01 4.223953247070312500e+00 6.990004730224609375e+01
1.312845039367675781e+01 -4.597333073616027832e-01 7.121794891357421875e+01
1.322239971160888672e+01 1.203651875257492065e-01 6.989997100830078125e+01
1.368471050262451172e+01 -4.597079157829284668e-01 7.118041229248046875e+01
1.289286994934082031e+01 -4.597258567810058594e-01 7.091898345947265625e+01
1.435690593719482422e+01 3.098419308662414551e-01 6.989996337890625000e+01
1.332837009429931641e+01 -4.597242474555969238e-01 7.141074371337890625e+01
1.251747608184814453e+01 1.069272086024284363e-01 6.989997100830078125e+01
1.391495895385742188e+01 -4.597048163414001465e-01 7.097573852539062500e+01
1.286058330535888672e+01 -4.597255587577819824e-01 7.124189758300781250e+01
1.357696056365966797e+01 -2.100222259759902954e-01 6.989997100830078125e+01
1.368287277221679688e+01 -4.597077071666717529e-01 7.147743225097656250e+01
1.021732807159423828e+01 1.014493942260742188e+00 6.989995574951171875e+01
1.551061248779296875e+01 4.229443073272705078e-01 6.990265655517578125e+01
1.306119918823242188e+01 -4.753387570381164551e-01 7.159481811523437500e+01
1.299230194091796875e+01 -3.472580015659332275e-01 6.989997863769531250e+01
1.413020133972167969e+01 -4.597058594226837158e-01 7.130899810791015625e+01
1.244954776763916016e+01 -4.597186744213104248e-01 7.113787078857421875e+01
1.399499320983886719e+01 -3.806603550910949707e-01 6.989997100830078125e+01
1.347140598297119141e+01 -5.932456851005554199e-01 7.159485626220703125e+01
1.206073665618896484e+01 -2.822878658771514893e-01 6.989997863769531250e+01
2.538595771789550781e+01 3.121631622314453125e+00 6.990300750732421875e+01
1.270928478240966797e+01 -5.697563886642456055e-01 7.159473419189453125e+01
1.335686588287353516e+01 -5.762320160865783691e-01 6.989997863769531250e+01
1.398245048522949219e+01 -6.148200631141662598e-01 7.159498596191406250e+01
2.562508344650268555e+00 1.728492379188537598e+00 6.990002441406250000e+01
1.466960144042968750e+01 -5.006667971611022949e-01 6.989997100830078125e+01
1.322557830810546875e+01 -7.216011285781860352e-01 7.159484863281250000e+01
1.272269153594970703e+01 -6.537633538246154785e-01 6.989997863769531250e+01
1.586881446838378906e+01 -4.596965909004211426e-01 7.158975219726562500e+01
1.199784183502197266e+01 -6.581029891967773438e-01 7.159491729736328125e+01
1.372273159027099609e+01 -7.404721379280090332e-01 6.989997863769531250e+01
1.363486003875732422e+01 -7.912265658378601074e-01 7.159486389160156250e+01
1.124187946319580078e+01 -6.941928267478942871e-01 6.989997100830078125e+01
1.658074188232421875e+01 -6.888529658317565918e-01 6.990453338623046875e+01
1.294470787048339844e+01 -8.352933526039123535e-01 7.159494781494140625e+01
1.313724613189697266e+01 -8.493818044662475586e-01 6.989997863769531250e+01
1.397105789184570312e+01 -8.673844933509826660e-01 7.133975219726562500e+01
1.335198783874511719e+01 -8.597137331962585449e-01 7.089999389648437500e+01
1.420318031311035156e+01 -9.261230230331420898e-01 6.989997863769531250e+01
1.335198783874511719e+01 -8.597137331962585449e-01 7.089999389648437500e+01
1.236812305450439453e+01 -9.876699447631835938e-01 6.990162658691406250e+01
1.807484626770019531e+01 -1.388435125350952148e+00 7.114147949218750000e+01
1.335198783874511719e+01 -8.597137331962585449e-01 7.089999389648437500e+01
1.349150848388671875e+01 -1.014485359191894531e+00 6.989997863769531250e+01
1.335198783874511719e+01 -8.597137331962585449e-01 7.089999389648437500e+01
9.006088256835937500e+00 -1.731781363487243652e+00 6.990000915527343750e+01
1.511704635620117188e+01 -1.300055861473083496e+00 6.989997863769531250e+01
1.335198783874511719e+01 -8.597137331962585449e-01 7.089999389648437500e+01
1.289586544036865234e+01 -1.146566033363342285e+00 6.989998626708984375e+01
1.335198783874511719e+01 -8.597137331962585449e-01 7.089999389648437500e+01
1.335198783874511719e+01 -8.597137331962585449e-01 7.089999389648437500e+01
1.388380813598632812e+01 -1.233157157897949219e+00 6.989997863769531250e+01
1.335198783874511719e+01 -8.597137331962585449e-01 7.089999389648437500e+01
1.028280735015869141e+01 -2.243140459060668945e+00 6.890530395507812500e+01
1.934520149230957031e+01 -3.307976961135864258e+00 6.990007781982421875e+01
1.335198783874511719e+01 -8.597137331962585449e-01 7.089999389648437500e+01
1.327425861358642578e+01 -1.314865231513977051e+00 6.990267181396484375e+01
1.335198783874511719e+01 -8.597137331962585449e-01 7.089999389648437500e+01
-1.353969478607177734e+01 -1.458347129821777344e+01 7.063761138916015625e+01
1.446521186828613281e+01 -1.666899919509887695e+00 6.989998626708984375e+01
1.335198783874511719e+01 -8.597137331962585449e-01 7.089999389648437500e+01
1.260155296325683594e+01 -1.610615134239196777e+00 6.990115356445312500e+01
1.335198783874511719e+01 -8.597137331962585449e-01 7.089999389648437500e+01
1.335198783874511719e+01 -8.597137331962585449e-01 7.089999389648437500e+01
1.363129997253417969e+01 -1.590857028961181641e+00 6.989998626708984375e+01
1.335198783874511719e+01 -8.597137331962585449e-01 7.089999389648437500e+01
1.069443798065185547e+01 -3.081059455871582031e+00 6.989997100830078125e+01
1.584331989288330078e+01 -3.074358701705932617e+00 6.989994049072265625e+01
1.335198783874511719e+01 -8.597137331962585449e-01 7.089999389648437500e+01
1.304901123046875000e+01 -1.820256352424621582e+00 6.989999389648437500e+01
1.335198783874511719e+01 -8.597137331962585449e-01 7.089999389648437500e+01
1.335198783874511719e+01 -8.597137331962585449e-01 7.089999389648437500e+01
1.406970405578613281e+01 -2.203388690948486328e+00 6.989999389648437500e+01
1.335198783874511719e+01 -8.597137331962585449e-01 7.089999389648437500e+01
1.218998146057128906e+01 -2.755879402160644531e+00 6.990110015869140625e+01
2.371634292602539062e+01 -1.458940792083740234e+01 7.057265472412109375e+01
1.335198783874511719e+01 -8.597137331962585449e-01 7.089999389648437500e+01
1.340801048278808594e+01 -2.400208950042724609e+00 6.990000152587890625e+01
1.335198783874511719e+01 -8.597137331962585449e-01 7.089999389648437500e+01
6.431660175323486328e+00 -1.373586082458496094e+01 6.990003967285156250e+01
1.481955337524414062e+01 -4.504924297332763672e+00 6.990000915527343750e+01
1.335198783874511719e+01 -8.597137331962585449e-01 7.089999389648437500e+01
1.279316234588623047e+01 -3.992980957031250000e+00 6.990232849121093750e+01
1.335198783874511719e+01 -8.597137331962585449e-01 7.089999389648437500e+01
1.335198783874511719e+01 -8.597137331962585449e-01 7.089999389648437500e+01
1.335198783874511719e+01 -1.455583190917968750e+01 7.089999389648437500e+01
