1.616374015808105469e+01 -1.426858827471733093e-02 7.089998626708984375e+01
1.604333305358886719e+01 4.002983272075653076e-01 7.101029205322265625e+01
1.625151252746582031e+01 3.024133205413818359e+00 6.989985656738281250e+01
1.634138679504394531e+01 4.002965390682220459e-01 7.113169097900390625e+01
1.615915298461914062e+01 -3.888397812843322754e-01 7.089917755126953125e+01
1.773601913452148438e+01 3.425220489501953125e+00 6.989983367919921875e+01
1.605095863342285156e+01 4.002985954284667969e-01 7.131952667236328125e+01
1.616278457641601562e+01 -3.962447941303253174e-01 7.089814758300781250e+01
1.665231323242187500e+01 4.003007411956787109e-01 7.107841491699218750e+01
1.564407920837402344e+01 4.003011882305145264e-01 7.111449432373046875e+01
1.691479301452636719e+01 1.946484208106994629e+00 6.929502868652343750e+01
1.635723495483398438e+01 4.003245234489440918e-01 7.151688385009765625e+01
1.616026115417480469e+01 -3.950478434562683105e-01 7.089797210693359375e+01
2.071279907226562500e+01 4.684726715087890625e+00 6.989988708496093750e+01
1.571663475036621094e+01 4.003022909164428711e-01 7.153594970703125000e+01
1.616367149353027344e+01 -3.991907536983489990e-01 7.089945220947265625e+01
1.682918739318847656e+01 4.002996087074279785e-01 7.146082305908203125e+01
1.524546527862548828e+01 4.002962410449981689e-01 7.093795776367187500e+01
1.724639892578125000e+01 8.603191375732421875e-01 6.982259368896484375e+01
1.613160133361816406e+01 1.445920318365097046e-01 7.159500885009765625e+01
1.616185379028320312e+01 -3.975278437137603760e-01 7.089772796630859375e+01
1.728965950012207031e+01 4.002881646156311035e-01 7.105147552490234375e+01
1.518088436126708984e+01 4.003001749515533447e-01 7.158383178710937500e+01
1.644076538085937500e+01 4.003005027770996094e-01 6.966857910156250000e+01
1.656197738647460938e+01 8.171414583921432495e-02 7.159496307373046875e+01
1.615952873229980469e+01 -3.971960544586181641e-01 7.089864349365234375e+01
1.832809638977050781e+01 8.863494992256164551e-01 6.990000152587890625e+01
1.587291049957275391e+01 -1.528474222868680954e-02 7.159490966796875000e+01
1.616321945190429688e+01 -3.989729583263397217e-01 7.089853668212890625e+01
1.748593330383300781e+01 2.799036502838134766e-01 7.159489440917968750e+01
1.435881233215332031e+01 4.002974629402160645e-01 7.137576293945312500e+01
1.723756790161132812e+01 4.003114998340606689e-01 6.922993469238281250e+01
1.628318595886230469e+01 -1.331854164600372314e-01 7.159500885009765625e+01
1.616085433959960938e+01 -3.984233140945434570e-01 7.089775085449218750e+01
2.819088935852050781e+01 3.579374551773071289e+00 6.990356445312500000e+01
1.552095413208007812e+01 -1.097193509340286255e-01 7.159481811523437500e+01
1.617203330993652344e+01 8.224046230316162109e-02 6.919982910156250000e+01
1.679420852661132812e+01 -1.548179537057876587e-01 7.159498596191406250e+01
1.615915107727050781e+01 -3.986130356788635254e-01 7.089955902099609375e+01
1.840391540527343750e+01 2.107292115688323975e-01 6.919977569580078125e+01
1.603731536865234375e+01 -2.615850567817687988e-01 7.159492492675781250e+01
1.616243553161621094e+01 -3.992871046066284180e-01 7.089791107177734375e+01
1.869909477233886719e+01 3.247987944632768631e-03 7.159482574462890625e+01
1.480974388122558594e+01 -1.981254965066909790e-01 7.159483337402343750e+01
1.679408454895019531e+01 -1.969772577285766602e-01 6.919973754882812500e+01
1.644667625427246094e+01 -3.312112390995025635e-01 7.159501647949218750e+01
1.615997123718261719e+01 -3.994182646274566650e-01 7.089820098876953125e+01
2.039032936096191406e+01 -1.760492175817489624e-01 6.959688568115234375e+01
1.575649261474609375e+01 -3.752955496311187744e-01 7.159487915039062500e+01
1.579889869689941406e+01 -3.821601867675781250e-01 6.920098114013671875e+01
1.819785881042480469e+01 -4.249182343482971191e-01 7.234493255615234375e+01
1.435355567932128906e+01 -4.550178050994873047e-01 7.112558746337890625e+01
1.701462364196777344e+01 -4.660991728305816650e-01 6.990032958984375000e+01
1.621643447875976562e+01 -5.022095441818237305e-01 7.234497833251953125e+01
1.517825126647949219e+01 -5.278813838958740234e-01 6.989997100830078125e+01
1.669983673095703125e+01 -4.597296416759490967e-01 7.092739868164062500e+01
1.583608913421630859e+01 -4.560126364231109619e-01 7.117070770263671875e+01
1.630326271057128906e+01 -5.544871687889099121e-01 6.989996337890625000e+01
1.635891723632812500e+01 -4.597020745277404785e-01 7.118344116210937500e+01
1.183465766906738281e+01 -1.268406867980957031e+00 6.990387725830078125e+01
1.792869377136230469e+01 -8.400298357009887695e-01 6.990003204345703125e+01
1.608625030517578125e+01 -4.596958458423614502e-01 7.113884735107421875e+01
1.570761489868164062e+01 -6.865679621696472168e-01 6.989997100830078125e+01
1.635855484008789062e+01 -4.597028493881225586e-01 7.098263549804687500e+01
1.597917461395263672e+01 -4.597007036209106445e-01 7.096535491943359375e+01
1.669555282592773438e+01 -7.731521129608154297e-01 6.989998626708984375e+01
1.620617866516113281e+01 -4.596914350986480713e-01 7.106423187255859375e+01
1.462504673004150391e+01 -1.093276739120483398e+00 6.989997863769531250e+01
2.215690994262695312e+01 -2.847959041595458984e+00 6.990007781982421875e+01
1.607750892639160156e+01 -4.596966803073883057e-01 7.101021575927734375e+01
1.608580017089843750e+01 -8.561025261878967285e-01 6.989995574951171875e+01
1.625463676452636719e+01 -4.596947431564331055e-01 7.098490142822265625e+01
1.604624366760253906e+01 -4.596763253211975098e-01 7.089884185791015625e+01
1.727692985534667969e+01 -1.206874966621398926e+00 6.990000915527343750e+01
1.615399932861328125e+01 -4.568365216255187988e-01 7.099979400634765625e+01
1.541242980957031250e+01 -1.151491641998291016e+00 6.989997863769531250e+01
1.625676155090332031e+01 -4.596951901912689209e-01 7.091738128662109375e+01
1.608752632141113281e+01 -4.596965312957763672e-01 7.094742584228515625e+01
1.644305610656738281e+01 -1.130867481231689453e+00 6.989996337890625000e+01
1.620028686523437500e+01 -4.596920311450958252e-01 7.097206878662109375e+01
1.350630474090576172e+01 -2.620964288711547852e+00 6.990000152587890625e+01
1.865473747253417969e+01 -2.614062070846557617e+00 6.990007019042968750e+01
1.613392639160156250e+01 -4.596946537494659424e-01 7.096211242675781250e+01
1.586139106750488281e+01 -1.358266234397888184e+00 6.990205383300781250e+01
1.621504211425781250e+01 -4.576730728149414062e-01 7.093038940429687500e+01
1.610669326782226562e+01 -4.596959352493286133e-01 7.091194915771484375e+01
1.688145637512207031e+01 -1.743389725685119629e+00 6.989998626708984375e+01
1.616988182067871094e+01 -4.596932828426361084e-01 7.095130157470703125e+01
1.500059890747070312e+01 -2.297730207443237305e+00 6.990011596679687500e+01
1.620899200439453125e+01 -4.596580266952514648e-01 7.089855957031250000e+01
1.613357353210449219e+01 -4.596948027610778809e-01 7.092942810058593750e+01
1.621976470947265625e+01 -1.940281033515930176e+00 6.989994812011718750e+01
1.618641662597656250e+01 -4.596927464008331299e-01 7.092770385742187500e+01
1.613169670104980469e+01 -4.593348801136016846e-01 7.089535522460937500e+01
1.763129425048828125e+01 -4.044897556304931641e+00 6.990000915527343750e+01
1.615785598754882812e+01 -4.596938788890838623e-01 7.092500305175781250e+01
1.560358715057373047e+01 -3.540426731109619141e+00 6.989994812011718750e+01
1.618030357360839844e+01 -4.591941237449645996e-01 7.090544891357421875e+01
1.615266609191894531e+01 -4.592124223709106445e-01 7.090497589111328125e+01
1.616374015808105469e+01 -4.596937298774719238e-01 7.089998626708984375e+01
