-2.214890670776367188e+01 1.470606708526611328e+01 7.090007019042968750e+01
-2.372616386413574219e+01 1.326861763000488281e+01 7.234497070312500000e+01
-2.206114006042480469e+01 6.212540626525878906e+00 6.990002441406250000e+01
-2.104107475280761719e+01 7.777980327606201172e+00 7.234503936767578125e+01
-2.719351005554199219e+01 1.474637508392333984e+01 7.000775146484375000e+01
-2.057688331604003906e+01 6.613290309906005859e+00 6.990007781982421875e+01
-2.253734588623046875e+01 5.544372081756591797e+00 7.234504699707031250e+01
-2.266829681396484375e+01 4.676212310791015625e+00 6.990001678466796875e+01
-1.819244956970214844e+01 9.267477989196777344e+00 7.234496307373046875e+01
-2.564891052246093750e+01 8.177213668823242188e+00 7.234481811523437500e+01
-2.168095779418945312e+01 4.250792980194091797e+00 6.990008544921875000e+01
-2.169569587707519531e+01 4.662845134735107422e+00 7.234497833251953125e+01
-2.387441444396972656e+01 5.103573799133300781e+00 6.990010070800781250e+01
-1.769968032836914062e+01 7.761833190917968750e+00 6.992192077636718750e+01
-2.316472434997558594e+01 4.606605052947998047e+00 7.234497070312500000e+01
-2.227848434448242188e+01 3.768966913223266602e+00 6.990013122558593750e+01
-2.043444061279296875e+01 4.850139617919921875e+00 7.234502410888671875e+01
-2.633596229553222656e+01 6.436781406402587891e+00 7.107321929931640625e+01
-2.114407920837402344e+01 3.958426475524902344e+00 6.990013122558593750e+01
-2.221571540832519531e+01 3.920476675033569336e+00 7.234488677978515625e+01
-2.298120498657226562e+01 3.753052711486816406e+00 6.990269470214843750e+01
-1.752586746215820312e+01 6.073794841766357422e+00 7.152209472656250000e+01
-2.314762496948242188e+01 3.601901054382324219e+00 7.159495544433593750e+01
-2.192395210266113281e+01 3.438614845275878906e+00 6.990012359619140625e+01
-2.132098960876464844e+01 3.789842367172241211e+00 7.234489440917968750e+01
-2.528368377685546875e+01 4.663253784179687500e+00 6.989999389648437500e+01
-1.998465347290039062e+01 4.074977874755859375e+00 6.990013122558593750e+01
-2.275356101989746094e+01 3.588229894638061523e+00 7.234485626220703125e+01
-2.250857353210449219e+01 3.301402807235717773e+00 6.990010833740234375e+01
-1.939968872070312500e+01 4.202095031738281250e+00 7.234498596191406250e+01
-2.418093299865722656e+01 3.689646005630493164e+00 7.143570709228515625e+01
-2.150594902038574219e+01 3.267994165420532227e+00 6.990012359619140625e+01
-2.190060424804687500e+01 3.343030691146850586e+00 7.234486389160156250e+01
-2.344015121459960938e+01 3.366398096084594727e+00 6.990005493164062500e+01
-1.007798862457275391e+01 6.782545089721679688e+00 6.990001678466796875e+01
-2.279178237915039062e+01 3.079010725021362305e+00 7.159500122070312500e+01
-2.214402770996093750e+01 3.072443962097167969e+00 6.990010070800781250e+01
-2.083823966979980469e+01 3.298084735870361328e+00 7.234488677978515625e+01
-2.883044624328613281e+01 4.391759395599365234e+00 7.028083038330078125e+01
-2.083144950866699219e+01 3.147980213165283203e+00 6.990016937255859375e+01
-2.241174316406250000e+01 3.076145410537719727e+00 7.234484863281250000e+01
-2.277818489074707031e+01 2.994919776916503906e+00 6.990008544921875000e+01
-1.687659645080566406e+01 3.626941442489624023e+00 7.234499359130859375e+01
-2.347819328308105469e+01 2.986885309219360352e+00 7.158223724365234375e+01
-2.177817916870117188e+01 2.908211946487426758e+00 6.990010070800781250e+01
-2.156074905395507812e+01 2.931376457214355469e+00 7.234486389160156250e+01
-2.425916290283203125e+01 2.954508304595947266e+00 6.989997863769531250e+01
-1.890550231933593750e+01 2.960611820220947266e+00 6.990009307861328125e+01
-2.255604171752929688e+01 2.813387393951416016e+00 7.159477233886718750e+01
-2.236364364624023438e+01 2.799307346343994141e+00 6.990007781982421875e+01
-2.011495780944824219e+01 2.763773679733276367e+00 7.234489440917968750e+01
-2.324672508239746094e+01 2.755435705184936523e+00 7.103688812255859375e+01
-2.129778480529785156e+01 2.722572088241577148e+00 6.990013885498046875e+01
-2.212357330322265625e+01 2.739700317382812500e+00 7.159475708007812500e+01
-2.313439369201660156e+01 2.660808801651000977e+00 6.990005493164062500e+01
-2.214890670776367188e+01 2.788975715637207031e+00 7.090007019042968750e+01
-2.298986244201660156e+01 2.644478321075439453e+00 7.159490966796875000e+01
-2.200938987731933594e+01 2.634208679199218750e+00 6.990008544921875000e+01
-2.115408515930175781e+01 2.483214139938354492e+00 7.234485626220703125e+01
-2.853109741210937500e+01 1.508296847343444824e+00 6.943154144287109375e+01
-2.038404273986816406e+01 2.348682165145874023e+00 6.990016937255859375e+01
-2.237430381774902344e+01 2.614504575729370117e+00 7.159486389160156250e+01
-2.260503005981445312e+01 2.502122879028320312e+00 6.990006256103515625e+01
-1.874326133728027344e+01 1.740277409553527832e+00 7.234491729736328125e+01
-2.300276756286621094e+01 2.511456727981567383e+00 7.120249176025390625e+01
-2.161711883544921875e+01 2.415555238723754883e+00 6.990011596679687500e+01
-2.196937179565429688e+01 2.535248756408691406e+00 7.159490203857421875e+01
-2.368769836425781250e+01 2.095368623733520508e+00 6.989999389648437500e+01
-1.618939399719238281e+01 3.544798195362091064e-01 6.990577697753906250e+01
-2.269251060485839844e+01 2.410844087600708008e+00 7.159495544433593750e+01
-2.222684478759765625e+01 2.332603454589843750e+00 6.990007019042968750e+01
-2.060232925415039062e+01 1.768419623374938965e+00 7.234486389160156250e+01
-2.289794349670410156e+01 2.406716585159301758e+00 7.089276123046875000e+01
-2.103579902648925781e+01 1.981874108314514160e+00 6.990016937255859375e+01
-2.221673011779785156e+01 2.391268968582153320e+00 7.159497070312500000e+01
-2.290024185180664062e+01 2.037173032760620117e+00 6.990003204345703125e+01
-1.844451904296875000e+01 4.003253579139709473e-01 7.159266662597656250e+01
-2.278201484680175781e+01 2.290698528289794922e+00 7.129418182373046875e+01
-2.186960601806640625e+01 2.057862281799316406e+00 6.990010833740234375e+01
-2.179660224914550781e+01 2.210805416107177734e+00 7.159490203857421875e+01
-2.769536590576171875e+01 -1.847101211547851562e+00 6.881295776367187500e+01
-1.965776634216308594e+01 5.745016336441040039e-01 6.990010070800781250e+01
-2.248169517517089844e+01 2.119442939758300781e+00 7.159351348876953125e+01
-2.245188522338867188e+01 1.828426361083984375e+00 6.990006256103515625e+01
-2.097644805908203125e+01 1.464352011680603027e+00 7.159490203857421875e+01
-2.270040702819824219e+01 2.209092378616333008e+00 7.101568603515625000e+01
-2.143122673034667969e+01 1.445369720458984375e+00 6.990012359619140625e+01
-2.206576156616210938e+01 1.976904392242431641e+00 7.159481811523437500e+01
-2.331230926513671875e+01 8.905326724052429199e-01 6.989997863769531250e+01
-8.994896888732910156e+00 -1.463618278503417969e+01 7.048461914062500000e+01
-2.252750396728515625e+01 2.036189317703247070e+00 7.126954650878906250e+01
-2.214886856079101562e+01 2.787913799285888672e+00 7.089938354492187500e+01
-2.158053779602050781e+01 1.285682439804077148e+00 7.159483337402343750e+01
-2.214919853210449219e+01 2.788434267044067383e+00 7.090002441406250000e+01
-2.068140220642089844e+01 -8.560834527015686035e-01 6.990012359619140625e+01
-2.224998664855957031e+01 1.758668780326843262e+00 7.132975769042968750e+01
-2.214909744262695312e+01 2.787905216217041016e+00 7.089972686767578125e+01
-2.171225738525390625e+01 1.220973253250122070e+00 7.104408264160156250e+01
-2.232643699645996094e+01 1.835122585296630859e+00 7.098000335693359375e+01
-2.214890670776367188e+01 2.786766290664672852e+00 7.090007019042968750e+01
