-1.792583274841308594e+01 2.717091083526611328e+00 7.090002441406250000e+01
-1.949317741394042969e+01 1.312676906585693359e+01 7.233583831787109375e+01
-1.792574691772460938e+01 2.716305494308471680e+00 7.089905548095703125e+01
-1.752582931518554688e+01 4.514357089996337891e+00 7.142176055908203125e+01
-2.297649192810058594e+01 1.468473815917968750e+01 7.000663757324218750e+01
-1.792478561401367188e+01 2.715529680252075195e+00 7.089936065673828125e+01
-1.792618370056152344e+01 2.715470075607299805e+00 7.090132904052734375e+01
-1.844517707824707031e+01 4.600057125091552734e+00 6.990005493164062500e+01
-1.752586555480957031e+01 3.367912054061889648e+00 7.104608917236328125e+01
-2.142644500732421875e+01 8.102156639099121094e+00 7.234502410888671875e+01
-1.792524147033691406e+01 2.714829921722412109e+00 7.089876556396484375e+01
-1.770787811279296875e+01 3.614149808883666992e+00 7.159489440917968750e+01
-1.965123748779296875e+01 5.027444839477539062e+00 6.990011596679687500e+01
-1.792411231994628906e+01 2.714907884597778320e+00 7.089964294433593750e+01
-1.792627143859863281e+01 2.713770627975463867e+00 7.090065002441406250e+01
-1.805541038513183594e+01 3.692977190017700195e+00 6.990008544921875000e+01
-1.752585411071777344e+01 3.193846225738525391e+00 7.123712921142578125e+01
-2.890351295471191406e+01 1.227685260772705078e+01 7.135398864746093750e+01
-1.792462921142578125e+01 2.714384794235229492e+00 7.089882659912109375e+01
-1.792587852478027344e+01 2.713761091232299805e+00 7.090101623535156250e+01
-1.876027488708496094e+01 3.679544925689697266e+00 6.990008544921875000e+01
-1.752737236022949219e+01 2.996103286743164062e+00 7.095363616943359375e+01
-2.000260543823242188e+01 4.403412342071533203e+00 7.234498596191406250e+01
-1.792557716369628906e+01 2.713723421096801758e+00 7.089888763427734375e+01
-1.752767562866210938e+01 3.194314718246459961e+00 7.159486389160156250e+01
-2.106010627746582031e+01 4.586961746215820312e+00 6.990010833740234375e+01
-1.792387962341308594e+01 2.714144229888916016e+00 7.089912414550781250e+01
-1.792586326599121094e+01 2.713024377822875977e+00 7.090009307861328125e+01
-1.828549957275390625e+01 3.225411415100097656e+00 6.990006256103515625e+01
-1.752585029602050781e+01 2.918578147888183594e+00 7.111024475097656250e+01
-2.340770339965820312e+01 5.142754077911376953e+00 7.234502410888671875e+01
-1.792501449584960938e+01 2.713593721389770508e+00 7.089875030517578125e+01
-1.780641746520996094e+01 2.979444980621337891e+00 7.159486389160156250e+01
-1.921695327758789062e+01 3.290351867675781250e+00 6.990010833740234375e+01
-1.792319869995117188e+01 2.713855981826782227e+00 7.089980316162109375e+01
-1.926250457763671875e+01 3.316027164459228516e+00 7.234492492675781250e+01
-1.792583084106445312e+01 2.713115692138671875e+00 7.089955902099609375e+01
-1.752582740783691406e+01 2.868360280990600586e+00 7.134097290039062500e+01
-2.871621894836425781e+01 5.301407814025878906e+00 6.989997100830078125e+01
-1.792415618896484375e+01 2.713441371917724609e+00 7.089875030517578125e+01
-1.818869400024414062e+01 3.000182151794433594e+00 7.234494018554687500e+01
-1.855508804321289062e+01 2.918920993804931641e+00 6.990007781982421875e+01
-1.752584266662597656e+01 2.776557445526123047e+00 7.100964355468750000e+01
-2.074132347106933594e+01 3.132165908813476562e+00 7.234488677978515625e+01
-1.792552375793457031e+01 2.713083982467651367e+00 7.089919281005859375e+01
-1.764300155639648438e+01 2.781461715698242188e+00 7.159479522705078125e+01
-2.003564071655273438e+01 2.878481626510620117e+00 6.990014648437500000e+01
-1.792301177978515625e+01 2.713133573532104492e+00 7.089915466308593750e+01
-1.877262496948242188e+01 2.763757705688476562e+00 7.234492492675781250e+01
-1.814056396484375000e+01 2.723315715789794922e+00 6.990005493164062500e+01
-1.752582168579101562e+01 2.708027839660644531e+00 7.118417358398437500e+01
-2.194992256164550781e+01 2.590042352676391602e+00 7.140154266357421875e+01
-1.792484283447265625e+01 2.712907075881958008e+00 7.089885711669921875e+01
-1.790049552917480469e+01 2.663701772689819336e+00 7.159481811523437500e+01
-1.891123390197753906e+01 2.584828376770019531e+00 6.990009307861328125e+01
-1.792583274841308594e+01 2.712984323501586914e+00 7.090002441406250000e+01
-1.967454338073730469e+01 2.412511825561523438e+00 7.234489440917968750e+01
-1.792582893371582031e+01 2.712980508804321289e+00 7.090000152587890625e+01
-1.752582550048828125e+01 2.590040922164916992e+00 7.148095703125000000e+01
-2.227158737182617188e+01 1.840946078300476074e+00 6.990007781982421875e+01
-1.792353820800781250e+01 2.712412118911743164e+00 7.089872741699218750e+01
-1.839457511901855469e+01 2.350148677825927734e+00 7.234493255615234375e+01
-1.838193130493164062e+01 2.426146745681762695e+00 6.990007019042968750e+01
-1.752709197998046875e+01 2.590200662612915039e+00 7.106919097900390625e+01
-2.200520706176757812e+01 1.387119174003601074e+00 7.234485626220703125e+01
-1.792559814453125000e+01 2.712820053100585938e+00 7.089958190917968750e+01
-1.774632072448730469e+01 2.459289550781250000e+00 7.159476470947265625e+01
-1.946435737609863281e+01 2.019497632980346680e+00 6.990012359619140625e+01
-1.792123794555664062e+01 2.711107730865478516e+00 7.089926147460937500e+01
-1.905615234375000000e+01 1.926730751991271973e+00 7.234490966796875000e+01
-1.800376892089843750e+01 2.256620883941650391e+00 6.990004730224609375e+01
-1.753113555908203125e+01 2.452531576156616211e+00 7.126874542236328125e+01
-2.883248710632324219e+01 -2.853059768676757812e+00 7.079360961914062500e+01
-1.792493247985839844e+01 2.712331295013427734e+00 7.089921569824218750e+01
-1.806686019897460938e+01 1.886030554771423340e+00 7.234494018554687500e+01
-1.867709350585937500e+01 1.961256742477416992e+00 6.990008544921875000e+01
-1.752990722656250000e+01 2.457685232162475586e+00 7.097405242919921875e+01
-2.024694061279296875e+01 8.861954212188720703e-01 7.234490966796875000e+01
-1.764652442932128906e+01 1.981848359107971191e+00 6.990003204345703125e+01
-1.757359123229980469e+01 2.134917259216308594e+00 7.159473419189453125e+01
-2.058303642272949219e+01 4.919274747371673584e-01 6.990013122558593750e+01
-1.792317581176757812e+01 2.710623025894165039e+00 7.089895629882812500e+01
-1.861924743652343750e+01 1.317915439605712891e+00 7.234491729736328125e+01
-1.822879981994628906e+01 1.752473235130310059e+00 6.990005493164062500e+01
-1.752583503723144531e+01 2.261074304580688477e+00 7.113707733154296875e+01
-1.994735527038574219e+01 5.874251723289489746e-01 7.132381439208984375e+01
-1.720810127258300781e+01 1.369280099868774414e+00 6.990000915527343750e+01
-1.784268951416015625e+01 1.900932788848876953e+00 7.159474945068359375e+01
-1.908905792236328125e+01 8.148310780525207520e-01 6.990008544921875000e+01
-4.887754440307617188e+00 -1.455859947204589844e+01 7.048823547363281250e+01
-1.940646553039550781e+01 -2.310462594032287598e-01 7.234497833251953125e+01
-1.786981010437011719e+01 1.172503590583801270e+00 6.990003967285156250e+01
-1.752584648132324219e+01 1.655049085617065430e+00 7.138896179199218750e+01
-2.484588432312011719e+01 -1.016264820098876953e+01 6.990010833740234375e+01
-1.645816993713378906e+01 -9.324681758880615234e-01 6.989997100830078125e+01
-1.826573753356933594e+01 -7.516790032386779785e-01 7.234494781494140625e+01
-1.848595809936523438e+01 -4.275674223899841309e-01 6.990003967285156250e+01
-1.752583885192871094e+01 1.276606321334838867e+00 7.103194427490234375e+01
-1.835626602172851562e+01 4.003072082996368408e-01 7.109381866455078125e+01
-1.792583274841308594e+01 2.148673057556152344e+00 7.090002441406250000e+01
