2.656614303588867188e+01 -5.663766384124755859e+00 7.089480590820312500e+01
2.644323539733886719e+01 -5.527868747711181641e+00 7.100740051269531250e+01
2.658308792114257812e+01 -5.683487892150878906e+00 7.070172119140625000e+01
2.666455078125000000e+01 -5.901326656341552734e+00 7.102316284179687500e+01
2.617172813415527344e+01 -5.409603595733642578e+00 7.082504272460937500e+01
2.666254425048828125e+01 -6.109982013702392578e+00 7.083348083496093750e+01
2.645211219787597656e+01 -5.535619258880615234e+00 7.131899261474609375e+01
2.632110023498535156e+01 -5.454121112823486328e+00 7.042298889160156250e+01
2.661849021911621094e+01 -6.258782386779785156e+00 7.091392517089843750e+01
2.579224777221679688e+01 -5.153092861175537109e+00 7.121425628662109375e+01
2.666468811035156250e+01 -6.036656379699707031e+00 7.068421936035156250e+01
2.666811752319335938e+01 -5.922869682312011719e+00 7.121991729736328125e+01
2.588524436950683594e+01 -5.431139469146728516e+00 7.050021362304687500e+01
2.874702453613281250e+01 -3.906948804855346680e+00 7.041534423828125000e+01
2.607787895202636719e+01 -5.470836639404296875e+00 7.158930969238281250e+01
2.646011734008789062e+01 -5.542629718780517578e+00 7.007661437988281250e+01
2.828669357299804688e+01 -4.276019573211669922e+00 7.234488677978515625e+01
2.110838699340820312e+01 -1.589646458625793457e+00 7.112049865722656250e+01
2.756579971313476562e+01 -5.181068420410156250e+00 6.990001678466796875e+01
2.653402519226074219e+01 -5.800558567047119141e+00 7.158936309814453125e+01
2.580737304687500000e+01 -5.465592384338378906e+00 6.998554229736328125e+01
2.883429908752441406e+01 -4.732901096343994141e+00 7.119998168945312500e+01
2.555992889404296875e+01 -5.525471687316894531e+00 7.159490203857421875e+01
2.666652488708496094e+01 -6.054612159729003906e+00 7.044860076904296875e+01
2.739702987670898438e+01 -5.340042591094970703e+00 7.234481048583984375e+01
2.554106140136718750e+01 -5.731604099273681641e+00 7.056777954101562500e+01
2.871941566467285156e+01 -5.065021038055419922e+00 6.989994049072265625e+01
2.627319908142089844e+01 -5.957273960113525391e+00 7.159477996826171875e+01
2.592056465148925781e+01 -5.424723625183105469e+00 6.909992980957031250e+01
2.864284706115722656e+01 -5.277057647705078125e+00 7.198625946044921875e+01
2.529761695861816406e+01 -5.782240867614746094e+00 7.122918701171875000e+01
2.720580101013183594e+01 -5.867939949035644531e+00 6.989999389648437500e+01
2.662841987609863281e+01 -6.205535888671875000e+00 7.125717926025390625e+01
2.549365234375000000e+01 -5.864899635314941406e+00 7.006420898437500000e+01
2.869458961486816406e+01 -5.640318870544433594e+00 7.071846771240234375e+01
2.591842651367187500e+01 -6.052280426025390625e+00 7.159497070312500000e+01
2.657624816894531250e+01 -5.757309913635253906e+00 6.882342529296875000e+01
2.788151931762695312e+01 -5.833561420440673828e+00 7.234481811523437500e+01
2.548238563537597656e+01 -6.084525108337402344e+00 7.079436492919921875e+01
2.787684059143066406e+01 -5.987337112426757812e+00 6.990003204345703125e+01
2.643880462646484375e+01 -6.205370426177978516e+00 7.159477233886718750e+01
2.547851181030273438e+01 -5.988549232482910156e+00 6.916645050048828125e+01
2.871455383300781250e+01 -6.003036975860595703e+00 7.148359680175781250e+01
2.550862503051757812e+01 -6.187051296234130859e+00 7.143750762939453125e+01
2.693494415283203125e+01 -6.225882053375244141e+00 6.990002441406250000e+01
2.715644836425781250e+01 -6.201578140258789062e+00 7.234487915039062500e+01
2.553790855407714844e+01 -6.263842582702636719e+00 7.040750885009765625e+01
2.867919349670410156e+01 -6.232679843902587891e+00 7.024333190917968750e+01
2.615593147277832031e+01 -6.319902896881103516e+00 7.159475708007812500e+01
2.656614303588867188e+01 -6.344499111175537109e+00 7.089480590820312500e+01
2.845859909057617188e+01 -6.367948055267333984e+00 7.223912048339843750e+01
2.560795402526855469e+01 -6.373773097991943359e+00 7.101422119140625000e+01
2.741287231445312500e+01 -6.410560131072998047e+00 6.990003204345703125e+01
2.661902236938476562e+01 -6.447352886199951172e+00 7.234484863281250000e+01
2.569136047363281250e+01 -6.458268642425537109e+00 7.000712585449218750e+01
2.865711975097656250e+01 -6.578582763671875000e+00 7.100171661376953125e+01
2.572863769531250000e+01 -6.488403797149658203e+00 7.158679199218750000e+01
2.670491790771484375e+01 -6.498444557189941406e+00 6.990013122558593750e+01
2.756462860107421875e+01 -6.651386260986328125e+00 7.234491729736328125e+01
2.575680160522460938e+01 -6.506905078887939453e+00 7.070858001708984375e+01
2.831645774841308594e+01 -6.781163215637207031e+00 6.990314483642578125e+01
2.633902549743652344e+01 -6.520301342010498047e+00 7.159489440917968750e+01
2.617781829833984375e+01 -6.588713645935058594e+00 7.004344177246093750e+01
2.857919883728027344e+01 -6.964377880096435547e+00 7.174884796142578125e+01
2.589275360107421875e+01 -6.563362121582031250e+00 7.113330841064453125e+01
2.709522056579589844e+01 -6.716016292572021484e+00 6.989994812011718750e+01
2.694082069396972656e+01 -6.874013900756835938e+00 7.234487915039062500e+01
2.601054763793945312e+01 -6.594932556152343750e+00 7.053372192382812500e+01
2.864064216613769531e+01 -7.191944599151611328e+00 7.054869079589843750e+01
2.623832130432128906e+01 -6.572532653808593750e+00 7.131385803222656250e+01
2.648867225646972656e+01 -6.798139572143554688e+00 6.990079498291015625e+01
2.811846542358398438e+01 -7.368846416473388672e+00 7.234497070312500000e+01
2.608625221252441406e+01 -6.589404106140136719e+00 7.089012145996093750e+01
2.767359352111816406e+01 -7.147499561309814453e+00 6.989998626708984375e+01
2.642461585998535156e+01 -7.174386501312255859e+00 7.234484863281250000e+01
2.649343109130859375e+01 -6.417255878448486328e+00 7.079802703857421875e+01
2.865981674194335938e+01 -7.694533824920654297e+00 7.128624725341796875e+01
2.630738258361816406e+01 -6.548152446746826172e+00 7.105588531494140625e+01
2.684397888183593750e+01 -7.071777820587158203e+00 6.990008544921875000e+01
2.730139160156250000e+01 -7.551120281219482422e+00 7.234489440917968750e+01
2.633078956604003906e+01 -6.541222095489501953e+00 7.080624389648437500e+01
2.862104797363281250e+01 -8.171186447143554688e+00 7.006994628906250000e+01
2.587024879455566406e+01 -7.744556427001953125e+00 7.234486389160156250e+01
2.626474571228027344e+01 -7.300033092498779297e+00 6.990001678466796875e+01
2.848484802246093750e+01 -8.512219429016113281e+00 7.203188323974609375e+01
2.649512481689453125e+01 -6.419172763824462891e+00 7.090969085693359375e+01
2.728019905090332031e+01 -7.681321144104003906e+00 6.989990997314453125e+01
2.673968124389648438e+01 -8.039440155029296875e+00 7.234486389160156250e+01
2.540893745422363281e+01 -8.232831001281738281e+00 6.990003967285156250e+01
2.863692855834960938e+01 -9.087676048278808594e+00 7.082940673828125000e+01
2.508009147644042969e+01 -9.299305915832519531e+00 7.234504699707031250e+01
2.662187385559082031e+01 -7.876962184906005859e+00 6.990002441406250000e+01
2.775250053405761719e+01 -9.482328414916992188e+00 7.234499359130859375e+01
2.214142036437988281e+01 -1.457725620269775391e+01 7.025545501708984375e+01
2.802608680725097656e+01 -9.970781326293945312e+00 6.990000915527343750e+01
2.622499084472656250e+01 -9.821877479553222656e+00 7.234503173828125000e+01
2.600897789001464844e+01 -9.468453407287597656e+00 6.990010833740234375e+01
2.845406532287597656e+01 -1.312401199340820312e+01 7.151746368408203125e+01
2.502697372436523438e+01 -1.461432552337646484e+01 7.158779907226562500e+01
2.656614303588867188e+01 -1.467038822174072266e+01 7.089480590820312500e+01
