-2.055833816528320312e+01 1.472685337066650391e+01 7.090007781982421875e+01
-2.055833816528320312e+01 1.198448657989501953e+00 7.090007781982421875e+01
-2.047058105468750000e+01 4.621675491333007812e+00 6.990013122558593750e+01
-2.055833816528320312e+01 1.198448538780212402e+00 7.090007781982421875e+01
-2.621175575256347656e+01 1.459894275665283203e+01 6.990007019042968750e+01
-1.898631286621093750e+01 5.022766590118408203e+00 6.990008544921875000e+01
-2.055833816528320312e+01 1.198448657989501953e+00 7.090007781982421875e+01
-2.107766342163085938e+01 3.085448265075683594e+00 6.990014648437500000e+01
-2.055833816528320312e+01 1.198448419570922852e+00 7.090007781982421875e+01
-2.055833816528320312e+01 1.198449134826660156e+00 7.090007781982421875e+01
-2.009189987182617188e+01 2.655542612075805664e+00 6.990332794189453125e+01
-2.055833816528320312e+01 1.198448538780212402e+00 7.090007781982421875e+01
-2.228382492065429688e+01 3.513018846511840820e+00 6.990012359619140625e+01
-1.600933456420898438e+01 6.282824993133544922e+00 6.989999389648437500e+01
-2.055833816528320312e+01 1.198448657989501953e+00 7.090007781982421875e+01
-2.068791007995605469e+01 2.178397893905639648e+00 6.990018463134765625e+01
-2.055833816528320312e+01 1.198448419570922852e+00 7.090007781982421875e+01
-2.055834579467773438e+01 1.198454856872558594e+00 7.090007781982421875e+01
-1.955349922180175781e+01 2.367912054061889648e+00 6.990013122558593750e+01
-2.055833816528320312e+01 1.198448538780212402e+00 7.090007781982421875e+01
-2.139277839660644531e+01 2.165005445480346680e+00 6.990013885498046875e+01
-2.055833816528320312e+01 1.198448419570922852e+00 7.090007781982421875e+01
-2.055833816528320312e+01 1.198448657989501953e+00 7.090007781982421875e+01
-2.033420753479003906e+01 1.845705986022949219e+00 6.990380096435546875e+01
-2.055833816528320312e+01 1.198448419570922852e+00 7.090007781982421875e+01
-2.369307327270507812e+01 3.072701454162597656e+00 6.990000915527343750e+01
-1.839393234252929688e+01 2.484541416168212891e+00 6.990007019042968750e+01
-2.055833816528320312e+01 1.198448419570922852e+00 7.090007781982421875e+01
-2.091798210144042969e+01 1.710844993591308594e+00 6.990017700195312500e+01
-2.055833816528320312e+01 1.198448419570922852e+00 7.090007781982421875e+01
-2.055834007263183594e+01 1.198448777198791504e+00 7.090007781982421875e+01
-1.991539192199707031e+01 1.677458405494689941e+00 6.990014648437500000e+01
-2.055833816528320312e+01 1.198448419570922852e+00 7.090007781982421875e+01
-2.184953117370605469e+01 1.775847673416137695e+00 6.990010833740234375e+01
-8.488085746765136719e+00 5.191797256469726562e+00 6.990008544921875000e+01
-2.055833816528320312e+01 1.198448419570922852e+00 7.090007781982421875e+01
-2.055346107482910156e+01 1.481899499893188477e+00 6.990016937255859375e+01
-2.055833816528320312e+01 1.198448419570922852e+00 7.090007781982421875e+01
-2.882172775268554688e+01 3.180690050125122070e+00 7.013423156738281250e+01
-1.924079895019531250e+01 1.557475209236145020e+00 6.990010833740234375e+01
-2.055833816528320312e+01 1.198448419570922852e+00 7.090007781982421875e+01
-2.118780517578125000e+01 1.404454469680786133e+00 6.989978790283203125e+01
-2.055646705627441406e+01 1.198745727539062500e+00 7.090058898925781250e+01
-2.055833816528320312e+01 1.198448419570922852e+00 7.090007781982421875e+01
-2.018762588500976562e+01 1.317679524421691895e+00 6.990014648437500000e+01
-1.997017669677734375e+01 1.340849995613098145e+00 7.234487915039062500e+01
-2.266851234436035156e+01 1.363974332809448242e+00 6.990002441406250000e+01
-1.731464004516601562e+01 1.370099902153015137e+00 6.990000915527343750e+01
-2.096551322937011719e+01 1.222862482070922852e+00 7.159484863281250000e+01
-2.077288055419921875e+01 1.208770751953125000e+00 6.990098571777343750e+01
-2.055621147155761719e+01 1.198421955108642578e+00 7.090158843994140625e+01
-2.055834007263183594e+01 1.198448181152343750e+00 7.090007781982421875e+01
-1.970719718933105469e+01 1.132043004035949707e+00 6.990012359619140625e+01
-2.053299903869628906e+01 1.149163484573364258e+00 7.159490203857421875e+01
-2.154378700256347656e+01 1.070286154747009277e+00 6.990010070800781250e+01
-2.055833816528320312e+01 1.198448300361633301e+00 7.090007781982421875e+01
-2.055833816528320312e+01 1.198448181152343750e+00 7.090007781982421875e+01
-2.041878509521484375e+01 1.043640971183776855e+00 6.989983367919921875e+01
-2.055833816528320312e+01 1.198448181152343750e+00 7.090007781982421875e+01
-2.845772743225097656e+01 -3.866781294345855713e-01 6.908244323730468750e+01
-1.879328918457031250e+01 7.581085562705993652e-01 6.990007019042968750e+01
-2.055833816528320312e+01 1.198448181152343750e+00 7.090007781982421875e+01
-2.101443099975585938e+01 9.116145968437194824e-01 6.990013122558593750e+01
-2.055833816528320312e+01 1.198448181152343750e+00 7.090007781982421875e+01
-2.055833816528320312e+01 1.198448061943054199e+00 7.090007781982421875e+01
-2.002654838562011719e+01 8.250257372856140137e-01 6.990012359619140625e+01
-2.055833816528320312e+01 1.198448181152343750e+00 7.090007781982421875e+01
-2.209708023071289062e+01 5.048633217811584473e-01 6.990003204345703125e+01
-1.456430244445800781e+01 -1.250150680541992188e+00 6.990002441406250000e+01
-2.055833816528320312e+01 1.198448181152343750e+00 7.090007781982421875e+01
-2.063627052307128906e+01 7.421032190322875977e-01 6.990013885498046875e+01
-2.055833816528320312e+01 1.198448061943054199e+00 7.090007781982421875e+01
-2.882622337341308594e+01 -3.020939588546752930e+00 7.081941223144531250e+01
-1.944984817504882812e+01 3.946952521800994873e-01 6.990432739257812500e+01
-2.055833816528320312e+01 1.198448181152343750e+00 7.090007781982421875e+01
-2.130963134765625000e+01 4.466881453990936279e-01 6.990009307861328125e+01
-2.055833816528320312e+01 1.198447704315185547e+00 7.090007781982421875e+01
-2.055833816528320312e+01 1.198447942733764648e+00 7.090007781982421875e+01
-2.027903938293457031e+01 4.673371016979217529e-01 6.990011596679687500e+01
-2.055833816528320312e+01 1.198448061943054199e+00 7.090007781982421875e+01
-2.319385719299316406e+01 -1.004482388496398926e+00 6.990834045410156250e+01
-1.806702041625976562e+01 -1.016183376312255859e+00 6.990003204345703125e+01
-2.055833816528320312e+01 1.198447942733764648e+00 7.090007781982421875e+01
-2.086130332946777344e+01 2.379456460475921631e-01 6.990011596679687500e+01
-2.055833816528320312e+01 1.198447704315185547e+00 7.090007781982421875e+01
-2.055834007263183594e+01 1.198446750640869141e+00 7.090007781982421875e+01
-1.984062385559082031e+01 -1.452211737632751465e-01 6.990008544921875000e+01
-2.055833816528320312e+01 1.198447942733764648e+00 7.090007781982421875e+01
-2.172166633605957031e+01 -6.998751163482666016e-01 6.990004730224609375e+01
-8.601228713989257812e+00 -1.464117336273193359e+01 7.052243041992187500e+01
-2.055833816528320312e+01 1.198447704315185547e+00 7.090007781982421875e+01
-2.050231742858886719e+01 -3.420026600360870361e-01 6.990011596679687500e+01
-2.055833816528320312e+01 1.198447585105895996e+00 7.090007781982421875e+01
-2.747871017456054688e+01 -1.167777919769287109e+01 6.990011596679687500e+01
-1.909078407287597656e+01 -2.446734905242919922e+00 6.990010070800781250e+01
-2.055833816528320312e+01 1.198447585105895996e+00 7.090007781982421875e+01
-2.111751174926757812e+01 -1.936767578125000000e+00 6.990179443359375000e+01
-2.055833816528320312e+01 1.198444962501525879e+00 7.090007781982421875e+01
-2.055833816528320312e+01 1.198444604873657227e+00 7.090007781982421875e+01
-2.055833816528320312e+01 1.183183312416076660e+00 7.090007781982421875e+01
