7.408952236175537109e+00 -1.115361973643302917e-01 7.089996337890625000e+01
7.288546562194824219e+00 4.003207981586456299e-01 7.101026153564453125e+01
7.409033298492431641e+00 -3.965196311473846436e-01 7.089904022216796875e+01
7.586595535278320312e+00 4.003173112869262695e-01 7.113166809082031250e+01
7.406641006469726562e+00 -3.942024707794189453e-01 7.089955139160156250e+01
7.410013198852539062e+00 -3.970999121665954590e-01 7.089929199218750000e+01
7.296172142028808594e+00 4.003251492977142334e-01 7.131950378417968750e+01
7.408220291137695312e+00 -3.970212638378143311e-01 7.089855194091796875e+01
7.897508144378662109e+00 4.003052115440368652e-01 7.107838439941406250e+01
6.889302253723144531e+00 4.003174304962158203e-01 7.111446380615234375e+01
7.409576892852783203e+00 -3.977299034595489502e-01 7.089862823486328125e+01
7.602431774139404297e+00 4.002914130687713623e-01 7.151680755615234375e+01
7.406648159027099609e+00 -3.965901732444763184e-01 7.089862823486328125e+01
7.410808563232421875e+00 -3.976064920425415039e-01 7.089955902099609375e+01
6.961852550506591797e+00 4.003256857395172119e-01 7.153591918945312500e+01
7.408781528472900391e+00 -3.983885645866394043e-01 7.089864349365234375e+01
8.074361801147460938e+00 4.002873897552490234e-01 7.146076965332031250e+01
6.490725040435791016e+00 4.002876877784729004e-01 7.093793487548828125e+01
7.410255908966064453e+00 -3.981641829013824463e-01 7.089866638183593750e+01
7.376817703247070312e+00 1.445577591657638550e-01 7.159490203857421875e+01
7.408453464508056641e+00 -3.991032242774963379e-01 7.089936828613281250e+01
8.534852981567382812e+00 4.003076553344726562e-01 7.105145263671875000e+01
6.426120281219482422e+00 4.003134071826934814e-01 7.158379364013671875e+01
7.409243583679199219e+00 -3.988401889801025391e-01 7.089866638183593750e+01
7.807174205780029297e+00 8.172846585512161255e-02 7.159491729736328125e+01
4.274608612060546875e+00 1.474337577819824219e+00 6.990002441406250000e+01
7.411157608032226562e+00 -3.983707129955291748e-01 7.089894104003906250e+01
7.118106842041015625e+00 -1.523067895323038101e-02 7.159492492675781250e+01
7.408783912658691406e+00 -3.994415104389190674e-01 7.089949798583984375e+01
8.731151580810546875e+00 2.799392342567443848e-01 7.159487152099609375e+01
5.604125022888183594e+00 4.002857506275177002e-01 7.137570953369140625e+01
7.409837722778320312e+00 -3.990216553211212158e-01 7.089859008789062500e+01
7.528390884399414062e+00 -1.331678330898284912e-01 7.159494018554687500e+01
5.619975566864013672e+00 4.003191590309143066e-01 6.951448059082031250e+01
7.412120819091796875e+00 -3.986328542232513428e-01 7.089970397949218750e+01
6.766123771667480469e+00 -1.096673458814620972e-01 7.159484100341796875e+01
7.408955097198486328e+00 -3.995103538036346436e-01 7.089936065673828125e+01
8.039390563964843750e+00 -1.547969430685043335e-01 7.159493255615234375e+01
-3.283626556396484375e+00 2.165280103683471680e+00 6.990898132324218750e+01
7.410813331604003906e+00 -3.991740047931671143e-01 7.089855194091796875e+01
7.282513618469238281e+00 -2.615363001823425293e-01 7.159498596191406250e+01
6.339138031005859375e+00 -4.956221580505371094e-02 6.919992065429687500e+01
9.944877624511718750e+00 3.371369326487183571e-03 7.159495544433593750e+01
6.054840087890625000e+00 -1.980754882097244263e-01 7.159487152099609375e+01
7.409263134002685547e+00 -3.995811343193054199e-01 7.089912414550781250e+01
7.691877841949462891e+00 -3.311810493469238281e-01 7.159496307373046875e+01
3.821721315383911133e+00 -1.182919517159461975e-01 6.919990539550781250e+01
7.412439346313476562e+00 -3.994966447353363037e-01 7.089888763427734375e+01
7.001669883728027344e+00 -3.752606809139251709e-01 7.159491729736328125e+01
7.044017314910888672e+00 -3.821229338645935059e-01 6.920052337646484375e+01
7.421205520629882812e+00 -3.998329937458038330e-01 7.090866851806640625e+01
5.660622119903564453e+00 -4.530952870845794678e-01 7.111785125732421875e+01
8.259859085083007812e+00 -4.660681486129760742e-01 6.990028381347656250e+01
7.461645126342773438e+00 -5.021725296974182129e-01 7.234489440917968750e+01
6.423504829406738281e+00 -5.278431177139282227e-01 6.989998626708984375e+01
7.413544178009033203e+00 -4.001952707767486572e-01 7.090019989013671875e+01
7.116394042968750000e+00 -4.499500691890716553e-01 7.114169311523437500e+01
7.548395633697509766e+00 -5.543674826622009277e-01 6.990049743652343750e+01
7.604262828826904297e+00 -4.597104787826538086e-01 7.118361663818359375e+01
3.063409566879272461e+00 -1.271677136421203613e+00 6.990006256103515625e+01
9.173936843872070312e+00 -8.400049805641174316e-01 6.989999389648437500e+01
7.331405639648437500e+00 -4.597068130970001221e-01 7.113899993896484375e+01
6.952845573425292969e+00 -6.865234375000000000e-01 6.989999389648437500e+01
7.413967609405517578e+00 -4.012255072593688965e-01 7.090209197998046875e+01
7.224272251129150391e+00 -4.597052335739135742e-01 7.096537017822265625e+01
7.940750598907470703e+00 -7.731091976165771484e-01 6.989999389648437500e+01
7.451426982879638672e+00 -4.597088396549224854e-01 7.106434631347656250e+01
5.870336532592773438e+00 -1.093208789825439453e+00 6.990000152587890625e+01
1.340244579315185547e+01 -2.848058462142944336e+00 6.990000152587890625e+01
7.322659015655517578e+00 -4.597067832946777344e-01 7.101026916503906250e+01
7.331016540527343750e+00 -8.560414910316467285e-01 6.989999389648437500e+01
7.499920845031738281e+00 -4.597097039222717285e-01 7.098494720458984375e+01
7.291375637054443359e+00 -4.596845507621765137e-01 7.089881896972656250e+01
8.522129058837890625e+00 -1.206833362579345703e+00 6.990000152587890625e+01
7.398715496063232422e+00 -4.597080349922180176e-01 7.100484466552734375e+01
6.657675266265869141e+00 -1.151425242424011230e+00 6.990000152587890625e+01
7.502046585083007812e+00 -4.597098231315612793e-01 7.091736602783203125e+01
7.332683563232421875e+00 -4.597070217132568359e-01 7.094744110107421875e+01
7.973899841308593750e+00 -1.878522038459777832e+00 6.887731170654296875e+01
7.445529937744140625e+00 -4.597088396549224854e-01 7.097210693359375000e+01
4.751685619354248047e+00 -2.620790481567382812e+00 6.990004730224609375e+01
9.900084495544433594e+00 -2.614148616790771484e+00 6.989999389648437500e+01
7.379116058349609375e+00 -4.597077667713165283e-01 7.096213531494140625e+01
7.105987071990966797e+00 -1.360186100006103516e+00 6.990000152587890625e+01
7.462084770202636719e+00 -4.597091674804687500e-01 7.093144989013671875e+01
7.351863861083984375e+00 -4.597073793411254883e-01 7.091193389892578125e+01
8.836558341979980469e+00 -3.072377920150756836e+00 6.891087341308593750e+01
7.415098190307617188e+00 -4.597083628177642822e-01 7.095131683349609375e+01
6.245733261108398438e+00 -2.297824621200561523e+00 6.990003204345703125e+01
7.454240798950195312e+00 -4.596749544143676758e-01 7.089853668212890625e+01
7.378763198852539062e+00 -4.597077965736389160e-01 7.092942810058593750e+01
7.519038677215576172e+00 -3.426804780960083008e+00 6.893494415283203125e+01
7.431647777557373047e+00 -4.597086608409881592e-01 7.092770385742187500e+01
7.376883983612060547e+00 -4.593481123447418213e-01 7.089533233642578125e+01
8.876476287841796875e+00 -4.044789791107177734e+00 6.990000152587890625e+01
7.403063297271728516e+00 -4.597082138061523438e-01 7.092499542236328125e+01
6.848871707916259766e+00 -3.539988040924072266e+00 6.990005493164062500e+01
7.425528526306152344e+00 -4.592063724994659424e-01 7.090543365478515625e+01
7.397858142852783203e+00 -4.592894315719604492e-01 7.090496063232421875e+01
7.408952236175537109e+00 -4.597083330154418945e-01 7.089996337890625000e+01
