2.428310775756835938e+01 -4.771628856658935547e+00 7.090010833740234375e+01
2.408266067504882812e+01 -3.441736459732055664e+00 7.108373260498046875e+01
2.428314399719238281e+01 -4.772123813629150391e+00 7.089968872070312500e+01
2.448867797851562500e+01 -3.847789525985717773e+00 7.116823577880859375e+01
2.428092765808105469e+01 -4.768390178680419922e+00 7.089971923828125000e+01
2.428354072570800781e+01 -4.772501468658447266e+00 7.089983367919921875e+01
2.409744071960449219e+01 -3.456533193588256836e+00 7.159077453613281250e+01
2.428289031982421875e+01 -4.772768974304199219e+00 7.089968872070312500e+01
2.471206283569335938e+01 -4.071162700653076172e+00 7.105676269531250000e+01
2.259998893737792969e+01 -2.182404279708862305e+00 7.159487152099609375e+01
2.428333854675292969e+01 -4.772832393646240234e+00 7.089961242675781250e+01
2.450099754333496094e+01 -3.872653484344482422e+00 7.159477996826171875e+01
2.255751228332519531e+01 -2.458838462829589844e+00 6.990009307861328125e+01
2.428378868103027344e+01 -4.772794246673583984e+00 7.089995574951171875e+01
2.379475212097167969e+01 -3.899728298187255859e+00 7.159474182128906250e+01
2.428306388854980469e+01 -4.773218631744384766e+00 7.089976501464843750e+01
2.479670333862304688e+01 -4.156101703643798828e+00 7.133296966552734375e+01
1.926267051696777344e+01 -3.996997177600860596e-01 7.110771942138671875e+01
2.428357696533203125e+01 -4.773011207580566406e+00 7.089964294433593750e+01
2.425098609924316406e+01 -4.229543209075927734e+00 7.159475708007812500e+01
2.344832038879394531e+01 -3.806596040725708008e+00 6.989975738525390625e+01
2.494451141357421875e+01 -4.303606986999511719e+00 7.098909759521484375e+01
2.220650863647460938e+01 -3.083270072937011719e+00 7.234494781494140625e+01
2.428320121765136719e+01 -4.773287296295166016e+00 7.089969635009765625e+01
2.468117332458496094e+01 -4.292336463928222656e+00 7.159478759765625000e+01
2.114846038818359375e+01 -2.899355173110961914e+00 6.990007019042968750e+01
2.428385162353515625e+01 -4.773114681243896484e+00 7.089976501464843750e+01
2.399281883239746094e+01 -4.389840602874755859e+00 7.159374237060546875e+01
2.392343139648437500e+01 -4.261115550994873047e+00 6.990011596679687500e+01
2.503036499023437500e+01 -4.389460086822509766e+00 7.129284667968750000e+01
1.880171966552734375e+01 -2.343999624252319336e+00 7.234498596191406250e+01
2.428342247009277344e+01 -4.773322582244873047e+00 7.089962005615234375e+01
2.440248107910156250e+01 -4.507187843322753906e+00 7.159471130371093750e+01
2.299188995361328125e+01 -4.196145534515380859e+00 6.990011596679687500e+01
2.428407669067382812e+01 -4.773235797882080078e+00 7.090002441406250000e+01
2.294650268554687500e+01 -4.170543670654296875e+00 7.234494018554687500e+01
2.428310775756835938e+01 -4.773514270782470703e+00 7.089996337890625000e+01
2.491323089599609375e+01 -4.528793811798095703e+00 7.159472656250000000e+01
1.349206542968750000e+01 -2.184975385665893555e+00 6.989999389648437500e+01
2.428374290466308594e+01 -4.773383140563964844e+00 7.089962768554687500e+01
2.415674400329589844e+01 -4.635493278503417969e+00 7.159471893310546875e+01
2.365381240844726562e+01 -4.567605972290039062e+00 6.990009307861328125e+01
2.525930023193359375e+01 -4.618402957916259766e+00 7.116764068603515625e+01
2.146765708923339844e+01 -4.354380607604980469e+00 7.234494781494140625e+01
2.428322982788085938e+01 -4.773516654968261719e+00 7.089978027343750000e+01
2.456585311889648438e+01 -4.705099582672119141e+00 7.159466552734375000e+01
2.217290878295898438e+01 -4.608027935028076172e+00 6.990004730224609375e+01
2.428411865234375000e+01 -4.773502826690673828e+00 7.089979553222656250e+01
2.343635749816894531e+01 -4.722785472869873047e+00 7.234494018554687500e+01
2.406837081909179688e+01 -4.763224601745605469e+00 6.990010833740234375e+01
2.526104927062988281e+01 -4.785673618316650391e+00 7.159479522705078125e+01
1.268942165374755859e+01 -5.127760410308837891e+00 7.234500885009765625e+01
2.428350639343261719e+01 -4.773587226867675781e+00 7.089964294433593750e+01
2.433579635620117188e+01 -4.876039028167724609e+00 7.234492492675781250e+01
2.329761886596679688e+01 -4.901723384857177734e+00 6.990009307861328125e+01
2.555710601806640625e+01 -4.916179656982421875e+00 7.096524810791015625e+01
2.253444480895996094e+01 -5.074020385742187500e+00 7.234494018554687500e+01
2.442262649536132812e+01 -4.928325176239013672e+00 6.990011596679687500e+01
2.476145172119140625e+01 -4.920576572418212891e+00 7.159481048583984375e+01
1.993640518188476562e+01 -5.645784854888916016e+00 6.989994049072265625e+01
2.428396415710449219e+01 -4.773770332336425781e+00 7.089962005615234375e+01
2.381439399719238281e+01 -5.136368751525878906e+00 7.234492492675781250e+01
2.382699394226074219e+01 -5.060402870178222656e+00 6.990011596679687500e+01
2.591785621643066406e+01 -5.276943683624267578e+00 7.159365081787109375e+01
2.020366477966308594e+01 -6.099443912506103516e+00 7.234496307373046875e+01
2.428323745727539062e+01 -4.773647308349609375e+00 7.089986419677734375e+01
2.465641784667968750e+01 -5.301136970520019531e+00 7.234487915039062500e+01
2.274445343017578125e+01 -5.467101573944091797e+00 6.990012359619140625e+01
2.428456687927246094e+01 -4.774152278900146484e+00 7.089986419677734375e+01
2.315284538269042969e+01 -5.559769630432128906e+00 7.234491729736328125e+01
2.420517158508300781e+01 -5.229916572570800781e+00 6.990013885498046875e+01
2.502686119079589844e+01 -5.264344692230224609e+00 7.159491729736328125e+01
1.821694183349609375e+01 -7.869330883026123047e+00 7.084091949462890625e+01
2.428356933593750000e+01 -4.773891448974609375e+00 7.089969635009765625e+01
2.414209556579589844e+01 -5.600429058074951172e+00 7.234487915039062500e+01
2.353183555603027344e+01 -5.525295257568359375e+00 6.990015411376953125e+01
2.660787391662597656e+01 -6.272603988647460938e+00 7.133476257324218750e+01
2.196207618713378906e+01 -6.600285530090332031e+00 7.234494781494140625e+01
2.456241226196289062e+01 -5.504681110382080078e+00 6.990013122558593750e+01
2.501564216613769531e+01 -5.975725173950195312e+00 7.234484863281250000e+01
2.162554931640625000e+01 -6.994909286499023438e+00 6.990007781982421875e+01
2.428435516357421875e+01 -4.774664402008056641e+00 7.089960479736328125e+01
2.358974266052246094e+01 -6.168525218963623047e+00 7.234490203857421875e+01
2.398012733459472656e+01 -5.734107494354248047e+00 6.990010070800781250e+01
2.672098731994628906e+01 -7.527829647064208984e+00 7.234486389160156250e+01
1.739163589477539062e+01 -1.201969432830810547e+01 7.234484100341796875e+01
2.500090599060058594e+01 -6.117384433746337891e+00 6.989999389648437500e+01
2.445601272583007812e+01 -6.462304115295410156e+00 7.234487152099609375e+01
2.311987876892089844e+01 -6.671717166900634766e+00 6.990016174316406250e+01
2.854695701599121094e+01 -1.042189216613769531e+01 7.076544189453125000e+01
2.280259323120117188e+01 -7.717350959777832031e+00 7.234494018554687500e+01
2.439252662658691406e+01 -7.782330036163330078e+00 6.894699859619140625e+01
2.546323204040527344e+01 -7.894896030426025391e+00 7.234267425537109375e+01
1.904879760742187500e+01 -1.451265239715576172e+01 7.014377593994140625e+01
2.575082397460937500e+01 -8.419143676757812500e+00 6.990001678466796875e+01
2.394322586059570312e+01 -8.237995147705078125e+00 7.234494018554687500e+01
2.372311973571777344e+01 -7.913343906402587891e+00 6.990036773681640625e+01
2.704029273986816406e+01 -1.467458915710449219e+01 7.180945587158203125e+01
2.245735359191894531e+01 -1.458317565917968750e+01 7.172212982177734375e+01
2.428310775756835938e+01 -1.459109401702880859e+01 7.090010833740234375e+01
