-2.494915199279785156e+01 4.621649265289306641e+00 7.090003967285156250e+01
-2.514960289001464844e+01 5.789701938629150391e+00 7.108367156982421875e+01
-2.486137771606445312e+01 7.881770610809326172e+00 6.989989471435546875e+01
-2.474357795715332031e+01 5.383652210235595703e+00 7.116817474365234375e+01
-2.544923400878906250e+01 5.643231391906738281e+00 7.081158447265625000e+01
-2.337718200683593750e+01 8.282051086425781250e+00 6.990007781982421875e+01
-2.513482284545898438e+01 5.774919986724853516e+00 7.159072113037109375e+01
-2.534173583984375000e+01 5.884347438812255859e+00 7.014414215087890625e+01
-2.452022552490234375e+01 5.160212516784667969e+00 7.105668640136718750e+01
-2.626752853393554688e+01 6.487501621246337891e+00 7.144424438476562500e+01
-2.448120307922363281e+01 5.919682979583740234e+00 6.990006256103515625e+01
-2.473120117187500000e+01 5.359016418457031250e+00 7.159490203857421875e+01
-2.569104766845703125e+01 5.453049182891845703e+00 7.047009277343750000e+01
-2.039994430541992188e+01 9.542473793029785156e+00 6.989990997314453125e+01
-2.543513298034667969e+01 5.327446460723876953e+00 7.159130096435546875e+01
-2.507872772216796875e+01 5.437849521636962891e+00 6.990011596679687500e+01
-2.443540000915527344e+01 5.075510501861572266e+00 7.133303070068359375e+01
-2.494923591613769531e+01 4.457940578460693359e+00 7.090003967285156250e+01
-2.394530868530273438e+01 5.626171112060546875e+00 6.990108489990234375e+01
-2.498128318786621094e+01 5.002062320709228516e+00 7.159492492675781250e+01
-2.578091239929199219e+01 5.421321392059326172e+00 6.990331268310546875e+01
-2.428772163391113281e+01 4.927834987640380859e+00 7.098903656005859375e+01
-2.494917488098144531e+01 4.457887172698974609e+00 7.090005493164062500e+01
-2.472416687011718750e+01 5.107595443725585938e+00 6.989995574951171875e+01
-2.455097198486328125e+01 4.939227104187011719e+00 7.159491729736328125e+01
-2.808346176147460938e+01 6.331865787506103516e+00 6.990010833740234375e+01
-2.278502082824707031e+01 5.743797302246093750e+00 6.990015411376953125e+01
-2.523997497558593750e+01 4.842288494110107422e+00 7.159494781494140625e+01
-2.530883407592773438e+01 4.970317840576171875e+00 6.990003204345703125e+01
-2.420185470581054688e+01 4.841984272003173828e+00 7.129280090332031250e+01
-2.494917488098144531e+01 4.457877635955810547e+00 7.090004730224609375e+01
-2.430619049072265625e+01 4.936887741088867188e+00 6.990008544921875000e+01
-2.482972526550292969e+01 4.724356174468994141e+00 7.159495544433593750e+01
-2.624044418334960938e+01 5.035312175750732422e+00 6.989999389648437500e+01
-1.298448753356933594e+01 8.416283607482910156e+00 6.990879058837890625e+01
-2.494916534423828125e+01 4.457873821258544922e+00 7.090005493164062500e+01
-2.494427299499511719e+01 4.741343498229980469e+00 6.990003967285156250e+01
-2.431878852844238281e+01 4.702722549438476562e+00 7.159492492675781250e+01
-2.884730148315429688e+01 5.392965316772460938e+00 7.053875732421875000e+01
-2.363156700134277344e+01 4.816906929016113281e+00 6.990003967285156250e+01
-2.507558250427246094e+01 4.596002578735351562e+00 7.159500885009765625e+01
-2.557848167419433594e+01 4.663828849792480469e+00 6.989997100830078125e+01
-2.397291564941406250e+01 4.613027572631835938e+00 7.116758728027343750e+01
-2.494916725158691406e+01 4.457870006561279297e+00 7.090004730224609375e+01
-2.457841873168945312e+01 4.577105522155761719e+00 6.990005493164062500e+01
-2.466625022888183594e+01 4.526361942291259766e+00 7.159497833251953125e+01
-2.853112030029296875e+01 4.738843917846679688e+00 6.920247650146484375e+01
-2.170576667785644531e+01 4.629502773284912109e+00 6.990007019042968750e+01
-2.494916152954101562e+01 4.457868099212646484e+00 7.090005493164062500e+01
-2.516389274597167969e+01 4.468199729919433594e+00 6.990003204345703125e+01
-2.397093582153320312e+01 4.445746898651123047e+00 7.159491729736328125e+01
-2.494915771484375000e+01 4.457867622375488281e+00 7.090003967285156250e+01
-2.409795379638671875e+01 4.391458034515380859e+00 6.990001678466796875e+01
-2.494915008544921875e+01 4.457862854003906250e+00 7.090010833740234375e+01
-2.593468284606933594e+01 4.329694747924804688e+00 6.989997863769531250e+01
-2.494915199279785156e+01 4.457867622375488281e+00 7.090003967285156250e+01
-2.494916343688964844e+01 4.457865715026855469e+00 7.090004730224609375e+01
-2.480963516235351562e+01 4.303100109100341797e+00 6.990005493164062500e+01
-2.447072029113769531e+01 4.310820102691650391e+00 7.159487152099609375e+01
-2.881663513183593750e+01 3.681801080703735352e+00 7.001013946533203125e+01
-2.318417358398437500e+01 4.017545700073242188e+00 6.990007019042968750e+01
-2.494915771484375000e+01 4.457863807678222656e+00 7.090005493164062500e+01
-2.540527915954589844e+01 4.171012401580810547e+00 6.990002441406250000e+01
-2.331438064575195312e+01 3.954473018646240234e+00 7.159358978271484375e+01
-2.494915962219238281e+01 4.457865238189697266e+00 7.090003967285156250e+01
-2.441732597351074219e+01 4.084419727325439453e+00 6.990001678466796875e+01
-2.494914627075195312e+01 4.457859992980957031e+00 7.090006256103515625e+01
-2.648798561096191406e+01 3.764241456985473633e+00 6.989994049072265625e+01
-1.895577049255371094e+01 2.009536027908325195e+00 6.990010070800781250e+01
-2.494915962219238281e+01 4.457862377166748047e+00 7.090004730224609375e+01
-2.502709007263183594e+01 4.001498699188232422e+00 6.990005493164062500e+01
-2.420542335510253906e+01 3.967094898223876953e+00 7.159482574462890625e+01
-2.884317016601562500e+01 2.470615148544311523e+00 7.086204528808593750e+01
-2.383592033386230469e+01 3.650675535202026367e+00 6.990002441406250000e+01
-2.494915390014648438e+01 4.457859516143798828e+00 7.090005493164062500e+01
-2.570046806335449219e+01 3.706084251403808594e+00 6.990002441406250000e+01
-2.176373100280761719e+01 2.403855323791503906e+00 7.149560546875000000e+01
-2.494915771484375000e+01 4.457862854003906250e+00 7.090004730224609375e+01
-2.466983413696289062e+01 3.726709365844726562e+00 6.990001678466796875e+01
-2.494914436340332031e+01 4.457854270935058594e+00 7.090005493164062500e+01
-2.760693931579589844e+01 2.236323833465576172e+00 6.989992523193359375e+01
-2.245799064636230469e+01 2.243374347686767578e+00 6.990005493164062500e+01
-2.494915580749511719e+01 4.457859039306640625e+00 7.090004730224609375e+01
-2.525213050842285156e+01 3.497322559356689453e+00 6.990003967285156250e+01
-2.494912338256835938e+01 4.457836151123046875e+00 7.090005493164062500e+01
-2.494915390014648438e+01 4.457864761352539062e+00 7.090003967285156250e+01
-2.423139190673828125e+01 3.114111900329589844e+00 6.989998626708984375e+01
-2.494915008544921875e+01 4.457854270935058594e+00 7.090005493164062500e+01
-2.727941322326660156e+01 6.553407311439514160e-01 6.889688110351562500e+01
-1.057083702087402344e+01 -1.458913230895996094e+01 7.044592285156250000e+01
-2.494915580749511719e+01 4.457860469818115234e+00 7.090003967285156250e+01
-2.489312553405761719e+01 2.917259931564331055e+00 6.989997100830078125e+01
-2.494914436340332031e+01 4.457846641540527344e+00 7.090004730224609375e+01
-2.881211662292480469e+01 -2.729669332504272461e+00 7.034185791015625000e+01
-2.348147392272949219e+01 8.123757839202880859e-01 6.989997863769531250e+01
-2.494915390014648438e+01 4.457857131958007812e+00 7.090004730224609375e+01
-2.609218597412109375e+01 -1.950993895530700684e+00 6.885939025878906250e+01
-2.494915008544921875e+01 4.457859039306640625e+00 7.090003967285156250e+01
-2.494915199279785156e+01 4.457863807678222656e+00 7.090003967285156250e+01
-2.494915199279785156e+01 4.457865238189697266e+00 7.090003967285156250e+01
