-1.752585220336914062e+01 -5.269935131072998047e+00 7.089994812011718750e+01
-1.792587089538574219e+01 -4.082008361816406250e+00 7.126639556884765625e+01
-1.743810081481933594e+01 -3.316808938980102539e+00 6.990006256103515625e+01
-1.641795921325683594e+01 -1.750541448593139648e+00 7.234500122070312500e+01
-2.312930870056152344e+01 6.542251110076904297e+00 6.990877532958984375e+01
-1.595394325256347656e+01 -2.915778875350952148e+00 6.990002441406250000e+01
-1.771268844604492188e+01 -5.414498329162597656e+00 7.159497070312500000e+01
-1.804516220092773438e+01 -4.852867126464843750e+00 6.990004730224609375e+01
-1.356896114349365234e+01 -2.606018483638763428e-01 7.234500122070312500e+01
-1.792318344116210938e+01 -6.128127098083496094e+00 7.106395721435546875e+01
-1.705791091918945312e+01 -5.278026103973388672e+00 6.989998626708984375e+01
-1.707259750366210938e+01 -4.865759849548339844e+00 7.234499359130859375e+01
-1.925125312805175781e+01 -4.425358295440673828e+00 6.990003967285156250e+01
-1.297791481018066406e+01 -1.656628847122192383e+00 6.990009307861328125e+01
-1.792585182189941406e+01 -6.024085998535156250e+00 7.146890258789062500e+01
-1.765542793273925781e+01 -5.759826660156250000e+00 6.990001678466796875e+01
-1.581126594543457031e+01 -4.678506851196289062e+00 7.234500122070312500e+01
-1.792586898803710938e+01 -6.391316413879394531e+00 7.091648864746093750e+01
-1.652098274230957031e+01 -5.570316314697265625e+00 6.989997100830078125e+01
-1.755798721313476562e+01 -6.195570468902587891e+00 7.159489440917968750e+01
-1.836023712158203125e+01 -5.773322105407714844e+00 6.990007781982421875e+01
-6.786558151245117188e+00 8.908002972602844238e-01 7.234490203857421875e+01
-1.792586326599121094e+01 -6.414219379425048828e+00 7.117826843261718750e+01
-1.730120849609375000e+01 -6.091071128845214844e+00 6.990138244628906250e+01
-1.669783210754394531e+01 -5.738823890686035156e+00 7.234495544433593750e+01
-2.066004562377929688e+01 -4.865886211395263672e+00 6.990005493164062500e+01
-1.536149692535400391e+01 -5.453752040863037109e+00 6.989996337890625000e+01
-1.781667900085449219e+01 -6.355389595031738281e+00 7.159486389160156250e+01
-1.788548278808593750e+01 -6.227437496185302734e+00 6.990008544921875000e+01
-1.477642536163330078e+01 -5.326588630676269531e+00 7.234497070312500000e+01
-1.792587089538574219e+01 -6.562511444091796875e+00 7.100539398193359375e+01
-1.688285446166992188e+01 -6.260767936706542969e+00 6.989994049072265625e+01
-1.727751731872558594e+01 -6.185688018798828125e+00 7.234493255615234375e+01
-1.881690406799316406e+01 -6.162478446960449219e+00 6.990008544921875000e+01
-5.455873012542724609e+00 -2.746556520462036133e+00 6.989997863769531250e+01
-1.792586135864257812e+01 -6.559349536895751953e+00 7.133234405517578125e+01
-1.752097511291503906e+01 -6.456362247467041016e+00 6.990003204345703125e+01
-1.621503829956054688e+01 -6.230649471282958984e+00 7.234492492675781250e+01
-2.831402397155761719e+01 -4.151922702789306641e+00 6.990010070800781250e+01
-1.620829010009765625e+01 -6.380782127380371094e+00 6.989996337890625000e+01
-1.765228271484375000e+01 -6.601679325103759766e+00 7.159492492675781250e+01
-1.815506362915039062e+01 -6.533892631530761719e+00 6.990007019042968750e+01
-1.225328922271728516e+01 -5.901809215545654297e+00 7.234494018554687500e+01
-1.792586708068847656e+01 -6.680259227752685547e+00 7.110523223876953125e+01
-1.715512466430664062e+01 -6.620578765869140625e+00 6.989997863769531250e+01
-1.693762588500976562e+01 -6.597397804260253906e+00 7.234490966796875000e+01
-1.961887168884277344e+01 -6.575634956359863281e+00 6.990802764892578125e+01
-1.239137077331542969e+01 -6.468106269836425781e+00 6.931693267822265625e+01
-1.792585563659667969e+01 -6.715831279754638672e+00 7.158248138427734375e+01
-1.774056625366210938e+01 -6.729484558105468750e+00 6.990006256103515625e+01
-1.549171924591064453e+01 -6.765019893646240234e+00 7.234490203857421875e+01
-1.792585945129394531e+01 -6.752036094665527344e+00 7.094979858398437500e+01
-1.667469215393066406e+01 -6.806221961975097656e+00 6.989997100830078125e+01
-1.747315788269042969e+01 -6.842308044433593750e+00 7.234490203857421875e+01
-1.851130485534667969e+01 -6.867978096008300781e+00 6.989996337890625000e+01
-1.752585220336914062e+01 -6.739815235137939453e+00 7.089994812011718750e+01
-1.792585945129394531e+01 -6.808546543121337891e+00 7.123045349121093750e+01
-1.738634300231933594e+01 -6.894573688507080078e+00 6.990002441406250000e+01
-1.653092575073242188e+01 -7.045608997344970703e+00 7.234488677978515625e+01
-2.187154960632324219e+01 -7.611842155456542969e+00 6.990001678466796875e+01
-1.576501750946044922e+01 -7.179103374481201172e+00 6.990232849121093750e+01
-1.775130844116210938e+01 -6.914332389831542969e+00 7.159492492675781250e+01
-1.798193359375000000e+01 -7.026642322540283203e+00 6.990003204345703125e+01
-1.412007236480712891e+01 -7.788555145263671875e+00 7.234485626220703125e+01
-1.792585182189941406e+01 -6.869822025299072266e+00 7.104161834716796875e+01
-1.699408721923828125e+01 -7.113219261169433594e+00 6.990003967285156250e+01
-1.715250778198242188e+01 -7.267446041107177734e+00 7.234485626220703125e+01
-1.906429290771484375e+01 -7.433264255523681641e+00 6.990010070800781250e+01
-1.153795337677001953e+01 -9.185907363891601562e+00 6.990091705322265625e+01
-1.792584991455078125e+01 -7.018054485321044922e+00 7.141126251220703125e+01
-1.760378646850585938e+01 -7.196163177490234375e+00 6.990000152587890625e+01
-1.597912025451660156e+01 -7.760473728179931641e+00 7.234488677978515625e+01
-2.879974174499511719e+01 -1.249327182769775391e+01 7.078994750976562500e+01
-1.641268348693847656e+01 -7.546961784362792969e+00 6.989999389648437500e+01
-1.759368515014648438e+01 -7.137569427490234375e+00 7.159493255615234375e+01
-1.827706336975097656e+01 -7.491493701934814453e+00 6.990007019042968750e+01
-9.797993659973144531e+00 -1.172286510467529297e+01 7.234478759765625000e+01
-1.792583847045898438e+01 -7.054618358612060547e+00 7.114894104003906250e+01
-1.724654579162597656e+01 -7.470946311950683594e+00 6.989995574951171875e+01
-1.679320526123046875e+01 -7.942167758941650391e+00 7.234490966796875000e+01
-2.018319702148437500e+01 -8.960989952087402344e+00 6.990000152587890625e+01
-1.503481674194335938e+01 -8.954196929931640625e+00 6.990001678466796875e+01
-1.785934448242187500e+01 -7.410762786865234375e+00 7.159485626220703125e+01
-1.782881736755371094e+01 -7.700322151184082031e+00 6.989998626708984375e+01
-1.508754158020019531e+01 -9.494576454162597656e+00 7.234496307373046875e+01
-1.792582130432128906e+01 -7.160368919372558594e+00 7.098379516601562500e+01
-1.680821418762207031e+01 -8.083343505859375000e+00 6.990006256103515625e+01
-1.735292434692382812e+01 -8.428793907165527344e+00 7.234490203857421875e+01
-1.868906021118164062e+01 -8.637942314147949219e+00 6.990002441406250000e+01
-1.159963798522949219e+01 -1.459029006958007812e+01 7.071277618408203125e+01
-1.792264556884765625e+01 -7.528781890869140625e+00 7.128717803955078125e+01
-1.748679161071777344e+01 -7.813889980316162109e+00 7.020272827148437500e+01
-1.634377670288085938e+01 -9.866315841674804688e+00 7.234489440917968750e+01
-1.818192672729492188e+01 -7.960525512695312500e+00 7.080514526367187500e+01
-1.605834007263183594e+01 -1.038489341735839844e+01 6.990000152587890625e+01
-1.768933296203613281e+01 -8.406188964843750000e+00 7.159490203857421875e+01
-1.770846176147460938e+01 -7.763684749603271484e+00 7.057393646240234375e+01
-1.532935714721679688e+01 -1.462741374969482422e+01 7.162437438964843750e+01
-1.793138122558593750e+01 -8.918684005737304688e+00 7.108253479003906250e+01
-1.752585220336914062e+01 -7.790235042572021484e+00 7.089994812011718750e+01
