1.711552429199218750e+01 4.603128135204315186e-01 7.090001678466796875e+01
1.710665893554687500e+01 4.591930806636810303e-01 7.090814208984375000e+01
1.720327758789062500e+01 3.823392391204833984e+00 6.990010833740234375e+01
1.712885284423828125e+01 4.603132903575897217e-01 7.091740417480468750e+01
1.709033966064453125e+01 4.599812328815460205e-01 7.089556121826171875e+01
1.868753242492675781e+01 4.224564552307128906e+00 6.990003204345703125e+01
1.705085563659667969e+01 8.590102791786193848e-01 7.114057922363281250e+01
1.659618568420410156e+01 2.287338495254516602e+00 6.990006256103515625e+01
1.715218162536621094e+01 4.603124260902404785e-01 7.091340637207031250e+01
1.707653236389160156e+01 4.603147208690643311e-01 7.091611480712890625e+01
1.758349227905273438e+01 1.862163066864013672e+00 6.989999389648437500e+01
1.722678184509277344e+01 8.602998256683349609e-01 7.125472259521484375e+01
1.539001178741455078e+01 2.714892148971557617e+00 6.990004730224609375e+01
2.166438865661621094e+01 5.484508514404296875e+00 6.989996337890625000e+01
1.685843276977539062e+01 8.603083491325378418e-01 7.126570129394531250e+01
1.698626136779785156e+01 1.377900481224060059e+00 6.990250396728515625e+01
1.749815750122070312e+01 8.602957129478454590e-01 7.122250366210937500e+01
1.704677772521972656e+01 4.601795971393585205e-01 7.090286254882812500e+01
1.812042999267578125e+01 1.569826960563659668e+00 6.990000152587890625e+01
1.708836174011230469e+01 8.603069782257080078e-01 7.148741912841796875e+01
1.628211975097656250e+01 1.365645408630371094e+00 6.990132141113281250e+01
1.720000267028808594e+01 4.603109955787658691e-01 7.091138458251953125e+01
1.704177474975585938e+01 4.603174924850463867e-01 7.095133209228515625e+01
1.734049797058105469e+01 1.049982190132141113e+00 6.989998626708984375e+01
1.749604415893554688e+01 8.602958321571350098e-01 7.156407165527343750e+01
1.398082828521728516e+01 2.274516344070434570e+00 6.989996337890625000e+01
1.927989768981933594e+01 1.686361432075500488e+00 6.990002441406250000e+01
1.682475090026855469e+01 7.846425175666809082e-01 7.159480285644531250e+01
1.675583076477050781e+01 9.127528667449951172e-01 6.989997863769531250e+01
1.807486724853515625e+01 8.933967947959899902e-01 7.140422058105468750e+01
1.711181068420410156e+01 4.019334614276885986e-01 7.090099334716796875e+01
1.775853347778320312e+01 8.793428540229797363e-01 6.989999389648437500e+01
1.723493957519531250e+01 6.667466759681701660e-01 7.159485626220703125e+01
1.469820022583007812e+01 1.481273770332336426e+00 6.902790832519531250e+01
2.883881759643554688e+01 4.278847217559814453e+00 6.992876434326171875e+01
1.647280693054199219e+01 6.902506947517395020e-01 7.159477233886718750e+01
1.712040328979492188e+01 6.837745308876037598e-01 6.989997863769531250e+01
1.774586105346679688e+01 6.451317667961120605e-01 7.159487152099609375e+01
6.371295452117919922e+00 2.977638244628906250e+00 6.990424346923828125e+01
1.843313217163085938e+01 7.593322396278381348e-01 6.990000152587890625e+01
1.698911857604980469e+01 5.383962392807006836e-01 7.159485626220703125e+01
1.648621177673339844e+01 6.062428951263427734e-01 6.989997863769531250e+01
1.807487869262695312e+01 5.527639389038085938e-01 7.116293334960937500e+01
1.710812187194824219e+01 4.013892412185668945e-01 7.090381622314453125e+01
1.748627471923828125e+01 5.195305943489074707e-01 6.989998626708984375e+01
1.739840316772460938e+01 4.687759876251220703e-01 7.159490203857421875e+01
1.500534534454345703e+01 5.658135414123535156e-01 6.989996337890625000e+01
2.035896301269531250e+01 5.719249248504638672e-01 6.990003204345703125e+01
1.711552429199218750e+01 4.002870321273803711e-01 7.090001678466796875e+01
1.690078163146972656e+01 4.106190800666809082e-01 6.989999389648437500e+01
1.809361267089843750e+01 3.881677687168121338e-01 7.159480285644531250e+01
1.155260467529296875e+01 2.303315550088882446e-01 7.159331512451171875e+01
1.796672630310058594e+01 3.338770568370819092e-01 6.989998626708984375e+01
1.714086341857910156e+01 3.510018885135650635e-01 7.159484100341796875e+01
1.613001251220703125e+01 2.721167206764221191e-01 6.989997863769531250e+01
2.063457107543945312e+01 6.331663578748703003e-03 7.107994842529296875e+01
1.627443885803222656e+01 2.557674348354339600e-01 7.159496307373046875e+01
1.725504875183105469e+01 2.455117404460906982e-01 6.989997863769531250e+01
1.759398269653320312e+01 2.532314360141754150e-01 7.159488677978515625e+01
1.279500579833984375e+01 -4.666875004768371582e-01 6.990587615966796875e+01
1.888058280944824219e+01 -4.005508124828338623e-02 6.990000152587890625e+01
1.689009857177734375e+01 2.257936894893646240e-01 7.159489440917968750e+01
1.665938377380371094e+01 1.134238913655281067e-01 6.989997100830078125e+01
1.875328636169433594e+01 -1.040283963084220886e-01 7.159484100341796875e+01
1.515375041961669922e+01 -2.373224943876266479e-01 7.159483337402343750e+01
1.764735412597656250e+01 2.683657966554164886e-02 6.989998626708984375e+01
1.729508018493652344e+01 1.465284228324890137e-01 7.159493255615234375e+01
1.557676506042480469e+01 -2.933055460453033447e-01 6.989996337890625000e+01
2.307880592346191406e+01 -2.035748958587646484e+00 6.990509796142578125e+01
1.657186126708984375e+01 2.211388759315013885e-02 7.159497833251953125e+01
1.703758239746093750e+01 -5.610443651676177979e-02 6.989997863769531250e+01
1.785944366455078125e+01 -9.061045944690704346e-02 7.159497833251953125e+01
1.711552429199218750e+01 4.002870321273803711e-01 7.090001678466796875e+01
1.822484779357910156e+01 -4.040713012218475342e-01 6.990351867675781250e+01
1.704770278930664062e+01 2.591825788840651512e-03 7.159490203857421875e+01
1.636645507812500000e+01 -3.492482602596282959e-01 6.990299224853515625e+01
1.835618019104003906e+01 -3.997082114219665527e-01 7.113197326660156250e+01
1.610106468200683594e+01 -3.981257677078247070e-01 7.153151702880859375e+01
1.739446830749511719e+01 -3.298912942409515381e-01 6.990132904052734375e+01
1.746787834167480469e+01 -1.779636591672897339e-01 7.159494781494140625e+01
1.445797443389892578e+01 -1.821059226989746094e+00 6.989999389648437500e+01
1.960652732849121094e+01 -1.814066290855407715e+00 6.990010070800781250e+01
1.678198432922363281e+01 -2.707567214965820312e-01 7.159502410888671875e+01
1.681254005432128906e+01 -5.602789521217346191e-01 6.989999389648437500e+01
1.782362556457519531e+01 -3.997145593166351318e-01 7.131965637207031250e+01
1.635468482971191406e+01 -3.997087776660919189e-01 7.105951690673828125e+01
1.783323287963867188e+01 -9.433718323707580566e-01 6.990003204345703125e+01
1.719743156433105469e+01 -3.997040092945098877e-01 7.158442687988281250e+01
1.595643043518066406e+01 -1.491125226020812988e+00 6.990362548828125000e+01
2.829225158691406250e+01 -1.440555953979492188e+01 7.054701995849609375e+01
1.671319198608398438e+01 -3.996961712837219238e-01 7.129265594482421875e+01
1.717121887207031250e+01 -1.131192564964294434e+00 6.990587615966796875e+01
1.741688537597656250e+01 -3.967916369438171387e-01 7.126839447021484375e+01
9.146595954895019531e+00 -1.442691326141357422e+01 6.974854278564453125e+01
1.858302879333496094e+01 -3.244775056838989258e+00 6.990007019042968750e+01
1.703704261779785156e+01 -3.996888399124145508e-01 7.123364257812500000e+01
1.655535888671875000e+01 -2.740499019622802734e+00 6.989995574951171875e+01
1.733830642700195312e+01 -3.997190594673156738e-01 7.097349548339843750e+01
1.696663475036621094e+01 -3.996874690055847168e-01 7.096705627441406250e+01
1.711552429199218750e+01 3.396717607975006104e-01 7.090001678466796875e+01
