2.583308219909667969e+01 -5.454224109649658203e+00 7.089479827880859375e+01
2.559276008605957031e+01 -4.951832294464111328e+00 7.111495208740234375e+01
2.586136627197265625e+01 -5.445253372192382812e+00 7.057250976562500000e+01
2.608764648437500000e+01 -5.402176856994628906e+00 7.122683715820312500e+01
2.551411247253417969e+01 -5.792516708374023438e+00 7.083837890625000000e+01
2.628824806213378906e+01 -5.441287994384765625e+00 7.060526275634765625e+01
2.564490699768066406e+01 -5.213761806488037109e+00 7.159480285644531250e+01
2.558699607849121094e+01 -5.654411315917968750e+00 7.042097473144531250e+01
2.645155143737792969e+01 -5.535871028900146484e+00 7.112065887451171875e+01
2.547872161865234375e+01 -6.003048896789550781e+00 7.104107666015625000e+01
2.619612121582031250e+01 -5.414494037628173828e+00 7.011900329589843750e+01
2.605021667480468750e+01 -5.650803089141845703e+00 7.158705902099609375e+01
2.548062515258789062e+01 -6.075798511505126953e+00 7.069054412841796875e+01
2.659229087829589844e+01 -5.700024127960205078e+00 7.072789001464843750e+01
2.534089469909667969e+01 -5.667898654937744141e+00 7.159488677978515625e+01
2.569893074035644531e+01 -5.533989429473876953e+00 6.985955810546875000e+01
2.657030105590820312e+01 -5.662286281585693359e+00 7.151612854003906250e+01
2.557619476318359375e+01 -6.324781417846679688e+00 7.090541839599609375e+01
2.658045768737792969e+01 -5.678763866424560547e+00 7.015106201171875000e+01
2.580093955993652344e+01 -6.004208087921142578e+00 7.158991241455078125e+01
2.550367546081542969e+01 -6.167023181915283203e+00 7.050006103515625000e+01
2.667218971252441406e+01 -5.952371597290039062e+00 7.100769805908203125e+01
2.559317207336425781e+01 -6.353303909301757812e+00 7.106172180175781250e+01
2.622329139709472656e+01 -5.421713352203369141e+00 6.916028594970703125e+01
2.623265075683593750e+01 -6.065546035766601562e+00 7.159210205078125000e+01
2.573908996582031250e+01 -6.492385864257812500e+00 7.086481475830078125e+01
2.666937446594238281e+01 -6.051657676696777344e+00 7.050840759277343750e+01
2.554040718078613281e+01 -6.161715984344482422e+00 7.159413146972656250e+01
2.547847557067871094e+01 -6.043365001678466797e+00 6.990890502929687500e+01
2.665962600708007812e+01 -6.123734474182128906e+00 7.132920837402343750e+01
2.583055877685546875e+01 -6.547465801239013672e+00 7.089546203613281250e+01
2.666250228881835938e+01 -5.930647850036621094e+00 6.960485839843750000e+01
2.595338821411132812e+01 -6.280134677886962891e+00 7.159482574462890625e+01
2.583036422729492188e+01 -6.547368526458740234e+00 7.089269256591796875e+01
2.659376335144042969e+01 -6.296918392181396484e+00 7.083177947998046875e+01
2.583056831359863281e+01 -6.547449588775634766e+00 7.089751434326171875e+01
2.583308219909667969e+01 -6.548583984375000000e+00 7.089479827880859375e+01
2.646815299987792969e+01 -6.301900386810302734e+00 7.159487152099609375e+01
2.583037948608398438e+01 -6.547935962677001953e+00 7.089454650878906250e+01
2.656141662597656250e+01 -6.350114345550537109e+00 7.034201812744140625e+01
2.570570182800292969e+01 -6.409411430358886719e+00 7.159498596191406250e+01
2.582997894287109375e+01 -6.547568321228027344e+00 7.088986968994140625e+01
2.647199440002441406e+01 -6.447037220001220703e+00 7.106990051269531250e+01
2.583076477050781250e+01 -6.548239231109619141e+00 7.089598846435546875e+01
2.658081436157226562e+01 -6.308092117309570312e+00 6.887791442871093750e+01
2.611796951293945312e+01 -6.479609012603759766e+00 7.159461975097656250e+01
2.583030700683593750e+01 -6.548366069793701172e+00 7.089348602294921875e+01
2.636930084228515625e+01 -6.520207881927490234e+00 7.072947692871093750e+01
2.583132553100585938e+01 -6.548478603363037109e+00 7.089779663085937500e+01
2.582945060729980469e+01 -6.548408985137939453e+00 7.087788391113281250e+01
2.628693008422851562e+01 -6.554207324981689453e+00 7.121719360351562500e+01
2.583061027526855469e+01 -6.548659324645996094e+00 7.089510345458984375e+01
2.619191932678222656e+01 -6.576580047607421875e+00 7.047322082519531250e+01
2.583326721191406250e+01 -6.548944473266601562e+00 7.089987945556640625e+01
2.583051109313964844e+01 -6.548918247222900391e+00 7.089218902587890625e+01
2.618300056457519531e+01 -6.587757110595703125e+00 7.091268920898437500e+01
2.583108711242675781e+01 -6.548926830291748047e+00 7.089644622802734375e+01
2.597187232971191406e+01 -6.702544689178466797e+00 6.990002441406250000e+01
2.595384216308593750e+01 -6.585700035095214844e+00 7.107018280029296875e+01
2.583072853088378906e+01 -6.549056053161621094e+00 7.089425659179687500e+01
2.593017578125000000e+01 -6.572806835174560547e+00 7.083979034423828125e+01
2.583258438110351562e+01 -6.548969268798828125e+00 7.089633178710937500e+01
2.583301162719726562e+01 -6.548627853393554688e+00 7.089464569091796875e+01
2.595328903198242188e+01 -6.585598945617675781e+00 7.094579315185546875e+01
2.583113479614257812e+01 -6.549216747283935547e+00 7.089548492431640625e+01
2.636209297180175781e+01 -6.920053958892822266e+00 6.990007019042968750e+01
2.583431625366210938e+01 -6.550328731536865234e+00 7.089957427978515625e+01
2.583128356933593750e+01 -6.549394607543945312e+00 7.089363098144531250e+01
2.592595291137695312e+01 -6.586522579193115234e+00 7.087930297851562500e+01
2.583197784423828125e+01 -6.549352645874023438e+00 7.089620971679687500e+01
2.575555992126464844e+01 -7.002526760101318359e+00 6.990012359619140625e+01
2.583805084228515625e+01 -6.551862716674804688e+00 7.089943695068359375e+01
2.583146476745605469e+01 -6.549409389495849609e+00 7.089478302001953125e+01
2.694028472900390625e+01 -7.351404190063476562e+00 6.990019989013671875e+01
2.583293151855468750e+01 -6.549463272094726562e+00 7.089633178710937500e+01
2.583280563354492188e+01 -6.548861503601074219e+00 7.089443206787109375e+01
2.584137916564941406e+01 -6.553934097290039062e+00 7.089634704589843750e+01
2.583201980590820312e+01 -6.549420356750488281e+00 7.089546203613281250e+01
2.610982894897460938e+01 -7.273010730743408203e+00 6.990397644042968750e+01
2.583494949340820312e+01 -6.551650047302246094e+00 7.089848327636718750e+01
2.583218002319335938e+01 -6.549338340759277344e+00 7.089445495605468750e+01
2.831131362915039062e+01 -8.751583099365234375e+00 6.990000915527343750e+01
2.583292579650878906e+01 -6.548900127410888672e+00 7.089512634277343750e+01
2.553234863281250000e+01 -7.502014160156250000e+00 6.990219879150390625e+01
2.583644104003906250e+01 -6.552378654479980469e+00 7.089678955078125000e+01
2.583248138427734375e+01 -6.549215793609619141e+00 7.089492797851562500e+01
2.654449462890625000e+01 -7.880456447601318359e+00 6.990358734130859375e+01
2.583336830139160156e+01 -6.551375865936279297e+00 7.089718627929687500e+01
2.583298873901367188e+01 -6.548735618591308594e+00 7.089472198486328125e+01
2.859213256835937500e+01 -1.020350837707519531e+01 7.080765533447265625e+01
2.583291816711425781e+01 -6.548911094665527344e+00 7.089495849609375000e+01
2.588881301879882812e+01 -8.081058502197265625e+00 6.990000915527343750e+01
2.583408355712890625e+01 -6.551234722137451172e+00 7.089602661132812500e+01
2.583291816711425781e+01 -6.548887729644775391e+00 7.089477539062500000e+01
2.729298210144042969e+01 -1.017475318908691406e+01 6.990003204345703125e+01
2.583289718627929688e+01 -6.550467491149902344e+00 7.089558410644531250e+01
2.527591514587402344e+01 -9.672557830810546875e+00 6.990009307861328125e+01
2.583325767517089844e+01 -6.549212455749511719e+00 7.089485931396484375e+01
2.583300399780273438e+01 -6.549002647399902344e+00 7.089483642578125000e+01
2.583308219909667969e+01 -1.463423919677734375e+01 7.089479827880859375e+01
