-1.792582893371582031e+01 -4.619927406311035156e+00 7.090007781982421875e+01
-1.868425178527832031e+01 -3.116417229175567627e-01 7.159485626220703125e+01
-1.783806419372558594e+01 -1.927227139472961426e+00 6.990003967285156250e+01
-1.753325843811035156e+01 -3.582867622375488281e+00 7.141211700439453125e+01
-2.357299423217773438e+01 8.034905433654785156e+00 6.990117645263671875e+01
-1.635365486145019531e+01 -1.526088118553161621e+00 6.989998626708984375e+01
-1.792582893371582031e+01 -5.350769519805908203e+00 7.090007781982421875e+01
-1.844518280029296875e+01 -3.463665962219238281e+00 6.990009307861328125e+01
-1.752582550048828125e+01 -4.695782661437988281e+00 7.104615783691406250e+01
-1.792582893371582031e+01 -5.350769519805908203e+00 7.090007781982421875e+01
-1.745786666870117188e+01 -3.888914585113525391e+00 6.990007019042968750e+01
-1.770788955688476562e+01 -4.449666023254394531e+00 7.159490203857421875e+01
-1.965130996704101562e+01 -3.036205291748046875e+00 6.990012359619140625e+01
-1.337711334228515625e+01 -2.667138278484344482e-01 6.990005493164062500e+01
-1.792582893371582031e+01 -5.350769519805908203e+00 7.090007781982421875e+01
-1.805541610717773438e+01 -4.370695590972900391e+00 6.990005493164062500e+01
-1.752582550048828125e+01 -4.869877338409423828e+00 7.123719787597656250e+01
-1.792582893371582031e+01 -5.350769519805908203e+00 7.090007781982421875e+01
-1.692407417297363281e+01 -4.184895038604736328e+00 6.990319824218750000e+01
-1.792582893371582031e+01 -5.350769519805908203e+00 7.090007781982421875e+01
-1.876034355163574219e+01 -4.384125709533691406e+00 6.990004730224609375e+01
-1.752582359313964844e+01 -5.066552639007568359e+00 7.095389556884765625e+01
-1.792582893371582031e+01 -5.350769519805908203e+00 7.090007781982421875e+01
-1.770085144042968750e+01 -4.701064586639404297e+00 6.990003204345703125e+01
-1.752765464782714844e+01 -4.869417190551757812e+00 7.159494781494140625e+01
-2.106016540527343750e+01 -3.476754903793334961e+00 6.990013885498046875e+01
-1.576135349273681641e+01 -4.064634799957275391e+00 6.990003204345703125e+01
-1.792582893371582031e+01 -5.350769519805908203e+00 7.090007781982421875e+01
-1.828551101684570312e+01 -4.838318347930908203e+00 6.990007019042968750e+01
-1.752583503723144531e+01 -5.145169734954833984e+00 7.111030578613281250e+01
-1.792582893371582031e+01 -5.350769519805908203e+00 7.090007781982421875e+01
-1.728279495239257812e+01 -4.871695041656494141e+00 6.990001678466796875e+01
-1.780641174316406250e+01 -5.084304809570312500e+00 7.159493255615234375e+01
-1.921715736389160156e+01 -4.773309230804443359e+00 6.990000152587890625e+01
-5.854326248168945312e+00 -1.357006788253784180e+00 6.989997863769531250e+01
-1.792582893371582031e+01 -5.350769519805908203e+00 7.090007781982421875e+01
-1.792094993591308594e+01 -5.067279815673828125e+00 6.990003204345703125e+01
-1.752584648132324219e+01 -5.195402622222900391e+00 7.134099578857421875e+01
-2.871667671203613281e+01 -2.762235403060913086e+00 6.989998626708984375e+01
-1.660813713073730469e+01 -4.991701602935791016e+00 6.989999389648437500e+01
-1.792582893371582031e+01 -5.350769519805908203e+00 7.090007781982421875e+01
-1.855512428283691406e+01 -5.144819736480712891e+00 6.990006256103515625e+01
-1.752584648132324219e+01 -5.287197113037109375e+00 7.100969696044921875e+01
-1.792582893371582031e+01 -5.350769519805908203e+00 7.090007781982421875e+01
-1.755506324768066406e+01 -5.231520652770996094e+00 6.990000152587890625e+01
-1.764294052124023438e+01 -5.282278060913085938e+00 7.159498596191406250e+01
-2.003609848022460938e+01 -5.185235977172851562e+00 6.989997863769531250e+01
-1.468203544616699219e+01 -5.179112911224365234e+00 6.989997863769531250e+01
-1.792582893371582031e+01 -5.350769519805908203e+00 7.090007781982421875e+01
-1.814057350158691406e+01 -5.340437412261962891e+00 6.990004730224609375e+01
-1.752585601806640625e+01 -5.355725288391113281e+00 7.118419647216796875e+01
-1.792582893371582031e+01 -5.350769519805908203e+00 7.090007781982421875e+01
-1.707456588745117188e+01 -5.417184352874755859e+00 6.989997863769531250e+01
-1.790048789978027344e+01 -5.400057792663574219e+00 7.159494781494140625e+01
-1.891136360168457031e+01 -5.478942871093750000e+00 6.990000915527343750e+01
-1.792582893371582031e+01 -5.350769519805908203e+00 7.090007781982421875e+01
-1.792582893371582031e+01 -5.350769519805908203e+00 7.090007781982421875e+01
-1.778630065917968750e+01 -5.505548954010009766e+00 6.990001678466796875e+01
-1.752585601806640625e+01 -5.473702430725097656e+00 7.148096466064453125e+01
-2.227176856994628906e+01 -6.222845077514648438e+00 6.990008544921875000e+01
-1.616059112548828125e+01 -5.791156768798828125e+00 6.989996337890625000e+01
-1.792582893371582031e+01 -5.350769519805908203e+00 7.090007781982421875e+01
-1.838195419311523438e+01 -5.637623310089111328e+00 6.990006256103515625e+01
-1.752585792541503906e+01 -5.473932266235351562e+00 7.106976318359375000e+01
-1.792582893371582031e+01 -5.350769519805908203e+00 7.090007781982421875e+01
-1.739396858215332031e+01 -5.724241733551025391e+00 6.989998626708984375e+01
-1.774629020690917969e+01 -5.604504108428955078e+00 7.159492492675781250e+01
-1.946455001831054688e+01 -6.044344902038574219e+00 6.990004730224609375e+01
-1.193185424804687500e+01 -7.799343585968017578e+00 6.990003967285156250e+01
-1.792709922790527344e+01 -5.351652622222900391e+00 7.090170288085937500e+01
-1.800376892089843750e+01 -5.807156562805175781e+00 6.990004730224609375e+01
-1.752585983276367188e+01 -5.614701271057128906e+00 7.127372741699218750e+01
-2.879968261718750000e+01 -1.090007400512695312e+01 7.079398345947265625e+01
-1.681246185302734375e+01 -6.158060073852539062e+00 6.989994049072265625e+01
-1.792703247070312500e+01 -5.357829570770263672e+00 7.091241455078125000e+01
-1.867713928222656250e+01 -6.102547645568847656e+00 6.990007019042968750e+01
-1.752586174011230469e+01 -5.608674526214599609e+00 7.097486114501953125e+01
-1.792763710021972656e+01 -5.352192878723144531e+00 7.090120697021484375e+01
-1.764650917053222656e+01 -6.081931591033935547e+00 6.990004730224609375e+01
-1.757354164123535156e+01 -5.928911685943603516e+00 7.159487915039062500e+01
-2.058349418640136719e+01 -7.572211742401123047e+00 6.990000915527343750e+01
-1.543440055847167969e+01 -7.565499782562255859e+00 6.989998626708984375e+01
-1.792775535583496094e+01 -5.354644775390625000e+00 7.090409088134765625e+01
-1.822880935668945312e+01 -6.311320304870605469e+00 6.990007019042968750e+01
-1.752586746215820312e+01 -5.802639484405517578e+00 7.113710784912109375e+01
-1.792582893371582031e+01 -5.350769519805908203e+00 7.090007781982421875e+01
-1.720804595947265625e+01 -6.694568157196044922e+00 6.989998626708984375e+01
-1.784269142150878906e+01 -6.162762641906738281e+00 7.159475708007812500e+01
-1.908910369873046875e+01 -7.249005794525146484e+00 6.990009307861328125e+01
-1.095947551727294922e+01 -1.457912063598632812e+01 7.068005371093750000e+01
-1.792762756347656250e+01 -5.354347229003906250e+00 7.090183258056640625e+01
-1.786980438232421875e+01 -6.891294002532958984e+00 6.990006256103515625e+01
-1.752585792541503906e+01 -6.408662319183349609e+00 7.138899230957031250e+01
-2.290243339538574219e+01 -1.461037158966064453e+01 7.018098449707031250e+01
-1.645798492431640625e+01 -8.996671676635742188e+00 6.989990234375000000e+01
-1.792628860473632812e+01 -5.355455398559570312e+00 7.090203094482421875e+01
-1.848600196838378906e+01 -8.491595268249511719e+00 6.990000915527343750e+01
-1.752585220336914062e+01 -6.787081241607666016e+00 7.103199768066406250e+01
-1.792660331726074219e+01 -5.354930400848388672e+00 7.090042877197265625e+01
-1.792582893371582031e+01 -5.354994297027587891e+00 7.090007781982421875e+01
