6.485682487487792969e+00 4.603343009948730469e-01 7.089995574951171875e+01
6.416445255279541016e+00 8.603121638298034668e-01 7.096337890625000000e+01
6.661031723022460938e+00 7.240310668945312500e+00 6.890193939208984375e+01
6.485900402069091797e+00 4.012659192085266113e-01 7.090023803710937500e+01
6.460488796234130859e+00 4.600025117397308350e-01 7.089550018310546875e+01
8.051698684692382812e+00 4.209985733032226562e+00 6.990378570556640625e+01
6.485569953918457031e+00 4.010840952396392822e-01 7.090037536621093750e+01
5.966330051422119141e+00 2.287385702133178711e+00 6.989997100830078125e+01
6.486612796783447266e+00 4.018088281154632568e-01 7.090029907226562500e+01
6.186869144439697266e+00 8.603074550628662109e-01 7.102330017089843750e+01
6.953641891479492188e+00 1.862133383750915527e+00 6.989995574951171875e+01
6.485938549041748047e+00 4.013441205024719238e-01 7.090077209472656250e+01
4.760166168212890625e+00 2.714896440505981445e+00 6.989998626708984375e+01
1.103359603881835938e+01 5.483444690704345703e+00 6.990010833740234375e+01
6.485462188720703125e+00 4.006798863410949707e-01 7.090026855468750000e+01
6.356099605560302734e+00 1.380321145057678223e+00 6.989997100830078125e+01
6.487109661102294922e+00 4.020014703273773193e-01 7.090116119384765625e+01
5.957661151885986328e+00 8.603030443191528320e-01 7.092179107666015625e+01
7.490576744079589844e+00 1.569813132286071777e+00 6.989994812011718750e+01
6.485582828521728516e+00 4.019699096679687500e-01 7.090210723876953125e+01
5.651220798492431641e+00 1.366867899894714355e+00 6.989999389648437500e+01
6.488075256347656250e+00 4.019857645034790039e-01 7.090027618408203125e+01
5.920528411865234375e+00 8.603032827377319336e-01 7.129317474365234375e+01
6.710646629333496094e+00 1.049952626228332520e+00 6.989997100830078125e+01
6.486969470977783203e+00 4.018416106700897217e-01 7.090219879150390625e+01
3.351305246353149414e+00 2.274324655532836914e+00 6.990000152587890625e+01
8.650098800659179688e+00 1.686385512351989746e+00 6.989994049072265625e+01
6.484494686126708984e+00 4.018554389476776123e-01 7.090279388427734375e+01
6.126013755798339844e+00 9.127166271209716797e-01 6.989998626708984375e+01
6.488259315490722656e+00 4.016101956367492676e-01 7.090131378173828125e+01
5.447793006896972656e+00 8.603171110153198242e-01 7.117353820800781250e+01
7.128670692443847656e+00 8.793264031410217285e-01 6.989996337890625000e+01
6.486285686492919922e+00 4.016316235065460205e-01 7.090346527099609375e+01
5.194519996643066406e+00 9.776717424392700195e-01 6.990000915527343750e+01
1.846315002441406250e+01 4.362937450408935547e+00 6.990764617919921875e+01
5.842830657958984375e+00 6.903099417686462402e-01 7.159485626220703125e+01
6.490560531616210938e+00 6.837562918663024902e-01 6.989997863769531250e+01
6.487858295440673828e+00 4.011307954788208008e-01 7.090235137939453125e+01
-4.303960800170898438e+00 2.988530874252319336e+00 6.989997100830078125e+01
7.803266525268554688e+00 7.593245506286621094e-01 6.989995574951171875e+01
6.484651088714599609e+00 4.014123678207397461e-01 7.090562438964843750e+01
5.856420040130615234e+00 6.062247157096862793e-01 6.989999389648437500e+01
6.489291667938232422e+00 4.008592367172241211e-01 7.090094757080078125e+01
5.137669086456298828e+00 6.009832620620727539e-01 7.159173583984375000e+01
6.856415271759033203e+00 5.195236802101135254e-01 6.989997100830078125e+01
6.487111091613769531e+00 4.006314277648925781e-01 7.090346527099609375e+01
4.375781536102294922e+00 5.657902359962463379e-01 6.990003204345703125e+01
9.729146003723144531e+00 5.719248056411743164e-01 6.989996337890625000e+01
6.477209091186523438e+00 4.007936418056488037e-01 7.091441345214843750e+01
6.270950317382812500e+00 4.106170833110809326e-01 6.989998626708984375e+01
7.463990211486816406e+00 3.881635963916778564e-01 7.159490203857421875e+01
9.272726178169250488e-01 2.304678708314895630e-01 7.159268951416015625e+01
7.336273670196533203e+00 3.339232206344604492e-01 6.990064239501953125e+01
6.511018753051757812e+00 3.510044515132904053e-01 7.159472656250000000e+01
5.500261306762695312e+00 2.721270620822906494e-01 6.990000915527343750e+01
1.363154792785644531e+01 -3.996901810169219971e-01 7.126532745361328125e+01
5.644596576690673828e+00 2.557657361030578613e-01 7.159490203857421875e+01
6.625197887420654297e+00 2.455193698406219482e-01 6.989997863769531250e+01
6.964167594909667969e+00 2.532216608524322510e-01 7.159486389160156250e+01
2.165419578552246094e+00 -4.666376113891601562e-01 6.990587615966796875e+01
8.250690460205078125e+00 -4.004410281777381897e-02 6.989997100830078125e+01
6.260240554809570312e+00 2.257799506187438965e-01 7.159488677978515625e+01
6.029581069946289062e+00 1.134465336799621582e-01 6.989999389648437500e+01
8.123823165893554688e+00 -1.041461899876594543e-01 7.159494018554687500e+01
4.523514270782470703e+00 -2.374520599842071533e-01 7.159491729736328125e+01
7.016877651214599609e+00 2.728130295872688293e-02 6.990112304687500000e+01
6.665221214294433594e+00 1.465522646903991699e-01 7.159480285644531250e+01
4.947103023529052734e+00 -2.932259142398834229e-01 6.990001678466796875e+01
1.247924423217773438e+01 -2.048119783401489258e+00 6.989998626708984375e+01
5.942030906677246094e+00 2.212018705904483795e-02 7.159490203857421875e+01
6.407746315002441406e+00 -5.607566237449645996e-02 6.989998626708984375e+01
7.229643344879150391e+00 -9.063990414142608643e-02 7.159495544433593750e+01
6.485682487487792969e+00 4.002855718135833740e-01 7.089995574951171875e+01
7.595070362091064453e+00 -4.041188955307006836e-01 6.990339660644531250e+01
6.417855739593505859e+00 2.561949891969561577e-03 7.159488677978515625e+01
5.734411239624023438e+00 -3.514529168605804443e-01 6.990000152587890625e+01
7.726332187652587891e+00 -3.997056484222412109e-01 7.113191223144531250e+01
5.473307609558105469e+00 -3.964870572090148926e-01 7.153015899658203125e+01
6.764985561370849609e+00 -3.308344781398773193e-01 6.989997863769531250e+01
6.838026046752929688e+00 -1.779486685991287231e-01 7.159486389160156250e+01
3.828435659408569336e+00 -1.820807218551635742e+00 6.990004730224609375e+01
8.966731071472167969e+00 -1.805217981338500977e+00 6.990402984619140625e+01
6.152190685272216797e+00 -2.706609964370727539e-01 7.159486389160156250e+01
6.182715892791748047e+00 -5.602250695228576660e-01 6.989998626708984375e+01
7.193778514862060547e+00 -3.997092545032501221e-01 7.131959533691406250e+01
5.724833488464355469e+00 -3.997198939323425293e-01 7.105946350097656250e+01
7.203372955322265625e+00 -9.433408379554748535e-01 6.989999389648437500e+01
6.567589759826660156e+00 -3.996989727020263672e-01 7.158435821533203125e+01
5.322455883026123047e+00 -1.497870564460754395e+00 6.990001678466796875e+01
1.774336624145507812e+01 -1.451280498504638672e+01 7.054439544677734375e+01
6.083350181579589844e+00 -3.996958136558532715e-01 7.129259490966796875e+01
6.541702747344970703e+00 -1.140149116516113281e+00 6.990000152587890625e+01
6.787622451782226562e+00 -3.983225524425506592e-01 7.126904296875000000e+01
-4.339809715747833252e-01 -1.247462558746337891e+01 6.990010070800781250e+01
7.953145027160644531e+00 -3.244670152664184570e+00 6.990003967285156250e+01
6.407199382781982422e+00 -3.996942937374114990e-01 7.123358154296875000e+01
5.925597667694091797e+00 -2.740044832229614258e+00 6.990003967285156250e+01
6.708459854125976562e+00 -3.997059166431427002e-01 7.097342681884765625e+01
6.336791515350341797e+00 -3.996934890747070312e-01 7.096699523925781250e+01
6.485682487487792969e+00 -3.556763827800750732e-01 7.089995574951171875e+01
