5.235654830932617188e+00 4.603002667427062988e-01 7.089995574951171875e+01
5.226788997650146484e+00 4.591811001300811768e-01 7.090808105468750000e+01
5.323417186737060547e+00 3.823717355728149414e+00 6.989994812011718750e+01
5.248983383178710938e+00 4.603000581264495850e-01 7.091734313964843750e+01
5.210471153259277344e+00 4.599695801734924316e-01 7.089550018310546875e+01
8.311450958251953125e+00 7.882869243621826172e+00 6.894338226318359375e+01
5.227192878723144531e+00 4.603021144866943359e-01 7.093143463134765625e+01
4.716315269470214844e+00 2.287328720092773438e+00 6.990000152587890625e+01
5.272310733795166016e+00 4.602982997894287109e-01 7.091334533691406250e+01
5.196662902832031250e+00 4.603035748004913330e-01 7.091605377197265625e+01
5.703599452972412109e+00 1.862077951431274414e+00 6.989998626708984375e+01
5.250172615051269531e+00 4.603011012077331543e-01 7.094624328613281250e+01
3.510146617889404297e+00 2.714875698089599609e+00 6.989998626708984375e+01
9.783815383911132812e+00 5.483711242675781250e+00 6.990005493164062500e+01
5.202106475830078125e+00 4.603044688701629639e-01 7.094767761230468750e+01
5.106075763702392578e+00 1.380283594131469727e+00 6.990000152587890625e+01
5.285581588745117188e+00 4.602985084056854248e-01 7.094203186035156250e+01
5.166906356811523438e+00 4.601700305938720703e-01 7.090280151367187500e+01
6.240524768829345703e+00 1.569774866104125977e+00 6.989997863769531250e+01
5.232110500335693359e+00 4.603035449981689453e-01 7.097660827636718750e+01
4.401217460632324219e+00 1.366830229759216309e+00 6.990002441406250000e+01
5.320125579833984375e+00 4.602949321269989014e-01 7.091132354736328125e+01
5.161902904510498047e+00 4.603073596954345703e-01 7.095127105712890625e+01
5.460611820220947266e+00 1.049922347068786621e+00 6.990000152587890625e+01
5.285306930541992188e+00 4.603002965450286865e-01 7.098660278320312500e+01
2.101278543472290039e+00 2.274314165115356445e+00 6.990000152587890625e+01
7.400047779083251953e+00 1.686361432075500488e+00 6.989994812011718750e+01
5.190239429473876953e+00 4.603076875209808350e-01 7.100847625732421875e+01
4.875997066497802734e+00 9.126910567283630371e-01 6.990001678466796875e+01
5.352421283721923828e+00 4.602946937084197998e-01 7.096132659912109375e+01
5.100207805633544922e+00 4.603109657764434814e-01 7.093566131591796875e+01
5.878623008728027344e+00 8.793014883995056152e-01 6.989999389648437500e+01
5.262557029724121094e+00 4.603046178817749023e-01 7.105648803710937500e+01
3.944533109664916992e+00 9.776436686515808105e-01 6.990003967285156250e+01
1.730442619323730469e+01 4.393135070800781250e+00 6.990008544921875000e+01
5.102581024169921875e+00 4.603122472763061523e-01 7.104380798339843750e+01
5.240532875061035156e+00 6.837368607521057129e-01 6.990000915527343750e+01
5.390173912048339844e+00 4.602964222431182861e-01 7.107028961181640625e+01
-5.553077697753906250e+00 2.988302469253540039e+00 6.990005493164062500e+01
6.553215026855468750e+00 7.593081593513488770e-01 6.989997100830078125e+01
5.180706977844238281e+00 4.603106081485748291e-01 7.120199584960937500e+01
4.606413364410400391e+00 6.062081456184387207e-01 6.990002441406250000e+01
5.613179683685302734e+00 4.602784812450408936e-01 7.100341796875000000e+01
4.832438468933105469e+00 4.603082239627838135e-01 7.110688018798828125e+01
5.606374740600585938e+00 5.195097923278808594e-01 6.990000152587890625e+01
5.483585834503173828e+00 4.603032171726226807e-01 7.150899505615234375e+01
3.141945362091064453e+00 5.645102858543395996e-01 6.990770721435546875e+01
8.479120254516601562e+00 5.719150304794311523e-01 6.989996337890625000e+01
4.388871669769287109e+00 4.510485827922821045e-01 7.234484100341796875e+01
5.020929813385009766e+00 4.106068909168243408e-01 6.990001678466796875e+01
6.213897228240966797e+00 3.881545662879943848e-01 7.159485626220703125e+01
-3.227725625038146973e-01 2.304574996232986450e-01 7.159268951416015625e+01
6.086803913116455078e+00 3.338698744773864746e-01 6.989999389648437500e+01
5.260994911193847656e+00 3.509875237941741943e-01 7.159482574462890625e+01
4.250741004943847656e+00 2.721831798553466797e-01 6.990052032470703125e+01
1.238172054290771484e+01 -3.997223675251007080e-01 7.126533508300781250e+01
4.394550323486328125e+00 2.557527422904968262e-01 7.159491729736328125e+01
5.375165939331054688e+00 2.455146312713623047e-01 6.990000915527343750e+01
5.714176177978515625e+00 2.532007694244384766e-01 7.159491729736328125e+01
5.235654830932617188e+00 4.002757072448730469e-01 7.089995574951171875e+01
6.991337299346923828e+00 -3.772738575935363770e-02 6.990525817871093750e+01
5.010222911834716797e+00 2.257777750492095947e-01 7.159485626220703125e+01
4.779566764831542969e+00 1.134453490376472473e-01 6.990002441406250000e+01
6.873632907867431641e+00 -1.041058897972106934e-01 7.159487152099609375e+01
3.273835659027099609e+00 -2.373483777046203613e-01 7.159479522705078125e+01
5.767445564270019531e+00 2.685332857072353363e-02 6.990000152587890625e+01
5.415201663970947266e+00 1.465309560298919678e-01 7.159483337402343750e+01
5.235654830932617188e+00 4.002757072448730469e-01 7.089995574951171875e+01
5.235654830932617188e+00 4.002756774425506592e-01 7.089995574951171875e+01
4.691997051239013672e+00 2.210614271461963654e-02 7.159490966796875000e+01
5.157721519470214844e+00 -5.607135221362113953e-02 6.990001678466796875e+01
5.979538440704345703e+00 -9.059856832027435303e-02 7.159488677978515625e+01
5.235654830932617188e+00 4.002756774425506592e-01 7.089995574951171875e+01
5.235654830932617188e+00 4.002757072448730469e-01 7.089995574951171875e+01
5.167834758758544922e+00 2.593593439087271690e-03 7.159481811523437500e+01
5.235654830932617188e+00 4.002757072448730469e-01 7.089995574951171875e+01
6.476274967193603516e+00 -3.996966481208801270e-01 7.113191223144531250e+01
4.223221302032470703e+00 -3.965430855751037598e-01 7.153019714355468750e+01
5.235654830932617188e+00 4.002757072448730469e-01 7.089995574951171875e+01
5.587963104248046875e+00 -1.779004782438278198e-01 7.159479522705078125e+01
5.235654830932617188e+00 4.002756774425506592e-01 7.089995574951171875e+01
5.235654830932617188e+00 4.002756774425506592e-01 7.089995574951171875e+01
4.902144908905029297e+00 -2.707071006298065186e-01 7.159490203857421875e+01
5.235654830932617188e+00 4.002757072448730469e-01 7.089995574951171875e+01
5.943739414215087891e+00 -3.997058570384979248e-01 7.131958770751953125e+01
4.474826812744140625e+00 -3.997080028057098389e-01 7.105945587158203125e+01
5.235654830932617188e+00 4.002756774425506592e-01 7.089995574951171875e+01
5.317562580108642578e+00 -3.997116982936859131e-01 7.158436584472656250e+01
5.235654830932617188e+00 4.002756774425506592e-01 7.089995574951171875e+01
5.235654830932617188e+00 4.002756774425506592e-01 7.089995574951171875e+01
4.833332538604736328e+00 -3.996863067150115967e-01 7.129257965087890625e+01
5.235654830932617188e+00 4.002756774425506592e-01 7.089995574951171875e+01
5.537599086761474609e+00 -3.983449041843414307e-01 7.126905059814453125e+01
5.235654830932617188e+00 4.002756774425506592e-01 7.089995574951171875e+01
5.235654830932617188e+00 4.002756774425506592e-01 7.089995574951171875e+01
5.157170772552490234e+00 -3.997137546539306641e-01 7.123358917236328125e+01
5.235654830932617188e+00 4.002756774425506592e-01 7.089995574951171875e+01
5.458436012268066406e+00 -3.997294902801513672e-01 7.097343444824218750e+01
5.086761951446533203e+00 -3.997136354446411133e-01 7.096699523925781250e+01
5.235654830932617188e+00 -2.836950123310089111e-01 7.089995574951171875e+01
