-1.792585754394531250e+01 -4.638742506504058838e-01 7.089997100830078125e+01
-1.823918533325195312e+01 4.003256261348724365e-01 7.118700408935546875e+01
-1.783810234069824219e+01 1.741697072982788086e+00 6.990003967285156250e+01
-1.765455627441406250e+01 -4.597106575965881348e-01 7.125383758544921875e+01
-2.357902717590332031e+01 1.171841526031494141e+01 6.990000152587890625e+01
-1.610017967224121094e+01 2.759896755218505859e+00 6.973862457275390625e+01
-1.811263465881347656e+01 -3.565845787525177002e-01 7.159477233886718750e+01
-1.844518661499023438e+01 2.055221647024154663e-01 6.990003967285156250e+01
-1.752582359313964844e+01 -1.026453495025634766e+00 7.104606628417968750e+01
-1.927810096740722656e+01 4.002830088138580322e-01 7.145816040039062500e+01
-1.725943374633789062e+01 4.003365635871887207e-01 6.947586059570312500e+01
-1.770787811279296875e+01 -7.802183032035827637e-01 7.159492492675781250e+01
-1.965120124816894531e+01 6.328889727592468262e-01 6.990010070800781250e+01
-1.337756824493408203e+01 3.402089595794677734e+00 6.990003967285156250e+01
-1.792585754394531250e+01 -1.681489825248718262e+00 7.089997100830078125e+01
-1.805543518066406250e+01 -7.014917135238647461e-01 6.990002441406250000e+01
-1.752583122253417969e+01 -1.200571537017822266e+00 7.123711395263671875e+01
-2.478941345214843750e+01 4.298110961914062500e+00 7.118379974365234375e+01
-1.687605857849121094e+01 -4.596998393535614014e-01 6.985527801513671875e+01
-1.792585754394531250e+01 -1.681489825248718262e+00 7.089997100830078125e+01
-1.876027870178222656e+01 -7.149547934532165527e-01 6.990005493164062500e+01
-1.752582931518554688e+01 -1.397257208824157715e+00 7.095379638671875000e+01
-1.792585754394531250e+01 -1.681489825248718262e+00 7.089997100830078125e+01
-1.754340362548828125e+01 -5.770111680030822754e-01 6.919992065429687500e+01
-1.752764892578125000e+01 -1.200097084045410156e+00 7.159489440917968750e+01
-2.105997657775878906e+01 1.923945397138595581e-01 6.990010070800781250e+01
-1.792550659179687500e+01 -1.681281566619873047e+00 7.089981079101562500e+01
-1.792585754394531250e+01 -1.681489825248718262e+00 7.089997100830078125e+01
-1.828529930114746094e+01 -1.169381380081176758e+00 6.990062713623046875e+01
-1.752582931518554688e+01 -1.475872397422790527e+00 7.111021423339843750e+01
-1.792585754394531250e+01 -1.681489825248718262e+00 7.089997100830078125e+01
-1.717311859130859375e+01 -1.120682954788208008e+00 6.972929382324218750e+01
-1.780643081665039062e+01 -1.415005207061767578e+00 7.159487915039062500e+01
-1.921694946289062500e+01 -1.104135274887084961e+00 6.990007781982421875e+01
-1.791360092163085938e+01 -1.677434921264648438e+00 7.089895629882812500e+01
-1.792585754394531250e+01 -1.681489825248718262e+00 7.089997100830078125e+01
-1.792098045349121094e+01 -1.398030281066894531e+00 6.990003204345703125e+01
-1.752582931518554688e+01 -1.526105165481567383e+00 7.134094238281250000e+01
-2.877192687988281250e+01 9.202911853790283203e-01 6.989476013183593750e+01
-1.792436027526855469e+01 -1.681082010269165039e+00 7.089883422851562500e+01
-1.792585754394531250e+01 -1.681489825248718262e+00 7.089997100830078125e+01
-1.855508995056152344e+01 -1.475560545921325684e+00 6.990005493164062500e+01
-1.752583312988281250e+01 -1.617911219596862793e+00 7.100959777832031250e+01
-1.792585754394531250e+01 -1.681489825248718262e+00 7.089997100830078125e+01
-1.792574119567871094e+01 -1.681452512741088867e+00 7.089965820312500000e+01
-1.764296150207519531e+01 -1.612996816635131836e+00 7.159490203857421875e+01
-2.003561973571777344e+01 -1.515996098518371582e+00 6.990011596679687500e+01
-1.792091369628906250e+01 -1.681228280067443848e+00 7.089844512939453125e+01
-1.792585754394531250e+01 -1.681489825248718262e+00 7.089997100830078125e+01
-1.814057922363281250e+01 -1.671158790588378906e+00 6.990004730224609375e+01
-1.752583503723144531e+01 -1.686446428298950195e+00 7.118412780761718750e+01
-1.792585754394531250e+01 -1.681489825248718262e+00 7.089997100830078125e+01
-1.792470741271972656e+01 -1.681579589843750000e+00 7.089862060546875000e+01
-1.790051651000976562e+01 -1.730778336524963379e+00 7.159484863281250000e+01
-1.891122245788574219e+01 -1.809641003608703613e+00 6.990007781982421875e+01
-1.792585754394531250e+01 -1.681489825248718262e+00 7.089997100830078125e+01
-1.792585754394531250e+01 -1.681489825248718262e+00 7.089997100830078125e+01
-1.792576599121093750e+01 -1.681592106819152832e+00 7.089930725097656250e+01
-1.752582931518554688e+01 -1.804439902305603027e+00 7.148093414306640625e+01
-2.225119018554687500e+01 -2.549430131912231445e+00 6.990472412109375000e+01
-1.792521667480468750e+01 -1.681649804115295410e+00 7.089960479736328125e+01
-1.792585754394531250e+01 -1.681489825248718262e+00 7.089997100830078125e+01
-1.838193511962890625e+01 -1.968313813209533691e+00 6.990006256103515625e+01
-1.752583885192871094e+01 -1.804667472839355469e+00 7.106967926025390625e+01
-1.792585754394531250e+01 -1.681489825248718262e+00 7.089997100830078125e+01
-1.792507171630859375e+01 -1.682042002677917480e+00 7.089849090576171875e+01
-1.774629402160644531e+01 -1.935257554054260254e+00 7.159490966796875000e+01
-1.946431922912597656e+01 -2.374948501586914062e+00 6.990010833740234375e+01
-1.792455482482910156e+01 -1.682022094726562500e+00 7.089975738525390625e+01
-1.792585754394531250e+01 -1.681489825248718262e+00 7.089997100830078125e+01
-1.800378990173339844e+01 -2.137827873229980469e+00 6.990004730224609375e+01
-1.752583503723144531e+01 -1.945457339286804199e+00 7.127366638183593750e+01
-2.882995223999023438e+01 -7.246227741241455078e+00 7.079357910156250000e+01
-1.792404174804687500e+01 -1.682806611061096191e+00 7.089833831787109375e+01
-1.792585754394531250e+01 -1.681489825248718262e+00 7.089997100830078125e+01
-1.867707824707031250e+01 -2.433177709579467773e+00 6.990008544921875000e+01
-1.752584266662597656e+01 -1.939426183700561523e+00 7.097476196289062500e+01
-1.792585754394531250e+01 -1.681489825248718262e+00 7.089997100830078125e+01
-1.792540359497070312e+01 -1.682676076889038086e+00 7.089834594726562500e+01
-1.757351493835449219e+01 -2.259722232818603516e+00 7.159487915039062500e+01
-2.058287620544433594e+01 -3.902391433715820312e+00 6.990014648437500000e+01
-1.792347335815429688e+01 -1.683609485626220703e+00 7.089901733398437500e+01
-1.792585754394531250e+01 -1.681489825248718262e+00 7.089997100830078125e+01
-1.822880363464355469e+01 -2.641937494277954102e+00 6.990007019042968750e+01
-1.752901840209960938e+01 -2.129832029342651367e+00 7.113514709472656250e+01
-1.792585754394531250e+01 -1.681489825248718262e+00 7.089997100830078125e+01
-1.792475128173828125e+01 -1.683561444282531738e+00 7.089842987060546875e+01
-1.784268951416015625e+01 -2.493782043457031250e+00 7.159490203857421875e+01
-1.908898353576660156e+01 -3.579481363296508789e+00 6.990011596679687500e+01
-1.792396926879882812e+01 -1.683991432189941406e+00 7.089990997314453125e+01
-1.792585754394531250e+01 -1.681489825248718262e+00 7.089997100830078125e+01
-1.792576789855957031e+01 -1.683969974517822266e+00 7.089836120605468750e+01
-1.752581787109375000e+01 -2.739565372467041016e+00 7.138896942138671875e+01
-2.484618377685546875e+01 -1.455763530731201172e+01 6.990001678466796875e+01
-1.792466354370117188e+01 -1.684453845024108887e+00 7.089915466308593750e+01
-1.792585754394531250e+01 -1.681489825248718262e+00 7.089997100830078125e+01
-1.848592948913574219e+01 -4.821750164031982422e+00 6.990007781982421875e+01
-1.752582359313964844e+01 -3.118010282516479492e+00 7.103190612792968750e+01
-1.792585754394531250e+01 -1.681489825248718262e+00 7.089997100830078125e+01
-1.792585754394531250e+01 -1.685441493988037109e+00 7.089997100830078125e+01
