1.150382041931152344e+01 -4.597342312335968018e-01 7.090002441406250000e+01
1.144361400604248047e+01 -4.597348272800445557e-01 7.095517730712890625e+01
1.150438213348388672e+01 -8.378419876098632812e-01 7.089362335205078125e+01
1.159264850616455078e+01 -4.597314298152923584e-01 7.101588439941406250e+01
1.148900604248046875e+01 -8.246421217918395996e-01 7.089740753173828125e+01
1.151134204864501953e+01 -8.414599299430847168e-01 7.089524078369140625e+01
1.144742679595947266e+01 -4.597332775592803955e-01 7.110980224609375000e+01
1.098441982269287109e+01 1.027516484260559082e+00 6.989994812011718750e+01
1.174812030792236328e+01 -4.597287774085998535e-01 7.098924255371093750e+01
1.124607086181640625e+01 -4.629534184932708740e-01 7.100641632080078125e+01
1.197180366516113281e+01 6.021647453308105469e-01 6.989997100830078125e+01
1.160057067871093750e+01 -4.597294330596923828e-01 7.120848083496093750e+01
9.778115272521972656e+00 1.455105662345886230e+00 6.989994049072265625e+01
1.151726818084716797e+01 -8.447278738021850586e-01 7.089706420898437500e+01
1.128025341033935547e+01 -4.597241580486297607e-01 7.121802520751953125e+01
1.137422847747802734e+01 1.203501522541046143e-01 6.989997100830078125e+01
1.183656597137451172e+01 -4.597252607345581055e-01 7.118046569824218750e+01
1.104465770721435547e+01 -4.597309827804565430e-01 7.091901397705078125e+01
1.250876522064208984e+01 3.098285496234893799e-01 6.989997100830078125e+01
1.148019981384277344e+01 -4.597198367118835449e-01 7.141083526611328125e+01
1.066928291320800781e+01 1.069126352667808533e-01 6.989997100830078125e+01
1.206682586669921875e+01 -4.597243666648864746e-01 7.097577667236328125e+01
1.101234722137451172e+01 -4.597140848636627197e-01 7.124198150634765625e+01
1.172879791259765625e+01 -2.100514322519302368e-01 6.989997863769531250e+01
1.183473014831542969e+01 -4.597224593162536621e-01 7.147750854492187500e+01
8.369061470031738281e+00 1.014508843421936035e+00 6.989994812011718750e+01
1.152002525329589844e+01 -8.501290082931518555e-01 7.089253997802734375e+01
1.121297740936279297e+01 -4.753102660179138184e-01 7.159497833251953125e+01
1.114412498474121094e+01 -3.472888469696044922e-01 6.989997863769531250e+01
1.228207874298095703e+01 -4.597272574901580811e-01 7.130905914306640625e+01
1.060128307342529297e+01 -4.597198069095611572e-01 7.113793182373046875e+01
1.214684200286865234e+01 -3.806926906108856201e-01 6.989997863769531250e+01
1.162325096130371094e+01 -5.932633280754089355e-01 7.159495544433593750e+01
1.021253681182861328e+01 -2.823178768157958984e-01 6.989997863769531250e+01
1.152775382995605469e+01 -8.518400192260742188e-01 7.089804077148437500e+01
1.086115169525146484e+01 -5.698167085647583008e-01 7.159472656250000000e+01
1.150869941711425781e+01 -5.762656927108764648e-01 6.989997100830078125e+01
1.213423538208007812e+01 -6.148828864097595215e-01 7.159496307373046875e+01
1.149750709533691406e+01 -8.582438230514526367e-01 7.089943695068359375e+01
1.282146835327148438e+01 -5.007019639015197754e-01 6.989997863769531250e+01
1.137742137908935547e+01 -7.216570377349853516e-01 7.159482574462890625e+01
1.087450790405273438e+01 -6.538024544715881348e-01 6.989998626708984375e+01
1.402086830139160156e+01 -4.597058892250061035e-01 7.158984375000000000e+01
1.015001773834228516e+01 -6.581985950469970703e-01 7.159477233886718750e+01
1.187457466125488281e+01 -7.405130863189697266e-01 6.989997863769531250e+01
1.178667926788330078e+01 -7.912743687629699707e-01 7.159485626220703125e+01
9.393682479858398438e+00 -6.942349672317504883e-01 6.989999389648437500e+01
1.153028583526611328e+01 -8.583577275276184082e-01 7.089186859130859375e+01
1.109659957885742188e+01 -8.353413939476013184e-01 7.159487152099609375e+01
1.128907108306884766e+01 -8.494258522987365723e-01 6.989997100830078125e+01
1.353794384002685547e+01 -8.849624991416931152e-01 7.234497070312500000e+01
-8.896037936210632324e-02 -1.213934898376464844e+00 7.234481048583984375e+01
1.235503387451171875e+01 -9.261690974235534668e-01 6.989998626708984375e+01
1.155651283264160156e+01 -9.622489213943481445e-01 7.234494781494140625e+01
1.051831531524658203e+01 -9.879276156425476074e-01 6.989999389648437500e+01
1.767485427856445312e+01 -1.550602078437805176e+00 7.121555328369140625e+01
9.755070686340332031e+00 -1.160237669944763184e+00 7.234493255615234375e+01
1.164334678649902344e+01 -1.014536380767822266e+00 6.989997100830078125e+01
1.249874401092529297e+01 -1.165550947189331055e+00 7.234496307373046875e+01
2.780656099319458008e+00 -2.610187053680419922e+00 6.889284515380859375e+01
1.326551151275634766e+01 -1.299260258674621582e+00 6.990192413330078125e+01
1.103507328033447266e+01 -1.222596883773803711e+00 7.234494781494140625e+01
1.104767894744873047e+01 -1.146622061729431152e+00 6.989997863769531250e+01
1.490975761413574219e+01 -1.908546447753906250e+00 7.234499359130859375e+01
7.424282550811767578e+00 -2.185676336288452148e+00 7.234490966796875000e+01
1.203565883636474609e+01 -1.233214378356933594e+00 6.989997863769531250e+01
1.187717056274414062e+01 -1.387396454811096191e+00 7.234495544433593750e+01
9.965106010437011719e+00 -1.553330540657043457e+00 6.990000152587890625e+01
1.749761390686035156e+01 -3.308258533477783203e+00 6.990001678466796875e+01
1.037347698211669922e+01 -1.646028280258178711e+00 7.234494018554687500e+01
1.142587757110595703e+01 -1.316158533096313477e+00 6.989996337890625000e+01
1.305056381225585938e+01 -1.880424141883850098e+00 7.234497833251953125e+01
-1.548888397216796875e+01 -1.463507080078125000e+01 7.063665771484375000e+01
1.261707687377929688e+01 -1.666967630386352539e+00 6.989999389648437500e+01
1.136279201507568359e+01 -1.686719894409179688e+00 7.234495544433593750e+01
1.075248146057128906e+01 -1.611564040184020996e+00 6.989997863769531250e+01
1.923224639892578125e+01 -5.843174457550048828e+00 7.234497070312500000e+01
9.182663917541503906e+00 -2.686585187911987305e+00 7.234494018554687500e+01
1.205326938629150391e+01 -2.298028945922851562e+00 6.893286132812500000e+01
1.223645782470703125e+01 -2.062095880508422852e+00 7.234497070312500000e+01
8.846320152282714844e+00 -3.081063032150268555e+00 6.990001678466796875e+01
1.464390087127685547e+01 -3.651101350784301758e+00 6.963955688476562500e+01
1.081039047241210938e+01 -2.254858493804931641e+00 7.234495544433593750e+01
1.091072654724121094e+01 -2.740072965621948242e+00 6.894246673583984375e+01
1.394207572937011719e+01 -3.614456653594970703e+00 7.234500122070312500e+01
4.611649036407470703e+00 -8.106631278991699219e+00 7.234490203857421875e+01
1.222157573699951172e+01 -2.203505277633666992e+00 6.989997100830078125e+01
1.167674636840820312e+01 -2.548717498779296875e+00 7.234496307373046875e+01
1.034047412872314453e+01 -2.758110523223876953e+00 6.989997863769531250e+01
1.730570030212402344e+01 -8.545526504516601562e+00 7.071678161621093750e+01
1.002320003509521484e+01 -3.803763866424560547e+00 7.234496307373046875e+01
1.155984783172607422e+01 -2.400379180908203125e+00 6.989994812011718750e+01
1.268591308593750000e+01 -3.986304998397827148e+00 7.234499359130859375e+01
4.143753528594970703e+00 -1.455409622192382812e+01 6.983653259277343750e+01
1.320636558532714844e+01 -5.088624477386474609e+00 6.973992156982421875e+01
1.116390800476074219e+01 -4.324498176574707031e+00 7.234498596191406250e+01
1.094364547729492188e+01 -4.000590324401855469e+00 6.989994812011718750e+01
1.528810214996337891e+01 -1.444908428192138672e+01 7.214812469482421875e+01
8.976894378662109375e+00 -1.443672084808349609e+01 7.203774261474609375e+01
1.150382041931152344e+01 -1.452022457122802734e+01 7.090002441406250000e+01
