-2.600340270996093750e+01 1.474059581756591797e+01 7.089498138427734375e+01
-2.600350379943847656e+01 6.590932846069335938e+00 7.089507293701171875e+01
-2.591608810424804688e+01 9.996234893798828125e+00 6.990007781982421875e+01
-2.489180755615234375e+01 1.159620666503906250e+01 7.234485626220703125e+01
-2.886607170104980469e+01 1.337574386596679688e+01 7.038861846923828125e+01
-2.288556861877441406e+01 1.417512416839599609e+01 6.891166687011718750e+01
-2.600369262695312500e+01 6.592314720153808594e+00 7.089605712890625000e+01
-2.651754760742187500e+01 8.458438873291015625e+00 6.990502929687500000e+01
-2.203310585021972656e+01 1.309142684936523438e+01 7.234492492675781250e+01
-2.600413513183593750e+01 6.591388225555419922e+00 7.089528656005859375e+01
-2.553776550292968750e+01 8.044855117797851562e+00 6.989994049072265625e+01
-2.554863929748535156e+01 8.470552444458007812e+00 7.234484100341796875e+01
-2.772017288208007812e+01 8.893139839172363281e+00 6.990007781982421875e+01
-2.147745895385742188e+01 1.164886474609375000e+01 6.989996337890625000e+01
-2.600469398498535156e+01 6.592573165893554688e+00 7.089682006835937500e+01
-2.613234710693359375e+01 7.565471649169921875e+00 6.989992523193359375e+01
-2.428306770324707031e+01 8.658480644226074219e+00 7.234487915039062500e+01
-2.600361442565917969e+01 6.590446472167968750e+00 7.089498901367187500e+01
-2.500345420837402344e+01 7.754033565521240234e+00 6.989990234375000000e+01
-2.607044219970703125e+01 7.725669384002685547e+00 7.234478759765625000e+01
-2.683366584777832031e+01 7.551980018615722656e+00 6.990004730224609375e+01
-1.522753047943115234e+01 1.424686622619628906e+01 7.234485626220703125e+01
-2.600606918334960938e+01 6.592432022094726562e+00 7.089683532714843750e+01
-2.577955245971679688e+01 7.236713409423828125e+00 6.989994049072265625e+01
-2.517259597778320312e+01 7.594622135162353516e+00 7.234484863281250000e+01
-2.885215568542480469e+01 8.293526649475097656e+00 6.998615264892578125e+01
-2.385000801086425781e+01 7.869812011718750000e+00 6.990005493164062500e+01
-2.600497055053710938e+01 6.592333316802978516e+00 7.089872741699218750e+01
-2.636128616333007812e+01 7.100148200988769531e+00 6.989997863769531250e+01
-2.324451065063476562e+01 8.008353233337402344e+00 7.234497833251953125e+01
-2.600701904296875000e+01 6.591864109039306641e+00 7.089593505859375000e+01
-2.536374664306640625e+01 7.066820144653320312e+00 6.990016937255859375e+01
-2.575423049926757812e+01 7.146259307861328125e+00 7.234484100341796875e+01
-2.728802680969238281e+01 7.164723396301269531e+00 6.990009307861328125e+01
-1.399462223052978516e+01 1.056327342987060547e+01 6.990007781982421875e+01
-2.600711822509765625e+01 6.591937541961669922e+00 7.089899444580078125e+01
-2.599854850769042969e+01 6.872309207916259766e+00 6.990002441406250000e+01
-2.468808174133300781e+01 7.101177692413330078e+00 7.234493255615234375e+01
-2.885964965820312500e+01 7.275424957275390625e+00 7.063026428222656250e+01
-2.309084892272949219e+01 7.383926391601562500e+00 6.868445587158203125e+01
-2.600428390502929688e+01 6.591223239898681641e+00 7.089981842041015625e+01
-2.662952804565429688e+01 6.795174121856689453e+00 6.990000915527343750e+01
-2.071229553222656250e+01 7.431214809417724609e+00 7.234505462646484375e+01
-2.601135635375976562e+01 6.591445446014404297e+00 7.089906311035156250e+01
-2.563456535339355469e+01 6.708889961242675781e+00 6.990010833740234375e+01
-2.541315460205078125e+01 6.733168125152587891e+00 7.234490966796875000e+01
-2.810264587402343750e+01 6.754930019378662109e+00 6.990010833740234375e+01
-2.593680572509765625e+01 6.593785762786865234e+00 7.087445068359375000e+01
-2.600634765625000000e+01 6.590437889099121094e+00 7.090000915527343750e+01
-2.647604179382324219e+01 6.613001823425292969e+00 6.869398498535156250e+01
-2.593352127075195312e+01 6.589395523071289062e+00 7.094462585449218750e+01
-2.603345680236816406e+01 6.589343070983886719e+00 7.089872741699218750e+01
-2.578041839599609375e+01 6.572864532470703125e+00 7.063301086425781250e+01
-2.600321960449218750e+01 6.589904785156250000e+00 7.090000915527343750e+01
-2.698386383056640625e+01 6.462748050689697266e+00 6.990006256103515625e+01
-2.600340270996093750e+01 6.590261459350585938e+00 7.089498138427734375e+01
-2.600951004028320312e+01 6.589211940765380859e+00 7.090002441406250000e+01
-2.600340270996093750e+01 6.590261459350585938e+00 7.089498138427734375e+01
-2.600028610229492188e+01 6.589303493499755859e+00 7.089950561523437500e+01
-2.611199569702148438e+01 6.568470478057861328e+00 7.086999511718750000e+01
-2.559518051147460938e+01 6.488419055938720703e+00 7.066369628906250000e+01
-2.600497436523437500e+01 6.589045047760009766e+00 7.089982604980468750e+01
-2.642524337768554688e+01 6.324968814849853516e+00 6.997013092041015625e+01
-2.599734115600585938e+01 6.588395118713378906e+00 7.089755249023437500e+01
-2.601380538940429688e+01 6.586880207061767578e+00 7.089866638183593750e+01
-2.534683227539062500e+01 6.129218578338623047e+00 6.966039276123046875e+01
-2.600227928161621094e+01 6.588673114776611328e+00 7.089933013916015625e+01
-2.631756210327148438e+01 6.448655128479003906e+00 7.069080352783203125e+01
-2.545802497863769531e+01 6.367471218109130859e+00 7.080399322509765625e+01
-2.600667953491210938e+01 6.587981700897216797e+00 7.089916992187500000e+01
-2.616944885253906250e+01 5.617963790893554688e+00 6.876449584960937500e+01
-2.600019454956054688e+01 6.588145256042480469e+00 7.089797973632812500e+01
-2.634776115417480469e+01 6.414524078369140625e+00 7.089162445068359375e+01
-2.534053993225097656e+01 6.109627723693847656e+00 7.029953765869140625e+01
-2.600378036499023438e+01 6.588051795959472656e+00 7.089884185791015625e+01
-2.650953292846679688e+01 6.083817005157470703e+00 7.022131347656250000e+01
-2.600139427185058594e+01 6.588965892791748047e+00 7.089535522460937500e+01
-2.600712776184082031e+01 6.587329387664794922e+00 7.089730072021484375e+01
-2.558967208862304688e+01 5.507257461547851562e+00 6.941372680664062500e+01
-2.600196456909179688e+01 6.587900638580322266e+00 7.089781951904296875e+01
-2.649375152587890625e+01 6.180397033691406250e+00 7.071046447753906250e+01
-2.533210563659667969e+01 5.993518829345703125e+00 7.062551116943359375e+01
-2.600473403930664062e+01 6.587584495544433594e+00 7.089775085449218750e+01
-2.632691764831542969e+01 5.564608573913574219e+00 6.982719421386718750e+01
-2.600170707702636719e+01 6.588345050811767578e+00 7.089598846435546875e+01
-2.600453758239746094e+01 6.589068889617919922e+00 7.089521789550781250e+01
-2.547795295715332031e+01 5.606537818908691406e+00 7.016287231445312500e+01
-2.600314903259277344e+01 6.587779998779296875e+00 7.089710235595703125e+01
-2.648824882507324219e+01 5.799087047576904297e+00 7.047819519042968750e+01
-2.537944602966308594e+01 5.763704299926757812e+00 7.087527465820312500e+01
-2.600451087951660156e+01 6.588058471679687500e+00 7.089606475830078125e+01
-2.596035575866699219e+01 5.406556129455566406e+00 7.012659454345703125e+01
-2.600269889831542969e+01 6.588398933410644531e+00 7.089584350585937500e+01
-2.646063232421875000e+01 5.739527702331542969e+00 7.082891082763671875e+01
-2.557275009155273438e+01 5.520584583282470703e+00 7.060153961181640625e+01
-2.600358390808105469e+01 6.588413238525390625e+00 7.089575195312500000e+01
-2.620338630676269531e+01 5.468980789184570312e+00 7.053795623779296875e+01
-2.600326538085937500e+01 6.589771747589111328e+00 7.089502716064453125e+01
-2.600346755981445312e+01 6.589916229248046875e+00 7.089501190185546875e+01
-2.600340270996093750e+01 5.410202980041503906e+00 7.089498138427734375e+01
