-1.822418022155761719e+01 8.690657615661621094e+00 7.089479064941406250e+01
-1.829755210876464844e+01 8.522444725036621094e+00 7.096200561523437500e+01
-1.820681953430175781e+01 8.712155342102050781e+00 7.069697570800781250e+01
-1.803894615173339844e+01 8.869133949279785156e+00 7.113639831542968750e+01
-1.830767059326171875e+01 8.232846260070800781e+00 7.088002014160156250e+01
-1.785027122497558594e+01 8.944568634033203125e+00 7.065694427490234375e+01
-1.829493141174316406e+01 8.536819458007812500e+00 7.115798187255859375e+01
-1.832111930847167969e+01 8.387186050415039062e+00 7.070813751220703125e+01
-1.766380119323730469e+01 8.952541351318359375e+00 7.109944152832031250e+01
-1.825892448425292969e+01 8.088438034057617188e+00 7.090913391113281250e+01
-1.794251823425292969e+01 8.914825439453125000e+00 7.029289245605468750e+01
-1.801882171630859375e+01 8.884038925170898438e+00 7.154950714111328125e+01
-1.992533111572265625e+01 1.031687545776367188e+01 6.990893554687500000e+01
-1.745809936523437500e+01 8.891189575195312500e+00 7.072637176513671875e+01
-1.827276039123535156e+01 8.121873855590820312e+00 7.096389007568359375e+01
-1.829060935974121094e+01 8.537350654602050781e+00 7.038216400146484375e+01
-1.749654006958007812e+01 8.909731864929199219e+00 7.150804901123046875e+01
-2.588764572143554688e+01 1.471143817901611328e+01 7.121170043945312500e+01
-1.747868919372558594e+01 8.902573585510253906e+00 7.015293121337890625e+01
-1.825655364990234375e+01 8.583232879638671875e+00 7.159489440917968750e+01
-1.905434226989746094e+01 8.996549606323242188e+00 6.989997863769531250e+01
-1.725442695617675781e+01 8.723989486694335938e+00 7.102526855468750000e+01
-2.030841255187988281e+01 9.731448173522949219e+00 7.234494781494140625e+01
-1.791529083251953125e+01 8.926979064941406250e+00 6.952175140380859375e+01
-1.782303047180175781e+01 8.519896507263183594e+00 7.159484863281250000e+01
-2.134269332885742188e+01 9.899501800537109375e+00 6.989990234375000000e+01
-1.720052528381347656e+01 8.643205642700195312e+00 7.042183685302734375e+01
-1.883109474182128906e+01 8.837190628051757812e+00 7.234497833251953125e+01
-1.858195686340332031e+01 8.544685363769531250e+00 6.990007781982421875e+01
-1.717040252685546875e+01 8.576598167419433594e+00 7.144862365722656250e+01
-2.372523117065429688e+01 1.047322082519531250e+01 7.234484863281250000e+01
-1.727487564086914062e+01 8.742200851440429688e+00 6.941840362548828125e+01
-1.810385704040527344e+01 8.303433418273925781e+00 7.159491729736328125e+01
-1.950859642028808594e+01 8.609317779541015625e+00 6.990007019042968750e+01
-1.712834167480468750e+01 8.397498130798339844e+00 7.080400085449218750e+01
-1.956575202941894531e+01 8.640201568603515625e+00 7.234499359130859375e+01
-1.821400260925292969e+01 8.626334190368652344e+00 6.880860137939453125e+01
-1.759022521972656250e+01 8.281198501586914062e+00 7.159363555908203125e+01
-2.883790206909179688e+01 1.058099365234375000e+01 6.991110992431640625e+01
-1.713088226318359375e+01 8.332869529724121094e+00 7.006501770019531250e+01
-1.848800468444824219e+01 8.323198318481445312e+00 7.234500122070312500e+01
-1.885019683837890625e+01 8.239825248718261719e+00 6.989998626708984375e+01
-1.714927864074707031e+01 8.205789566040039062e+00 7.118937683105468750e+01
-2.105010032653808594e+01 8.455682754516601562e+00 7.234500885009765625e+01
-1.822418022155761719e+01 8.034948348999023438e+00 7.089479064941406250e+01
-1.793921852111816406e+01 8.103941917419433594e+00 7.159479522705078125e+01
-2.032338905334472656e+01 8.199614524841308594e+00 6.989993286132812500e+01
-1.719059562683105469e+01 8.089644432067871094e+00 7.057612609863281250e+01
-1.907409286499023438e+01 8.085908889770507812e+00 7.234501647949218750e+01
-1.843776702880859375e+01 8.045225143432617188e+00 6.990015411376953125e+01
-1.723859977722167969e+01 8.022736549377441406e+00 7.159490203857421875e+01
-2.872438240051269531e+01 7.714151382446289062e+00 7.220340728759765625e+01
-1.728912544250488281e+01 7.961996078491210938e+00 6.979624938964843750e+01
-1.817129325866699219e+01 7.932081222534179688e+00 7.234502410888671875e+01
-1.920453262329101562e+01 7.907449245452880859e+00 6.989998626708984375e+01
-1.822418022155761719e+01 8.034948348999023438e+00 7.089479064941406250e+01
-1.997939872741699219e+01 7.733357429504394531e+00 7.234503936767578125e+01
-1.809891319274902344e+01 7.895987510681152344e+00 6.999693298339843750e+01
-1.774293518066406250e+01 7.887036323547363281e+00 7.159370422363281250e+01
-2.254693984985351562e+01 7.167524337768554688e+00 6.990013122558593750e+01
-1.743833351135253906e+01 7.838897705078125000e+00 7.044956207275390625e+01
-1.869465637207031250e+01 7.670772075653076172e+00 7.234503936767578125e+01
-1.867789459228515625e+01 7.749609947204589844e+00 6.990006256103515625e+01
-1.749487686157226562e+01 7.810374736785888672e+00 7.120420074462890625e+01
-2.231890487670898438e+01 6.704093933105468750e+00 7.234505462646484375e+01
-1.787662124633789062e+01 7.790892601013183594e+00 7.024125671386718750e+01
-1.817481231689453125e+01 7.965177536010742188e+00 7.108585357666015625e+01
-1.975469017028808594e+01 7.345074653625488281e+00 6.990010070800781250e+01
-1.759641647338867188e+01 7.778502941131591797e+00 7.079005432128906250e+01
-1.935870170593261719e+01 7.245771884918212891e+00 7.234504699707031250e+01
-1.830155372619628906e+01 7.581878662109375000e+00 6.990203094482421875e+01
-1.752584075927734375e+01 7.574128150939941406e+00 7.154717254638671875e+01
-2.884625053405761719e+01 2.614137649536132812e+00 7.079115295410156250e+01
-1.787759590148925781e+01 7.783644676208496094e+00 7.058345794677734375e+01
-1.836572837829589844e+01 7.204938888549804688e+00 7.234504699707031250e+01
-1.897159004211425781e+01 7.287072658538818359e+00 6.989997100830078125e+01
-1.752583503723144531e+01 7.584643363952636719e+00 7.102536010742187500e+01
-2.055392074584960938e+01 6.201364994049072266e+00 7.234504699707031250e+01
-1.794631958007812500e+01 7.307602882385253906e+00 6.989997863769531250e+01
-1.792586898803710938e+01 7.545388698577880859e+00 7.148313140869140625e+01
-2.086763000488281250e+01 5.825387477874755859e+00 6.990007019042968750e+01
-1.799091148376464844e+01 7.827587127685546875e+00 7.080115509033203125e+01
-1.892016601562500000e+01 6.634706020355224609e+00 7.234504699707031250e+01
-1.884696769714355469e+01 6.060492992401123047e+00 6.883922576904296875e+01
-1.810916709899902344e+01 7.905007839202880859e+00 7.096295166015625000e+01
-2.514091300964355469e+01 7.622504830360412598e-01 7.234481811523437500e+01
-1.751023101806640625e+01 6.698327541351318359e+00 6.990003967285156250e+01
-1.805061912536621094e+01 6.339782238006591797e+00 7.234503936767578125e+01
-1.938134574890136719e+01 6.146681785583496094e+00 6.990006256103515625e+01
-1.817274093627929688e+01 7.966807365417480469e+00 7.089316558837890625e+01
-1.971025085449218750e+01 5.080105304718017578e+00 7.234504699707031250e+01
-1.816845130920410156e+01 6.502512931823730469e+00 6.990003204345703125e+01
-1.792586708068847656e+01 7.245930194854736328e+00 7.125944519042968750e+01
-2.510886383056640625e+01 -4.774877071380615234e+00 6.989998626708984375e+01
-1.676445198059082031e+01 4.409204959869384766e+00 6.990014648437500000e+01
-1.856533622741699219e+01 4.557525634765625000e+00 7.234503936767578125e+01
-1.878135490417480469e+01 4.910933494567871094e+00 6.990007019042968750e+01
-1.793087005615234375e+01 6.981676578521728516e+00 7.099152374267578125e+01
-1.964513397216796875e+01 4.002835154533386230e-01 7.153456115722656250e+01
-1.822418022155761719e+01 4.003064334392547607e-01 7.089479064941406250e+01
