-1.601475143432617188e+01 4.602713882923126221e-01 7.089990997314453125e+01
-1.602360916137695312e+01 4.591517448425292969e-01 7.090802764892578125e+01
-1.592701244354248047e+01 3.822818517684936523e+00 6.990016937255859375e+01
-1.600143241882324219e+01 4.602737426757812500e-01 7.091728210449218750e+01
-1.603991317749023438e+01 4.599364995956420898e-01 7.089546203613281250e+01
-1.444296550750732422e+01 4.224032402038574219e+00 6.990007019042968750e+01
-1.602320671081542969e+01 4.602720439434051514e-01 7.093136596679687500e+01
-1.653402900695800781e+01 2.287125825881958008e+00 6.990007019042968750e+01
-1.597812080383300781e+01 4.602760970592498779e-01 7.091328430175781250e+01
-1.605370712280273438e+01 4.602679014205932617e-01 7.091599273681640625e+01
-1.554684734344482422e+01 1.861970663070678711e+00 6.990002441406250000e+01
-1.600024414062500000e+01 4.602753221988677979e-01 7.094615936279296875e+01
-1.774009323120117188e+01 2.714671611785888672e+00 6.990003967285156250e+01
-1.149492073059082031e+01 5.452067375183105469e+00 6.990623474121093750e+01
-1.604826927185058594e+01 4.602701067924499512e-01 7.094758605957031250e+01
-1.614428520202636719e+01 1.379966616630554199e+00 6.990029907226562500e+01
-1.596485710144042969e+01 4.602790176868438721e-01 7.094196319580078125e+01
-1.608343315124511719e+01 4.601312279701232910e-01 7.090274810791015625e+01
-1.500994682312011719e+01 1.569718241691589355e+00 6.989999389648437500e+01
-1.601829338073730469e+01 4.602748453617095947e-01 7.097650146484375000e+01
-1.684917259216308594e+01 1.366830706596374512e+00 6.989999389648437500e+01
-1.593032741546630859e+01 4.602812826633453369e-01 7.091127014160156250e+01
-1.608843231201171875e+01 4.602690935134887695e-01 7.095117187500000000e+01
-1.578980255126953125e+01 1.049918651580810547e+00 6.989998626708984375e+01
-1.596513080596923828e+01 4.602812230587005615e-01 7.098650360107421875e+01
-1.914866065979003906e+01 2.274054527282714844e+00 6.990010833740234375e+01
-1.385065364837646484e+01 1.686205387115478516e+00 6.990003967285156250e+01
-1.606012535095214844e+01 4.602718353271484375e-01 7.100833129882812500e+01
-1.637440299987792969e+01 9.127005338668823242e-01 6.989998626708984375e+01
-1.589803695678710938e+01 4.602873623371124268e-01 7.096125030517578125e+01
-1.615006065368652344e+01 4.602696001529693604e-01 7.093557739257812500e+01
-1.537180233001708984e+01 8.793067336082458496e-01 6.989997863769531250e+01
-1.598786830902099609e+01 4.602822065353393555e-01 7.105633544921875000e+01
-1.730585098266601562e+01 9.776533246040344238e-01 6.990000915527343750e+01
-3.945400476455688477e+00 4.393345832824707031e+00 6.989998626708984375e+01
-1.614769935607910156e+01 4.602749645709991455e-01 7.104362487792968750e+01
-1.600987434387207031e+01 6.837526559829711914e-01 6.989997863769531250e+01
-1.586028099060058594e+01 4.602969884872436523e-01 7.107019042968750000e+01
-2.880123138427734375e+01 3.467546463012695312e+00 6.971485900878906250e+01
-1.469728851318359375e+01 7.593010663986206055e-01 6.990000152587890625e+01
-1.606696701049804688e+01 4.573453366756439209e-01 7.118693542480468750e+01
-1.664399719238281250e+01 6.062291860580444336e-01 6.989997100830078125e+01
-1.563709831237792969e+01 4.603182375431060791e-01 7.100341033935546875e+01
-1.641767311096191406e+01 4.602838158607482910e-01 7.110668182373046875e+01
-1.564403533935546875e+01 5.195279121398925781e-01 6.989997100830078125e+01
-1.576692771911621094e+01 4.602966904640197754e-01 7.150868225097656250e+01
-1.812454795837402344e+01 5.657916069030761719e-01 6.990003967285156250e+01
-1.277181529998779297e+01 5.719065070152282715e-01 6.990007781982421875e+01
-1.686163520812988281e+01 4.510740935802459717e-01 7.234496307373046875e+01
-1.622947692871093750e+01 4.106264412403106689e-01 6.989997100830078125e+01
-1.503636837005615234e+01 3.881723284721374512e-01 7.159490966796875000e+01
-2.074701118469238281e+01 2.557176649570465088e-01 7.148968505859375000e+01
-1.601475143432617188e+01 4.002951979637145996e-01 7.089990997314453125e+01
-1.598940849304199219e+01 3.510020375251770020e-01 7.159484863281250000e+01
-1.601475143432617188e+01 4.002951979637145996e-01 7.089990997314453125e+01
-1.601475143432617188e+01 4.002952277660369873e-01 7.089990997314453125e+01
-1.685589408874511719e+01 2.557657957077026367e-01 7.159490203857421875e+01
-1.601475143432617188e+01 4.002951979637145996e-01 7.089990997314453125e+01
-1.553624057769775391e+01 2.532235682010650635e-01 7.159485626220703125e+01
-1.601475334167480469e+01 4.002949893474578857e-01 7.089990997314453125e+01
-1.601475143432617188e+01 4.002951085567474365e-01 7.089990997314453125e+01
-1.624022483825683594e+01 2.257654666900634766e-01 7.159493255615234375e+01
-1.601475143432617188e+01 4.002951383590698242e-01 7.089990997314453125e+01
-1.437665557861328125e+01 -1.041226461529731750e-01 7.159487152099609375e+01
-1.797683334350585938e+01 -2.374140322208404541e-01 7.159484100341796875e+01
-1.601475143432617188e+01 4.002951085567474365e-01 7.089990997314453125e+01
-1.583518123626708984e+01 1.465174108743667603e-01 7.159487915039062500e+01
-1.601475143432617188e+01 4.002950191497802734e-01 7.089990997314453125e+01
-1.601474952697753906e+01 4.002946317195892334e-01 7.089990997314453125e+01
-1.655842018127441406e+01 2.211743406951427460e-02 7.159487915039062500e+01
-1.601475143432617188e+01 4.002950787544250488e-01 7.089990997314453125e+01
-1.527084541320800781e+01 -9.059371054172515869e-02 7.159485626220703125e+01
-1.601477622985839844e+01 4.002822637557983398e-01 7.089990997314453125e+01
-1.601475143432617188e+01 4.002950191497802734e-01 7.089990997314453125e+01
-1.608258628845214844e+01 2.521001501008868217e-03 7.159493255615234375e+01
-1.601475143432617188e+01 4.002950191497802734e-01 7.089990997314453125e+01
-1.477405548095703125e+01 -3.997257947921752930e-01 7.113187408447265625e+01
-1.702720260620117188e+01 -3.965369462966918945e-01 7.153015899658203125e+01
-1.601475143432617188e+01 4.002950191497802734e-01 7.089990997314453125e+01
-1.566237163543701172e+01 -1.779973953962326050e-01 7.159488677978515625e+01
-1.601475143432617188e+01 4.002946913242340088e-01 7.089990997314453125e+01
-1.601475143432617188e+01 4.002946913242340088e-01 7.089990997314453125e+01
-1.634824752807617188e+01 -2.706585228443145752e-01 7.159482574462890625e+01
-1.601475143432617188e+01 4.002949893474578857e-01 7.089990997314453125e+01
-1.530664634704589844e+01 -3.997092545032501221e-01 7.131954956054687500e+01
-1.677561378479003906e+01 -3.997235596179962158e-01 7.105941772460937500e+01
-1.601475143432617188e+01 4.002948999404907227e-01 7.089990997314453125e+01
-1.593284225463867188e+01 -3.997103869915008545e-01 7.158433532714843750e+01
-1.601475143432617188e+01 4.002947509288787842e-01 7.089990997314453125e+01
-1.601474380493164062e+01 4.002849161624908447e-01 7.089990997314453125e+01
-1.641709518432617188e+01 -3.997085094451904297e-01 7.129255676269531250e+01
-1.601475143432617188e+01 4.002948403358459473e-01 7.089990997314453125e+01
-1.571280956268310547e+01 -3.983196914196014404e-01 7.126899719238281250e+01
-1.601475334167480469e+01 4.002920687198638916e-01 7.089990997314453125e+01
-1.601475143432617188e+01 4.002943336963653564e-01 7.089990997314453125e+01
-1.609323692321777344e+01 -3.997103571891784668e-01 7.123355102539062500e+01
-1.601475143432617188e+01 4.002944529056549072e-01 7.089990997314453125e+01
-1.579196739196777344e+01 -3.997200727462768555e-01 7.097338867187500000e+01
-1.616364860534667969e+01 -3.997118473052978516e-01 7.096694946289062500e+01
-1.601475143432617188e+01 -1.237667910754680634e-02 7.089990997314453125e+01
