2.649249076843261719e+01 1.458286762237548828e+01 7.089499664306640625e+01
2.649225234985351562e+01 -5.569280624389648438e+00 7.089521789550781250e+01
2.657981300354003906e+01 -2.164623260498046875e+00 6.990000915527343750e+01
2.649286079406738281e+01 -5.569192886352539062e+00 7.089547729492187500e+01
2.086768722534179688e+01 7.761805057525634766e+00 6.990004730224609375e+01
2.804977035522460938e+01 -1.782412528991699219e+00 6.990438079833984375e+01
2.649195671081542969e+01 -5.567067146301269531e+00 7.089698791503906250e+01
2.554558944702148438e+01 -2.130236864089965820e+00 6.907180023193359375e+01
2.889903259277343750e+01 -1.630266547203063965e+00 7.177386474609375000e+01
2.648746490478515625e+01 -5.563124179840087891e+00 7.089707183837890625e+01
2.695810890197753906e+01 -4.116326332092285156e+00 6.989999389648437500e+01
2.649316406250000000e+01 -5.568079471588134766e+00 7.089714050292968750e+01
2.477564239501953125e+01 -3.267877578735351562e+00 6.990004730224609375e+01
2.881710433959960938e+01 -2.972661733627319336e+00 7.038393402099609375e+01
2.648955917358398438e+01 -5.565615653991699219e+00 7.089916992187500000e+01
2.622587966918945312e+01 -3.554480791091918945e+00 6.883757781982421875e+01
2.821288299560546875e+01 -3.502572774887084961e+00 7.234494781494140625e+01
2.642906951904296875e+01 -5.515607357025146484e+00 7.089762115478515625e+01
2.749231338500976562e+01 -4.407235145568847656e+00 6.990003967285156250e+01
2.649230957031250000e+01 -5.567789554595947266e+00 7.089891815185546875e+01
2.566219520568847656e+01 -4.609104156494140625e+00 6.990002441406250000e+01
2.883240318298339844e+01 -3.908277511596679688e+00 7.120983123779296875e+01
2.641080093383789062e+01 -5.504367351531982422e+00 7.095183563232421875e+01
2.671633911132812500e+01 -4.924417972564697266e+00 6.989997100830078125e+01
2.732329750061035156e+01 -4.566501140594482422e+00 7.234486389160156250e+01
2.625228881835937500e+01 -5.427244186401367188e+00 7.081836700439453125e+01
2.864599418640136719e+01 -4.291245937347412109e+00 6.990002441406250000e+01
2.649037742614746094e+01 -5.568067073822021484e+00 7.090004730224609375e+01
2.613461303710937500e+01 -5.060982227325439453e+00 6.990000915527343750e+01
2.866177558898925781e+01 -4.455831527709960938e+00 7.203511047363281250e+01
2.611404418945312500e+01 -5.403118610382080078e+00 7.099475097656250000e+01
2.713232994079589844e+01 -5.094166278839111328e+00 6.989990234375000000e+01
2.674165916442871094e+01 -5.014870643615722656e+00 7.234484100341796875e+01
2.611746406555175781e+01 -5.403155326843261719e+00 7.060455322265625000e+01
2.878570747375488281e+01 -4.812168121337890625e+00 7.070500946044921875e+01
2.614029312133789062e+01 -5.411965847015380859e+00 7.127571105957031250e+01
2.649733924865722656e+01 -5.289064884185791016e+00 6.990092468261718750e+01
2.780770492553710938e+01 -5.059985637664794922e+00 7.234482574462890625e+01
2.591246032714843750e+01 -5.431721687316894531e+00 7.084123992919921875e+01
2.780343246459960938e+01 -5.213632106781005859e+00 6.990003967285156250e+01
2.649155426025390625e+01 -5.569838047027587891e+00 7.090013885498046875e+01
2.599646377563476562e+01 -5.408525943756103516e+00 7.010675811767578125e+01
2.877670478820800781e+01 -5.207814693450927734e+00 7.152100372314453125e+01
2.512867546081542969e+01 -5.367810249328613281e+00 7.159488677978515625e+01
2.686134338378906250e+01 -5.452227115631103516e+00 6.990007781982421875e+01
2.708269119262695312e+01 -5.427965164184570312e+00 7.234481048583984375e+01
2.573049926757812500e+01 -5.511088848114013672e+00 7.053387451171875000e+01
2.874969482421875000e+01 -5.451413154602050781e+00 7.019907379150390625e+01
2.608233833312988281e+01 -5.546268463134765625e+00 7.159484863281250000e+01
2.649249076843261719e+01 -5.570860862731933594e+00 7.089499664306640625e+01
2.850881576538085938e+01 -5.595844745635986328e+00 7.232730102539062500e+01
2.512223052978515625e+01 -5.612724304199218750e+00 7.106577301025390625e+01
2.733932495117187500e+01 -5.636929988861083984e+00 6.990010070800781250e+01
2.651801490783691406e+01 -5.620507717132568359e+00 7.159491729736328125e+01
2.556015014648437500e+01 -5.692115783691406250e+00 6.994891357421875000e+01
2.867801856994628906e+01 -5.815529346466064453e+00 7.100674438476562500e+01
2.564539337158203125e+01 -5.716413497924804688e+00 7.159490966796875000e+01
2.650521659851074219e+01 -5.584977626800537109e+00 7.080378723144531250e+01
2.749078178405761719e+01 -5.877688407897949219e+00 7.234482574462890625e+01
2.552641296386718750e+01 -5.764718532562255859e+00 7.067270660400390625e+01
2.824866294860839844e+01 -6.008986473083496094e+00 6.990001678466796875e+01
2.626544189453125000e+01 -5.746609687805175781e+00 7.159487152099609375e+01
2.556416893005371094e+01 -6.154675006866455078e+00 6.885973358154296875e+01
2.860279464721679688e+01 -6.220685482025146484e+00 7.179029846191406250e+01
2.542677307128906250e+01 -5.917236804962158203e+00 7.127245330810546875e+01
2.702050590515136719e+01 -5.941632747650146484e+00 6.990213775634765625e+01
2.659741401672363281e+01 -5.719144821166992188e+00 7.130107116699218750e+01
2.547796249389648438e+01 -6.028157234191894531e+00 7.023564910888671875e+01
2.865363311767578125e+01 -6.453700542449951172e+00 7.053443145751953125e+01
2.594511604309082031e+01 -5.951616287231445312e+00 7.159470367431640625e+01
2.633404350280761719e+01 -6.498665332794189453e+00 6.886200714111328125e+01
2.804458618164062500e+01 -6.595058441162109375e+00 7.234494781494140625e+01
2.548271942138671875e+01 -6.086182594299316406e+00 7.088514709472656250e+01
2.760016632080078125e+01 -6.374023437500000000e+00 6.989997863769531250e+01
2.642418289184570312e+01 -5.971409320831298828e+00 7.159486389160156250e+01
2.565138435363769531e+01 -6.412489414215087891e+00 6.977546691894531250e+01
2.858721542358398438e+01 -6.921574115753173828e+00 7.128663635253906250e+01
2.556057167053222656e+01 -6.304311752319335938e+00 7.147511291503906250e+01
2.666449928283691406e+01 -6.021120071411132812e+00 7.027916717529296875e+01
2.662912368774414062e+01 -5.795089721679687500e+00 7.116446685791015625e+01
2.557896995544433594e+01 -6.334438323974609375e+00 7.055123901367187500e+01
2.650679779052734375e+01 -5.583578586578369141e+00 7.088925170898437500e+01
2.615669631958007812e+01 -6.246441364288330078e+00 7.159470367431640625e+01
2.617223548889160156e+01 -6.586181640625000000e+00 6.983796691894531250e+01
2.650507354736328125e+01 -5.585076332092285156e+00 7.090245056152343750e+01
2.566711616516113281e+01 -6.438712596893310547e+00 7.106803131103515625e+01
2.665604782104492188e+01 -5.877062797546386719e+00 7.066711425781250000e+01
2.657086372375488281e+01 -6.336327552795410156e+00 7.154987335205078125e+01
2.588277053833007812e+01 -6.565802574157714844e+00 7.037086486816406250e+01
2.656620407104492188e+01 -5.668509006500244141e+00 7.089266967773437500e+01
2.597995567321777344e+01 -6.589965343475341797e+00 7.139517974853515625e+01
2.652218627929687500e+01 -6.387401580810546875e+00 7.036495208740234375e+01
2.667106819152832031e+01 -6.043187141418457031e+00 7.111328887939453125e+01
2.594761657714843750e+01 -6.584670066833496094e+00 7.081626129150390625e+01
2.667264747619628906e+01 -6.018344879150390625e+00 7.077223968505859375e+01
2.640117835998535156e+01 -6.501607894897460938e+00 7.128316497802734375e+01
2.631837463378906250e+01 -6.547112941741943359e+00 7.058414459228515625e+01
2.665462875366210938e+01 -6.153094768524169922e+00 7.094847106933593750e+01
2.631120300292968750e+01 -6.544904708862304688e+00 7.097661590576171875e+01
2.649249076843261719e+01 -6.423616886138916016e+00 7.089499664306640625e+01
