-2.575199127197265625e+01 1.472320652008056641e+01 7.089992523193359375e+01
-2.697091293334960938e+01 1.467344379425048828e+01 7.201655578613281250e+01
-2.566424369812011719e+01 9.997507095336914062e+00 6.990009307861328125e+01
-2.464418983459472656e+01 1.156352424621582031e+01 7.234485626220703125e+01
-2.885859107971191406e+01 1.393834304809570312e+01 7.035041046142578125e+01
-2.263098716735839844e+01 1.416723251342773438e+01 6.891459655761718750e+01
-2.614042091369628906e+01 9.329983711242675781e+00 7.234486389160156250e+01
-2.627128410339355469e+01 8.461544990539550781e+00 6.990005493164062500e+01
-2.179527473449707031e+01 1.305358791351318359e+01 7.234490966796875000e+01
-2.883181953430175781e+01 1.131603717803955078e+01 7.217123413085937500e+01
-2.528403472900390625e+01 8.036499023437500000e+00 6.989992523193359375e+01
-2.529877662658691406e+01 8.448546409606933594e+00 7.234484100341796875e+01
-2.747729301452636719e+01 8.888980865478515625e+00 6.990007781982421875e+01
-2.120347404479980469e+01 1.165849304199218750e+01 6.989994812011718750e+01
-2.676782226562500000e+01 8.392310142517089844e+00 7.234484100341796875e+01
-2.588157844543457031e+01 7.554721355438232422e+00 6.989991760253906250e+01
-2.403751754760742188e+01 8.635833740234375000e+00 7.234488677978515625e+01
-2.887802886962890625e+01 9.298095703125000000e+00 7.102919769287109375e+01
-2.474705314636230469e+01 7.744236946105957031e+00 6.989987945556640625e+01
-2.581880378723144531e+01 7.706201076507568359e+00 7.234479522705078125e+01
-2.658648300170898438e+01 7.541275978088378906e+00 6.989992523193359375e+01
-1.501288700103759766e+01 1.420514011383056641e+01 7.234485626220703125e+01
-2.782875061035156250e+01 8.265076637268066406e+00 7.234487915039062500e+01
-2.552702903747558594e+01 7.224319458007812500e+00 6.989994812011718750e+01
-2.492400550842285156e+01 7.575609207153320312e+00 7.234487152099609375e+01
-2.882542419433593750e+01 8.412260055541992188e+00 6.991941833496093750e+01
-2.358797836303710938e+01 7.860519886016845703e+00 6.990009307861328125e+01
-2.635667610168457031e+01 7.373954772949218750e+00 7.234478759765625000e+01
-2.611163902282714844e+01 7.087061405181884766e+00 6.990000915527343750e+01
-2.300246810913085938e+01 7.987935543060302734e+00 7.234500122070312500e+01
-2.575301170349121094e+01 6.575111389160156250e+00 7.090019226074218750e+01
-2.510907745361328125e+01 7.053644657135009766e+00 6.990004730224609375e+01
-2.550366592407226562e+01 7.128769397735595703e+00 7.234486389160156250e+01
-2.704299926757812500e+01 7.151976108551025391e+00 6.990009307861328125e+01
-1.368380355834960938e+01 1.056732559204101562e+01 6.990010070800781250e+01
-2.575300598144531250e+01 6.575116634368896484e+00 7.090102386474609375e+01
-2.574711418151855469e+01 6.858098030090332031e+00 6.990006256103515625e+01
-2.444113731384277344e+01 7.083840847015380859e+00 7.234494781494140625e+01
-2.576500129699707031e+01 6.577780246734619141e+00 7.089871978759765625e+01
-2.443952941894531250e+01 6.932302474975585938e+00 6.990381622314453125e+01
-2.601485443115234375e+01 6.861858367919921875e+00 7.234484863281250000e+01
-2.575207519531250000e+01 6.574686527252197266e+00 7.089979553222656250e+01
-2.047892570495605469e+01 7.412744998931884766e+00 7.234505462646484375e+01
-2.590963554382324219e+01 6.598130226135253906e+00 7.098082733154296875e+01
-2.538171577453613281e+01 6.693750381469726562e+00 6.990116882324218750e+01
-2.516374778747558594e+01 6.717081069946289062e+00 7.234493255615234375e+01
-2.575211906433105469e+01 6.574669361114501953e+00 7.089986419677734375e+01
-2.250891494750976562e+01 6.746278285980224609e+00 6.990004730224609375e+01
-2.600662040710449219e+01 6.589926719665527344e+00 7.133440399169921875e+01
-2.575199317932128906e+01 6.574659347534179688e+00 7.089991760253906250e+01
-2.371765327453613281e+01 6.549452304840087891e+00 7.234502410888671875e+01
-2.611906051635742188e+01 6.563444614410400391e+00 7.094567108154296875e+01
-2.490091896057128906e+01 6.508259296417236328e+00 6.990004730224609375e+01
-2.572664833068847656e+01 6.525367259979248047e+00 7.159484863281250000e+01
-2.575206947326660156e+01 6.574648857116699219e+00 7.089984130859375000e+01
-2.575199127197265625e+01 6.574659347534179688e+00 7.089992523193359375e+01
-2.627002716064453125e+01 6.485647678375244141e+00 7.132794952392578125e+01
-2.575198554992675781e+01 6.574653625488281250e+00 7.089988708496093750e+01
-2.475697708129882812e+01 6.268838882446289062e+00 7.234499359130859375e+01
-2.575254249572753906e+01 6.574548721313476562e+00 7.089979553222656250e+01
-2.398728561401367188e+01 6.134405612945556641e+00 6.990011596679687500e+01
-2.597744369506835938e+01 6.400145053863525391e+00 7.159488677978515625e+01
-2.575203323364257812e+01 6.574632644653320312e+00 7.089983367919921875e+01
-2.234569931030273438e+01 5.525761604309082031e+00 7.234504699707031250e+01
-2.639548492431640625e+01 6.365513324737548828e+00 7.112783813476562500e+01
-2.575195312500000000e+01 6.574632167816162109e+00 7.089984893798828125e+01
-2.557262420654296875e+01 6.321167469024658203e+00 7.159410858154296875e+01
-2.575221061706542969e+01 6.574560642242431641e+00 7.089978027343750000e+01
-2.573925781250000000e+01 6.569458007812500000e+00 7.089780426025390625e+01
-2.629501342773437500e+01 6.196931362152099609e+00 7.159407043457031250e+01
-2.575199890136718750e+01 6.574609279632568359e+00 7.089981842041015625e+01
-2.548831367492675781e+01 6.400663375854492188e+00 7.114624786376953125e+01
-2.575240707397460938e+01 6.574447631835937500e+00 7.089991760253906250e+01
-2.575185203552246094e+01 6.574558258056640625e+00 7.089980316162109375e+01
-2.581982803344726562e+01 6.176876068115234375e+00 7.159496307373046875e+01
-2.575209808349609375e+01 6.574553012847900391e+00 7.089978027343750000e+01
-2.548642921447753906e+01 6.403420448303222656e+00 7.094957733154296875e+01
-2.652108192443847656e+01 5.969359397888183594e+00 7.137868499755859375e+01
-2.575195503234863281e+01 6.574563026428222656e+00 7.089979553222656250e+01
-2.539960861206054688e+01 5.996360301971435547e+00 7.159490966796875000e+01
-2.575223922729492188e+01 6.574451923370361328e+00 7.089983367919921875e+01
-2.575168609619140625e+01 6.574387550354003906e+00 7.089980316162109375e+01
-2.608543968200683594e+01 5.903800010681152344e+00 7.159474182128906250e+01
-2.575203514099121094e+01 6.574522495269775391e+00 7.089978027343750000e+01
-2.533775329589843750e+01 6.106659412384033203e+00 7.114541625976562500e+01
-2.648631668090820312e+01 5.802542209625244141e+00 7.105387115478515625e+01
-2.575189018249511719e+01 6.574471473693847656e+00 7.089978790283203125e+01
-2.566959571838378906e+01 5.769906520843505859e+00 7.158840942382812500e+01
-2.575212097167968750e+01 6.574448585510253906e+00 7.089981079101562500e+01
-2.575173950195312500e+01 6.574326038360595703e+00 7.089991760253906250e+01
-2.628077316284179688e+01 5.523252010345458984e+00 7.141596221923828125e+01
-2.575198364257812500e+01 6.574457645416259766e+00 7.089979553222656250e+01
-2.518342590332031250e+01 5.070845127105712891e+00 7.159493255615234375e+01
-2.575213050842285156e+01 6.574398517608642578e+00 7.089990234375000000e+01
-2.575187683105468750e+01 6.574374198913574219e+00 7.089984893798828125e+01
-2.586938285827636719e+01 5.378080368041992188e+00 7.139895629882812500e+01
-2.575203704833984375e+01 6.574405193328857422e+00 7.089984130859375000e+01
-2.524587059020996094e+01 4.757185459136962891e+00 7.106684875488281250e+01
-2.596922874450683594e+01 5.407461643218994141e+00 7.099773406982421875e+01
-2.575199127197265625e+01 5.426993846893310547e+00 7.089992523193359375e+01
