1.520461559295654297e+01 -4.597218930721282959e-01 7.089999389648437500e+01
1.514440727233886719e+01 -4.597217142581939697e-01 7.095514678955078125e+01
1.529237461090087891e+01 2.563528299331665039e+00 6.990003204345703125e+01
1.529344654083251953e+01 -4.597182869911193848e-01 7.101586151123046875e+01
9.551728248596191406e+00 1.253947734832763672e+01 6.990007781982421875e+01
1.677650070190429688e+01 2.964219570159912109e+00 6.990008544921875000e+01
1.514876270294189453e+01 -4.635658264160156250e-01 7.110776519775390625e+01
1.468523788452148438e+01 1.027433276176452637e+00 6.989996337890625000e+01
1.544892406463623047e+01 -4.597164690494537354e-01 7.098921203613281250e+01
1.494476795196533203e+01 -4.597241282463073730e-01 7.100725555419921875e+01
1.567258834838867188e+01 6.021306514739990234e-01 6.989996337890625000e+01
1.530136966705322266e+01 -4.597144126892089844e-01 7.120845794677734375e+01
1.347900104522705078e+01 1.454983592033386230e+00 6.989996337890625000e+01
1.975278472900390625e+01 4.223685741424560547e+00 6.990009307861328125e+01
1.498104858398437500e+01 -4.597244858741760254e-01 7.121799468994140625e+01
1.507579994201660156e+01 1.144715398550033569e-01 6.990593719482421875e+01
1.553737354278564453e+01 -4.597114026546478271e-01 7.118044281005859375e+01
1.474543476104736328e+01 -4.597156643867492676e-01 7.091898345947265625e+01
1.620952224731445312e+01 3.097838759422302246e-01 6.989997863769531250e+01
1.518099498748779297e+01 -4.597171247005462646e-01 7.141081237792968750e+01
1.437010097503662109e+01 1.068850532174110413e-01 6.989996337890625000e+01
1.576764392852783203e+01 -4.597089588642120361e-01 7.097574615478515625e+01
1.471314048767089844e+01 -4.597135484218597412e-01 7.124195098876953125e+01
1.542958927154541016e+01 -2.100647538900375366e-01 6.989996337890625000e+01
1.553553962707519531e+01 -4.597056210041046143e-01 7.147750091552734375e+01
9.360680580139160156e+00 2.634320259094238281e+00 6.903562164306640625e+01
1.736902618408203125e+01 4.263378083705902100e-01 6.989997863769531250e+01
1.491375350952148438e+01 -4.752860367298126221e-01 7.159499359130859375e+01
1.484492683410644531e+01 -3.472991585731506348e-01 6.989997100830078125e+01
1.598293018341064453e+01 -4.596992135047912598e-01 7.130905151367187500e+01
1.430203628540039062e+01 -4.597018361091613770e-01 7.113790893554687500e+01
1.584762382507324219e+01 -3.807034790515899658e-01 6.989997100830078125e+01
1.532404804229736328e+01 -5.932595729827880859e-01 7.159494018554687500e+01
1.391366195678710938e+01 -2.824659347534179688e-01 6.990020751953125000e+01
2.727465248107910156e+01 3.133518695831298828e+00 6.990001678466796875e+01
1.456191158294677734e+01 -5.698013305664062500e-01 7.159473419189453125e+01
1.520949363708496094e+01 -5.762746334075927734e-01 6.989997100830078125e+01
1.583493900299072266e+01 -6.149193048477172852e-01 7.159483337402343750e+01
4.493531703948974609e+00 1.709641456604003906e+00 6.990729522705078125e+01
1.652221870422363281e+01 -5.007147192955017090e-01 6.989997863769531250e+01
1.507818984985351562e+01 -7.216283082962036133e-01 7.159494018554687500e+01
1.457531642913818359e+01 -6.538074612617492676e-01 6.989997100830078125e+01
1.772154998779296875e+01 -4.597245752811431885e-01 7.158978271484375000e+01
1.385044956207275391e+01 -6.581450700759887695e-01 7.159493255615234375e+01
1.557493591308593750e+01 -7.406533360481262207e-01 6.990111541748046875e+01
1.548749828338623047e+01 -7.912692427635192871e-01 7.159488677978515625e+01
1.309451580047607422e+01 -6.942386031150817871e-01 6.989997863769531250e+01
1.844797325134277344e+01 -6.881253123283386230e-01 6.990003204345703125e+01
1.479731369018554688e+01 -8.353371620178222656e-01 7.159497833251953125e+01
1.498987293243408203e+01 -8.494268059730529785e-01 6.989997100830078125e+01
1.520472431182861328e+01 -8.597602248191833496e-01 7.090007019042968750e+01
1.520461559295654297e+01 -8.597588539123535156e-01 7.089999389648437500e+01
1.605582809448242188e+01 -9.261696338653564453e-01 6.989995574951171875e+01
1.520565128326416016e+01 -8.617727160453796387e-01 7.092838287353515625e+01
1.421912860870361328e+01 -9.879258871078491211e-01 6.989997863769531250e+01
1.520584774017333984e+01 -8.598968386650085449e-01 7.090005493164062500e+01
1.520461559295654297e+01 -8.597588539123535156e-01 7.089999389648437500e+01
1.534413623809814453e+01 -1.014530777931213379e+00 6.989997863769531250e+01
1.520873928070068359e+01 -8.610262870788574219e-01 7.090598297119140625e+01
1.085855197906494141e+01 -1.731859326362609863e+00 6.989997100830078125e+01
1.695895767211914062e+01 -1.297427415847778320e+00 6.990605163574218750e+01
1.520461559295654297e+01 -8.597588539123535156e-01 7.089999389648437500e+01
1.474849033355712891e+01 -1.146612882614135742e+00 6.989997863769531250e+01
1.520876121520996094e+01 -8.610353469848632812e-01 7.090175628662109375e+01
1.520461559295654297e+01 -8.597588539123535156e-01 7.089999389648437500e+01
1.573644542694091797e+01 -1.233208656311035156e+00 6.989996337890625000e+01
1.520614528656005859e+01 -8.619204163551330566e-01 7.090591430664062500e+01
1.367212772369384766e+01 -1.550524592399597168e+00 6.990401458740234375e+01
2.119804191589355469e+01 -3.308108568191528320e+00 6.990004730224609375e+01
1.520461559295654297e+01 -8.597588539123535156e-01 7.089999389648437500e+01
1.512667655944824219e+01 -1.316137671470642090e+00 6.989998626708984375e+01
1.520777702331542969e+01 -8.618448376655578613e-01 7.090294647216796875e+01
-1.170819282531738281e+01 -1.459429740905761719e+01 7.063740539550781250e+01
1.631787872314453125e+01 -1.666973352432250977e+00 6.989995574951171875e+01
1.506358051300048828e+01 -1.686762213706970215e+00 7.234499359130859375e+01
1.445330715179443359e+01 -1.611534357070922852e+00 6.989998626708984375e+01
1.520782661437988281e+01 -8.618295788764953613e-01 7.090059661865234375e+01
1.520461559295654297e+01 -8.597588539123535156e-01 7.089999389648437500e+01
1.548393249511718750e+01 -1.590915560722351074e+00 6.989997100830078125e+01
1.520585441589355469e+01 -8.617916107177734375e-01 7.090243530273437500e+01
1.254708194732666016e+01 -3.081091642379760742e+00 6.989997100830078125e+01
1.769573974609375000e+01 -3.074218273162841797e+00 6.990002441406250000e+01
1.520461559295654297e+01 -8.597588539123535156e-01 7.089999389648437500e+01
1.490163803100585938e+01 -1.820303440093994141e+00 6.989999389648437500e+01
1.520661449432373047e+01 -8.620173931121826172e-01 7.090117645263671875e+01
1.520461559295654297e+01 -8.597588539123535156e-01 7.089999389648437500e+01
1.592236709594726562e+01 -2.203499317169189453e+00 6.989994812011718750e+01
1.520466518402099609e+01 -8.602442145347595215e-01 7.090040588378906250e+01
1.404133510589599609e+01 -2.758002281188964844e+00 6.990000915527343750e+01
2.559713554382324219e+01 -1.462676429748535156e+01 7.057176208496093750e+01
1.520461559295654297e+01 -8.597588539123535156e-01 7.089999389648437500e+01
1.526034927368164062e+01 -2.392297983169555664e+00 6.990516662597656250e+01
1.520518779754638672e+01 -8.612723946571350098e-01 7.090069580078125000e+01
7.884760856628417969e+00 -1.447927665710449219e+01 6.984230804443359375e+01
1.799050712585449219e+01 -7.779493808746337891e+00 6.900170898437500000e+01
1.520461559295654297e+01 -8.597588539123535156e-01 7.089999389648437500e+01
1.464448165893554688e+01 -4.000364303588867188e+00 6.989999389648437500e+01
1.520494365692138672e+01 -8.609364628791809082e-01 7.090010070800781250e+01
1.266679763793945312e+01 -1.449524211883544922e+01 7.204261779785156250e+01
1.520461559295654297e+01 -1.452334785461425781e+01 7.089999389648437500e+01
