-1.713022041320800781e+01 8.385950088500976562e+00 7.090009307861328125e+01
-1.715947532653808594e+01 8.535094261169433594e+00 7.092689514160156250e+01
-1.712977790832519531e+01 8.358000755310058594e+00 7.089504241943359375e+01
-1.602255249023437500e+01 1.332897472381591797e+01 7.234484863281250000e+01
-1.713085174560546875e+01 8.342210769653320312e+00 7.089997863769531250e+01
-1.555814552307128906e+01 1.216515254974365234e+01 6.990007019042968750e+01
-1.713737487792968750e+01 8.391457557678222656e+00 7.092670440673828125e+01
-1.713209152221679688e+01 8.347509384155273438e+00 7.089649200439453125e+01
-1.334318065643310547e+01 1.454180431365966797e+01 7.228311157226562500e+01
-1.750098419189453125e+01 8.911501884460449219e+00 7.105313873291015625e+01
-1.626241683959960938e+01 1.105162620544433594e+01 6.904564666748046875e+01
-1.667703437805175781e+01 1.021448612213134766e+01 7.234492492675781250e+01
-1.713216018676757812e+01 8.343316078186035156e+00 7.089897155761718750e+01
-1.258188629150390625e+01 1.342434310913085938e+01 6.990015411376953125e+01
-1.743382835388183594e+01 8.883965492248535156e+00 7.133193969726562500e+01
-1.713087272644042969e+01 8.345643043518066406e+00 7.089506530761718750e+01
-1.541590595245361328e+01 1.040169429779052734e+01 7.234491729736328125e+01
-1.782678031921386719e+01 8.947564125061035156e+00 7.092890167236328125e+01
-1.612514877319335938e+01 9.510447502136230469e+00 6.989990997314453125e+01
-1.713398742675781250e+01 8.404525756835937500e+00 7.098157501220703125e+01
-1.713261032104492188e+01 8.343482017517089844e+00 7.089723205566406250e+01
-8.448124885559082031e+00 1.450962352752685547e+01 7.206826019287109375e+01
-1.786908912658691406e+01 8.942130088806152344e+00 7.141417694091796875e+01
-1.690521812438964844e+01 8.990492820739746094e+00 6.989993286132812500e+01
-1.630228042602539062e+01 9.341608047485351562e+00 7.234495544433593750e+01
-1.713161849975585938e+01 8.341548919677734375e+00 7.089965057373046875e+01
-1.496541023254394531e+01 9.627047538757324219e+00 6.989989471435546875e+01
-1.742101669311523438e+01 8.725098609924316406e+00 7.159493255615234375e+01
-1.713184738159179688e+01 8.343032836914062500e+00 7.089556884765625000e+01
-1.438106918334960938e+01 9.753798484802246094e+00 7.234497070312500000e+01
-1.814283180236816406e+01 8.789541244506835938e+00 7.116701507568359375e+01
-1.648721122741699219e+01 8.819769859313964844e+00 6.990006256103515625e+01
-1.688190460205078125e+01 8.894802093505859375e+00 7.234497833251953125e+01
-1.713265800476074219e+01 8.341803550720214844e+00 7.089820861816406250e+01
-5.058515071868896484e+00 1.233454322814941406e+01 6.989997863769531250e+01
-1.777300643920898438e+01 8.630708694458007812e+00 7.159492492675781250e+01
-1.713019561767578125e+01 8.342203140258789062e+00 7.089483642578125000e+01
-1.581949329376220703e+01 8.849845886230468750e+00 7.234497833251953125e+01
-1.713068580627441406e+01 8.340825080871582031e+00 7.090004730224609375e+01
-1.581263828277587891e+01 8.699751853942871094e+00 6.990009307861328125e+01
-1.725653457641601562e+01 8.478722572326660156e+00 7.159442901611328125e+01
-1.713255691528320312e+01 8.341478347778320312e+00 7.089637756347656250e+01
-1.185781383514404297e+01 9.178694725036621094e+00 7.234503936767578125e+01
-1.830310821533203125e+01 8.515337944030761719e+00 7.150199890136718750e+01
-1.676011085510253906e+01 8.459751129150390625e+00 6.990178680419921875e+01
-1.654202079772949219e+01 8.483124732971191406e+00 7.234499359130859375e+01
-1.713224411010742188e+01 8.340871810913085938e+00 7.089913177490234375e+01
-1.388674736022949219e+01 8.512352943420410156e+00 6.990009307861328125e+01
-1.753738594055175781e+01 8.365126609802246094e+00 7.159484863281250000e+01
-1.713129997253417969e+01 8.340764999389648438e+00 7.089506530761718750e+01
-1.509615230560302734e+01 8.315509796142578125e+00 7.234500122070312500e+01
-1.831838798522949219e+01 8.304412841796875000e+00 7.104817199707031250e+01
-1.627897644042968750e+01 8.274300575256347656e+00 6.990001678466796875e+01
-1.707752799987792969e+01 8.238224029541015625e+00 7.234500122070312500e+01
-1.829263114929199219e+01 8.189536094665527344e+00 6.972054290771484375e+01
-1.713022041320800781e+01 8.340713500976562500e+00 7.090009307861328125e+01
-1.796994781494140625e+01 8.196427345275878906e+00 7.159391784667968750e+01
-1.699069976806640625e+01 8.185941696166992188e+00 6.990007781982421875e+01
-1.613530921936035156e+01 8.034924507141113281e+00 7.234500885009765625e+01
-1.826932525634765625e+01 8.112135887145996094e+00 7.063798522949218750e+01
-1.536525821685791016e+01 7.900395393371582031e+00 6.990013885498046875e+01
-1.735564422607421875e+01 8.166221618652343750e+00 7.159496307373046875e+01
-1.796400451660156250e+01 7.816352367401123047e+00 6.907209777832031250e+01
-1.372434997558593750e+01 7.291945457458496094e+00 7.234503936767578125e+01
-1.819659614562988281e+01 7.994123458862304688e+00 7.127777862548828125e+01
-1.659875297546386719e+01 7.967517852783203125e+00 6.990074157714843750e+01
-1.675687026977539062e+01 7.813076019287109375e+00 7.234502410888671875e+01
-1.810435485839843750e+01 7.901624679565429688e+00 7.026699829101562500e+01
-1.113548851013183594e+01 5.891829967498779297e+00 6.989992523193359375e+01
-1.767013931274414062e+01 7.965144157409667969e+00 7.159027099609375000e+01
-1.715678024291992188e+01 8.185184478759765625e+00 7.055930328369140625e+01
-1.558348751068115234e+01 7.320054531097412109e+00 7.234503173828125000e+01
-1.806135940551757812e+01 7.865520477294921875e+00 7.089100646972656250e+01
-1.486214733123779297e+01 6.696159362792968750e+00 6.886269378662109375e+01
-1.715690994262695312e+01 8.184210777282714844e+00 7.117354583740234375e+01
-1.769956588745117188e+01 7.771014213562011719e+00 7.014228057861328125e+01
-9.402146339416503906e+00 3.357523918151855469e+00 7.234497833251953125e+01
-1.792586708068847656e+01 7.714513301849365234e+00 7.139537811279296875e+01
-1.685087394714355469e+01 7.609477996826171875e+00 6.989996337890625000e+01
-1.640067291259765625e+01 7.143447875976562500e+00 7.233894348144531250e+01
-1.781416893005371094e+01 7.769026279449462891e+00 7.064272308349609375e+01
-1.463880157470703125e+01 6.125991344451904297e+00 6.990000915527343750e+01
-1.735010528564453125e+01 7.898332118988037109e+00 7.135827636718750000e+01
-1.722064781188964844e+01 8.054029464721679688e+00 7.060163116455078125e+01
-1.469202423095703125e+01 5.586081504821777344e+00 7.234503936767578125e+01
-1.792586135864257812e+01 7.504126071929931641e+00 7.106689453125000000e+01
-1.641242218017578125e+01 6.996886730194091797e+00 6.989998626708984375e+01
-1.695729446411132812e+01 6.651749134063720703e+00 7.234503936767578125e+01
-1.743748664855957031e+01 7.839316368103027344e+00 7.063595581054687500e+01
1.654884666204452515e-01 -1.457096767425537109e+01 7.035383605957031250e+01
-1.735391235351562500e+01 7.895934581756591797e+00 7.111839294433593750e+01
-1.707419586181640625e+01 6.800178527832031250e+00 6.990007019042968750e+01
-1.594814777374267578e+01 5.214219570159912109e+00 7.234503936767578125e+01
-1.738407516479492188e+01 7.868385314941406250e+00 7.086341094970703125e+01
-1.566264152526855469e+01 4.695469379425048828e+00 6.990010070800781250e+01
-1.714122581481933594e+01 8.228537559509277344e+00 7.094687652587890625e+01
-1.714986419677734375e+01 8.230570793151855469e+00 7.086502075195312500e+01
-1.504773426055908203e+01 8.625202178955078125e-01 7.158692169189453125e+01
-1.716206741333007812e+01 8.169599533081054688e+00 7.091442871093750000e+01
-1.713022041320800781e+01 8.603059053421020508e-01 7.090009307861328125e+01
