2.800698757171630859e+00 4.603131413459777832e-01 7.089995574951171875e+01
2.731467723846435547e+00 8.603230714797973633e-01 7.096337890625000000e+01
2.888460159301757812e+00 3.823731660842895508e+00 6.989996337890625000e+01
2.902840852737426758e+00 8.603230714797973633e-01 7.103318023681640625e+01
2.775535821914672852e+00 4.599811136722564697e-01 7.089550781250000000e+01
4.372741699218750000e+00 4.224698543548583984e+00 6.989994812011718750e+01
2.735852241516113281e+00 8.603253364562988281e-01 7.114118194580078125e+01
2.281364917755126953e+00 2.287368774414062500e+00 6.990000915527343750e+01
3.081613063812255859e+00 8.603202104568481445e-01 7.100254821777343750e+01
2.501907587051391602e+00 8.603242039680480957e-01 7.102329254150390625e+01
3.268628120422363281e+00 1.862090706825256348e+00 6.990001678466796875e+01
2.911950826644897461e+00 8.603258132934570312e-01 7.125464630126953125e+01
1.083822369575500488e+00 2.703357934951782227e+00 6.990499114990234375e+01
7.349340915679931641e+00 5.484310626983642578e+00 6.989994812011718750e+01
2.547219753265380859e+00 8.538931012153625488e-01 7.126050567626953125e+01
2.671124219894409180e+00 1.380310058593750000e+00 6.990003967285156250e+01
3.182950019836425781e+00 8.598866462707519531e-01 7.122211456298828125e+01
2.272712945938110352e+00 8.603233098983764648e-01 7.092179107666015625e+01
3.805520772933959961e+00 1.569780230522155762e+00 6.990002441406250000e+01
2.773538351058959961e+00 8.603297472000122070e-01 7.148731994628906250e+01
1.966268181800842285e+00 1.366883158683776855e+00 6.990003204345703125e+01
3.448071002960205078e+00 8.603155612945556641e-01 7.098706054687500000e+01
2.235821008682250977e+00 8.601295351982116699e-01 7.129298400878906250e+01
3.025645256042480469e+00 1.049952626228332520e+00 6.990004730224609375e+01
3.181204319000244141e+00 8.603290915489196777e-01 7.156398773193359375e+01
-3.323978483676910400e-01 2.273609876632690430e+00 6.990041351318359375e+01
4.964979171752929688e+00 1.686355710029602051e+00 6.990000152587890625e+01
2.509822368621826172e+00 7.848283052444458008e-01 7.159499359130859375e+01
2.441055059432983398e+00 9.127321243286132812e-01 6.990005493164062500e+01
3.680774450302124023e+00 8.527023792266845703e-01 7.136249542236328125e+01
1.762936115264892578e+00 8.603119254112243652e-01 7.117350769042968750e+01
3.443629980087280273e+00 8.793350458145141602e-01 6.990004730224609375e+01
2.920134067535400391e+00 6.668423414230346680e-01 7.159491729736328125e+01
1.515919923782348633e+00 9.748681783676147461e-01 6.990495300292968750e+01
1.476389694213867188e+01 4.358267784118652344e+00 6.990882873535156250e+01
2.157775878906250000e+00 6.903929710388183594e-01 7.159494018554687500e+01
2.805576562881469727e+00 6.837840080261230469e-01 6.990006256103515625e+01
3.431035518646240234e+00 6.451815366744995117e-01 7.159481048583984375e+01
-7.890771389007568359e+00 2.965032100677490234e+00 6.990907287597656250e+01
4.118175983428955078e+00 7.593464851379394531e-01 6.990003967285156250e+01
2.674260616302490234e+00 5.384809374809265137e-01 7.159497070312500000e+01
2.171478033065795898e+00 6.062623262405395508e-01 6.990006256103515625e+01
5.336120128631591797e+00 8.033092021942138672e-01 7.159481048583984375e+01
2.741535663604736328e+00 4.091451466083526611e-01 7.093032073974609375e+01
3.171395778656005859e+00 5.195633769035339355e-01 6.990006256103515625e+01
3.083561897277832031e+00 4.688216745853424072e-01 7.159480285644531250e+01
6.907378435134887695e-01 5.658460855484008789e-01 6.990000915527343750e+01
6.044067859649658203e+00 5.719709396362304688e-01 6.989999389648437500e+01
2.740440845489501953e+00 4.039497375488281250e-01 7.100277709960937500e+01
2.585984706878662109e+00 4.106673300266265869e-01 6.990007019042968750e+01
3.778981685638427734e+00 3.882150650024414062e-01 7.159487915039062500e+01
-2.774909019470214844e+00 2.299935817718505859e-01 7.159483337402343750e+01
3.651657342910766602e+00 3.339456915855407715e-01 6.990021514892578125e+01
2.826038837432861328e+00 3.510485291481018066e-01 7.159482574462890625e+01
1.815327763557434082e+00 2.721846997737884521e-01 6.990005493164062500e+01
9.909482955932617188e+00 -3.954877853393554688e-01 7.126343536376953125e+01
1.959576606750488281e+00 2.558106780052185059e-01 7.159493255615234375e+01
2.940201520919799805e+00 2.455847561359405518e-01 6.990007019042968750e+01
3.279143810272216797e+00 2.532851696014404297e-01 7.159480285644531250e+01
-1.517701506614685059e+00 -4.662126898765563965e-01 6.990630340576171875e+01
4.565606594085693359e+00 -3.996792808175086975e-02 6.990003204345703125e+01
2.575281143188476562e+00 2.258498519659042358e-01 7.159481048583984375e+01
2.344637155532836914e+00 1.135228350758552551e-01 6.990007781982421875e+01
4.438795089721679688e+00 -1.040813177824020386e-01 7.159491729736328125e+01
8.386068940162658691e-01 -2.373760342597961426e-01 7.159488677978515625e+01
3.332457065582275391e+00 2.693685144186019897e-02 6.990006256103515625e+01
2.980241775512695312e+00 1.465971320867538452e-01 7.159481811523437500e+01
1.262164235115051270e+00 -2.931544780731201172e-01 6.990004730224609375e+01
8.794034004211425781e+00 -2.047976255416870117e+00 6.990002441406250000e+01
2.257049322128295898e+00 2.217277884483337402e-02 7.159490203857421875e+01
2.722769975662231445e+00 -5.598282441496849060e-02 6.990007781982421875e+01
3.544514894485473633e+00 -9.049315005540847778e-02 7.159481811523437500e+01
2.800698757171630859e+00 4.003367125988006592e-01 7.089995574951171875e+01
3.910088777542114258e+00 -4.040693044662475586e-01 6.990339660644531250e+01
2.732883453369140625e+00 2.681241603568196297e-03 7.159477233886718750e+01
2.049485445022583008e+00 -3.513437211513519287e-01 6.990007781982421875e+01
4.041448116302490234e+00 -3.997189998626708984e-01 7.113193511962890625e+01
1.784235835075378418e+00 -3.996532857418060303e-01 7.153269958496093750e+01
3.079978466033935547e+00 -3.307223021984100342e-01 6.990006256103515625e+01
3.152998685836791992e+00 -1.778257489204406738e-01 7.159477996826171875e+01
1.433875113725662231e-01 -1.820809841156005859e+00 6.990001678466796875e+01
5.291737079620361328e+00 -1.814047336578369141e+00 6.990002441406250000e+01
2.467192649841308594e+00 -2.706385254859924316e-01 7.159489440917968750e+01
2.497759580612182617e+00 -5.600861907005310059e-01 6.990007781982421875e+01
3.508821487426757812e+00 -3.996880948543548584e-01 7.131961059570312500e+01
2.039788961410522461e+00 -3.997327983379364014e-01 7.105947113037109375e+01
3.518347263336181641e+00 -9.432107806205749512e-01 6.990005493164062500e+01
2.882611989974975586e+00 -3.997036516666412354e-01 7.158440399169921875e+01
1.637527227401733398e+00 -1.497729539871215820e+00 6.990006256103515625e+01
1.407699584960937500e+01 -1.453740978240966797e+01 7.054380798339843750e+01
2.400451898574829102e+00 -3.954983353614807129e-01 7.129055786132812500e+01
2.856715440750122070e+00 -1.139992117881774902e+00 6.990007019042968750e+01
3.103181362152099609e+00 -3.997073471546173096e-01 7.126970672607421875e+01
-5.236993312835693359e+00 -1.455480766296386719e+01 6.973854827880859375e+01
4.268131256103515625e+00 -3.244544506072998047e+00 6.990006256103515625e+01
2.722208738327026367e+00 -3.997158110141754150e-01 7.123361206054687500e+01
2.240633487701416016e+00 -2.739882469177246094e+00 6.990007781982421875e+01
3.023493528366088867e+00 -3.997180163860321045e-01 7.097343444824218750e+01
2.651792526245117188e+00 -3.997233510017395020e-01 7.096700286865234375e+01
2.800698757171630859e+00 -4.749419540166854858e-02 7.089995574951171875e+01
