-1.805132102966308594e+01 8.859827995300292969e+00 7.089483642578125000e+01
-1.818410301208496094e+01 8.740304946899414062e+00 7.101647186279296875e+01
-1.802524185180664062e+01 8.875342369079589844e+00 7.059768676757812500e+01
-1.780888938903808594e+01 8.949837684631347656e+00 7.121104431152343750e+01
-1.831051445007324219e+01 8.472451210021972656e+00 7.084899139404296875e+01
-1.760453987121582031e+01 8.944975852966308594e+00 7.061063385009765625e+01
-1.817694091796875000e+01 8.749159812927246094e+00 7.136213684082031250e+01
-1.826126480102539062e+01 8.620922088623046875e+00 7.049060058593750000e+01
-1.742729187011718750e+01 8.879894256591796875e+00 7.112273406982421875e+01
-1.831492614746093750e+01 8.263895988464355469e+00 7.100364685058593750e+01
-1.769949531555175781e+01 8.957139968872070312e+00 7.014300537109375000e+01
-1.783174514770507812e+01 8.765950202941894531e+00 7.159487915039062500e+01
-1.829511451721191406e+01 8.185102462768554688e+00 7.075355529785156250e+01
-1.726494216918945312e+01 8.737004280090332031e+00 7.072195434570312500e+01
-1.832155609130859375e+01 8.341616630554199219e+00 7.127922058105468750e+01
-1.817023658752441406e+01 8.757439613342285156e+00 6.997717285156250000e+01
-1.729216384887695312e+01 8.770750045776367188e+00 7.153465270996093750e+01
-1.805764770507812500e+01 7.863588333129882812e+00 7.089509582519531250e+01
-1.728099441528320312e+01 8.754607200622558594e+00 7.012825775146484375e+01
-1.808369636535644531e+01 8.406398773193359375e+00 7.159499359130859375e+01
-1.825569915771484375e+01 8.094814300537109375e+00 7.064992523193359375e+01
-1.714614868164062500e+01 8.501232147216796875e+00 7.101662445068359375e+01
-1.811049461364746094e+01 7.906242370605468750e+00 7.093600463867187500e+01
-1.767282867431640625e+01 8.951110839843750000e+00 6.921240234375000000e+01
-1.765014839172363281e+01 8.343053817749023438e+00 7.159493255615234375e+01
-1.806544685363769531e+01 7.866522312164306641e+00 7.089032745361328125e+01
-1.712974739074707031e+01 8.405676841735839844e+00 7.046904754638671875e+01
-1.829191017150878906e+01 8.176097869873046875e+00 7.146971130371093750e+01
-1.830954360961914062e+01 8.225975036621093750e+00 7.017691040039062500e+01
-1.713103675842285156e+01 8.331110000610351562e+00 7.137850952148437500e+01
-2.355226516723632812e+01 1.029630184173583984e+01 7.234487152099609375e+01
-1.715694236755371094e+01 8.524410247802734375e+00 6.950386810302734375e+01
-1.793107986450195312e+01 8.126380920410156250e+00 7.159448242187500000e+01
-1.933533859252929688e+01 8.432268142700195312e+00 6.990042114257812500e+01
-1.716900634765625000e+01 8.149983406066894531e+00 7.082173919677734375e+01
-1.939285850524902344e+01 8.463315010070800781e+00 7.234500122070312500e+01
-1.805132102966308594e+01 7.858077049255371094e+00 7.089483642578125000e+01
-1.741621017456054688e+01 8.104776382446289062e+00 7.159495544433593750e+01
-1.806080436706542969e+01 7.860352039337158203e+00 7.089395904541015625e+01
-1.719087219238281250e+01 8.092547416687011719e+00 7.024178314208984375e+01
-1.817867279052734375e+01 7.997219562530517578e+00 7.159487152099609375e+01
-1.867731857299804688e+01 8.062948226928710938e+00 6.990006256103515625e+01
-1.726230049133300781e+01 7.983481884002685547e+00 7.111107635498046875e+01
-2.087716865539550781e+01 8.278800964355468750e+00 7.234501647949218750e+01
-1.737227058410644531e+01 8.076478958129882812e+00 6.906321716308593750e+01
-1.776681709289550781e+01 7.926959037780761719e+00 7.159371185302734375e+01
-2.015055465698242188e+01 8.022745132446289062e+00 6.989997100830078125e+01
-1.735389518737792969e+01 7.894983768463134766e+00 7.067980957031250000e+01
-1.890121269226074219e+01 7.909036159515380859e+00 7.234502410888671875e+01
-1.826492691040039062e+01 7.868354320526123047e+00 6.990010833740234375e+01
-1.741596794128417969e+01 7.850204467773437500e+00 7.134616088867187500e+01
-2.871747398376464844e+01 7.532210350036621094e+00 7.222413635253906250e+01
-1.748753356933593750e+01 7.814090728759765625e+00 7.023247528076171875e+01
-1.799843597412109375e+01 7.755212306976318359e+00 7.234503173828125000e+01
-1.903017997741699219e+01 7.730772018432617188e+00 6.990155029296875000e+01
-1.805132102966308594e+01 7.858077049255371094e+00 7.089483642578125000e+01
-1.980649566650390625e+01 7.556493759155273438e+00 7.234504699707031250e+01
-1.791268730163574219e+01 7.704288005828857422e+00 6.990116882324218750e+01
-1.756935691833496094e+01 7.709944248199462891e+00 7.159479522705078125e+01
-1.805253601074218750e+01 7.857833385467529297e+00 7.089455413818359375e+01
-1.768614959716796875e+01 7.766975402832031250e+00 7.068794250488281250e+01
-1.852128219604492188e+01 7.494298458099365234e+00 7.234349822998046875e+01
-1.850502586364746094e+01 7.572745323181152344e+00 6.990013122558593750e+01
-1.752583312988281250e+01 7.696264266967773438e+00 7.111777496337890625e+01
-2.214591217041015625e+01 6.527266025543212891e+00 7.234505462646484375e+01
-1.752226638793945312e+01 7.486576080322265625e+00 6.990002441406250000e+01
-1.793259620666503906e+01 7.690289020538330078e+00 7.135432434082031250e+01
-1.958198356628417969e+01 7.168134212493896484e+00 6.990004730224609375e+01
-1.785804176330566406e+01 7.779121398925781250e+00 7.086258697509765625e+01
-1.918580627441406250e+01 7.068926334381103516e+00 7.234504699707031250e+01
-1.812886047363281250e+01 7.404039382934570312e+00 6.989995574951171875e+01
-1.792586135864257812e+01 7.775288581848144531e+00 7.101203918457031250e+01
-1.805266189575195312e+01 7.857392787933349609e+00 7.089482116699218750e+01
-1.694392395019531250e+01 7.055116653442382812e+00 6.990007019042968750e+01
-1.819286537170410156e+01 7.028094768524169922e+00 7.234503936767578125e+01
-1.879880142211914062e+01 7.110132694244384766e+00 6.989992523193359375e+01
-1.792585945129394531e+01 7.777177333831787109e+00 7.091829681396484375e+01
-2.038098716735839844e+01 6.024552345275878906e+00 7.234504699707031250e+01
-1.777344512939453125e+01 7.130692958831787109e+00 6.989997100830078125e+01
-1.792586326599121094e+01 7.652186393737792969e+00 7.114227294921875000e+01
-2.069489669799804688e+01 5.648411273956298828e+00 6.990007019042968750e+01
-1.557287311553955078e+01 5.654885292053222656e+00 6.989995574951171875e+01
-1.874728393554687500e+01 6.457879543304443359e+00 7.234504699707031250e+01
-1.835274696350097656e+01 6.902453899383544922e+00 6.989995574951171875e+01
-1.792586135864257812e+01 7.716333866119384766e+00 7.096918487548828125e+01
-2.496786689758300781e+01 5.855756998062133789e-01 7.234482574462890625e+01
-1.733736419677734375e+01 6.521441936492919922e+00 6.990007781982421875e+01
-1.787776565551757812e+01 6.162964344024658203e+00 7.234503936767578125e+01
-1.920847129821777344e+01 5.969835758209228516e+00 6.990011596679687500e+01
-1.792614364624023438e+01 7.692253112792968750e+00 7.089088439941406250e+01
-1.953734397888183594e+01 4.903326988220214844e+00 7.234504699707031250e+01
-1.799558639526367188e+01 6.325477123260498047e+00 6.989997100830078125e+01
-1.792585945129394531e+01 7.526243209838867188e+00 7.104819488525390625e+01
-2.493663978576660156e+01 -4.952932834625244141e+00 6.989994049072265625e+01
-1.659154319763183594e+01 4.232207298278808594e+00 6.990015411376953125e+01
-1.839246368408203125e+01 4.380797863006591797e+00 7.234502410888671875e+01
-1.860852622985839844e+01 4.733891963958740234e+00 6.990006256103515625e+01
-1.792585754394531250e+01 7.407541275024414062e+00 7.093621826171875000e+01
-1.943935585021972656e+01 4.002816975116729736e-01 7.151978302001953125e+01
-1.805132102966308594e+01 4.003237187862396240e-01 7.089483642578125000e+01
