-1.792583084106445312e+01 -7.031121730804443359e+00 7.089995574951171875e+01
-1.792590904235839844e+01 -7.499299049377441406e+00 7.090002441406250000e+01
-1.783807945251464844e+01 -4.076804161071777344e+00 6.990007019042968750e+01
-1.752586174011230469e+01 -5.698601722717285156e+00 7.142164611816406250e+01
-2.354335021972656250e+01 5.815577030181884766e+00 6.990629577636718750e+01
-1.635394477844238281e+01 -3.675841569900512695e+00 6.990004730224609375e+01
-1.792587661743164062e+01 -7.499500274658203125e+00 7.090012359619140625e+01
-1.844257736206054688e+01 -5.622192382812500000e+00 6.990499114990234375e+01
-1.752585411071777344e+01 -6.844882488250732422e+00 7.104602813720703125e+01
-1.792590904235839844e+01 -7.499704360961914062e+00 7.089998626708984375e+01
-1.745789909362792969e+01 -6.038060188293457031e+00 6.990000915527343750e+01
-1.770784378051757812e+01 -6.598522186279296875e+00 7.159493255615234375e+01
-1.965138435363769531e+01 -5.185163974761962891e+00 6.989996337890625000e+01
-1.337784957885742188e+01 -2.416588544845581055e+00 6.990009307861328125e+01
-1.792589759826660156e+01 -7.499704837799072266e+00 7.090004730224609375e+01
-1.805539894104003906e+01 -6.519898414611816406e+00 6.990008544921875000e+01
-1.752585601806640625e+01 -7.018966197967529297e+00 7.123705291748046875e+01
-1.792588043212890625e+01 -7.499780178070068359e+00 7.089995574951171875e+01
-1.692092704772949219e+01 -6.330284118652343750e+00 6.989994049072265625e+01
-1.792587661743164062e+01 -7.499054908752441406e+00 7.090093994140625000e+01
-1.876024246215820312e+01 -6.533299922943115234e+00 6.990005493164062500e+01
-1.752796173095703125e+01 -7.217125415802001953e+00 7.095349121093750000e+01
-1.792591285705566406e+01 -7.499756813049316406e+00 7.090000915527343750e+01
-1.770088195800781250e+01 -6.850198745727539062e+00 6.990003204345703125e+01
-1.752759933471679688e+01 -7.018402099609375000e+00 7.159492492675781250e+01
-2.106018447875976562e+01 -5.625798225402832031e+00 6.990000915527343750e+01
-1.576146316528320312e+01 -6.213752746582031250e+00 6.989996337890625000e+01
-1.792587661743164062e+01 -7.499763488769531250e+00 7.090006256103515625e+01
-1.828550338745117188e+01 -6.987386703491210938e+00 6.989997100830078125e+01
-1.752585411071777344e+01 -7.294232368469238281e+00 7.111016845703125000e+01
-1.792589950561523438e+01 -7.499792575836181641e+00 7.089997100830078125e+01
-1.728546524047851562e+01 -7.022737026214599609e+00 6.990403747558593750e+01
-1.780673408508300781e+01 -7.234074115753173828e+00 7.159294128417968750e+01
-1.921687126159667969e+01 -6.922492027282714844e+00 6.990010070800781250e+01
-5.855880260467529297e+00 -3.506574392318725586e+00 6.989998626708984375e+01
-1.792590522766113281e+01 -7.499789714813232422e+00 7.090003967285156250e+01
-1.792095375061035156e+01 -7.216380596160888672e+00 6.990007781982421875e+01
-1.752586936950683594e+01 -7.344464778900146484e+00 7.134085083007812500e+01
-2.871480560302734375e+01 -4.911738395690917969e+00 6.990003967285156250e+01
-1.660833740234375000e+01 -7.140809535980224609e+00 6.990002441406250000e+01
-1.792587661743164062e+01 -7.499773979187011719e+00 7.090020751953125000e+01
-1.855506324768066406e+01 -7.293894290924072266e+00 6.990003967285156250e+01
-1.752585411071777344e+01 -7.436252593994140625e+00 7.100957489013671875e+01
-1.792591094970703125e+01 -7.499811649322509766e+00 7.089999389648437500e+01
-1.755509757995605469e+01 -7.380585193634033203e+00 6.989996337890625000e+01
-1.764381790161132812e+01 -7.431544303894042969e+00 7.159271240234375000e+01
-2.003577995300292969e+01 -7.334315299987792969e+00 6.990000915527343750e+01
-1.468254184722900391e+01 -7.328193664550781250e+00 6.990001678466796875e+01
-1.792588996887207031e+01 -7.499820232391357422e+00 7.090005493164062500e+01
-1.814054870605468750e+01 -7.489492893218994141e+00 6.990004730224609375e+01
-1.752584075927734375e+01 -7.504779815673828125e+00 7.118408966064453125e+01
-1.792588996887207031e+01 -7.499825477600097656e+00 7.089996337890625000e+01
-1.707478523254394531e+01 -7.566221237182617188e+00 6.990011596679687500e+01
-1.790049171447753906e+01 -7.549109935760498047e+00 7.159479522705078125e+01
-1.891120910644531250e+01 -7.627976417541503906e+00 6.990004730224609375e+01
-1.792583084106445312e+01 -7.499823570251464844e+00 7.089995574951171875e+01
-1.792591094970703125e+01 -7.499837398529052734e+00 7.090002441406250000e+01
-1.778634071350097656e+01 -7.654562473297119141e+00 6.990015411376953125e+01
-1.752584457397460938e+01 -7.622760772705078125e+00 7.148085784912109375e+01
-2.227129554748535156e+01 -8.371804237365722656e+00 6.990007781982421875e+01
-1.616085433959960938e+01 -7.940145492553710938e+00 6.989999389648437500e+01
-1.792587661743164062e+01 -7.499858856201171875e+00 7.090009307861328125e+01
-1.885499572753906250e+01 -8.084169387817382812e+00 6.886284637451171875e+01
-1.752584075927734375e+01 -7.622992038726806641e+00 7.106964874267578125e+01
-1.792590522766113281e+01 -7.499847888946533203e+00 7.089997863769531250e+01
-1.745763015747070312e+01 -7.828593254089355469e+00 7.001956939697265625e+01
-1.774628639221191406e+01 -7.753565311431884766e+00 7.159482574462890625e+01
-1.946422004699707031e+01 -8.193249702453613281e+00 6.990014648437500000e+01
-1.193321037292480469e+01 -9.947844505310058594e+00 6.990013885498046875e+01
-1.792590141296386719e+01 -7.499872207641601562e+00 7.090004730224609375e+01
-1.798081398010253906e+01 -7.821783065795898438e+00 7.019448089599609375e+01
-1.752584648132324219e+01 -7.763764858245849609e+00 7.127361297607421875e+01
-2.879451560974121094e+01 -1.304648971557617188e+01 7.079391479492187500e+01
-1.752380561828613281e+01 -7.791327476501464844e+00 7.053881835937500000e+01
-1.792587661743164062e+01 -7.500091075897216797e+00 7.090042114257812500e+01
-1.867706108093261719e+01 -8.251521110534667969e+00 6.990005493164062500e+01
-1.752584266662597656e+01 -7.757742881774902344e+00 7.097473907470703125e+01
-1.792591285705566406e+01 -7.499887943267822266e+00 7.090000915527343750e+01
-1.782249259948730469e+01 -7.770327091217041016e+00 7.052998352050781250e+01
-1.757510375976562500e+01 -8.075405120849609375e+00 7.159167480468750000e+01
-2.058318710327148438e+01 -9.721008300781250000e+00 6.990000152587890625e+01
-1.762341117858886719e+01 -7.768657207489013672e+00 7.077855682373046875e+01
-1.792588233947753906e+01 -7.499926090240478516e+00 7.090006256103515625e+01
-1.803622817993164062e+01 -7.849820613861083984e+00 7.053558349609375000e+01
-1.712892723083496094e+01 -8.400151252746582031e+00 7.137222290039062500e+01
-1.792589569091796875e+01 -7.499892711639404297e+00 7.089997100830078125e+01
-1.778684234619140625e+01 -7.760031700134277344e+00 7.070629882812500000e+01
-1.784266090393066406e+01 -8.312142372131347656e+00 7.159490966796875000e+01
-1.908910369873046875e+01 -9.398055076599121094e+00 6.989997863769531250e+01
-1.772664260864257812e+01 -7.763687610626220703e+00 7.089366149902343750e+01
-1.792590904235839844e+01 -7.499978065490722656e+00 7.090003204345703125e+01
-1.791521644592285156e+01 -7.791707038879394531e+00 7.071047973632812500e+01
-1.740929794311523438e+01 -8.866012573242187500e+00 7.153135681152343750e+01
-1.817291831970214844e+01 -7.959559917449951172e+00 7.086425018310546875e+01
-1.781739807128906250e+01 -7.769152641296386719e+00 7.082607269287109375e+01
-1.792587661743164062e+01 -7.500289440155029297e+00 7.090014648437500000e+01
-1.798351287841796875e+01 -7.823239326477050781e+00 7.079697418212890625e+01
-1.752967071533203125e+01 -8.922430992126464844e+00 7.103061676025390625e+01
-1.792590904235839844e+01 -7.500246524810791016e+00 7.089999389648437500e+01
-1.792583084106445312e+01 -7.533522129058837891e+00 7.089995574951171875e+01
