1.767486381530761719e+01 5.030296802520751953e+00 7.090005493164062500e+01
1.622044181823730469e+01 1.456893634796142578e+01 7.223242187500000000e+01
1.774848747253417969e+01 7.777363300323486328e+00 7.006114959716796875e+01
1.807488250732421875e+01 6.706878185272216797e+00 7.142180633544921875e+01
1.357235050201416016e+01 1.462977027893066406e+01 7.017437744140625000e+01
1.924685859680175781e+01 8.729686737060546875e+00 6.990007781982421875e+01
1.728643035888671875e+01 7.660788059234619141e+00 7.234500885009765625e+01
1.715546417236328125e+01 6.792710781097412109e+00 6.989998626708984375e+01
1.807486152648925781e+01 5.560415744781494141e+00 7.104613494873046875e+01
1.417444610595703125e+01 1.029431343078613281e+01 7.234497833251953125e+01
1.814281272888183594e+01 6.367252826690673828e+00 6.990007781982421875e+01
1.789282417297363281e+01 5.806632995605468750e+00 7.159494781494140625e+01
1.594953250885009766e+01 7.219803333282470703e+00 6.990019226074218750e+01
1.771092796325683594e+01 4.945748805999755859e+00 7.089212799072265625e+01
1.665902709960937500e+01 6.723103523254394531e+00 7.234497833251953125e+01
1.754528045654296875e+01 5.885483741760253906e+00 6.990006256103515625e+01
1.807486343383789062e+01 5.386328220367431641e+00 7.123717498779296875e+01
6.535205841064453125e+00 1.461042499542236328e+01 7.136071777343750000e+01
1.867981719970703125e+01 6.075037479400634766e+00 6.989999389648437500e+01
1.760805130004882812e+01 6.037003993988037109e+00 7.234495544433593750e+01
1.684031867980957031e+01 5.872119903564453125e+00 6.989999389648437500e+01
1.807487106323242188e+01 5.189658641815185547e+00 7.095387268066406250e+01
1.559815502166748047e+01 6.595817089080810547e+00 7.234497833251953125e+01
1.789984703063964844e+01 5.555163860321044922e+00 6.989997863769531250e+01
1.807296371459960938e+01 5.386702537536621094e+00 7.159479522705078125e+01
1.455183887481689453e+01 6.772691726684570312e+00 6.990372467041015625e+01
1.983913421630859375e+01 6.191453456878662109e+00 6.990010833740234375e+01
1.707016944885253906e+01 5.704748630523681641e+00 7.234494018554687500e+01
1.731518363952636719e+01 5.417887687683105469e+00 6.990005493164062500e+01
1.807487487792968750e+01 5.111048698425292969e+00 7.111029052734375000e+01
1.219339942932128906e+01 7.335030555725097656e+00 7.234494781494140625e+01
1.894199943542480469e+01 5.849484920501708984e+00 6.892936706542968750e+01
1.779426956176757812e+01 5.171879768371582031e+00 7.159484100341796875e+01
1.638353919982910156e+01 5.482899188995361328e+00 6.989997863769531250e+01
1.772281074523925781e+01 4.921302795410156250e+00 7.089608001708984375e+01
1.633821296691894531e+01 5.508473396301269531e+00 7.234493255615234375e+01
1.767974281311035156e+01 5.188924312591552734e+00 6.990003204345703125e+01
1.807487869262695312e+01 5.060820102691650391e+00 7.134101104736328125e+01
6.923464775085449219e+00 7.484511375427246094e+00 6.990361785888671875e+01
1.899249267578125000e+01 5.264491558074951172e+00 6.990002441406250000e+01
1.741201210021972656e+01 5.192627906799316406e+00 7.234492492675781250e+01
1.704559135437011719e+01 5.111382484436035156e+00 6.990007781982421875e+01
1.807488059997558594e+01 4.969017505645751953e+00 7.100968170166015625e+01
1.485935688018798828e+01 5.324624538421630859e+00 7.234492492675781250e+01
1.804562187194824219e+01 5.024686813354492188e+00 6.989999389648437500e+01
1.795770072937011719e+01 4.973918914794921875e+00 7.159483337402343750e+01
1.556458377838134766e+01 5.070974826812744141e+00 6.989995574951171875e+01
2.091848945617675781e+01 5.077088356018066406e+00 6.990000915527343750e+01
1.682809638977050781e+01 4.956212043762207031e+00 7.234491729736328125e+01
1.746012496948242188e+01 4.915771961212158203e+00 6.990005493164062500e+01
1.807488441467285156e+01 4.900483608245849609e+00 7.118421173095703125e+01
6.082016468048095703e+00 4.551261425018310547e+00 7.234484863281250000e+01
1.852611923217773438e+01 4.839025974273681641e+00 6.989996337890625000e+01
1.770020103454589844e+01 4.856157779693603516e+00 7.159484863281250000e+01
1.668943405151367188e+01 4.777280807495117188e+00 6.990009307861328125e+01
1.807488441467285156e+01 4.860658168792724609e+00 7.092050933837890625e+01
1.592618370056152344e+01 4.604972839355468750e+00 7.234490203857421875e+01
1.781438446044921875e+01 4.750668525695800781e+00 6.990003967285156250e+01
1.807490158081054688e+01 4.782487392425537109e+00 7.148103332519531250e+01
1.332839298248291016e+01 4.033257961273193359e+00 6.989994049072265625e+01
1.943985557556152344e+01 4.465115070343017578e+00 6.990007781982421875e+01
1.720614051818847656e+01 4.542620658874511719e+00 7.234490203857421875e+01
1.721875762939453125e+01 4.618597984313964844e+00 6.990008544921875000e+01
1.807489013671875000e+01 4.782260417938232422e+00 7.106976318359375000e+01
1.359554386138916016e+01 3.579593181610107422e+00 7.234486389160156250e+01
1.820670318603515625e+01 4.531983852386474609e+00 6.990000915527343750e+01
1.785439491271972656e+01 4.651717662811279297e+00 7.159487152099609375e+01
1.613628196716308594e+01 4.211927413940429688e+00 6.990011596679687500e+01
2.366945648193359375e+01 2.456613779067993164e+00 6.989990997314453125e+01
1.654458808898925781e+01 4.119217872619628906e+00 7.234488677978515625e+01
1.759692573547363281e+01 4.449069499969482422e+00 6.990006256103515625e+01
1.807489013671875000e+01 4.641470432281494141e+00 7.127375793457031250e+01
1.878809356689453125e+01 4.098249912261962891e+00 6.990004730224609375e+01
1.753384590148925781e+01 4.078535079956054688e+00 7.234488677978515625e+01
1.692360496520996094e+01 4.153713703155517578e+00 6.990011596679687500e+01
1.807488250732421875e+01 4.647501468658447266e+00 7.097484588623046875e+01
1.535383319854736328e+01 3.078711986541748047e+00 7.234489440917968750e+01
1.795417594909667969e+01 4.174294471740722656e+00 6.990004730224609375e+01
1.802715110778808594e+01 4.327299594879150391e+00 7.159484863281250000e+01
1.501726531982421875e+01 2.684053659439086914e+00 6.990000915527343750e+01
2.016601943969726562e+01 2.690951585769653320e+00 6.990007781982421875e+01
1.698148155212402344e+01 3.510436773300170898e+00 7.234487915039062500e+01
1.737189865112304688e+01 3.944933176040649414e+00 6.990009307861328125e+01
1.807487297058105469e+01 4.453517913818359375e+00 7.113710784912109375e+01
1.078260231018066406e+01 -2.341526985168457031e+00 7.234495544433593750e+01
1.839260673522949219e+01 3.561717033386230469e+00 6.990002441406250000e+01
1.775802421569824219e+01 4.093225002288818359e+00 7.159492492675781250e+01
1.651163101196289062e+01 3.007274627685546875e+00 6.990010833740234375e+01
1.780785179138183594e+01 4.729271411895751953e+00 7.089585113525390625e+01
1.619431495666503906e+01 1.961574912071228027e+00 7.234492492675781250e+01
1.773088645935058594e+01 3.364928483963012695e+00 6.990004730224609375e+01
1.807486534118652344e+01 3.847465753555297852e+00 7.138900756835937500e+01
1.075476360321044922e+01 -7.970283031463623047e+00 6.990013122558593750e+01
1.914250755310058594e+01 1.260035634040832520e+00 6.990001678466796875e+01
1.733496856689453125e+01 1.440870761871337891e+00 7.234494018554687500e+01
1.711469841003417969e+01 1.764654040336608887e+00 6.989999389648437500e+01
1.807488059997558594e+01 3.468982219696044922e+00 7.103198242187500000e+01
1.692198944091796875e+01 8.603069186210632324e-01 7.123902893066406250e+01
1.767486381530761719e+01 4.901126384735107422e+00 7.090005493164062500e+01
