-3.649710893630981445e+00 -3.529362976551055908e-01 7.089994049072265625e+01
-3.779149055480957031e+00 4.002900123596191406e-01 7.101851654052734375e+01
-3.561947345733642578e+00 2.963751077651977539e+00 6.989991760253906250e+01
-3.458738565444946289e+00 4.002979099750518799e-01 7.114903259277343750e+01
-3.674889564514160156e+00 -4.000435471534729004e-01 7.089548492431640625e+01
-2.077581882476806641e+00 3.364845752716064453e+00 6.989987945556640625e+01
-3.770952701568603516e+00 4.003022611141204834e-01 7.135095214843750000e+01
-4.169076919555664062e+00 1.427423596382141113e+00 6.989993286132812500e+01
-3.124482631683349609e+00 4.003098011016845703e-01 7.109175109863281250e+01
-4.208351612091064453e+00 4.002987146377563477e-01 7.113053894042968750e+01
-3.181741237640380859e+00 1.002154588699340820e+00 6.989991760253906250e+01
-3.441704273223876953e+00 4.003112018108367920e-01 7.156309509277343750e+01
-5.375194072723388672e+00 1.854840636253356934e+00 6.989998626708984375e+01
8.986915946006774902e-01 4.623980522155761719e+00 6.989998626708984375e+01
-4.130358695983886719e+00 4.003094434738159180e-01 7.158361053466796875e+01
-3.779297113418579102e+00 5.203362703323364258e-01 6.989993286132812500e+01
-2.934358835220336914e+00 4.002844989299774170e-01 7.150283813476562500e+01
-4.636878013610839844e+00 4.003045856952667236e-01 7.094076538085937500e+01
-2.644790410995483398e+00 7.098324298858642578e-01 6.989990997314453125e+01
-3.681849479675292969e+00 8.458154648542404175e-02 7.159497070312500000e+01
-4.484196186065673828e+00 5.068844556808471680e-01 6.989994812011718750e+01
-2.441018819808959961e+00 3.990893065929412842e-01 7.106256866455078125e+01
-4.648533344268798828e+00 3.532847166061401367e-01 7.159489440917968750e+01
-3.424741744995117188e+00 1.899560540914535522e-01 6.989993286132812500e+01
-3.251476526260375977e+00 2.169894054532051086e-02 7.159490966796875000e+01
-6.783867835998535156e+00 1.414181828498840332e+00 6.990006256103515625e+01
-1.485281586647033691e+00 8.263818025588989258e-01 6.989991760253906250e+01
-3.940574645996093750e+00 -7.525064051151275635e-02 7.159494781494140625e+01
-4.009389877319335938e+00 5.272024869918823242e-02 6.989994049072265625e+01
-2.327635765075683594e+00 2.198311984539031982e-01 7.159478759765625000e+01
-5.590063571929931641e+00 4.003114998340606689e-01 7.141140747070312500e+01
-3.006707668304443359e+00 1.932636462152004242e-02 6.989992523193359375e+01
-3.530272245407104492e+00 -1.932126283645629883e-01 7.159491729736328125e+01
-4.940916061401367188e+00 1.176797822117805481e-01 6.989995574951171875e+01
8.420783042907714844e+00 3.533703327178955078e+00 6.989992523193359375e+01
-4.292599678039550781e+00 -1.696846485137939453e-01 7.159488677978515625e+01
-3.644832611083984375e+00 -1.762469112873077393e-01 6.989993286132812500e+01
-3.019274234771728516e+00 -2.148418724536895752e-01 7.159490203857421875e+01
-1.443867874145507812e+01 2.128357648849487305e+00 6.990002441406250000e+01
-2.332087039947509766e+00 -1.006758064031600952e-01 6.989990997314453125e+01
-3.776135921478271484e+00 -3.215956687927246094e-01 7.159488677978515625e+01
-4.278995037078857422e+00 -2.537792325019836426e-01 6.989994812011718750e+01
-1.113849043846130371e+00 -5.668302997946739197e-02 7.159491729736328125e+01
-5.003930568695068359e+00 -2.581038475036621094e-01 7.159490203857421875e+01
-3.278969287872314453e+00 -3.404845297336578369e-01 6.989992523193359375e+01
-3.366813182830810547e+00 -3.912321627140045166e-01 7.159487152099609375e+01
-5.759705066680908203e+00 -2.942135930061340332e-01 6.989997863769531250e+01
-4.063731729984283447e-01 -2.880929708480834961e-01 6.989998626708984375e+01
-3.649710893630981445e+00 -4.597255289554595947e-01 7.089994049072265625e+01
-3.864449024200439453e+00 -4.493937492370605469e-01 6.989994049072265625e+01
-2.671416521072387695e+00 -4.718473255634307861e-01 7.159487152099609375e+01
-9.226161956787109375e+00 -6.300944089889526367e-01 7.159492492675781250e+01
-2.798518180847167969e+00 -5.261347889900207520e-01 6.989992523193359375e+01
-3.624369144439697266e+00 -5.090171098709106445e-01 7.159485626220703125e+01
-4.635166168212890625e+00 -5.878885388374328613e-01 6.989995574951171875e+01
-7.675644755363464355e-02 -8.597158193588256836e-01 7.108262634277343750e+01
-4.490893840789794922e+00 -6.042620539665222168e-01 7.159497070312500000e+01
-3.510191440582275391e+00 -6.144959926605224609e-01 6.989993286132812500e+01
-3.171284198760986328e+00 -6.067714691162109375e-01 7.159476470947265625e+01
-7.995386123657226562e+00 -1.331748008728027344e+00 6.990000915527343750e+01
-3.185298442840576172e-01 -1.290779829025268555e+00 6.901262664794921875e+01
-3.875164031982421875e+00 -6.342399716377258301e-01 7.159490203857421875e+01
-4.105826854705810547e+00 -7.465735077857971191e-01 6.989994812011718750e+01
-2.350707769393920898e+00 -8.597268462181091309e-01 7.145104217529296875e+01
-4.880374908447265625e+00 -8.597120046615600586e-01 7.133581542968750000e+01
-3.117891788482666016e+00 -8.331680893898010254e-01 6.989993286132812500e+01
-3.470173597335815430e+00 -7.134569287300109863e-01 7.159477996826171875e+01
-5.188353538513183594e+00 -1.153265357017517090e+00 6.989996337890625000e+01
2.309268236160278320e+00 -2.894003629684448242e+00 6.990573883056640625e+01
-4.193450450897216797e+00 -8.379520773887634277e-01 7.159500122070312500e+01
-3.727555751800537109e+00 -9.155540466308593750e-01 6.990113830566406250e+01
-3.043548107147216797e+00 -8.597205281257629395e-01 7.146620941162109375e+01
-2.879360580444335938e+01 -1.329152584075927734e+01 7.065461730957031250e+01
-1.530248880386352539e+00 -1.996523380279541016e+00 6.899603271484375000e+01
-3.717537403106689453e+00 -8.574464321136474609e-01 7.159487152099609375e+01
-5.040043354034423828e+00 -1.850922822952270508e+00 6.904938507080078125e+01
-3.029391288757324219e+00 -8.597178459167480469e-01 7.101592254638671875e+01
-4.157945632934570312e+00 -8.597232699394226074e-01 7.121631622314453125e+01
-3.370398998260498047e+00 -1.190868854522705078e+00 6.989993286132812500e+01
-3.405978918075561523e+00 -8.597161769866943359e-01 7.138063812255859375e+01
-6.307064056396484375e+00 -2.680907011032104492e+00 6.989998626708984375e+01
-1.158594608306884766e+00 -2.674178600311279297e+00 6.989997863769531250e+01
-3.848528861999511719e+00 -8.597238659858703613e-01 7.131422424316406250e+01
-3.952686548233032227e+00 -1.420264363288879395e+00 6.989994049072265625e+01
-3.295666933059692383e+00 -8.597184419631958008e-01 7.110975646972656250e+01
-4.030129909515380859e+00 -8.597226738929748535e-01 7.097969055175781250e+01
-2.931985139846801758e+00 -1.803417563438415527e+00 6.989993286132812500e+01
-3.608757019042968750e+00 -8.597184419631958008e-01 7.124214172363281250e+01
-4.812979698181152344e+00 -2.357950448989868164e+00 6.989996337890625000e+01
6.980708599090576172e+00 -1.454187679290771484e+01 7.056419372558593750e+01
-3.850880146026611328e+00 -8.597224354743957520e-01 7.109626007080078125e+01
-3.593688011169433594e+00 -2.000229835510253906e+00 6.989994049072265625e+01
-3.498480319976806641e+00 -8.597190976142883301e-01 7.108480072021484375e+01
-1.056978034973144531e+01 -1.333539199829101562e+01 6.990002441406250000e+01
-2.182139396667480469e+00 -4.104951858520507812e+00 6.989994812011718750e+01
-3.688952922821044922e+00 -8.597202897071838379e-01 7.106675720214843750e+01
-4.209831237792968750e+00 -3.600253820419311523e+00 6.989996337890625000e+01
-3.538322448730468750e+00 -8.597205281257629395e-01 7.093667602539062500e+01
-3.724157571792602539e+00 -8.597216010093688965e-01 7.093345642089843750e+01
-3.649710893630981445e+00 -8.261735439300537109e-01 7.089994049072265625e+01
