-1.792584037780761719e+01 -7.561455726623535156e+00 7.089995574951171875e+01
-1.792594337463378906e+01 -7.733569622039794922e+00 7.090004730224609375e+01
-1.783808708190917969e+01 -4.311185359954833984e+00 6.990005493164062500e+01
-1.752586555480957031e+01 -5.933008193969726562e+00 7.142165374755859375e+01
-2.356210899353027344e+01 5.625592708587646484e+00 6.990297698974609375e+01
-1.635394477844238281e+01 -3.910247087478637695e+00 6.990004730224609375e+01
-1.792587852478027344e+01 -7.733986377716064453e+00 7.090009307861328125e+01
-1.844514846801757812e+01 -5.847310066223144531e+00 6.990005493164062500e+01
-1.752586364746093750e+01 -7.079307556152343750e+00 7.104602813720703125e+01
-1.792594528198242188e+01 -7.734087944030761719e+00 7.090000152587890625e+01
-1.745791053771972656e+01 -6.272492885589599609e+00 6.990001678466796875e+01
-1.770785713195800781e+01 -6.832964897155761719e+00 7.159491729736328125e+01
-2.123827171325683594e+01 -3.290947914123535156e+00 6.898033142089843750e+01
-1.337787914276123047e+01 -2.651037216186523438e+00 6.990010070800781250e+01
-1.792592430114746094e+01 -7.734099864959716797e+00 7.090007781982421875e+01
-1.805541229248046875e+01 -6.754292964935302734e+00 6.990005493164062500e+01
-1.752584838867187500e+01 -7.253373622894287109e+00 7.123706817626953125e+01
-1.792591667175292969e+01 -7.734184741973876953e+00 7.089995574951171875e+01
-1.692094039916992188e+01 -6.564715862274169922e+00 6.989994812011718750e+01
-1.792592239379882812e+01 -7.732872962951660156e+00 7.090171813964843750e+01
-1.876028060913085938e+01 -6.767692565917968750e+00 6.990001678466796875e+01
-1.752585601806640625e+01 -7.450049400329589844e+00 7.095377349853515625e+01
-1.792594909667968750e+01 -7.734162330627441406e+00 7.090003204345703125e+01
-1.770088958740234375e+01 -7.084624767303466797e+00 6.990003204345703125e+01
-1.753076744079589844e+01 -7.256649017333984375e+00 7.158940887451171875e+01
-2.106020164489746094e+01 -5.860220909118652344e+00 6.990000915527343750e+01
-1.576150894165039062e+01 -6.448201656341552734e+00 6.989997863769531250e+01
-1.792589759826660156e+01 -7.734175682067871094e+00 7.090009307861328125e+01
-1.828550720214843750e+01 -7.221820831298828125e+00 6.989998626708984375e+01
-1.752584266662597656e+01 -7.528649330139160156e+00 7.111018371582031250e+01
-1.792593765258789062e+01 -7.734207153320312500e+00 7.089997863769531250e+01
-1.728286933898925781e+01 -7.255223274230957031e+00 6.989998626708984375e+01
-1.780641746520996094e+01 -7.467774868011474609e+00 7.159484100341796875e+01
-1.921685981750488281e+01 -7.156928539276123047e+00 6.990011596679687500e+01
-5.880764961242675781e+00 -3.749231100082397461e+00 6.990204620361328125e+01
-1.792593765258789062e+01 -7.734206676483154297e+00 7.090006256103515625e+01
-1.792096328735351562e+01 -7.450822830200195312e+00 6.990013122558593750e+01
-1.752584075927734375e+01 -7.578876495361328125e+00 7.134089660644531250e+01
-2.871513366699218750e+01 -5.146089076995849609e+00 6.990000915527343750e+01
-1.660842704772949219e+01 -7.375258445739746094e+00 6.990008544921875000e+01
-1.792592239379882812e+01 -7.734161376953125000e+00 7.090040588378906250e+01
-1.855503273010253906e+01 -7.528334140777587891e+00 6.990010833740234375e+01
-1.752584266662597656e+01 -7.670676231384277344e+00 7.100957489013671875e+01
-1.792594909667968750e+01 -7.734234333038330078e+00 7.090000915527343750e+01
-1.755511856079101562e+01 -7.615015983581542969e+00 6.989999389648437500e+01
-1.764293861389160156e+01 -7.665756225585937500e+00 7.159489440917968750e+01
-2.003580474853515625e+01 -7.568740844726562500e+00 6.990000152587890625e+01
-1.468259429931640625e+01 -7.562623023986816406e+00 6.990003204345703125e+01
-1.792591476440429688e+01 -7.734246253967285156e+00 7.090008544921875000e+01
-1.814053153991699219e+01 -7.723920822143554688e+00 6.990017700195312500e+01
-1.752584457397460938e+01 -7.739206790924072266e+00 7.118409729003906250e+01
-1.792592620849609375e+01 -7.734252929687500000e+00 7.089996337890625000e+01
-1.765736198425292969e+01 -7.755197048187255859e+00 7.058453369140625000e+01
-1.790050506591796875e+01 -7.783530235290527344e+00 7.159470367431640625e+01
-1.891124916076660156e+01 -7.862407684326171875e+00 6.990001678466796875e+01
-1.792584037780761719e+01 -7.734250545501708984e+00 7.089995574951171875e+01
-1.792594528198242188e+01 -7.734268665313720703e+00 7.090003967285156250e+01
-1.788113784790039062e+01 -7.783839702606201172e+00 7.057955169677734375e+01
-1.744741821289062500e+01 -7.881294727325439453e+00 7.159477233886718750e+01
-2.227124786376953125e+01 -8.606219291687011719e+00 6.990008544921875000e+01
-1.781008148193359375e+01 -7.763129711151123047e+00 7.083437347412109375e+01
-1.792588424682617188e+01 -7.734285354614257812e+00 7.090009307861328125e+01
-1.884832572937011719e+01 -8.314394950866699219e+00 6.887748718261718750e+01
-1.732599830627441406e+01 -7.918959617614746094e+00 7.115444183349609375e+01
-1.792594337463378906e+01 -7.734283924102783203e+00 7.089999389648437500e+01
-1.786161613464355469e+01 -7.779348850250244141e+00 7.077919006347656250e+01
-1.774630546569824219e+01 -7.987977504730224609e+00 7.159478759765625000e+01
-1.946426963806152344e+01 -8.427694320678710938e+00 6.990011596679687500e+01
-1.783209609985351562e+01 -7.772545814514160156e+00 7.088431549072265625e+01
-1.792593002319335938e+01 -7.734313011169433594e+00 7.090007019042968750e+01
-1.793703269958496094e+01 -7.799786090850830078e+00 7.075635528564453125e+01
-1.718194007873535156e+01 -8.225135803222656250e+00 7.159490203857421875e+01
-2.879760169982910156e+01 -1.328248691558837891e+01 7.079388427734375000e+01
-1.786315155029296875e+01 -7.779706001281738281e+00 7.084364318847656250e+01
-1.792592239379882812e+01 -7.734730243682861328e+00 7.090079498291015625e+01
-1.802958488464355469e+01 -7.838059902191162109e+00 7.076187133789062500e+01
-1.714289474487304688e+01 -8.239107131958007812e+00 7.104634094238281250e+01
-1.792594909667968750e+01 -7.734336376190185547e+00 7.090002441406250000e+01
-1.790480613708496094e+01 -7.789312362670898438e+00 7.082464599609375000e+01
-1.757350921630859375e+01 -8.312464714050292969e+00 7.159484100341796875e+01
-2.058307647705078125e+01 -9.955333709716796875e+00 6.990004730224609375e+01
-1.787232398986816406e+01 -7.781823635101318359e+00 7.087847137451171875e+01
-1.792590332031250000e+01 -7.734378814697265625e+00 7.090008544921875000e+01
-1.794830703735351562e+01 -7.805476665496826172e+00 7.082580566406250000e+01
-1.717390823364257812e+01 -8.583770751953125000e+00 7.134557342529296875e+01
-1.792593383789062500e+01 -7.734348773956298828e+00 7.089997863769531250e+01
-1.789734649658203125e+01 -7.787594318389892578e+00 7.086025238037109375e+01
-1.784304428100585938e+01 -8.542911529541015625e+00 7.159178161621093750e+01
-1.797897148132324219e+01 -7.820949077606201172e+00 7.085428619384765625e+01
-1.788731575012207031e+01 -7.785283088684082031e+00 7.089874267578125000e+01
-1.792594146728515625e+01 -7.734451293945312500e+00 7.090005493164062500e+01
-1.792367935180664062e+01 -7.793667793273925781e+00 7.086138916015625000e+01
-1.748360443115234375e+01 -8.903929710388183594e+00 7.144053649902343750e+01
-1.796937370300292969e+01 -7.815249919891357422e+00 7.089366912841796875e+01
-1.790376663208007812e+01 -7.789076328277587891e+00 7.088491821289062500e+01
-1.792587280273437500e+01 -7.734583854675292969e+00 7.090009307861328125e+01
-1.793757820129394531e+01 -7.800065040588378906e+00 7.087899780273437500e+01
-1.758940505981445312e+01 -8.942385673522949219e+00 7.101091766357421875e+01
-1.792594718933105469e+01 -7.734826087951660156e+00 7.090000152587890625e+01
-1.792584037780761719e+01 -7.794054031372070312e+00 7.089995574951171875e+01
