1.816850662231445312e+01 -3.997012972831726074e-01 7.089495849609375000e+01
1.807489204406738281e+01 -7.214606761932373047e+00 7.098071289062500000e+01
1.825582504272460938e+01 -4.430494785308837891e+00 6.990001678466796875e+01
1.928021430969238281e+01 -2.830144166946411133e+00 7.234498596191406250e+01
1.254377174377441406e+01 5.495905876159667969e+00 6.990002441406250000e+01
1.973257827758789062e+01 -4.031630516052246094e+00 6.990002441406250000e+01
1.807633399963378906e+01 -7.182768821716308594e+00 7.123783874511718750e+01
1.715946388244628906e+01 -4.170181274414062500e+00 6.895211029052734375e+01
2.213882637023925781e+01 -1.335397362709045410e+00 7.234490966796875000e+01
1.807485771179199219e+01 -7.692428588867187500e+00 7.093361663818359375e+01
1.863408660888671875e+01 -6.382182121276855469e+00 6.990003967285156250e+01
1.862332153320312500e+01 -5.956095218658447266e+00 7.234497833251953125e+01
1.645161056518554688e+01 -5.533551216125488281e+00 6.989997863769531250e+01
2.269367790222167969e+01 -2.778857469558715820e+00 6.990010833740234375e+01
1.807719230651855469e+01 -7.673208713531494141e+00 7.102484130859375000e+01
1.790008926391601562e+01 -5.806563854217529297e+00 6.882360839843750000e+01
1.988896942138671875e+01 -5.768225669860839844e+00 7.234496307373046875e+01
1.816850662231445312e+01 -7.836599349975585938e+00 7.089495849609375000e+01
1.916827011108398438e+01 -6.673043727874755859e+00 6.990006256103515625e+01
1.810145568847656250e+01 -6.701019287109375000e+00 7.234498596191406250e+01
1.733825492858886719e+01 -6.874893188476562500e+00 6.990003967285156250e+01
2.859360313415527344e+01 -4.292308390140533447e-01 7.229763793945312500e+01
1.807485389709472656e+01 -7.760368824005126953e+00 7.096012115478515625e+01
1.839235496520996094e+01 -7.190155506134033203e+00 6.989993286132812500e+01
1.899939918518066406e+01 -6.832136154174804688e+00 7.234497833251953125e+01
1.504995059967041016e+01 -5.972020149230957031e+00 6.990005493164062500e+01
2.031631851196289062e+01 -6.560366630554199219e+00 6.990261840820312500e+01
1.807485580444335938e+01 -7.712809085845947266e+00 7.111872863769531250e+01
1.742253875732421875e+01 -6.773794651031494141e+00 6.882097625732421875e+01
2.092740058898925781e+01 -6.418506145477294922e+00 7.234495544433593750e+01
1.807450485229492188e+01 -7.794933795928955078e+00 7.091973876953125000e+01
1.880830955505371094e+01 -7.359931945800781250e+00 6.989991760253906250e+01
1.841770744323730469e+01 -7.280539989471435547e+00 7.234497833251953125e+01
1.807221984863281250e+01 -7.793541431427001953e+00 7.082038879394531250e+01
2.877272033691406250e+01 -4.328277587890625000e+00 7.001641845703125000e+01
1.807477951049804688e+01 -7.794313907623291016e+00 7.099627685546875000e+01
1.817336082458496094e+01 -7.554561138153076172e+00 6.990003204345703125e+01
1.948388481140136719e+01 -7.325660705566406250e+00 7.234497070312500000e+01
1.786277961730957031e+01 -7.763260841369628906e+00 7.086662292480468750e+01
1.947941017150878906e+01 -7.479381084442138672e+00 6.990003204345703125e+01
1.807485008239746094e+01 -7.734272480010986328e+00 7.140977478027343750e+01
1.800931930541992188e+01 -7.784502029418945312e+00 7.064199829101562500e+01
2.345915222167968750e+01 -6.995719432830810547e+00 7.234490203857421875e+01
1.767485237121582031e+01 -7.763102054595947266e+00 7.114829254150390625e+01
1.853734970092773438e+01 -7.717969417572021484e+00 6.990007019042968750e+01
1.875879478454589844e+01 -7.693682670593261719e+00 7.234498596191406250e+01
1.767454528808593750e+01 -7.797852039337158203e+00 7.066085815429687500e+01
2.139505958557128906e+01 -7.665854930877685547e+00 6.990017700195312500e+01
1.775831985473632812e+01 -7.812004566192626953e+00 7.159487152099609375e+01
1.774037551879882812e+01 -7.816000461578369141e+00 6.890122222900390625e+01
2.020977973937988281e+01 -7.861892223358154297e+00 7.234498596191406250e+01
1.755358505249023438e+01 -7.855386257171630859e+00 7.097159576416015625e+01
1.901533699035644531e+01 -7.902667999267578125e+00 6.990007019042968750e+01
1.819403076171875000e+01 -7.886246204376220703e+00 7.159488677978515625e+01
1.747342681884765625e+01 -7.926997661590576172e+00 7.018962860107421875e+01
2.861223220825195312e+01 -9.005768775939941406e+00 7.142895507812500000e+01
1.742443656921386719e+01 -7.964449405670166016e+00 7.150974273681640625e+01
1.840899276733398438e+01 -8.103373527526855469e+00 6.917127227783203125e+01
1.916695022583007812e+01 -8.143474578857421875e+00 7.234500885009765625e+01
1.740471839904785156e+01 -7.989864349365234375e+00 7.071921539306640625e+01
1.992440986633300781e+01 -8.274657249450683594e+00 6.990013122558593750e+01
1.794240379333496094e+01 -8.011616706848144531e+00 7.159192657470703125e+01
1.728498077392578125e+01 -8.392242431640625000e+00 6.895790863037109375e+01
2.158644676208496094e+01 -8.889083862304687500e+00 7.234502410888671875e+01
1.733310699462890625e+01 -8.108118057250976562e+00 7.119084167480468750e+01
1.825276947021484375e+01 -7.895768165588378906e+00 7.073651885986328125e+01
1.834937858581542969e+01 -8.092218399047851562e+00 7.159497070312500000e+01
1.729016113281250000e+01 -8.232511520385742188e+00 7.032411193847656250e+01
2.413252449035644531e+01 -1.027293586730957031e+01 6.989991760253906250e+01
1.762099647521972656e+01 -8.217449188232421875e+00 7.159484100341796875e+01
1.801516723632812500e+01 -8.734490394592285156e+00 6.892751312255859375e+01
1.972072219848632812e+01 -8.860877037048339844e+00 7.234502410888671875e+01
1.728123092651367188e+01 -8.289406776428222656e+00 7.088629913330078125e+01
1.825182723999023438e+01 -7.897014141082763672e+00 7.082011413574218750e+01
1.810018920898437500e+01 -8.237194061279296875e+00 7.159490966796875000e+01
1.735260772705078125e+01 -8.653005599975585938e+00 6.980898284912109375e+01
2.592431449890136719e+01 -1.283767223358154297e+01 7.234502410888671875e+01
1.729921913146972656e+01 -8.520756721496582031e+00 7.143608856201171875e+01
1.844217872619628906e+01 -8.552978515625000000e+00 6.991514587402343750e+01
1.847282028198242188e+01 -8.336010932922363281e+00 7.149514007568359375e+01
1.730843353271484375e+01 -8.555501937866210938e+00 7.057131958007812500e+01
1.832253456115722656e+01 -7.973521232604980469e+00 7.083312988281250000e+01
1.783445930480957031e+01 -8.508665084838867188e+00 7.159102630615234375e+01
1.781746482849121094e+01 -8.949526786804199219e+00 6.973631286621093750e+01
1.840883255004882812e+01 -8.108115196228027344e+00 7.103738403320312500e+01
1.736916351318359375e+01 -8.677081108093261719e+00 7.106253051757812500e+01
1.846906089782714844e+01 -8.399283409118652344e+00 7.047619628906250000e+01
1.825226783752441406e+01 -8.654698371887207031e+00 7.159486389160156250e+01
1.754310417175292969e+01 -8.857132911682128906e+00 7.035734558105468750e+01
1.844062995910644531e+01 -8.197082519531250000e+00 7.088636016845703125e+01
1.763093948364257812e+01 -8.905478477478027344e+00 7.141957092285156250e+01
1.820564460754394531e+01 -8.857833862304687500e+00 7.023203277587890625e+01
1.844105529785156250e+01 -8.557470321655273438e+00 7.122811889648437500e+01
1.760142517089843750e+01 -8.891726493835449219e+00 7.081301879882812500e+01
1.844798278808593750e+01 -8.530774116516113281e+00 7.070452880859375000e+01
1.806138420104980469e+01 -8.928499221801757812e+00 7.135033416748046875e+01
1.796967887878417969e+01 -8.951401710510253906e+00 7.053999328613281250e+01
1.839665412902832031e+01 -8.655875205993652344e+00 7.097020721435546875e+01
1.796117401123046875e+01 -8.950577735900878906e+00 7.098830413818359375e+01
1.816850662231445312e+01 -8.878155708312988281e+00 7.089495849609375000e+01
