-1.634848713874816895e+00 4.602977633476257324e-01 7.089990234375000000e+01
-1.643710970878601074e+00 4.591771662235260010e-01 7.090802001953125000e+01
-1.547086000442504883e+00 3.823742151260375977e+00 6.989989471435546875e+01
-1.621524691581726074e+00 4.602979123592376709e-01 7.091728210449218750e+01
-1.660022497177124023e+00 4.599649310111999512e-01 7.089544677734375000e+01
-6.287967413663864136e-02 4.224476814270019531e+00 6.989994812011718750e+01
-1.643307447433471680e+00 4.602966904640197754e-01 7.093136596679687500e+01
-2.154217243194580078e+00 2.287452697753906250e+00 6.989988708496093750e+01
-1.598203778266906738e+00 4.602989554405212402e-01 7.091328430175781250e+01
-1.673823237419128418e+00 4.602957963943481445e-01 7.091599273681640625e+01
-6.854648590087890625e-01 3.366053819656372070e+00 6.887112426757812500e+01
-1.620336651802062988e+00 4.602973163127899170e-01 7.094616699218750000e+01
-3.360409975051879883e+00 2.714965581893920898e+00 6.989990234375000000e+01
2.913174867630004883e+00 5.483577251434326172e+00 6.990003204345703125e+01
-1.668381214141845703e+00 4.602953195571899414e-01 7.094760131835937500e+01
-1.892405033111572266e+00 2.348195791244506836e+00 6.891236114501953125e+01
-1.584937572479248047e+00 4.602988362312316895e-01 7.094197082519531250e+01
-1.703563451766967773e+00 4.601597189903259277e-01 7.090274047851562500e+01
-6.299863457679748535e-01 1.569785118103027344e+00 6.989993286132812500e+01
-1.638391494750976562e+00 4.602958559989929199e-01 7.097651672363281250e+01
-2.469341278076171875e+00 1.366913199424743652e+00 6.989990234375000000e+01
-1.550396203994750977e+00 4.603009521961212158e-01 7.091126251220703125e+01
-1.708560228347778320e+00 4.602935910224914551e-01 7.095118713378906250e+01
-1.198816180229187012e+00 1.659499645233154297e+00 6.896169281005859375e+01
-1.585214138031005859e+00 4.602978229522705078e-01 7.098651885986328125e+01
-4.769172668457031250e+00 2.274301767349243164e+00 6.989997100830078125e+01
5.293955802917480469e-01 1.686292171478271484e+00 6.989996337890625000e+01
-1.680239081382751465e+00 4.602934420108795166e-01 7.100836181640625000e+01
-1.994526028633117676e+00 9.127381443977355957e-01 6.989990997314453125e+01
-1.518106460571289062e+00 4.603011310100555420e-01 7.096125793457031250e+01
-1.757842540740966797e+00 4.548102021217346191e-01 7.093231964111328125e+01
-4.204660356044769287e-01 1.305037260055541992e+00 6.901126098632812500e+01
-1.607959270477294922e+00 4.602952897548675537e-01 7.105636596679687500e+01
-2.926065444946289062e+00 9.777051806449890137e-01 6.989990997314453125e+01
1.043442440032958984e+01 4.393319606781005859e+00 6.989998626708984375e+01
-1.767825007438659668e+00 4.602873325347900391e-01 7.104364776611328125e+01
-1.629974603652954102e+00 6.835260391235351562e-01 6.990076446533203125e+01
-1.480368614196777344e+00 4.603001773357391357e-01 7.107019042968750000e+01
-1.242366886138916016e+01 2.988342761993408203e+00 6.989999389648437500e+01
-3.173424005508422852e-01 7.593124508857727051e-01 6.989996337890625000e+01
-1.689756393432617188e+00 4.602859616279602051e-01 7.120172119140625000e+01
-2.264132022857666016e+00 6.062408089637756348e-01 6.989990997314453125e+01
-1.257239460945129395e+00 4.603108167648315430e-01 7.100338745117187500e+01
-2.037957906723022461e+00 4.603112339973449707e-01 7.110677337646484375e+01
-1.264124155044555664e+00 5.195301771163940430e-01 6.989993286132812500e+01
-1.387043237686157227e+00 4.602917730808258057e-01 7.150862884521484375e+01
-3.736227273941040039e+00 5.651308298110961914e-01 6.990402221679687500e+01
1.608183622360229492e+00 5.719110965728759766e-01 6.990003967285156250e+01
-1.634855031967163086e+00 4.002951085567474365e-01 7.089990997314453125e+01
-1.849584341049194336e+00 4.106263816356658936e-01 6.989991760253906250e+01
-6.564615964889526367e-01 3.881717622280120850e-01 7.159490203857421875e+01
-7.197835922241210938e+00 2.303371727466583252e-01 7.159320831298828125e+01
-1.877728104591369629e-01 2.873951792716979980e-01 6.919982147216796875e+01
-1.609504222869873047e+00 3.509980738162994385e-01 7.159489440917968750e+01
-3.310191631317138672e+00 1.824086755514144897e-01 6.919985961914062500e+01
5.511475563049316406e+00 -3.997323215007781982e-01 7.126529693603515625e+01
-2.475869655609130859e+00 2.557860612869262695e-01 7.159479522705078125e+01
-1.397655367851257324e+00 1.371732950210571289e-01 6.919981384277343750e+01
-1.156308412551879883e+00 2.532139122486114502e-01 7.159489440917968750e+01
-5.955018043518066406e+00 -4.666096270084381104e-01 6.990583801269531250e+01
1.365782856941223145e+00 -3.482950031757354736e-01 6.919986724853515625e+01
-1.860287070274353027e+00 2.257917523384094238e-01 7.159481811523437500e+01
-2.410228490829467773e+00 -8.733611553907394409e-02 6.919995117187500000e+01
3.180513391271233559e-03 -1.041027009487152100e-01 7.159484100341796875e+01
-3.597146034240722656e+00 -2.374848425388336182e-01 7.159490966796875000e+01
-7.306863665580749512e-01 -2.346065938472747803e-01 6.919975280761718750e+01
-1.455261826515197754e+00 1.464931368827819824e-01 7.159493255615234375e+01
-3.409660100936889648e+00 -3.996977508068084717e-01 6.974643707275390625e+01
-1.591416358947753906e+00 3.825523555278778076e-01 7.089265441894531250e+01
-2.178496599197387695e+00 2.213185839354991913e-02 7.159484863281250000e+01
-1.767340898513793945e+00 -3.755253851413726807e-01 6.919993591308593750e+01
-8.909131288528442383e-01 -9.061395376920700073e-02 7.159487915039062500e+01
-1.663563013076782227e+00 3.856408298015594482e-01 7.089962005615234375e+01
-5.255943536758422852e-01 -4.040129780769348145e-01 6.990346527099609375e+01
-1.702674865722656250e+00 2.575811231508851051e-03 7.159482574462890625e+01
-2.434328317642211914e+00 -3.996819853782653809e-01 6.983577728271484375e+01
-3.941268920898437500e-01 -3.997431397438049316e-01 7.113187408447265625e+01
-2.649342775344848633e+00 -3.981457352638244629e-01 7.153142547607421875e+01
-1.329231023788452148e+00 -3.997085690498352051e-01 6.980571746826171875e+01
-1.282460689544677734e+00 -1.780121028423309326e-01 7.159490203857421875e+01
-1.650912165641784668e+00 3.868678808212280273e-01 7.089385986328125000e+01
-1.617354869842529297e+00 3.847437798976898193e-01 7.089288330078125000e+01
-1.968400239944458008e+00 -2.707718908786773682e-01 7.159494018554687500e+01
-2.032285451889038086e+00 -8.597185015678405762e-01 6.958812713623046875e+01
-9.267222285270690918e-01 -3.997344374656677246e-01 7.131955718994140625e+01
-2.395705699920654297e+00 -3.997192382812500000e-01 7.105941009521484375e+01
-9.171800017356872559e-01 -9.432906508445739746e-01 6.989997100830078125e+01
-1.552940011024475098e+00 -3.997025787830352783e-01 7.158432006835937500e+01
-1.642924904823303223e+00 3.871159255504608154e-01 7.089295959472656250e+01
-1.620648860931396484e+00 3.814842104911804199e-01 7.089945220947265625e+01
-2.037198781967163086e+00 -3.997222781181335449e-01 7.129255676269531250e+01
-1.634402871131896973e+00 3.880364000797271729e-01 7.089194488525390625e+01
-1.333486080169677734e+00 -3.967868983745574951e-01 7.126828002929687500e+01
-1.643710970878601074e+00 3.838052749633789062e-01 7.089862060546875000e+01
-1.628095149993896484e+00 3.835198581218719482e-01 7.089530181884765625e+01
-1.713334083557128906e+00 -3.997099399566650391e-01 7.123354339599609375e+01
-1.637632012367248535e+00 3.846887946128845215e-01 7.089493560791015625e+01
-1.412065744400024414e+00 -3.997173011302947998e-01 7.097338104248046875e+01
-1.783746123313903809e+00 -3.997185826301574707e-01 7.096694183349609375e+01
-1.634848713874816895e+00 3.828504085540771484e-01 7.089990234375000000e+01
