-2.408323526382446289e+00 -3.997188210487365723e-01 7.089990234375000000e+01
-2.417179822921752930e+00 -4.008370637893676758e-01 7.090801239013671875e+01
-2.320559978485107422e+00 2.963802814483642578e+00 6.989987945556640625e+01
-2.395009040832519531e+00 -3.997189402580261230e-01 7.091726684570312500e+01
-2.433479309082031250e+00 -4.000515937805175781e-01 7.089545440673828125e+01
-8.362932801246643066e-01 3.364651679992675781e+00 6.989990234375000000e+01
-2.416776418685913086e+00 -3.997188210487365723e-01 7.093134307861328125e+01
-2.927683353424072266e+00 1.427447080612182617e+00 6.989990997314453125e+01
-2.371705532073974609e+00 -3.997191190719604492e-01 7.091327667236328125e+01
-2.447272062301635742e+00 -3.997185826301574707e-01 7.091597747802734375e+01
-1.940368294715881348e+00 1.002155303955078125e+00 6.989990997314453125e+01
-2.393821716308593750e+00 -3.997190296649932861e-01 7.094613647460937500e+01
-4.133844852447509766e+00 1.854937911033630371e+00 6.989992523193359375e+01
2.139793634414672852e+00 4.623707771301269531e+00 6.990000915527343750e+01
-2.441833734512329102e+00 -3.997186720371246338e-01 7.094757080078125000e+01
-2.537907361984252930e+00 5.203648209571838379e-01 6.989990997314453125e+01
-2.358448982238769531e+00 -3.997192680835723877e-01 7.094194030761718750e+01
-2.476994514465332031e+00 -3.998525440692901611e-01 7.090274047851562500e+01
-1.404121518135070801e+00 7.090423107147216797e-01 6.990058898925781250e+01
-2.411863803863525391e+00 -3.997189402580261230e-01 7.097646331787109375e+01
-3.242798328399658203e+00 5.069183111190795898e-01 6.989992523193359375e+01
-2.323935985565185547e+00 -3.997194468975067139e-01 7.091125488281250000e+01
-2.481988668441772461e+00 -3.997184038162231445e-01 7.095115661621093750e+01
-2.183358669281005859e+00 1.899898499250411987e-01 6.989990997314453125e+01
-2.358724594116210938e+00 -3.997193574905395508e-01 7.098645782470703125e+01
-5.542619228363037109e+00 1.414310574531555176e+00 6.989997863769531250e+01
-2.440681606531143188e-01 8.263245820999145508e-01 6.989996337890625000e+01
-2.453685045242309570e+00 -3.997187018394470215e-01 7.100829315185546875e+01
-2.767997026443481445e+00 5.275834351778030396e-02 6.989991760253906250e+01
-2.291672229766845703e+00 -3.997197747230529785e-01 7.096121215820312500e+01
-2.543604373931884766e+00 -3.997179269790649414e-01 7.093556213378906250e+01
-1.765349507331848145e+00 1.935071311891078949e-02 6.989993286132812500e+01
-2.381452083587646484e+00 -3.997193276882171631e-01 7.105625915527343750e+01
-3.699508666992187500e+00 1.177168637514114380e-01 6.989993286132812500e+01
9.661876678466796875e+00 3.533652544021606445e+00 6.989990997314453125e+01
-2.541243076324462891e+00 -3.997124433517456055e-01 7.104358673095703125e+01
-2.403445243835449219e+00 -1.762055307626724243e-01 6.989990997314453125e+01
-2.253962516784667969e+00 -3.997202813625335693e-01 7.107006072998046875e+01
-1.319634723663330078e+01 2.128177165985107422e+00 6.990007019042968750e+01
-1.090810775756835938e+00 -1.006599739193916321e-01 6.989995574951171875e+01
-2.463212251663208008e+00 -3.997089862823486328e-01 7.120162200927734375e+01
-3.037596940994262695e+00 -2.537366151809692383e-01 6.989992523193359375e+01
-2.031081676483154297e+00 -3.997217416763305664e-01 7.100328826904296875e+01
-2.748456001281738281e+00 -4.090391397476196289e-01 7.107445526123046875e+01
-2.037594079971313477e+00 -3.404424190521240234e-01 6.989992523193359375e+01
-2.160647630691528320e+00 -3.997137546539306641e-01 7.150831604003906250e+01
-4.518290996551513672e+00 -2.941696047782897949e-01 6.989994812011718750e+01
8.347367048263549805e-01 -2.880615890026092529e-01 6.990003204345703125e+01
-3.255144596099853516e+00 -4.089043438434600830e-01 7.234485626220703125e+01
-2.623059034347534180e+00 -4.493477940559387207e-01 6.989991760253906250e+01
-1.429815173149108887e+00 -4.718039035797119141e-01 7.159498596191406250e+01
-7.984589099884033203e+00 -6.300426721572875977e-01 7.159486389160156250e+01
-2.408322572708129883e+00 -4.596795141696929932e-01 7.089990234375000000e+01
-2.382978200912475586e+00 -5.089778304100036621e-01 7.159491729736328125e+01
-2.408323764801025391e+00 -4.596794843673706055e-01 7.089990234375000000e+01
1.165069937705993652e+00 -8.597189188003540039e-01 7.108261108398437500e+01
-3.249320030212402344e+00 -6.041839122772216797e-01 7.159477233886718750e+01
-2.408323526382446289e+00 -4.596795141696929932e-01 7.089990234375000000e+01
-1.929766297340393066e+00 -6.067655086517333984e-01 7.159491729736328125e+01
-2.408323764801025391e+00 -4.596795141696929932e-01 7.089990234375000000e+01
-2.408323526382446289e+00 -4.596794843673706055e-01 7.089990234375000000e+01
-2.633800029754638672e+00 -6.342118978500366211e-01 7.159494018554687500e+01
-2.408323764801025391e+00 -4.596795439720153809e-01 7.089990234375000000e+01
-1.109161496162414551e+00 -8.597297072410583496e-01 7.145107269287109375e+01
-3.639152050018310547e+00 -8.597193360328674316e-01 7.133583831787109375e+01
-2.408323526382446289e+00 -4.596794843673706055e-01 7.089990234375000000e+01
-2.228765964508056641e+00 -7.134395241737365723e-01 7.159481811523437500e+01
-2.408323526382446289e+00 -4.596795141696929932e-01 7.089990234375000000e+01
-2.408323287963867188e+00 -4.596795737743377686e-01 7.089990234375000000e+01
-2.951995611190795898e+00 -8.378590941429138184e-01 7.159487915039062500e+01
-2.408323526382446289e+00 -4.596794843673706055e-01 7.089990234375000000e+01
-1.802066087722778320e+00 -8.597369790077209473e-01 7.146626281738281250e+01
-2.408323764801025391e+00 -4.596796035766601562e-01 7.089990234375000000e+01
-2.408323526382446289e+00 -4.596795141696929932e-01 7.089990234375000000e+01
-2.476156949996948242e+00 -8.574410676956176758e-01 7.159490203857421875e+01
-2.408323526382446289e+00 -4.596795141696929932e-01 7.089990234375000000e+01
-1.787909388542175293e+00 -8.597326874732971191e-01 7.101589965820312500e+01
-2.916613817214965820e+00 -8.597207069396972656e-01 7.121630859375000000e+01
-2.408323526382446289e+00 -4.596795141696929932e-01 7.089990234375000000e+01
-2.164556741714477539e+00 -8.597271442413330078e-01 7.138066864013671875e+01
-2.408323764801025391e+00 -4.596795737743377686e-01 7.089990234375000000e+01
-2.408323287963867188e+00 -4.596795737743377686e-01 7.089990234375000000e+01
-2.607164144515991211e+00 -8.597236871719360352e-01 7.131423187255859375e+01
-2.408323526382446289e+00 -4.596795141696929932e-01 7.089990234375000000e+01
-2.054225921630859375e+00 -8.597329258918762207e-01 7.110974884033203125e+01
-2.788777351379394531e+00 -8.597131967544555664e-01 7.097966003417968750e+01
-2.408323526382446289e+00 -4.596795439720153809e-01 7.089990234375000000e+01
-2.367363691329956055e+00 -8.597307205200195312e-01 7.124215698242187500e+01
-2.408323526382446289e+00 -4.596795737743377686e-01 7.089990234375000000e+01
-2.408323526382446289e+00 -4.596796035766601562e-01 7.089990234375000000e+01
-2.609513998031616211e+00 -8.597185015678405762e-01 7.109624481201171875e+01
-2.408323526382446289e+00 -4.596795737743377686e-01 7.089990234375000000e+01
-2.257070302963256836e+00 -8.597328662872314453e-01 7.108479309082031250e+01
-2.408323526382446289e+00 -4.596796035766601562e-01 7.089990234375000000e+01
-2.408323526382446289e+00 -4.596796035766601562e-01 7.089990234375000000e+01
-2.447570323944091797e+00 -8.597245216369628906e-01 7.106674194335937500e+01
-2.408323526382446289e+00 -4.596796035766601562e-01 7.089990234375000000e+01
-2.296920299530029297e+00 -8.597277402877807617e-01 7.093664550781250000e+01
-2.482778549194335938e+00 -8.597199916839599609e-01 7.093342590332031250e+01
-2.408323526382446289e+00 -7.882197499275207520e-01 7.089990234375000000e+01
