2.423187637329101562e+01 -3.749884128570556641e+00 7.090010070800781250e+01
2.403762817382812500e+01 -3.396698951721191406e+00 7.107804870605468750e+01
2.431964874267578125e+01 -1.263490438461303711e+00 6.989997863769531250e+01
2.443108558654785156e+01 -3.790199756622314453e+00 7.115993499755859375e+01
1.861585426330566406e+01 8.624534606933593750e+00 6.990670776367187500e+01
2.580420684814453125e+01 -8.622596263885498047e-01 6.989990997314453125e+01
2.405195426940917969e+01 -3.411040306091308594e+00 7.156940460205078125e+01
2.371252441406250000e+01 -2.800223350524902344e+00 6.990012359619140625e+01
2.464755821228027344e+01 -4.006660938262939453e+00 7.105191040039062500e+01
2.254876327514648438e+01 -2.096176147460937500e+00 7.159486389160156250e+01
2.469985580444335938e+01 -3.225408554077148438e+00 6.990005493164062500e+01
2.444539070129394531e+01 -3.804508209228515625e+00 7.158081817626953125e+01
2.250628089904785156e+01 -2.372604608535766602e+00 6.990008544921875000e+01
2.878064346313476562e+01 3.967936635017395020e-01 6.990007019042968750e+01
2.374348068237304688e+01 -3.813423395156860352e+00 7.159479522705078125e+01
2.410229873657226562e+01 -3.707319974899291992e+00 6.990015411376953125e+01
2.472971534729003906e+01 -4.088809490203857422e+00 7.131967926025390625e+01
2.395974349975585938e+01 -4.450235843658447266e+00 7.091135406494140625e+01
2.523686218261718750e+01 -3.517685890197753906e+00 6.990000152587890625e+01
2.419975471496582031e+01 -4.143288135528564453e+00 7.159477996826171875e+01
2.339744186401367188e+01 -3.720769882202148438e+00 6.990016937255859375e+01
2.487281799316406250e+01 -4.231911182403564453e+00 7.098633575439453125e+01
2.404347991943359375e+01 -4.533972263336181641e+00 7.103118133544921875e+01
2.445683860778808594e+01 -4.037659645080566406e+00 6.990012359619140625e+01
2.462995910644531250e+01 -4.206079006195068359e+00 7.159481048583984375e+01
2.109727096557617188e+01 -2.813145399093627930e+00 6.990007781982421875e+01
2.874925994873046875e+01 -2.003083944320678711e+00 6.881295776367187500e+01
2.394117927551269531e+01 -4.303066253662109375e+00 7.159470367431640625e+01
2.387220382690429688e+01 -4.174884319305419922e+00 6.990012359619140625e+01
2.495601654052734375e+01 -4.315107345581054688e+00 7.128068542480468750e+01
2.416897773742675781e+01 -4.659441471099853516e+00 7.091667938232421875e+01
2.487489128112792969e+01 -4.208260536193847656e+00 6.990006256103515625e+01
2.435125160217285156e+01 -4.420949459075927734e+00 7.159471130371093750e+01
2.294067764282226562e+01 -4.109918594360351562e+00 6.990012359619140625e+01
2.880586814880371094e+01 -3.174051046371459961e+00 7.052115631103515625e+01
2.416806030273437500e+01 -4.658530235290527344e+00 7.096908569335937500e+01
2.423675537109375000e+01 -4.403858184814453125e+00 6.990015411376953125e+01
2.486202812194824219e+01 -4.442547321319580078e+00 7.159474945068359375e+01
1.344090652465820312e+01 -2.098757266998291016e+00 6.989999389648437500e+01
2.554956054687500000e+01 -4.328254699707031250e+00 6.990002441406250000e+01
2.410551261901855469e+01 -4.549258232116699219e+00 7.159470367431640625e+01
2.360258674621582031e+01 -4.481372356414794922e+00 6.990009307861328125e+01
2.517786598205566406e+01 -4.536968231201171875e+00 7.115935516357421875e+01
2.420013236999511719e+01 -4.682594776153564453e+00 7.091638946533203125e+01
2.460261726379394531e+01 -4.568079948425292969e+00 6.990009307861328125e+01
2.451464843750000000e+01 -4.618857383728027344e+00 7.159472656250000000e+01
2.212169265747070312e+01 -4.521793842315673828e+00 6.990004730224609375e+01
2.747555541992187500e+01 -4.515670299530029297e+00 6.990003967285156250e+01
2.420427894592285156e+01 -4.685666084289550781e+00 7.094718933105468750e+01
2.401713943481445312e+01 -4.676989078521728516e+00 6.990010833740234375e+01
2.520979690551757812e+01 -4.699438095092773438e+00 7.159477233886718750e+01
2.419789886474609375e+01 -4.688358783721923828e+00 7.090433502197265625e+01
2.508304023742675781e+01 -4.753727912902832031e+00 6.990011596679687500e+01
2.425500679016113281e+01 -4.732312202453613281e+00 7.153439331054687500e+01
2.324638557434082031e+01 -4.815488338470458984e+00 6.990007781982421875e+01
2.546644973754882812e+01 -4.825530529022216797e+00 7.096322631835937500e+01
2.420199394226074219e+01 -4.692455291748046875e+00 7.092478942871093750e+01
2.437139320373535156e+01 -4.842088222503662109e+00 6.990011596679687500e+01
2.471019744873046875e+01 -4.834334373474121094e+00 7.159477233886718750e+01
1.988516998291015625e+01 -5.559550285339355469e+00 6.989993286132812500e+01
2.599713134765625000e+01 -5.127712249755859375e+00 6.989997863769531250e+01
2.421213722229003906e+01 -4.702600002288818359e+00 7.096094512939453125e+01
2.377628898620605469e+01 -4.973835945129394531e+00 6.990126800537109375e+01
2.581605339050292969e+01 -5.175135612487792969e+00 7.157218933105468750e+01
2.420545005798339844e+01 -4.695909500122070312e+00 7.090946197509765625e+01
2.476366233825683594e+01 -5.060740470886230469e+00 6.990015411376953125e+01
2.428962516784667969e+01 -4.768935203552246094e+00 7.112360382080078125e+01
2.269321441650390625e+01 -5.380869388580322266e+00 6.990010833740234375e+01
2.598553657531738281e+01 -5.403701782226562500e+00 7.060752105712890625e+01
2.421122550964355469e+01 -4.701685428619384766e+00 7.092649841308593750e+01
2.415394020080566406e+01 -5.143678665161132812e+00 6.990013885498046875e+01
2.497564506530761719e+01 -5.178119182586669922e+00 7.159491729736328125e+01
1.811150550842285156e+01 -7.810758590698242188e+00 7.084038543701171875e+01
2.534501838684082031e+01 -5.494446754455566406e+00 6.990016937255859375e+01
2.422677421569824219e+01 -4.717234134674072266e+00 7.095236968994140625e+01
2.348060989379882812e+01 -5.439054012298583984e+00 6.990015411376953125e+01
2.662669181823730469e+01 -6.231537818908691406e+00 7.134784698486328125e+01
2.421228408813476562e+01 -4.702741146087646484e+00 7.091230010986328125e+01
2.451117324829101562e+01 -5.418424606323242188e+00 6.990014648437500000e+01
2.428406524658203125e+01 -4.772969722747802734e+00 7.100302886962890625e+01
2.158860969543457031e+01 -6.896727085113525391e+00 6.990544891357421875e+01
2.550310707092285156e+01 -5.817368984222412109e+00 7.038981628417968750e+01
2.422025108337402344e+01 -4.710709095001220703e+00 7.092432403564453125e+01
2.392890930175781250e+01 -5.647833347320556641e+00 6.990013122558593750e+01
2.450190353393554688e+01 -4.992392063140869141e+00 7.106012725830078125e+01
2.421480941772460938e+01 -4.705265998840332031e+00 7.090367889404296875e+01
2.494966316223144531e+01 -6.031127929687500000e+00 6.990000152587890625e+01
2.423569679260253906e+01 -4.724627017974853516e+00 7.093201446533203125e+01
2.307402992248535156e+01 -6.576698780059814453e+00 6.990478515625000000e+01
2.854681968688964844e+01 -1.040334129333496094e+01 7.076381683349609375e+01
2.422015953063964844e+01 -4.710616588592529297e+00 7.091153717041015625e+01
2.434149169921875000e+01 -7.701467990875244141e+00 6.894350433349609375e+01
2.425316047668457031e+01 -4.743613719940185547e+00 7.092611694335937500e+01
1.895178222656250000e+01 -1.451160526275634766e+01 7.013715362548828125e+01
2.569958686828613281e+01 -8.332890510559082031e+00 6.990001678466796875e+01
2.422874832153320312e+01 -4.719203948974609375e+00 7.091339874267578125e+01
2.367177772521972656e+01 -7.827731609344482422e+00 6.990016174316406250e+01
2.424101829528808594e+01 -4.720151901245117188e+00 7.090311431884765625e+01
2.422638320922851562e+01 -4.716837406158447266e+00 7.090257263183593750e+01
2.423187637329101562e+01 -1.459059619903564453e+01 7.090010070800781250e+01
