-3.000000190734863281e+01 1.500061702728271484e+01 6.845002746582031250e+01
-3.000000190734863281e+01 1.500061702728271484e+01 6.845002746582031250e+01
-2.183939933776855469e+01 1.408704185485839844e+01 6.886728668212890625e+01
-2.900163650512695312e+01 1.469376659393310547e+01 6.989996337890625000e+01
-2.843900680541992188e+01 1.451994132995605469e+01 6.911228179931640625e+01
-3.000000190734863281e+01 1.500061702728271484e+01 6.845002746582031250e+01
-2.873716163635253906e+01 1.416729259490966797e+01 6.962976074218750000e+01
-2.827305030822753906e+01 1.388705062866210938e+01 6.877291107177734375e+01
-2.926483535766601562e+01 1.379412841796875000e+01 6.989995574951171875e+01
-2.864378929138183594e+01 1.346839141845703125e+01 6.925375366210937500e+01
-3.000000190734863281e+01 1.500061702728271484e+01 6.845002746582031250e+01
-2.883813095092773438e+01 1.192755222320556641e+01 6.987027740478515625e+01
-2.834756851196289062e+01 9.066739082336425781e+00 6.899501800537109375e+01
-3.000000190734863281e+01 1.500061702728271484e+01 6.845002746582031250e+01
