-1.135029697418212891e+01 -8.499907255172729492e-01 7.090010070800781250e+01
-1.141050434112548828e+01 -4.596970379352569580e-01 7.095525360107421875e+01
-1.126252365112304688e+01 2.564121961593627930e+00 6.989997100830078125e+01
-1.126147174835205078e+01 -4.597114026546478271e-01 7.101596069335937500e+01
-1.700397872924804688e+01 1.254139328002929688e+01 6.990004730224609375e+01
-9.778179168701171875e+00 2.964818000793457031e+00 6.990004730224609375e+01
-1.140668869018554688e+01 -4.597101509571075439e-01 7.110987854003906250e+01
-1.186840629577636719e+01 1.022859215736389160e+00 6.990251159667968750e+01
-1.110600471496582031e+01 -4.597087204456329346e-01 7.098931884765625000e+01
-1.161014556884765625e+01 -4.596889019012451172e-01 7.100736236572265625e+01
-1.079968547821044922e+01 8.603169918060302734e-01 6.972348022460937500e+01
-1.125355052947998047e+01 -4.597114920616149902e-01 7.120854187011718750e+01
-1.307591247558593750e+01 1.455018281936645508e+00 6.990007019042968750e+01
-6.802044391632080078e+00 4.223813533782958984e+00 6.990017700195312500e+01
-1.157385444641113281e+01 -4.597087502479553223e-01 7.121808624267578125e+01
-1.151689910888671875e+01 4.002914428710937500e-01 6.961444091796875000e+01
-1.101755809783935547e+01 -4.596996605396270752e-01 7.118053436279296875e+01
-1.180948448181152344e+01 -4.596762061119079590e-01 7.091909027099609375e+01
-1.026762866973876953e+01 4.003180563449859619e-01 6.982270050048828125e+01
-1.137391567230224609e+01 -4.597128927707672119e-01 7.141088104248046875e+01
-1.243809223175048828e+01 4.003018736839294434e-01 6.959655761718750000e+01
-1.078730678558349609e+01 -4.597022831439971924e-01 7.097585296630859375e+01
-1.184174823760986328e+01 -4.596992433071136475e-01 7.124204254150390625e+01
-1.096783828735351562e+01 2.447643429040908813e-01 6.920003509521484375e+01
-1.101938724517822266e+01 -4.596890509128570557e-01 7.147758483886718750e+01
-1.446780776977539062e+01 1.004229545593261719e+00 6.990553283691406250e+01
-9.186862945556640625e+00 4.257906675338745117e-01 6.990054321289062500e+01
-1.164103698730468750e+01 -4.754140377044677734e-01 7.159481048583984375e+01
-1.196183013916015625e+01 1.154549978673458099e-02 6.919988250732421875e+01
-1.057203769683837891e+01 -4.596937298774719238e-01 7.130913543701171875e+01
-1.225280952453613281e+01 -4.596974849700927734e-01 7.113800048828125000e+01
-1.025708198547363281e+01 -4.525553807616233826e-02 6.919989776611328125e+01
-1.123090457916259766e+01 -5.933144092559814453e-01 7.159481048583984375e+01
-1.354569625854492188e+01 1.220206916332244873e-01 6.919985961914062500e+01
6.448335051536560059e-01 3.108770608901977539e+00 6.990632629394531250e+01
-1.199299621582031250e+01 -5.697697401046752930e-01 7.159484100341796875e+01
-1.134341335296630859e+01 -4.597011804580688477e-01 6.948896789550781250e+01
-1.072003078460693359e+01 -6.149076819419860840e-01 7.159487915039062500e+01
-2.214033889770507812e+01 1.728615999221801758e+00 6.990008544921875000e+01
-9.882341384887695312e+00 -4.597101509571075439e-01 6.978597259521484375e+01
-1.147669506072998047e+01 -7.216249704360961914e-01 7.159489440917968750e+01
-1.197957324981689453e+01 -6.537813544273376465e-01 6.990011596679687500e+01
-8.833401679992675781e+00 -4.596969783306121826e-01 7.158987426757812500e+01
-1.270410060882568359e+01 -6.581652760505676270e-01 7.159484863281250000e+01
-1.071999073028564453e+01 -6.570006608963012695e-01 6.919995880126953125e+01
-1.106744480133056641e+01 -7.912426590919494629e-01 7.159491729736328125e+01
-1.493806552886962891e+01 -5.782936811447143555e-01 6.919979095458984375e+01
-5.835766792297363281e+00 -5.679044127464294434e-01 6.919991302490234375e+01
-1.175748443603515625e+01 -8.353102207183837891e-01 7.159489440917968750e+01
-1.171537017822265625e+01 -8.421601653099060059e-01 6.920001983642578125e+01
-1.133777713775634766e+01 -8.598802089691162109e-01 7.090899658203125000e+01
-2.294317245483398438e+01 -1.213904619216918945e+00 7.234490203857421875e+01
-1.049909973144531250e+01 -9.261347055435180664e-01 6.990007781982421875e+01
-1.135029697418212891e+01 -8.597250580787658691e-01 7.090010070800781250e+01
-1.233575916290283203e+01 -9.878889322280883789e-01 6.990010833740234375e+01
-1.135029697418212891e+01 -8.597250580787658691e-01 7.090010070800781250e+01
-1.135029697418212891e+01 -8.597250580787658691e-01 7.090010070800781250e+01
-1.121077823638916016e+01 -1.014495015144348145e+00 6.990010070800781250e+01
-1.135029697418212891e+01 -8.597250580787658691e-01 7.090010070800781250e+01
-1.569671344757080078e+01 -1.731896400451660156e+00 6.990000152587890625e+01
-9.585165023803710938e+00 -1.300085544586181641e+00 6.990004730224609375e+01
-1.135029697418212891e+01 -8.597250580787658691e-01 7.090010070800781250e+01
-1.180641174316406250e+01 -1.146572470664978027e+00 6.990010833740234375e+01
-1.134506416320800781e+01 -8.613365292549133301e-01 7.090232086181640625e+01
-1.542993354797363281e+01 -2.185675382614135742e+00 7.234502410888671875e+01
-1.081847381591796875e+01 -1.233170390129089355e+00 6.990008544921875000e+01
-1.135029697418212891e+01 -8.597250580787658691e-01 7.090010070800781250e+01
-1.288897800445556641e+01 -1.553282260894775391e+00 6.990010070800781250e+01
-5.355824470520019531e+00 -3.308502435684204102e+00 6.989997863769531250e+01
-1.135029697418212891e+01 -8.597250580787658691e-01 7.090010070800781250e+01
-1.142823505401611328e+01 -1.316099762916564941e+00 6.990010070800781250e+01
-1.135029697418212891e+01 -8.597250580787658691e-01 7.090010070800781250e+01
-2.881677436828613281e+01 -9.773473739624023438e+00 7.072968292236328125e+01
-1.023703289031982422e+01 -1.666940331459045410e+00 6.990006256103515625e+01
-1.135029697418212891e+01 -8.597250580787658691e-01 7.090010070800781250e+01
-1.210159683227539062e+01 -1.611492156982421875e+00 6.990010833740234375e+01
-3.622980833053588867e+00 -5.842425823211669922e+00 7.234484100341796875e+01
-1.135029697418212891e+01 -8.597250580787658691e-01 7.090010070800781250e+01
-1.107098197937011719e+01 -1.590876221656799316e+00 6.990008544921875000e+01
-1.135029697418212891e+01 -8.597250580787658691e-01 7.090010070800781250e+01
-1.400782775878906250e+01 -3.081055402755737305e+00 6.990008544921875000e+01
-8.858903884887695312e+00 -3.074424743652343750e+00 6.990002441406250000e+01
-1.135029697418212891e+01 -8.597250580787658691e-01 7.090010070800781250e+01
-1.165327548980712891e+01 -1.820271611213684082e+00 6.990009307861328125e+01
-8.912292480468750000e+00 -3.614140510559082031e+00 7.234493255615234375e+01
-1.824215126037597656e+01 -8.106263160705566406e+00 7.234490966796875000e+01
-1.063255119323730469e+01 -2.203455448150634766e+00 6.990006256103515625e+01
-1.135029697418212891e+01 -8.597250580787658691e-01 7.090010070800781250e+01
-1.251359939575195312e+01 -2.758004903793334961e+00 6.990009307861328125e+01
-9.877422451972961426e-01 -1.458703422546386719e+01 7.057281494140625000e+01
-1.283088111877441406e+01 -3.803659200668334961e+00 7.234500122070312500e+01
-1.129427242279052734e+01 -2.400264739990234375e+00 6.990007781982421875e+01
-1.016830253601074219e+01 -3.986011981964111328e+00 7.234494781494140625e+01
-1.822964668273925781e+01 -1.365962791442871094e+01 6.990606689453125000e+01
-9.882592201232910156e+00 -4.505283355712890625e+00 6.990001678466796875e+01
-1.169018936157226562e+01 -4.324266433715820312e+00 7.234497833251953125e+01
-1.191046524047851562e+01 -4.000524520874023438e+00 6.990003967285156250e+01
-7.534518718719482422e+00 -1.456215572357177734e+01 7.215858459472656250e+01
-1.389503288269042969e+01 -1.453237915039062500e+01 7.204583740234375000e+01
-1.135029697418212891e+01 -1.458168601989746094e+01 7.090010070800781250e+01
