-1.803998947143554688e+01 -7.851714611053466797e+00 7.090000915527343750e+01
-1.817608642578125000e+01 -7.963517189025878906e+00 7.102468109130859375e+01
-1.801360130310058594e+01 -7.838400840759277344e+00 7.059931945800781250e+01
-1.752585220336914062e+01 -6.552409648895263672e+00 7.157061004638671875e+01
-1.830830192565917969e+01 -8.231782913208007812e+00 7.085254669189453125e+01
-1.759236907958984375e+01 -7.778832912445068359e+00 7.061527252197265625e+01
-1.816763496398925781e+01 -7.962313652038574219e+00 7.137484741210937500e+01
-1.825462913513183594e+01 -8.087867736816406250e+00 7.048673248291015625e+01
-1.741767311096191406e+01 -7.848758220672607422e+00 7.112728118896484375e+01
-1.831526184082031250e+01 -8.443993568420410156e+00 7.101363372802734375e+01
-1.768687057495117188e+01 -7.764674186706542969e+00 7.014541625976562500e+01
-1.782304954528808594e+01 -7.970802783966064453e+00 7.159164428710937500e+01
-1.829186630249023438e+01 -8.529904365539550781e+00 7.075404357910156250e+01
-1.725626373291015625e+01 -7.991809844970703125e+00 7.072770690917968750e+01
-1.832259368896484375e+01 -8.362100601196289062e+00 7.130198669433593750e+01
-1.816130065917968750e+01 -7.950294494628906250e+00 6.996385955810546875e+01
-1.728272247314453125e+01 -7.957371711730957031e+00 7.153823089599609375e+01
-1.817724800109863281e+01 -8.748191833496093750e+00 7.090568542480468750e+01
-1.727091026306152344e+01 -7.972693443298339844e+00 7.013467407226562500e+01
-1.807212066650390625e+01 -8.323585510253906250e+00 7.159488677978515625e+01
-1.826963806152343750e+01 -8.601763725280761719e+00 7.062481689453125000e+01
-1.714199447631835938e+01 -8.229717254638671875e+00 7.102083587646484375e+01
-1.815872383117675781e+01 -8.771125793457031250e+00 7.098262023925781250e+01
-1.766024589538574219e+01 -7.771122455596923828e+00 6.921201324462890625e+01
-1.764178466796875000e+01 -8.386384010314941406e+00 7.159493255615234375e+01
-2.117459869384765625e+01 -6.993594169616699219e+00 6.989998626708984375e+01
-1.713127326965332031e+01 -8.327812194824218750e+00 7.048015594482421875e+01
-1.829429435729980469e+01 -8.531621932983398438e+00 7.150765991210937500e+01
-1.830028152465820312e+01 -8.496926307678222656e+00 7.017633056640625000e+01
-1.713426780700683594e+01 -8.402223587036132812e+00 7.137602996826171875e+01
-2.352159690856933594e+01 -6.438118457794189453e+00 7.234494018554687500e+01
-1.715251541137695312e+01 -8.206584930419921875e+00 6.951978302001953125e+01
-1.792054557800292969e+01 -8.601249694824218750e+00 7.159501647949218750e+01
-1.933111190795898438e+01 -8.290404319763183594e+00 6.990009307861328125e+01
-1.717257499694824219e+01 -8.580794334411621094e+00 7.082814788818359375e+01
-1.937667083740234375e+01 -8.264725685119628906e+00 7.234492492675781250e+01
-1.803998947143554688e+01 -8.867772102355957031e+00 7.090000915527343750e+01
-1.740965843200683594e+01 -8.622929573059082031e+00 7.159485626220703125e+01
-2.877730369567871094e+01 -6.292079448699951172e+00 6.990487670898437500e+01
-1.719867515563964844e+01 -8.638515472412109375e+00 7.026148223876953125e+01
-1.816639328002929688e+01 -8.729666709899902344e+00 7.159483337402343750e+01
-1.866926574707031250e+01 -8.661828041076660156e+00 6.990002441406250000e+01
-1.728248023986816406e+01 -8.747375488281250000e+00 7.110761260986328125e+01
-2.085559082031250000e+01 -8.448574066162109375e+00 7.234493255615234375e+01
-1.734042549133300781e+01 -8.642772674560546875e+00 6.901305389404296875e+01
-1.775745010375976562e+01 -8.799365997314453125e+00 7.159406280517578125e+01
-2.014995384216308594e+01 -8.702262878417968750e+00 6.990005493164062500e+01
-1.736327743530273438e+01 -8.831961631774902344e+00 7.069136810302734375e+01
-1.888680267333984375e+01 -8.816997528076171875e+00 7.234494781494140625e+01
-1.825471305847167969e+01 -8.857440948486328125e+00 6.990007781982421875e+01
-1.743310165405273438e+01 -8.875291824340820312e+00 7.133111572265625000e+01
-2.878278541564941406e+01 -9.195980072021484375e+00 7.223886108398437500e+01
-1.749872970581054688e+01 -8.910000801086425781e+00 7.026411437988281250e+01
-1.798729705810546875e+01 -8.970260620117187500e+00 7.234490203857421875e+01
-1.901927185058593750e+01 -8.995132446289062500e+00 6.990628814697265625e+01
-1.803998947143554688e+01 -8.867772102355957031e+00 7.090000915527343750e+01
-1.978879737854003906e+01 -9.168261528015136719e+00 7.234496307373046875e+01
-1.790047264099121094e+01 -9.022539138793945312e+00 6.990002441406250000e+01
-1.779633140563964844e+01 -8.942661285400390625e+00 7.125387573242187500e+01
-2.238558197021484375e+01 -9.739778518676757812e+00 6.990010070800781250e+01
-1.769621276855468750e+01 -8.953536033630371094e+00 7.070523834228515625e+01
-1.850872993469238281e+01 -9.230605125427246094e+00 7.234490966796875000e+01
-1.849606323242187500e+01 -9.154594421386718750e+00 6.990010833740234375e+01
-1.775160217285156250e+01 -8.956575393676757812e+00 7.102235412597656250e+01
-2.211973381042480469e+01 -1.019375801086425781e+01 7.234497070312500000e+01
-1.802222061157226562e+01 -8.880249977111816406e+00 7.086659240722656250e+01
-1.766665840148925781e+01 -9.395383834838867188e+00 7.234486389160156250e+01
-1.957851219177246094e+01 -9.561258316040039062e+00 6.990010833740234375e+01
-1.801646804809570312e+01 -8.877380371093750000e+00 7.089608764648437500e+01
-1.917032241821289062e+01 -9.654034614562988281e+00 7.234490966796875000e+01
-1.811792182922363281e+01 -9.324117660522460938e+00 6.990007019042968750e+01
-1.801764678955078125e+01 -8.882514953613281250e+00 7.092088317871093750e+01
-2.864852523803710938e+01 -1.428167533874511719e+01 7.079650115966796875e+01
-1.802045059204101562e+01 -8.881939888000488281e+00 7.088245391845703125e+01
-1.818101119995117188e+01 -9.694695472717285156e+00 7.234487152099609375e+01
-1.879134941101074219e+01 -9.619599342346191406e+00 6.989993286132812500e+01
-1.801750564575195312e+01 -8.882269859313964844e+00 7.090421295166015625e+01
-2.036109542846679688e+01 -1.069455909729003906e+01 7.234489440917968750e+01
-1.776070213317871094e+01 -9.598849296569824219e+00 6.990009307861328125e+01
-1.730740547180175781e+01 -1.007002067565917969e+01 7.234484100341796875e+01
-2.069737434387207031e+01 -1.108897972106933594e+01 6.990004730224609375e+01
-1.554902076721191406e+01 -1.108209419250488281e+01 6.990010833740234375e+01
-1.873338317871093750e+01 -1.026280021667480469e+01 7.234486389160156250e+01
-1.834298515319824219e+01 -9.828373908996582031e+00 6.989994812011718750e+01
-1.560163974761962891e+01 -1.162257766723632812e+01 7.234504699707031250e+01
-2.347666740417480469e+01 -1.458424472808837891e+01 7.203975677490234375e+01
-1.732223892211914062e+01 -1.021151065826416016e+01 6.989996337890625000e+01
-1.786707687377929688e+01 -1.055659389495849609e+01 7.234483337402343750e+01
-1.920337867736816406e+01 -1.076619434356689453e+01 6.989992523193359375e+01
-1.372080802917480469e+01 -1.458940601348876953e+01 7.076359558105468750e+01
-1.952053070068359375e+01 -1.181162071228027344e+01 7.234487152099609375e+01
-1.798396492004394531e+01 -1.040830230712890625e+01 6.989999389648437500e+01
-1.685787200927734375e+01 -1.199438381195068359e+01 7.234500885009765625e+01
-2.111058425903320312e+01 -1.458100318908691406e+01 7.045632171630859375e+01
-1.657244873046875000e+01 -1.251292324066162109e+01 6.990003967285156250e+01
-1.837989616394042969e+01 -1.233245754241943359e+01 7.234494781494140625e+01
-1.860009193420410156e+01 -1.200820446014404297e+01 6.990006256103515625e+01
-1.642891120910644531e+01 -1.465314102172851562e+01 7.143135833740234375e+01
-1.910626411437988281e+01 -1.459678077697753906e+01 7.138008880615234375e+01
-1.803998947143554688e+01 -1.460507202148437500e+01 7.090000915527343750e+01
