1.767485618591308594e+01 7.482114791870117188e+00 7.090016174316406250e+01
1.741686820983886719e+01 8.745834350585937500e+00 7.113649749755859375e+01
1.769429969787597656e+01 7.790160179138183594e+00 7.067861175537109375e+01
1.809371376037597656e+01 8.917989730834960938e+00 7.144648742675781250e+01
1.446390533447265625e+01 1.464273548126220703e+01 7.033219146728515625e+01
1.797923851013183594e+01 7.772185802459716797e+00 7.070653533935546875e+01
1.748845291137695312e+01 8.353952407836914062e+00 7.159357452392578125e+01
1.741654777526855469e+01 7.970283508300781250e+00 7.040280914306640625e+01
1.807487106323242188e+01 7.686710357666015625e+00 7.104624938964843750e+01
1.767485618591308594e+01 7.031705379486083984e+00 7.090016174316406250e+01
1.790913581848144531e+01 7.763567447662353516e+00 7.039952087402343750e+01
1.789278030395507812e+01 7.932745933532714844e+00 7.159494018554687500e+01
1.594893646240234375e+01 9.346857070922851562e+00 6.989995574951171875e+01
2.222427940368652344e+01 1.211655139923095703e+01 6.989998626708984375e+01
1.767485618591308594e+01 7.031705379486083984e+00 7.090016174316406250e+01
1.756707763671875000e+01 7.846831798553466797e+00 7.006844329833984375e+01
1.807487487792968750e+01 7.512614727020263672e+00 7.123729705810546875e+01
1.767485618591308594e+01 7.031705379486083984e+00 7.090016174316406250e+01
1.867478942871093750e+01 8.195459365844726562e+00 6.990509796142578125e+01
1.767485618591308594e+01 7.031705379486083984e+00 7.090016174316406250e+01
1.684029388427734375e+01 7.998404979705810547e+00 6.990007781982421875e+01
1.807487869262695312e+01 7.315934658050537109e+00 7.095398712158203125e+01
1.767485618591308594e+01 7.031705379486083984e+00 7.090016174316406250e+01
1.789983940124511719e+01 7.681427955627441406e+00 6.990008544921875000e+01
1.807292366027832031e+01 7.512928962707519531e+00 7.159484100341796875e+01
1.456167697906494141e+01 8.893070220947265625e+00 6.990697479248046875e+01
1.983948707580566406e+01 8.317932128906250000e+00 6.990004730224609375e+01
1.767485618591308594e+01 7.031705379486083984e+00 7.090016174316406250e+01
1.694832611083984375e+01 8.066813468933105469e+00 6.888022613525390625e+01
1.807488441467285156e+01 7.237322807312011719e+00 7.111040496826171875e+01
1.767485618591308594e+01 7.031705379486083984e+00 7.090016174316406250e+01
1.831528472900390625e+01 7.508839607238769531e+00 6.990414428710937500e+01
1.779426765441894531e+01 7.298156738281250000e+00 7.159497833251953125e+01
1.638358306884765625e+01 7.609141349792480469e+00 6.990012359619140625e+01
2.878172492980957031e+01 1.070632648468017578e+01 6.997998046875000000e+01
1.767485618591308594e+01 7.031705379486083984e+00 7.090016174316406250e+01
1.767973327636718750e+01 7.315094470977783203e+00 6.990047454833984375e+01
1.807369041442871094e+01 7.186626434326171875e+00 7.133982086181640625e+01
6.923479557037353516e+00 9.610771179199218750e+00 6.990372467041015625e+01
1.899247169494628906e+01 7.390752792358398438e+00 6.990013885498046875e+01
1.767485618591308594e+01 7.031705379486083984e+00 7.090016174316406250e+01
1.704628372192382812e+01 7.237419128417968750e+00 6.990129852294921875e+01
1.807488632202148438e+01 7.095284938812255859e+00 7.100979614257812500e+01
1.767485618591308594e+01 7.031705379486083984e+00 7.090016174316406250e+01
1.804559898376464844e+01 7.150947093963623047e+00 6.990014648437500000e+01
1.795765113830566406e+01 7.100173950195312500e+00 7.159484100341796875e+01
1.556484889984130859e+01 7.197218418121337891e+00 6.990019226074218750e+01
2.091870689392089844e+01 7.203365325927734375e+00 6.990004730224609375e+01
1.767485618591308594e+01 7.031705379486083984e+00 7.090016174316406250e+01
1.746007919311523438e+01 7.042038917541503906e+00 6.989998626708984375e+01
1.807489013671875000e+01 7.026748657226562500e+00 7.118432617187500000e+01
1.767485618591308594e+01 7.031705379486083984e+00 7.090016174316406250e+01
1.852602195739746094e+01 6.965298175811767578e+00 6.990017700195312500e+01
1.770019149780273438e+01 6.982425212860107422e+00 7.159491729736328125e+01
1.668926620483398438e+01 6.903524875640869141e+00 6.990003967285156250e+01
1.807488822937011719e+01 6.986922264099121094e+00 7.092061614990234375e+01
1.767485618591308594e+01 7.031705379486083984e+00 7.090016174316406250e+01
1.781437683105468750e+01 6.876933097839355469e+00 6.990014648437500000e+01
1.807488822937011719e+01 6.908754348754882812e+00 7.148113250732421875e+01
1.332815170288085938e+01 6.159476280212402344e+00 6.989999389648437500e+01
1.943997383117675781e+01 6.591348171234130859e+00 6.990011596679687500e+01
1.767485618591308594e+01 7.031705379486083984e+00 7.090016174316406250e+01
1.721865463256835938e+01 6.744803428649902344e+00 6.989997863769531250e+01
1.807489204406738281e+01 6.908523082733154297e+00 7.106987762451171875e+01
1.767485618591308594e+01 7.031705379486083984e+00 7.090016174316406250e+01
1.820668792724609375e+01 6.658254146575927734e+00 6.990013122558593750e+01
1.785433578491210938e+01 6.778055191040039062e+00 7.159477996826171875e+01
1.613611984252929688e+01 6.338123321533203125e+00 6.990012359619140625e+01
2.369790077209472656e+01 4.571256160736083984e+00 6.989527130126953125e+01
1.767485618591308594e+01 7.031705379486083984e+00 7.090016174316406250e+01
1.759691047668457031e+01 6.575289726257324219e+00 6.990007019042968750e+01
1.807488822937011719e+01 6.767731666564941406e+00 7.127386474609375000e+01
1.878823089599609375e+01 6.224410533905029297e+00 6.990002441406250000e+01
1.767485618591308594e+01 7.031705379486083984e+00 7.090016174316406250e+01
1.692341804504394531e+01 6.279799461364746094e+00 6.989998626708984375e+01
1.807489204406738281e+01 6.773755550384521484e+00 7.097495269775390625e+01
1.767485618591308594e+01 7.031705379486083984e+00 7.090016174316406250e+01
1.795418548583984375e+01 6.300514698028564453e+00 6.990009307861328125e+01
1.802705192565917969e+01 6.453714370727539062e+00 7.159477996826171875e+01
1.501680469512939453e+01 4.809940338134765625e+00 6.989994812011718750e+01
2.016618728637695312e+01 4.817060947418212891e+00 6.990010833740234375e+01
1.767485618591308594e+01 7.031705379486083984e+00 7.090016174316406250e+01
1.737184143066406250e+01 6.071045398712158203e+00 6.990003967285156250e+01
1.807488632202148438e+01 6.579758167266845703e+00 7.113722991943359375e+01
1.767485618591308594e+01 7.031705379486083984e+00 7.090016174316406250e+01
1.900024032592773438e+01 4.550384044647216797e+00 6.905349731445312500e+01
1.775799179077148438e+01 6.219722747802734375e+00 7.159483337402343750e+01
1.651141357421875000e+01 5.133196353912353516e+00 6.990003204345703125e+01
2.862961387634277344e+01 -7.480096817016601562e+00 7.055416870117187500e+01
1.767485618591308594e+01 7.031705379486083984e+00 7.090016174316406250e+01
1.773088836669921875e+01 5.490959644317626953e+00 6.990000152587890625e+01
1.807485198974609375e+01 5.973748683929443359e+00 7.138910675048828125e+01
1.075276184082031250e+01 -5.847728252410888672e+00 6.989995574951171875e+01
1.914261054992675781e+01 3.386023283004760742e+00 6.990004730224609375e+01
1.767485618591308594e+01 7.031705379486083984e+00 7.090016174316406250e+01
1.711469268798828125e+01 3.890938758850097656e+00 6.990010833740234375e+01
1.807486152648925781e+01 5.595289707183837891e+00 7.103208923339843750e+01
1.645179557800292969e+01 4.602983593940734863e-01 7.145082855224609375e+01
1.767485618591308594e+01 6.562951564788818359e+00 7.090016174316406250e+01
