2.624952125549316406e+01 -5.426161289215087891e+00 7.090001678466796875e+01
2.607328605651855469e+01 -5.401721954345703125e+00 7.106146240234375000e+01
2.627862167358398438e+01 -5.437529087066650391e+00 7.056843566894531250e+01
2.647530746459960938e+01 -5.555866241455078125e+00 7.119451904296875000e+01
2.578638839721679688e+01 -5.474893569946289062e+00 7.081809234619140625e+01
2.660016441345214844e+01 -5.719651222229003906e+00 7.067696380615234375e+01
2.608449745178222656e+01 -5.402081489562988281e+00 7.151389312744140625e+01
2.593218803405761719e+01 -5.419620990753173828e+00 7.028900909423828125e+01
2.666348457336425781e+01 -5.894827365875244141e+00 7.105119323730468750e+01
2.456636428833007812e+01 -3.981461763381958008e+00 7.159480285644531250e+01
2.654942321777343750e+01 -5.635816097259521484e+00 7.025914764404296875e+01
2.646747398376464844e+01 -5.671511173248291016e+00 7.159488677978515625e+01
2.557573127746582031e+01 -5.668847560882568359e+00 7.050954437255859375e+01
2.666229820251464844e+01 -6.111313343048095703e+00 7.080926513671875000e+01
2.576096534729003906e+01 -5.698484420776367188e+00 7.159494018554687500e+01
2.609538650512695312e+01 -5.406946659088134766e+00 6.971056365966796875e+01
2.667050552368164062e+01 -6.066555500030517578e+00 7.125482177734375000e+01
2.495006752014160156e+01 -5.440574169158935547e+00 7.095375061035156250e+01
2.665650558471679688e+01 -6.099009990692138672e+00 7.049501037597656250e+01
2.621738624572753906e+01 -6.028438091278076172e+00 7.159494781494140625e+01
2.553508758544921875e+01 -5.745121002197265625e+00 7.004388427734375000e+01
2.655949211120605469e+01 -6.352427005767822266e+00 7.094172668457031250e+01
2.542303085327148438e+01 -5.899934291839599609e+00 7.147506713867187500e+01
2.656508827209472656e+01 -5.661355972290039062e+00 6.949729156494140625e+01
2.664762687683105469e+01 -6.091403007507324219e+00 7.159476470947265625e+01
2.548915863037109375e+01 -6.118051528930664062e+00 7.065744018554687500e+01
2.649057769775390625e+01 -6.429435729980468750e+00 7.078864288330078125e+01
2.595871353149414062e+01 -6.188270568847656250e+00 7.159488677978515625e+01
2.559435653686523438e+01 -5.639239311218261719e+00 6.907849121093750000e+01
2.640702247619628906e+01 -6.491714477539062500e+00 7.098279571533203125e+01
2.554125595092773438e+01 -6.258742332458496094e+00 7.108671569824218750e+01
2.656244468688964844e+01 -6.339536666870117188e+00 7.041335296630859375e+01
2.636892890930175781e+01 -6.306226253509521484e+00 7.159481811523437500e+01
2.553171730041503906e+01 -6.251681804656982422e+00 7.034410858154296875e+01
2.867381858825683594e+01 -5.770611286163330078e+00 7.069916534423828125e+01
2.560678863525390625e+01 -6.282701015472412109e+00 7.159479522705078125e+01
2.624952125549316406e+01 -6.572671413421630859e+00 7.090001678466796875e+01
2.633896636962890625e+01 -6.537927627563476562e+00 7.099861907958984375e+01
2.566017913818359375e+01 -6.431298732757568359e+00 7.084539794921875000e+01
2.756707382202148438e+01 -6.213641166687011719e+00 6.990003967285156250e+01
2.612340164184570312e+01 -6.434875965118408203e+00 7.159327697753906250e+01
2.559572982788085938e+01 -6.358704090118408203e+00 6.986107635498046875e+01
2.865543556213378906e+01 -6.190282344818115234e+00 7.155937957763671875e+01
2.574028396606445312e+01 -6.496854305267333984e+00 7.116134643554687500e+01
2.662022972106933594e+01 -6.453441619873046875e+00 6.990010070800781250e+01
2.683769798278808594e+01 -6.430265903472900391e+00 7.234485626220703125e+01
2.583322906494140625e+01 -6.540016651153564453e+00 7.070272827148437500e+01
2.864293098449707031e+01 -6.446015834808349609e+00 7.016210174560546875e+01
2.584230613708496094e+01 -6.548254966735839844e+00 7.159485626220703125e+01
2.586696624755859375e+01 -6.554265499114990234e+00 6.911852264404296875e+01
2.828363418579101562e+01 -6.597875595092773438e+00 7.234495544433593750e+01
2.593327140808105469e+01 -6.582333564758300781e+00 7.093943023681640625e+01
2.710077857971191406e+01 -6.639085769653320312e+00 6.989992523193359375e+01
2.630220985412597656e+01 -6.675154209136962891e+00 7.234482574462890625e+01
2.611891746520996094e+01 -6.589657306671142578e+00 7.076748657226562500e+01
2.859029006958007812e+01 -6.834719181060791016e+00 7.101969909667968750e+01
2.613249588012695312e+01 -6.592779636383056641e+00 7.099671173095703125e+01
2.638903045654296875e+01 -6.727429866790771484e+00 6.990008544921875000e+01
2.724440574645996094e+01 -6.878452301025390625e+00 7.234489440917968750e+01
2.623390197753906250e+01 -6.575805664062500000e+00 7.089642333984375000e+01
2.801463508605957031e+01 -7.013027191162109375e+00 6.989997100830078125e+01
2.578080558776855469e+01 -6.935486316680908203e+00 7.234484100341796875e+01
2.579340362548828125e+01 -6.859520912170410156e+00 6.990001678466796875e+01
2.851955604553222656e+01 -7.271681785583496094e+00 7.186308288574218750e+01
2.623454856872558594e+01 -6.577537536621093750e+00 7.090531921386718750e+01
2.678128051757812500e+01 -6.946071624755859375e+00 6.990012359619140625e+01
2.662284851074218750e+01 -7.100276947021484375e+00 7.234485626220703125e+01
2.471106147766113281e+01 -7.266129016876220703e+00 6.990016174316406250e+01
2.862757110595703125e+01 -7.544118404388427734e+00 7.050325775146484375e+01
2.511922836303710938e+01 -7.358905792236328125e+00 7.234487152099609375e+01
2.617157936096191406e+01 -7.029062747955322266e+00 6.989997863769531250e+01
2.779621124267578125e+01 -7.593301773071289062e+00 7.234491729736328125e+01
1.071269321441650391e+01 -1.450165271759033203e+01 7.074842834472656250e+01
2.736283111572265625e+01 -7.379919528961181641e+00 6.989993286132812500e+01
2.610850334167480469e+01 -7.399574279785156250e+00 7.234484100341796875e+01
2.549833297729492188e+01 -7.324327945709228516e+00 6.990016937255859375e+01
2.861200714111328125e+01 -8.096040725708007812e+00 7.134172058105468750e+01
2.392833518981933594e+01 -8.399521827697753906e+00 7.234494781494140625e+01
2.652880477905273438e+01 -7.303741931915283203e+00 6.990010833740234375e+01
2.698208427429199219e+01 -7.774887561798095703e+00 7.234481048583984375e+01
2.359211540222167969e+01 -8.793896675109863281e+00 6.990004730224609375e+01
2.861215019226074219e+01 -8.672907829284667969e+00 6.995162963867187500e+01
2.555611610412597656e+01 -7.967720985412597656e+00 7.234489440917968750e+01
2.568836784362792969e+01 -8.351724624633789062e+00 6.904788208007812500e+01
2.839879226684570312e+01 -9.000881195068359375e+00 7.217373657226562500e+01
1.935749053955078125e+01 -1.381939506530761719e+01 7.234486389160156250e+01
2.696729660034179688e+01 -7.916455268859863281e+00 6.989994049072265625e+01
2.642244338989257812e+01 -8.261582374572753906e+00 7.234491729736328125e+01
2.508619689941406250e+01 -8.470986366271972656e+00 6.989999389648437500e+01
2.860556793212890625e+01 -9.693733215332031250e+00 7.082560729980468750e+01
2.476881027221679688e+01 -9.516859054565429688e+00 7.234504699707031250e+01
2.630554389953613281e+01 -8.113179206848144531e+00 6.990001678466796875e+01
2.743164443969726562e+01 -9.699296951293945312e+00 7.234502410888671875e+01
2.194819450378417969e+01 -1.457583618164062500e+01 7.027849578857421875e+01
2.771711730957031250e+01 -1.021795940399169922e+01 6.990000915527343750e+01
2.590959930419921875e+01 -1.003752040863037109e+01 7.234502410888671875e+01
2.568943023681640625e+01 -9.713037490844726562e+00 6.990009307861328125e+01
2.835077476501464844e+01 -1.411825942993164062e+01 7.159303283691406250e+01
2.475461959838867188e+01 -1.460464954376220703e+01 7.157308197021484375e+01
2.624952125549316406e+01 -1.465470409393310547e+01 7.090001678466796875e+01
