1.757492256164550781e+01 1.465053081512451172e+01 7.090010070800781250e+01
1.671024131774902344e+01 1.462510395050048828e+01 7.169222259521484375e+01
1.766268539428710938e+01 1.230339431762695312e+01 6.990010070800781250e+01
1.868263435363769531e+01 1.386843013763427734e+01 7.234491729736328125e+01
1.513978004455566406e+01 1.465207576751708984e+01 7.046936035156250000e+01
1.914691352844238281e+01 1.270420646667480469e+01 6.990013122558593750e+01
1.718650627136230469e+01 1.163520240783691406e+01 7.234499359130859375e+01
1.705554771423339844e+01 1.076715183258056641e+01 6.990007781982421875e+01
2.102120018005371094e+01 1.452308082580566406e+01 7.215867614746093750e+01
1.407461261749267578e+01 1.426868057250976562e+01 7.234497833251953125e+01
1.804292488098144531e+01 1.034195327758789062e+01 6.990000915527343750e+01
1.802813339233398438e+01 1.075384235382080078e+01 7.234500885009765625e+01
1.584908008575439453e+01 1.119502067565917969e+01 6.989994049072265625e+01
2.212385940551757812e+01 1.396427631378173828e+01 6.990003204345703125e+01
1.655908203125000000e+01 1.069764137268066406e+01 7.234503173828125000e+01
1.744532012939453125e+01 9.860160827636718750e+00 6.989996337890625000e+01
1.928930854797363281e+01 1.094103908538818359e+01 7.234498596191406250e+01
1.095510101318359375e+01 1.464722919464111328e+01 7.117385101318359375e+01
1.857991409301757812e+01 1.004961204528808594e+01 6.990000152587890625e+01
1.750816345214843750e+01 1.001060581207275391e+01 7.234381103515625000e+01
1.674037933349609375e+01 9.846649169921875000e+00 6.990003967285156250e+01
2.559669303894042969e+01 1.457969951629638672e+01 7.197941589355468750e+01
1.549817943572998047e+01 1.057037639617919922e+01 7.234504699707031250e+01
1.779918289184570312e+01 9.527608871459960938e+00 6.990323638916015625e+01
1.840287399291992188e+01 9.880880355834960938e+00 7.234498596191406250e+01
1.444033813476562500e+01 1.075413513183593750e+01 6.990008544921875000e+01
1.973933601379394531e+01 1.016606998443603516e+01 6.990008544921875000e+01
1.697021865844726562e+01 9.679292678833007812e+00 7.234500885009765625e+01
1.721521949768066406e+01 9.392453193664550781e+00 6.990003204345703125e+01
2.032403373718261719e+01 1.029303741455078125e+01 7.234495544433593750e+01
1.209417819976806641e+01 1.130924320220947266e+01 7.234481048583984375e+01
1.821789169311523438e+01 9.358999252319335938e+00 6.990013885498046875e+01
1.782324028015136719e+01 9.434062957763671875e+00 7.234498596191406250e+01
1.628355598449707031e+01 9.457449913024902344e+00 6.989999389648437500e+01
1.777349853515625000e+01 8.945669174194335938e+00 7.088365173339843750e+01
1.623823928833007812e+01 9.483020782470703125e+00 7.234501647949218750e+01
1.757980155944824219e+01 9.163480758666992188e+00 6.989998626708984375e+01
1.767258262634277344e+01 8.917906761169433594e+00 7.100775909423828125e+01
6.837030410766601562e+00 1.145580387115478516e+01 6.990491485595703125e+01
1.783456039428710938e+01 8.950723648071289062e+00 7.070304107666015625e+01
1.731206512451171875e+01 9.167164802551269531e+00 7.234499359130859375e+01
1.694659423828125000e+01 9.085605621337890625e+00 6.990162658691406250e+01
1.798182678222656250e+01 8.944644927978515625e+00 7.101161956787109375e+01
1.475933551788330078e+01 9.299168586730957031e+00 7.234501647949218750e+01
1.777396965026855469e+01 8.943991661071777344e+00 7.036320495605468750e+01
1.785759162902832031e+01 8.948410034179687500e+00 7.159446716308593750e+01
1.546461296081542969e+01 9.045509338378906250e+00 6.989998626708984375e+01
1.809806632995605469e+01 8.907656669616699219e+00 7.073880767822265625e+01
1.672813034057617188e+01 8.930746078491210938e+00 7.234500122070312500e+01
1.736023139953613281e+01 8.890301704406738281e+00 6.990031433105468750e+01
1.817690849304199219e+01 8.872513771057128906e+00 7.132772064208984375e+01
5.982135295867919922e+00 8.525795936584472656e+00 7.234488677978515625e+01
1.824435424804687500e+01 8.827744483947753906e+00 7.011362457275390625e+01
1.760025978088378906e+01 8.830691337585449219e+00 7.159487152099609375e+01
1.658931541442871094e+01 8.751790046691894531e+00 6.989996337890625000e+01
1.827960777282714844e+01 8.801083564758300781e+00 7.093613433837890625e+01
1.582616519927978516e+01 8.579491615295410156e+00 7.234500885009765625e+01
1.757492256164550781e+01 8.879972457885742188e+00 7.090010070800781250e+01
1.805323219299316406e+01 8.732962608337402344e+00 7.159475708007812500e+01
1.322835445404052734e+01 8.007770538330078125e+00 6.989996337890625000e+01
1.838100433349609375e+01 8.678873062133789062e+00 7.044340515136718750e+01
1.746060180664062500e+01 8.791481018066406250e+00 7.125250244140625000e+01
1.750055885314941406e+01 8.833206176757812500e+00 7.073706817626953125e+01
1.841235160827636719e+01 8.622103691101074219e+00 7.125537872314453125e+01
1.349541568756103516e+01 7.554064273834228516e+00 7.234497833251953125e+01
1.846430969238281250e+01 8.255446434020996094e+00 6.922773742675781250e+01
1.775446701049804688e+01 8.626232147216796875e+00 7.159496307373046875e+01
1.603629493713378906e+01 8.186439514160156250e+00 6.990013122558593750e+01
1.845016670227050781e+01 8.522430419921875000e+00 7.075407409667968750e+01
1.748869514465332031e+01 8.819992065429687500e+00 7.101032257080078125e+01
1.742146110534667969e+01 7.981364250183105469e+00 6.893108367919921875e+01
1.831844139099121094e+01 8.389339447021484375e+00 7.159468841552734375e+01
1.846101379394531250e+01 8.237477302551269531e+00 7.010412597656250000e+01
1.750711250305175781e+01 8.482343673706054688e+00 7.159486389160156250e+01
1.737392616271972656e+01 8.678851127624511719e+00 7.063256835937500000e+01
1.846961593627929688e+01 8.303059577941894531e+00 7.106737518310546875e+01
1.745369911193847656e+01 8.784565925598144531e+00 7.097556304931640625e+01
1.799486732482910156e+01 7.780702114105224609e+00 6.939659881591796875e+01
1.792718124389648438e+01 8.301878929138183594e+00 7.159484100341796875e+01
1.749462127685546875e+01 8.812851905822753906e+00 7.086988067626953125e+01
1.842449569702148438e+01 8.124752044677734375e+00 7.055907440185546875e+01
1.728125953674316406e+01 8.289156913757324219e+00 7.151201629638671875e+01
1.733217239379882812e+01 8.110369682312011719e+00 7.009888458251953125e+01
1.835284805297851562e+01 8.001086235046386719e+00 7.136112213134765625e+01
1.736525917053222656e+01 8.659519195556640625e+00 7.094405364990234375e+01
1.813907814025878906e+01 7.823785305023193359e+00 7.011405944824218750e+01
1.765806961059570312e+01 8.067888259887695312e+00 7.159485626220703125e+01
1.727813148498535156e+01 8.395667076110839844e+00 7.064497375488281250e+01
1.829131698608398438e+01 7.930961608886718750e+00 7.087747192382812500e+01
1.728667831420898438e+01 8.306838035583496094e+00 7.118139648437500000e+01
1.761336517333984375e+01 7.822878837585449219e+00 7.021389770507812500e+01
1.807487678527832031e+01 7.557631969451904297e+00 7.151123809814453125e+01
1.727774620056152344e+01 8.327038764953613281e+00 7.085716247558593750e+01
1.801729965209960938e+01 7.781175136566162109e+00 7.059867095947265625e+01
1.747978210449218750e+01 7.910198211669921875e+00 7.130454254150390625e+01
1.741390037536621094e+01 7.977140426635742188e+00 7.061263275146484375e+01
1.807488822937011719e+01 7.084601402282714844e+00 7.106499481201171875e+01
1.740834617614746094e+01 7.984969139099121094e+00 7.097509765625000000e+01
1.757492256164550781e+01 7.841457366943359375e+00 7.090010070800781250e+01
