-1.826204109191894531e+01 -3.997105360031127930e-01 7.090002441406250000e+01
-1.983926582336425781e+01 2.388561010360717773e+00 7.234489440917968750e+01
-1.817428207397460938e+01 -4.667575836181640625e+00 6.990006256103515625e+01
-1.793098640441894531e+01 -6.599992275238037109e+00 7.133182525634765625e+01
-2.390651130676269531e+01 5.288426399230957031e+00 6.990159606933593750e+01
-1.826198959350585938e+01 -8.090732574462890625e+00 7.089999389648437500e+01
-1.865047454833984375e+01 -5.335509777069091797e+00 7.234497833251953125e+01
-1.878137588500976562e+01 -6.203824043273925781e+00 6.990007781982421875e+01
-1.826203155517578125e+01 -8.090842247009277344e+00 7.090002441406250000e+01
-2.176245117187500000e+01 -2.701996326446533203e+00 7.234494018554687500e+01
-1.779411125183105469e+01 -6.629104614257812500e+00 6.990008544921875000e+01
-1.780883026123046875e+01 -6.216986656188964844e+00 7.234493255615234375e+01
-2.160589218139648438e+01 -3.605410337448120117e+00 6.896219635009765625e+01
-1.805973243713378906e+01 -7.864740371704101562e+00 7.085554504394531250e+01
-1.927786636352539062e+01 -6.273216247558593750e+00 7.234493255615234375e+01
-1.839163589477539062e+01 -7.110737800598144531e+00 6.989995574951171875e+01
-1.810080718994140625e+01 -7.897020816802978516e+00 7.103591156005859375e+01
-2.884646987915039062e+01 1.130403637886047363e+00 7.133772277832031250e+01
-1.807892608642578125e+01 -7.877745151519775391e+00 7.071780395507812500e+01
-1.832885169982910156e+01 -6.959331512451171875e+00 7.234487915039062500e+01
-1.909647941589355469e+01 -7.124303340911865234e+00 6.990008544921875000e+01
-1.752584838867187500e+01 -7.567770481109619141e+00 7.099907684326171875e+01
-2.033870315551757812e+01 -6.400520801544189453e+00 7.234490966796875000e+01
-1.803708648681640625e+01 -7.441220760345458984e+00 6.990007781982421875e+01
-1.810661506652832031e+01 -7.902965545654296875e+00 7.117126464843750000e+01
-2.139653778076171875e+01 -6.216748714447021484e+00 6.990003204345703125e+01
-1.771142959594726562e+01 -7.763685703277587891e+00 7.064562988281250000e+01
-1.886670112609863281e+01 -7.291595935821533203e+00 7.234482574462890625e+01
-1.862170982360839844e+01 -7.578428745269775391e+00 6.990005493164062500e+01
-1.752584457397460938e+01 -7.712449073791503906e+00 7.128694915771484375e+01
-2.374371528625488281e+01 -5.661176204681396484e+00 7.234497833251953125e+01
-1.783598327636718750e+01 -7.773437023162841797e+00 7.023740386962890625e+01
-1.826138687133789062e+01 -8.089399337768554688e+00 7.090383148193359375e+01
-1.955331230163574219e+01 -7.513424396514892578e+00 6.989999389648437500e+01
-1.746225166320800781e+01 -7.826255321502685547e+00 7.083376312255859375e+01
-1.959859085083007812e+01 -7.487871646881103516e+00 7.234479522705078125e+01
-1.825716209411621094e+01 -7.807386875152587891e+00 6.990003967285156250e+01
-1.763173484802246094e+01 -7.846026897430419922e+00 7.159484100341796875e+01
-2.880079460144042969e+01 -5.562798500061035156e+00 6.992329406738281250e+01
-1.740222549438476562e+01 -7.856561660766601562e+00 7.024745178222656250e+01
-1.852488708496093750e+01 -7.803678035736083984e+00 7.234485626220703125e+01
-1.889095687866210938e+01 -7.885034084320068359e+00 6.990061950683593750e+01
-1.730373573303222656e+01 -7.938549041748046875e+00 7.116265869140625000e+01
-2.107735824584960938e+01 -7.671703338623046875e+00 7.234480285644531250e+01
-1.755250930786132812e+01 -7.862653732299804688e+00 6.898618316650390625e+01
-1.797917175292968750e+01 -8.022373199462890625e+00 7.159488677978515625e+01
-2.037198066711425781e+01 -7.925351619720458984e+00 6.990008544921875000e+01
-1.722636222839355469e+01 -8.036052703857421875e+00 7.058071136474609375e+01
-1.910881233215332031e+01 -8.040087699890136719e+00 7.234488677978515625e+01
-1.847677993774414062e+01 -8.080527305603027344e+00 6.990002441406250000e+01
-1.728386497497558594e+01 -8.102979660034179688e+00 7.159487915039062500e+01
-2.881035232543945312e+01 -8.413125991821289062e+00 7.221463775634765625e+01
-1.716366577148437500e+01 -8.176553726196289062e+00 6.960961151123046875e+01
-1.823670578002929688e+01 -8.140139579772949219e+00 7.159477996826171875e+01
-1.924746513366699219e+01 -8.219017982482910156e+00 6.990007019042968750e+01
-1.826204109191894531e+01 -8.090859413146972656e+00 7.090002441406250000e+01
-2.001079559326171875e+01 -8.391339302062988281e+00 7.234493255615234375e+01
-1.826204109191894531e+01 -8.090859413146972656e+00 7.090002441406250000e+01
-1.778355979919433594e+01 -8.237922668457031250e+00 7.159492492675781250e+01
-2.260767173767089844e+01 -8.962873458862304688e+00 6.990010833740234375e+01
-1.712734794616699219e+01 -8.373939514160156250e+00 7.025715637207031250e+01
-1.873079299926757812e+01 -8.453701019287109375e+00 7.234495544433593750e+01
-1.871817207336425781e+01 -8.377717018127441406e+00 6.989999389648437500e+01
-1.713652038574218750e+01 -8.437439918518066406e+00 7.137752532958984375e+01
-2.234195518493652344e+01 -9.416899681091308594e+00 7.234504699707031250e+01
-1.729719543457031250e+01 -8.768372535705566406e+00 6.908576965332031250e+01
-1.808248901367187500e+01 -8.344612121582031250e+00 7.159492492675781250e+01
-1.980067062377929688e+01 -8.784393310546875000e+00 6.990005493164062500e+01
-1.715544700622558594e+01 -8.542909622192382812e+00 7.071540069580078125e+01
-1.939240074157714844e+01 -8.877140045166015625e+00 7.234496307373046875e+01
-1.831882858276367188e+01 -8.423385620117187500e+00 7.017140197753906250e+01
-1.751886749267578125e+01 -8.581265449523925781e+00 7.159429168701171875e+01
-2.879055023193359375e+01 -1.346392250061035156e+01 7.079730224609375000e+01
-1.730461692810058594e+01 -8.785077095031738281e+00 7.003997039794921875e+01
-1.831878089904785156e+01 -8.423573493957519531e+00 7.148136901855468750e+01
-1.970665550231933594e+01 -9.536373138427734375e+00 6.897721862792968750e+01
-1.726377487182617188e+01 -8.734557151794433594e+00 7.108666229248046875e+01
-2.058321762084960938e+01 -9.917702674865722656e+00 7.234495544433593750e+01
-1.794745445251464844e+01 -8.914340972900390625e+00 6.977372741699218750e+01
-1.791291809082031250e+01 -8.663806915283203125e+00 7.158857727050781250e+01
-2.091940879821777344e+01 -1.031205368041992188e+01 6.990007019042968750e+01
-1.739879417419433594e+01 -8.858235359191894531e+00 7.055350494384765625e+01
-1.895545196533203125e+01 -9.485920906066894531e+00 7.234490966796875000e+01
-1.831439971923828125e+01 -8.256856918334960938e+00 7.072721099853515625e+01
-1.752696037292480469e+01 -8.921340942382812500e+00 7.133565521240234375e+01
-2.441304397583007812e+01 -1.455842018127441406e+01 7.218952178955078125e+01
-1.780315971374511719e+01 -8.949954986572265625e+00 7.026066589355468750e+01
-1.819728469848632812e+01 -8.723337173461914062e+00 7.144112396240234375e+01
-1.942546844482421875e+01 -9.989341735839843750e+00 6.989990997314453125e+01
-1.761660385131835938e+01 -8.945873260498046875e+00 7.087963867187500000e+01
-1.974254417419433594e+01 -1.103463172912597656e+01 7.234484863281250000e+01
-1.824137687683105469e+01 -8.659084320068359375e+00 7.053116607666015625e+01
-1.795222091674804688e+01 -8.910313606262207031e+00 7.127874755859375000e+01
-2.176198959350585938e+01 -1.460295677185058594e+01 7.039430236816406250e+01
-1.792825126647949219e+01 -8.919943809509277344e+00 7.067258453369140625e+01
-1.830344390869140625e+01 -8.512879371643066406e+00 7.107602691650390625e+01
-1.832005119323730469e+01 -8.416117668151855469e+00 7.079645538330078125e+01
-1.804716873168945312e+01 -8.862464904785156250e+00 7.097089385986328125e+01
-1.831714820861816406e+01 -8.386948585510253906e+00 7.092483520507812500e+01
-1.826204109191894531e+01 -8.606041908264160156e+00 7.090002441406250000e+01
