-8.666647970676422119e-02 2.429644614458084106e-01 7.089993286132812500e+01
-2.070827931165695190e-01 4.003247022628784180e-01 7.101024627685546875e+01
1.095898333005607128e-03 3.023685932159423828e+00 6.989992523193359375e+01
9.099166840314865112e-02 4.003167450428009033e-01 7.113165283203125000e+01
-1.258244961500167847e-01 -3.069299459457397461e-01 7.089300537109375000e+01
1.485340476036071777e+00 3.424526691436767578e+00 6.989994812011718750e+01
-1.994561553001403809e-01 4.003254473209381104e-01 7.131950378417968750e+01
-6.060291528701782227e-01 1.487389445304870605e+00 6.989993286132812500e+01
4.019333720207214355e-01 4.003106057643890381e-01 7.107836914062500000e+01
-6.063654422760009766e-01 4.003261625766754150e-01 7.111445617675781250e+01
3.813717663288116455e-01 1.062346577644348145e+00 6.989976501464843750e+01
1.068359389901161194e-01 4.003190398216247559e-01 7.151684570312500000e+01
-1.812285900115966797e+00 1.915001392364501953e+00 6.989990234375000000e+01
4.461873531341552734e+00 4.684112071990966797e+00 6.989994812011718750e+01
-5.338049530982971191e-01 4.003286361694335938e-01 7.153594207763671875e+01
-2.532766163349151611e-01 8.603262901306152344e-01 6.961421203613281250e+01
5.788158774375915527e-01 4.003081023693084717e-01 7.146080017089843750e+01
-1.005009293556213379e+00 4.003221392631530762e-01 7.093791198730468750e+01
9.954965114593505859e-01 8.597076535224914551e-01 6.982303619384765625e+01
-1.188010573387145996e-01 1.444906741380691528e-01 7.159487152099609375e+01
-1.174490690231323242e+00 8.603125810623168945e-01 6.959635925292968750e+01
1.039320230484008789e+00 4.003024399280548096e-01 7.105142974853515625e+01
-1.069584608078002930e+00 4.003171920776367188e-01 7.158382415771484375e+01
1.903769075870513916e-01 4.003174901008605957e-01 6.966844940185546875e+01
3.115540444850921631e-01 8.166030049324035645e-02 7.159487915039062500e+01
-3.221258640289306641e+00 1.474419951438903809e+00 6.989990997314453125e+01
2.077466487884521484e+00 8.861836791038513184e-01 6.990004730224609375e+01
-3.775069117546081543e-01 -1.530351769179105759e-02 7.159487915039062500e+01
-6.482074856758117676e-01 4.002972543239593506e-01 6.933870697021484375e+01
1.235612630844116211e+00 2.799140810966491699e-01 7.159488677978515625e+01
-1.891667962074279785e+00 4.002967178821563721e-01 7.137572479248046875e+01
9.871829748153686523e-01 4.002945423126220703e-01 6.922985076904296875e+01
3.275797516107559204e-02 -1.332663297653198242e-01 7.159483337402343750e+01
-1.875759959220886230e+00 4.003049433231353760e-01 6.951435852050781250e+01
1.445123386383056641e+01 4.410003662109375000e+00 6.969549560546875000e+01
-7.295451164245605469e-01 -1.097111850976943970e-01 7.159486389160156250e+01
-7.837257534265518188e-02 8.220545947551727295e-02 6.919978332519531250e+01
5.437049269676208496e-01 -1.548892855644226074e-01 7.159482574462890625e+01
-1.087700653076171875e+01 2.188664913177490234e+00 6.989988708496093750e+01
2.153359889984130859e+00 2.106549590826034546e-01 6.919982910156250000e+01
-2.130897790193557739e-01 -2.616196274757385254e-01 7.159486389160156250e+01
-1.156527161598205566e+00 -4.961339384317398071e-02 6.919981384277343750e+01
2.448903560638427734e+00 3.248573979362845421e-03 7.159482574462890625e+01
-1.440861940383911133e+00 -1.981294304132461548e-01 7.159488677978515625e+01
5.436124801635742188e-01 -1.970320194959640503e-01 6.919986724853515625e+01
1.961983740329742432e-01 -3.312621712684631348e-01 7.159477996826171875e+01
-3.673877477645874023e+00 -1.183598935604095459e-01 6.919989013671875000e+01
5.427253723144531250e+00 -1.079592108726501465e-01 6.919993591308593750e+01
-4.939397871494293213e-01 -3.753275871276855469e-01 7.159487152099609375e+01
-4.514989554882049561e-01 -3.821942210197448730e-01 6.920097351074218750e+01
-8.666647970676422119e-02 -3.997475504875183105e-01 7.089993286132812500e+01
-9.115799516439437866e-02 -3.998847603797912598e-01 7.090048980712890625e+01
7.639278769493103027e-01 -4.661101400852203369e-01 6.990061950683593750e+01
-8.666647970676422119e-02 -3.997475504875183105e-01 7.089993286132812500e+01
-1.072108149528503418e+00 -5.279087424278259277e-01 6.989996337890625000e+01
4.021912097930908203e+00 -8.597006797790527344e-01 7.111000823974609375e+01
-9.103343635797500610e-02 -4.004979133605957031e-01 7.090354156494140625e+01
5.284175276756286621e-02 -5.545057058334350586e-01 6.990000915527343750e+01
3.918766081333160400e-01 -5.468292236328125000e-01 7.159492492675781250e+01
-8.065119743347167969e+00 -2.000739574432373047e+00 6.906410980224609375e+01
1.678138494491577148e+00 -8.400264382362365723e-01 6.990006256103515625e+01
-8.947809040546417236e-02 -4.019238948822021484e-01 7.090859985351562500e+01
-5.420400500297546387e-01 -6.861286759376525879e-01 6.990156555175781250e+01
1.407151341438293457e+00 -8.597380518913269043e-01 7.153368377685546875e+01
-9.073278307914733887e-02 -4.010691642761230469e-01 7.090137481689453125e+01
4.451007246971130371e-01 -7.731536030769348145e-01 6.990001678466796875e+01
9.292097389698028564e-02 -6.535499691963195801e-01 7.159497070312500000e+01
-1.625323057174682617e+00 -1.093293666839599609e+00 6.989994812011718750e+01
5.906387329101562500e+00 -2.847945213317871094e+00 6.990004730224609375e+01
-8.969645202159881592e-02 -4.018552005290985107e-01 7.090380859375000000e+01
-1.645994037389755249e-01 -8.560911417007446289e-01 6.990000152587890625e+01
6.103914380073547363e-01 -8.597225546836853027e-01 7.155111694335937500e+01
-2.041374742984771729e-01 -4.596970677375793457e-01 7.089878845214843750e+01
1.026427388191223145e+00 -1.206839203834533691e+00 6.990004730224609375e+01
-8.679354935884475708e-02 -4.004926681518554688e-01 7.090123748779296875e+01
-8.379385471343994141e-01 -1.151486873626708984e+00 6.989997863769531250e+01
6.266804933547973633e-01 -8.597254157066345215e-01 7.103330230712890625e+01
-8.944278955459594727e-02 -4.019325971603393555e-01 7.090166473388671875e+01
1.926209330558776855e-01 -1.130826950073242188e+00 6.990001678466796875e+01
1.936189234256744385e-01 -8.597262501716613770e-01 7.145272827148437500e+01
-2.744140386581420898e+00 -2.621030092239379883e+00 6.989993286132812500e+01
2.404179334640502930e+00 -2.613960266113281250e+00 6.990007781982421875e+01
-8.755723387002944946e-02 -4.015396535396575928e-01 7.090178680419921875e+01
-3.896247446537017822e-01 -1.360231041908264160e+00 6.989999389648437500e+01
3.204809725284576416e-01 -8.597357273101806641e-01 7.114122009277343750e+01
-8.880178630352020264e-02 -4.019927382469177246e-01 7.090038299560546875e+01
6.309810876846313477e-01 -1.743293404579162598e+00 6.990003204345703125e+01
-3.957072272896766663e-02 -8.597289323806762695e-01 7.129345703125000000e+01
-2.470334053039550781e+00 -4.289422512054443359e+00 6.885086822509765625e+01
-4.142181575298309326e-02 -4.596832990646362305e-01 7.089850616455078125e+01
-8.757416903972625732e-02 -4.015523791313171387e-01 7.090081787109375000e+01
-3.082485310733318329e-02 -1.935264825820922852e+00 6.990316772460937500e+01
8.724500238895416260e-02 -8.597304821014404297e-01 7.111251831054687500e+01
-1.187047362327575684e-01 -4.593587815761566162e-01 7.089530181884765625e+01
1.380739688873291016e+00 -4.044563293457031250e+00 6.990005493164062500e+01
-8.670936524868011475e-02 -4.001846909523010254e-01 7.090011596679687500e+01
-6.467678546905517578e-01 -3.540169954299926758e+00 6.989999389648437500e+01
-7.010607421398162842e-02 -4.592158496379852295e-01 7.090539550781250000e+01
-8.681705594062805176e-02 -4.005565941333770752e-01 7.090000152587890625e+01
-8.666647970676422119e-02 -4.597177803516387939e-01 7.089993286132812500e+01
