-1.690826034545898438e+01 -4.597010314464569092e-01 7.089993286132812500e+01
-1.696846961975097656e+01 -4.597019255161285400e-01 7.095508575439453125e+01
-1.690822029113769531e+01 -8.581990599632263184e-01 7.089948272705078125e+01
-1.681942939758300781e+01 -4.597045183181762695e-01 7.101579284667968750e+01
-1.690911483764648438e+01 -8.577184081077575684e-01 7.089978027343750000e+01
-1.690768814086914062e+01 -8.583499789237976074e-01 7.089956665039062500e+01
-1.696465492248535156e+01 -4.597058892250061035e-01 7.110971832275390625e+01
-1.690863609313964844e+01 -8.583807945251464844e-01 7.089920806884765625e+01
-1.666395378112792969e+01 -4.597023725509643555e-01 7.098915100097656250e+01
-1.716811180114746094e+01 -4.597018361091613770e-01 7.100719451904296875e+01
-1.690791893005371094e+01 -8.586764335632324219e-01 7.089920043945312500e+01
-1.681150817871093750e+01 -4.597047865390777588e-01 7.120839691162109375e+01
-1.690951728820800781e+01 -8.580556511878967285e-01 7.089920043945312500e+01
-1.690715217590332031e+01 -8.585039973258972168e-01 7.089968872070312500e+01
-1.713182830810546875e+01 -4.597074389457702637e-01 7.121793365478515625e+01
-1.690836334228515625e+01 -8.589696884155273438e-01 7.089914703369140625e+01
-1.657550811767578125e+01 -4.597027003765106201e-01 7.118037414550781250e+01
-1.736744117736816406e+01 -4.597001075744628906e-01 7.091892242431640625e+01
-1.690751266479492188e+01 -8.588724136352539062e-01 7.089918518066406250e+01
-1.693188095092773438e+01 -4.597072601318359375e-01 7.141073608398437500e+01
-1.690884780883789062e+01 -8.590631484985351562e-01 7.089923095703125000e+01
-1.634524917602539062e+01 -4.597049057483673096e-01 7.097568511962890625e+01
-1.739972305297851562e+01 -4.597075581550598145e-01 7.124188232421875000e+01
-1.690809249877929688e+01 -8.592594861984252930e-01 7.089919281005859375e+01
-1.658254814147949219e+01 -4.659905731678009033e-01 7.146834564208984375e+01
-1.691049003601074219e+01 -8.584095835685729980e-01 7.089922332763671875e+01
-1.690687370300292969e+01 -8.589182496070861816e-01 7.089929199218750000e+01
-1.719907951354980469e+01 -4.753273427486419678e-01 7.159482574462890625e+01
-1.690843772888183594e+01 -8.594892621040344238e-01 7.089943695068359375e+01
-1.612999534606933594e+01 -4.597086310386657715e-01 7.130896759033203125e+01
-1.781077384948730469e+01 -4.597151279449462891e-01 7.113783264160156250e+01
-1.690778350830078125e+01 -8.593879342079162598e-01 7.089919281005859375e+01
-1.678880691528320312e+01 -5.931959748268127441e-01 7.159500122070312500e+01
-1.690840721130371094e+01 -8.596767783164978027e-01 7.089981842041015625e+01
-1.690591621398925781e+01 -8.589673638343811035e-01 7.089974212646484375e+01
-1.755116081237792969e+01 -5.696966648101806641e-01 7.159488677978515625e+01
-1.690825843811035156e+01 -8.596304059028625488e-01 7.089953613281250000e+01
-1.627779769897460938e+01 -6.148489713668823242e-01 7.159492492675781250e+01
-1.691622734069824219e+01 -8.578314185142517090e-01 7.089919281005859375e+01
-1.690723228454589844e+01 -8.594627976417541504e-01 7.089915466308593750e+01
-1.703467941284179688e+01 -7.216184139251708984e-01 7.159484863281250000e+01
-1.797811126708984375e+01 -5.096114873886108398e-01 6.919982910156250000e+01
-1.439134979248046875e+01 -4.597122669219970703e-01 7.158971405029296875e+01
-1.792585563659667969e+01 -7.082388997077941895e-01 7.142214965820312500e+01
-1.690812301635742188e+01 -8.596987724304199219e-01 7.089956665039062500e+01
-1.662532615661621094e+01 -7.912406325340270996e-01 7.159495544433593750e+01
-1.901831817626953125e+01 -6.942257881164550781e-01 6.989994049072265625e+01
-1.690577888488769531e+01 -8.596113920211791992e-01 7.089916992187500000e+01
-1.731554031372070312e+01 -8.353223204612731934e-01 7.159488677978515625e+01
-1.727335166931152344e+01 -8.421769142150878906e-01 6.919976043701171875e+01
-1.689646530151367188e+01 -8.598888516426086426e-01 7.090830993652343750e+01
-1.691320800781250000e+01 -8.598938584327697754e-01 7.090055084228515625e+01
-1.605711174011230469e+01 -9.261484742164611816e-01 6.989997100830078125e+01
-1.690826034545898438e+01 -8.597427010536193848e-01 7.089993286132812500e+01
-1.789364051818847656e+01 -9.878957867622375488e-01 6.990002441406250000e+01
-1.690826034545898438e+01 -8.597427010536193848e-01 7.089993286132812500e+01
-1.691775703430175781e+01 -8.613746166229248047e-01 7.090778350830078125e+01
-1.676896095275878906e+01 -1.014269232749938965e+00 6.990150451660156250e+01
-1.690826034545898438e+01 -8.597427010536193848e-01 7.089993286132812500e+01
-2.125353050231933594e+01 -1.731683850288391113e+00 6.990009307861328125e+01
-1.514334869384765625e+01 -1.300048232078552246e+00 6.990000152587890625e+01
-1.690826034545898438e+01 -8.597427010536193848e-01 7.089993286132812500e+01
-1.736434555053710938e+01 -1.146571159362792969e+00 6.990000915527343750e+01
-1.690333175659179688e+01 -8.612601757049560547e-01 7.090202331542968750e+01
-1.691285514831542969e+01 -8.612358570098876953e-01 7.090155792236328125e+01
-1.637647247314453125e+01 -1.233163714408874512e+00 6.989997863769531250e+01
-1.690826034545898438e+01 -8.597427010536193848e-01 7.089993286132812500e+01
-1.844674873352050781e+01 -1.553213357925415039e+00 6.990005493164062500e+01
-1.096626377105712891e+01 -3.287083387374877930e+00 6.990856170654296875e+01
-1.690826034545898438e+01 -8.597427010536193848e-01 7.089993286132812500e+01
-1.698605155944824219e+01 -1.315261244773864746e+00 6.990180969238281250e+01
-1.690826034545898438e+01 -8.597427010536193848e-01 7.089993286132812500e+01
-1.752576255798339844e+01 -1.174875855445861816e+00 7.089390563964843750e+01
-1.579511165618896484e+01 -1.666873931884765625e+00 6.989999389648437500e+01
-1.690826034545898438e+01 -8.597427010536193848e-01 7.089993286132812500e+01
-1.765949440002441406e+01 -1.611444711685180664e+00 6.990002441406250000e+01
-1.690826034545898438e+01 -8.597427010536193848e-01 7.089993286132812500e+01
-1.792584419250488281e+01 -1.660614967346191406e+00 7.153337860107421875e+01
-1.662896728515625000e+01 -1.590838193893432617e+00 6.989999389648437500e+01
-1.690826034545898438e+01 -8.597427010536193848e-01 7.089993286132812500e+01
-1.956523323059082031e+01 -3.080606937408447266e+00 6.990012359619140625e+01
-1.441739082336425781e+01 -3.073976516723632812e+00 6.990007019042968750e+01
-1.690826034545898438e+01 -8.597427010536193848e-01 7.089993286132812500e+01
-1.721121215820312500e+01 -1.820206046104431152e+00 6.990001678466796875e+01
-1.690826034545898438e+01 -8.597427010536193848e-01 7.089993286132812500e+01
-1.792586135864257812e+01 -1.929713726043701172e+00 7.111326599121093750e+01
-1.619059371948242188e+01 -2.203325748443603516e+00 6.990000152587890625e+01
-1.690826034545898438e+01 -8.597427010536193848e-01 7.089993286132812500e+01
-1.807140159606933594e+01 -2.757760286331176758e+00 6.990006256103515625e+01
-6.538066387176513672e+00 -1.459717273712158203e+01 7.057240295410156250e+01
-1.762036705017089844e+01 -2.275668382644653320e+00 7.159487915039062500e+01
-1.679315185546875000e+01 -4.024950504302978516e+00 6.884527587890625000e+01
-1.690826034545898438e+01 -8.597427010536193848e-01 7.089993286132812500e+01
-2.382791709899902344e+01 -1.373464107513427734e+01 6.990007781982421875e+01
-1.544079303741455078e+01 -4.504711151123046875e+00 6.990001678466796875e+01
-1.690826034545898438e+01 -8.597427010536193848e-01 7.089993286132812500e+01
-1.746831893920898438e+01 -3.999927282333374023e+00 6.990006256103515625e+01
-1.690826034545898438e+01 -8.597427010536193848e-01 7.089993286132812500e+01
-1.792585754394531250e+01 -6.327203750610351562e+00 7.135809326171875000e+01
-1.690826034545898438e+01 -1.463292407989501953e+01 7.089993286132812500e+01
