-1.801933097839355469e+01 1.463130474090576172e+01 7.089996337890625000e+01
-1.887734031677246094e+01 1.458443260192871094e+01 7.168596649169921875e+01
-1.793157196044921875e+01 1.230694770812988281e+01 6.989999389648437500e+01
-1.691151237487792969e+01 1.387257575988769531e+01 7.234491729736328125e+01
-2.049275016784667969e+01 1.474646759033203125e+01 7.046244812011718750e+01
-1.644747161865234375e+01 1.270754718780517578e+01 6.990007781982421875e+01
-1.840774917602539062e+01 1.163887882232666016e+01 7.234486389160156250e+01
-1.853865623474121094e+01 1.077063465118408203e+01 6.990003204345703125e+01
-1.456643581390380859e+01 1.453758049011230469e+01 7.216095733642578125e+01
-2.151957893371582031e+01 1.427224636077880859e+01 7.234481811523437500e+01
-1.755143165588378906e+01 1.034529590606689453e+01 6.990008544921875000e+01
-1.756611061096191406e+01 1.075754547119140625e+01 7.234490203857421875e+01
-1.974503898620605469e+01 1.119850349426269531e+01 6.989987945556640625e+01
-1.347136592864990234e+01 1.396685218811035156e+01 6.990010833740234375e+01
-1.903517913818359375e+01 1.070131683349609375e+01 7.234490203857421875e+01
-1.814891624450683594e+01 9.863687515258789062e+00 6.989996337890625000e+01
-1.630488967895507812e+01 1.094476795196533203e+01 7.234489440917968750e+01
-2.466956520080566406e+01 1.467738819122314453e+01 7.117497253417968750e+01
-1.701445579528808594e+01 1.005314064025878906e+01 6.989997863769531250e+01
-1.808614730834960938e+01 1.001525211334228516e+01 7.234493255615234375e+01
-1.885384178161621094e+01 9.850274085998535156e+00 6.989994049072265625e+01
-1.801838302612304688e+01 8.884308815002441406e+00 7.090009307861328125e+01
-2.009607696533203125e+01 1.057404136657714844e+01 7.234490966796875000e+01
-1.779455566406250000e+01 9.532754898071289062e+00 6.990081787109375000e+01
-1.719132995605468750e+01 9.884602546691894531e+00 7.234493255615234375e+01
-2.115402030944824219e+01 1.075786018371582031e+01 6.989990997314453125e+01
-1.801931381225585938e+01 8.883645057678222656e+00 7.089995574951171875e+01
-1.862406539916992188e+01 9.682995796203613281e+00 7.234494781494140625e+01
-1.837897682189941406e+01 9.396034240722656250e+00 6.990005493164062500e+01
-1.801671600341796875e+01 8.884979248046875000e+00 7.090133666992187500e+01
-2.350069808959960938e+01 1.131318187713623047e+01 7.234483337402343750e+01
-1.737632369995117188e+01 9.362689971923828125e+00 6.989994049072265625e+01
-1.777099609375000000e+01 9.437764167785644531e+00 7.234495544433593750e+01
-1.931061553955078125e+01 9.461075782775878906e+00 6.989991760253906250e+01
-1.782564544677734375e+01 8.947713851928710938e+00 7.088391876220703125e+01
-1.935608482360839844e+01 9.486714363098144531e+00 7.234495544433593750e+01
-1.801445198059082031e+01 9.167109489440917969e+00 6.989997100830078125e+01
-1.786849975585937500e+01 8.942222595214843750e+00 7.106623077392578125e+01
-2.880785560607910156e+01 1.147161102294921875e+01 6.990008544921875000e+01
-1.775577163696289062e+01 8.955453872680664062e+00 7.069992828369140625e+01
-1.828220748901367188e+01 9.170848846435546875e+00 7.234496307373046875e+01
-1.864856338500976562e+01 9.089564323425292969e+00 6.990004730224609375e+01
-1.762055778503417969e+01 8.947014808654785156e+00 7.100925445556640625e+01
-2.083508872985839844e+01 9.302856445312500000e+00 7.234496307373046875e+01
-1.781637573242187500e+01 8.948910713195800781e+00 7.035252380371093750e+01
-1.773646736145019531e+01 8.952119827270507812e+00 7.159481048583984375e+01
-2.012933731079101562e+01 9.049147605895996094e+00 6.989999389648437500e+01
-1.750000190734863281e+01 8.911116600036621094e+00 7.073984527587890625e+01
-1.886618995666503906e+01 8.934412002563476562e+00 7.234497833251953125e+01
-1.823402595520019531e+01 8.893963813781738281e+00 6.990016937255859375e+01
-1.743332481384277344e+01 8.876373291015625000e+00 7.131623840332031250e+01
-2.871696090698242188e+01 8.556805610656738281e+00 7.223318481445312500e+01
-1.736313056945800781e+01 8.832438468933105469e+00 7.012902832031250000e+01
-1.799399375915527344e+01 8.834351539611816406e+00 7.159475708007812500e+01
-1.900478172302246094e+01 8.755472183227539062e+00 6.989998626708984375e+01
-1.801933097839355469e+01 8.883634567260742188e+00 7.089996337890625000e+01
-1.976823425292968750e+01 8.583128929138183594e+00 7.234499359130859375e+01
-1.801933097839355469e+01 8.883634567260742188e+00 7.089996337890625000e+01
-1.754078483581542969e+01 8.736552238464355469e+00 7.159496307373046875e+01
-2.236480331420898438e+01 8.011652946472167969e+00 6.990007781982421875e+01
-1.722289657592773438e+01 8.684942245483398438e+00 7.044873809814453125e+01
-1.815006446838378906e+01 8.782439231872558594e+00 7.130294799804687500e+01
-1.847537994384765625e+01 8.596829414367675781e+00 6.990011596679687500e+01
-1.719438552856445312e+01 8.629609107971191406e+00 7.124994659423828125e+01
-2.209944915771484375e+01 7.557527542114257812e+00 7.234505462646484375e+01
-1.713549804687500000e+01 8.263009071350097656e+00 6.923804473876953125e+01
-1.783975410461425781e+01 8.629846572875976562e+00 7.159495544433593750e+01
-1.955789375305175781e+01 8.190130233764648438e+00 6.990003967285156250e+01
-1.715453720092773438e+01 8.530361175537109375e+00 7.075568389892578125e+01
-1.914978218078613281e+01 8.097290039062500000e+00 7.234501647949218750e+01
-1.817436408996582031e+01 7.975827693939208984e+00 6.891078948974609375e+01
-1.727546119689941406e+01 8.392769813537597656e+00 7.159487915039062500e+01
-2.884601020812988281e+01 3.358404636383056641e+00 7.079432678222656250e+01
-1.713835906982421875e+01 8.244852066040039062e+00 7.010858917236328125e+01
-1.808716201782226562e+01 8.485885620117187500e+00 7.159494018554687500e+01
-1.822859573364257812e+01 8.674239158630371094e+00 7.062142944335937500e+01
-1.713266181945800781e+01 8.311895370483398438e+00 7.106574249267578125e+01
-1.815291595458984375e+01 8.778498649597167969e+00 7.098311614990234375e+01
-1.759858894348144531e+01 7.782273292541503906e+00 6.939360046386718750e+01
-1.766728973388671875e+01 8.305897712707519531e+00 7.159427642822265625e+01
-1.817019081115722656e+01 8.757536888122558594e+00 7.084319305419921875e+01
-1.717499351501464844e+01 8.133069038391113281e+00 7.056103515625000000e+01
-1.831675148010253906e+01 8.285259246826171875e+00 7.151970672607421875e+01
-1.826580810546875000e+01 8.102216720581054688e+00 7.008644866943359375e+01
-1.724510574340820312e+01 8.008928298950195312e+00 7.135878753662109375e+01
-1.825404739379882812e+01 8.636837959289550781e+00 7.094917297363281250e+01
-1.745708465576171875e+01 7.831025123596191406e+00 7.011658477783203125e+01
-1.793616104125976562e+01 8.071313858032226562e+00 7.159491729736328125e+01
-1.831829643249511719e+01 8.395780563354492188e+00 7.064296722412109375e+01
-1.730530738830566406e+01 7.937766075134277344e+00 7.087741088867187500e+01
-1.831726455688476562e+01 8.291234016418457031e+00 7.119071960449218750e+01
-1.798073959350585938e+01 7.822466373443603516e+00 7.021112060546875000e+01
-1.752583885192871094e+01 7.578387260437011719e+00 7.150319671630859375e+01
-1.832008552551269531e+01 8.324044227600097656e+00 7.085650634765625000e+01
-1.757633399963378906e+01 7.783297061920166016e+00 7.059810638427734375e+01
-1.811484909057617188e+01 7.910021305084228516e+00 7.130600738525390625e+01
-1.818186759948730469e+01 7.972306728363037109e+00 7.060978698730468750e+01
-1.752585220336914062e+01 7.111557960510253906e+00 7.106272125244140625e+01
-1.818741607666015625e+01 7.980531215667724609e+00 7.097563934326171875e+01
-1.801933097839355469e+01 7.841928005218505859e+00 7.089996337890625000e+01
