4.283896446228027344e+00 4.003028869628906250e-01 7.089997100830078125e+01
4.163487434387207031e+00 4.003024399280548096e-01 7.101027679443359375e+01
4.371657848358154297e+00 3.023672342300415039e+00 6.989997863769531250e+01
4.461549758911132812e+00 4.003213942050933838e-01 7.113169097900390625e+01
-1.369061708450317383e+00 1.299968242645263672e+01 6.990003967285156250e+01
5.855961799621582031e+00 3.424694538116455078e+00 6.989994812011718750e+01
4.171111583709716797e+00 4.003175199031829834e-01 7.131952667236328125e+01
3.764563322067260742e+00 1.487307906150817871e+00 6.990002441406250000e+01
4.772482395172119141e+00 4.003136157989501953e-01 7.107839965820312500e+01
3.764238357543945312e+00 4.002887904644012451e-01 7.111447906494140625e+01
4.751833438873291016e+00 1.062056183815002441e+00 6.990001678466796875e+01
4.477396488189697266e+00 4.003348052501678467e-01 7.151687622070312500e+01
2.558418512344360352e+00 1.914837241172790527e+00 6.990002441406250000e+01
8.832300186157226562e+00 4.683985710144042969e+00 6.990001678466796875e+01
3.836782693862915039e+00 4.003099799156188965e-01 7.153594207763671875e+01
4.154941558837890625e+00 5.755643844604492188e-01 6.990483856201171875e+01
4.949358463287353516e+00 4.003093838691711426e-01 7.146082305908203125e+01
3.365588903427124023e+00 4.003171026706695557e-01 7.093794250488281250e+01
5.286769390106201172e+00 7.674533724784851074e-01 6.990197753906250000e+01
4.251760959625244141e+00 1.445289552211761475e-01 7.159492492675781250e+01
3.452528715133666992e+00 5.632770061492919922e-01 6.990371704101562500e+01
5.409820079803466797e+00 4.002833068370819092e-01 7.105146026611328125e+01
3.301044464111328125e+00 4.002890288829803467e-01 7.158381652832031250e+01
4.507802009582519531e+00 2.468880861997604370e-01 6.990468597412109375e+01
4.682112216949462891e+00 8.168018609285354614e-02 7.159490966796875000e+01
-2.103094816207885742e+00 3.419049501419067383e+00 6.886234283447265625e+01
6.448267936706542969e+00 8.863512873649597168e-01 6.989997863769531250e+01
3.993071556091308594e+00 -1.529848668724298477e-02 7.159487915039062500e+01
3.924243927001953125e+00 1.126862987875938416e-01 6.990004730224609375e+01
5.606132507324218750e+00 2.799176275730133057e-01 7.159490203857421875e+01
2.478880882263183594e+00 4.003285765647888184e-01 7.137577056884765625e+01
4.926856517791748047e+00 7.929791510105133057e-02 6.990001678466796875e+01
4.403329372406005859e+00 -1.332215517759323120e-01 7.159491729736328125e+01
2.992793321609497070e+00 1.776377856731414795e-01 6.990007019042968750e+01
1.634958457946777344e+01 3.592117071151733398e+00 6.990035247802734375e+01
3.641085863113403320e+00 -1.097162365913391113e-01 7.159483337402343750e+01
4.288774490356445312e+00 -1.162635833024978638e-01 6.990003967285156250e+01
4.914288043975830078e+00 -1.548556983470916748e-01 7.159488677978515625e+01
-6.504736900329589844e+00 2.188281297683715820e+00 6.990008544921875000e+01
5.601438522338867188e+00 -4.069445282220840454e-02 6.990000152587890625e+01
4.157475948333740234e+00 -2.615970075130462646e-01 7.159488677978515625e+01
3.654660224914550781e+00 -1.937911957502365112e-01 6.990005493164062500e+01
6.819407463073730469e+00 3.264849772676825523e-03 7.159484863281250000e+01
2.930074214935302734e+00 -1.981593221426010132e-01 7.159472656250000000e+01
4.654613018035888672e+00 -2.804889380931854248e-01 6.990002441406250000e+01
4.566798210144042969e+00 -3.312275409698486328e-01 7.159490966796875000e+01
2.174061775207519531e+00 -2.342224121093750000e-01 6.990007781982421875e+01
7.527351856231689453e+00 -2.280831038951873779e-01 6.989997863769531250e+01
3.876652002334594727e+00 -3.753036260604858398e-01 7.159486389160156250e+01
4.069172859191894531e+00 -3.893907666206359863e-01 6.990003967285156250e+01
4.284202098846435547e+00 -3.997256457805633545e-01 7.090018463134765625e+01
2.557092666625976562e+00 -4.524782896041870117e-01 7.111518096923828125e+01
5.134796619415283203e+00 -4.661083221435546875e-01 6.990029907226562500e+01
4.336587905883789062e+00 -5.022100806236267090e-01 7.234485626220703125e+01
3.298512697219848633e+00 -5.278755426406860352e-01 6.990006256103515625e+01
4.819710254669189453e+00 -4.597059488296508789e-01 7.092736816406250000e+01
3.934800148010253906e+00 -4.597054123878479004e-01 7.118841552734375000e+01
4.423406600952148438e+00 -5.544819831848144531e-01 6.990003204345703125e+01
4.479123592376708984e+00 -4.597254693508148193e-01 7.118350219726562500e+01
-6.193347647786140442e-02 -1.271775364875793457e+00 6.990000915527343750e+01
6.048889160156250000e+00 -8.400476574897766113e-01 6.989999389648437500e+01
4.206390380859375000e+00 -4.597162604331970215e-01 7.113888549804687500e+01
3.827811956405639648e+00 -6.865501999855041504e-01 6.990004730224609375e+01
4.478729724884033203e+00 -4.597167670726776123e-01 7.098262786865234375e+01
4.099344730377197266e+00 -4.597043395042419434e-01 7.096533203125000000e+01
4.815683364868164062e+00 -7.731417417526245117e-01 6.990002441406250000e+01
4.326348781585693359e+00 -4.597179591655731201e-01 7.106427001953125000e+01
2.745374917984008789e+00 -1.093207240104675293e+00 6.990007019042968750e+01
1.027756214141845703e+01 -2.848169803619384766e+00 6.989997863769531250e+01
4.197657108306884766e+00 -4.597103297710418701e-01 7.101020812988281250e+01
4.205963611602783203e+00 -8.560658693313598633e-01 6.990003967285156250e+01
4.374814033508300781e+00 -4.597164988517761230e-01 7.098490142822265625e+01
4.166403770446777344e+00 -4.596823453903198242e-01 7.089882659912109375e+01
5.397076129913330078e+00 -1.206875681877136230e+00 6.990000915527343750e+01
4.273665428161621094e+00 -4.597132205963134766e-01 7.100479125976562500e+01
3.532653570175170898e+00 -1.151432037353515625e+00 6.990005493164062500e+01
4.376933574676513672e+00 -4.597136676311492920e-01 7.091736602783203125e+01
4.207678318023681641e+00 -4.597080051898956299e-01 7.094741821289062500e+01
4.563190937042236328e+00 -1.130820155143737793e+00 6.990002441406250000e+01
4.320452213287353516e+00 -4.597136974334716797e-01 7.097206878662109375e+01
1.626650810241699219e+00 -2.620813608169555664e+00 6.990006256103515625e+01
6.774945259094238281e+00 -2.614115238189697266e+00 6.990003204345703125e+01
4.254079341888427734e+00 -4.597105383872985840e-01 7.096210479736328125e+01
3.980941057205200195e+00 -1.360196232795715332e+00 6.990003967285156250e+01
4.336995601654052734e+00 -4.597126245498657227e-01 7.093144226074218750e+01
4.226847171783447266e+00 -4.597072601318359375e-01 7.091193389892578125e+01
5.001578807830810547e+00 -1.743332386016845703e+00 6.990002441406250000e+01
4.290038585662841797e+00 -4.597115516662597656e-01 7.095129394531250000e+01
3.120705127716064453e+00 -2.297820329666137695e+00 6.990006256103515625e+01
4.329155445098876953e+00 -4.596768617630004883e-01 7.089854431152343750e+01
4.253727436065673828e+00 -4.597091078758239746e-01 7.092941284179687500e+01
4.339916229248046875e+00 -1.940133452415466309e+00 6.990003204345703125e+01
4.306577205657958984e+00 -4.597112238407135010e-01 7.092769622802734375e+01
4.251850128173828125e+00 -4.593481719493865967e-01 7.089533996582031250e+01
5.751354217529296875e+00 -4.044665813446044922e+00 6.990005493164062500e+01
4.278011322021484375e+00 -4.597099125385284424e-01 7.092498779296875000e+01
3.723817348480224609e+00 -3.540018796920776367e+00 6.990007019042968750e+01
4.300461769104003906e+00 -4.592079818248748779e-01 7.090543365478515625e+01
4.272809505462646484e+00 -4.592903256416320801e-01 7.090496063232421875e+01
4.283896446228027344e+00 -4.597090780735015869e-01 7.089997100830078125e+01
