2.189735031127929688e+01 -2.022989273071289062e+00 7.090002441406250000e+01
2.169690322875976562e+01 -1.056000351905822754e+00 7.108364868164062500e+01
2.198511695861816406e+01 1.035759925842285156e+00 6.989997863769531250e+01
2.210292434692382812e+01 -1.462032794952392578e+00 7.116815948486328125e+01
1.729764747619628906e+01 8.515026092529296875e+00 7.008640289306640625e+01
2.346951484680175781e+01 1.436848044395446777e+00 6.989994049072265625e+01
2.171168518066406250e+01 -1.070789337158203125e+00 7.159069061279296875e+01
2.137800025939941406e+01 -5.007213950157165527e-01 6.990004730224609375e+01
2.232630920410156250e+01 -1.685410976409912109e+00 7.105667877197265625e+01
2.021412086486816406e+01 2.035110145807266235e-01 7.159483337402343750e+01
2.236529541015625000e+01 -9.260097146034240723e-01 6.990005493164062500e+01
2.211532592773437500e+01 -1.486552953720092773e+00 7.159497070312500000e+01
1.981884956359863281e+01 4.002941250801086426e-01 6.969548797607421875e+01
2.644617843627929688e+01 2.696372270584106445e+00 6.989997863769531250e+01
2.140887069702148438e+01 -1.513760209083557129e+00 7.159484100341796875e+01
2.176777458190917969e+01 -1.407824635505676270e+00 6.990009307861328125e+01
2.241107749938964844e+01 -1.770197510719299316e+00 7.133299255371093750e+01
1.961535072326660156e+01 -3.997087776660919189e-01 7.099439239501953125e+01
2.290220069885253906e+01 -1.218333482742309570e+00 6.990006256103515625e+01
2.186528205871582031e+01 -1.844706892967224121e+00 7.159351348876953125e+01
2.106292724609375000e+01 -1.421273112297058105e+00 6.990010833740234375e+01
2.255875968933105469e+01 -1.917857885360717773e+00 7.098901367187500000e+01
1.982069015502929688e+01 -6.974734663963317871e-01 7.234490966796875000e+01
2.212229919433593750e+01 -1.738190174102783203e+00 6.990010833740234375e+01
2.229554176330566406e+01 -1.906437158584594727e+00 7.159492492675781250e+01
1.876282119750976562e+01 -5.136809945106506348e-01 6.990002441406250000e+01
2.406177330017089844e+01 -1.101706862449645996e+00 6.990000915527343750e+01
2.160649490356445312e+01 -2.003346681594848633e+00 7.159500885009765625e+01
2.153770828247070312e+01 -1.875416398048400879e+00 6.990012359619140625e+01
2.264461326599121094e+01 -2.003711462020874023e+00 7.129276275634765625e+01
1.641581535339355469e+01 4.181093350052833557e-02 7.234494018554687500e+01
2.254028892517089844e+01 -1.908806800842285156e+00 6.990010833740234375e+01
2.201678085327148438e+01 -2.121314048767089844e+00 7.159496307373046875e+01
2.060626220703125000e+01 -1.810457348823547363e+00 6.990013122558593750e+01
2.189735031127929688e+01 -2.387810468673706055e+00 7.090002441406250000e+01
2.056063842773437500e+01 -1.784749269485473633e+00 7.234497070312500000e+01
2.190222740173339844e+01 -2.104357004165649414e+00 6.990010833740234375e+01
2.252768707275390625e+01 -2.142965793609619141e+00 7.159487915039062500e+01
1.110689353942871094e+01 2.006299942731857300e-01 6.989997100830078125e+01
2.321483421325683594e+01 -2.028798818588256836e+00 6.990010070800781250e+01
2.177091407775878906e+01 -2.249668836593627930e+00 7.159502410888671875e+01
2.126811790466308594e+01 -2.181881189346313477e+00 6.990010833740234375e+01
2.287357711791992188e+01 -2.232651710510253906e+00 7.116756439208984375e+01
1.908168029785156250e+01 -1.968602061271667480e+00 7.234497833251953125e+01
2.226806259155273438e+01 -2.268578767776489258e+00 6.990009307861328125e+01
2.218025398254394531e+01 -2.319315433502197266e+00 7.159497070312500000e+01
1.978745841979980469e+01 -2.222306489944458008e+00 6.990010833740234375e+01
2.190312194824218750e+01 -2.387505054473876953e+00 7.089824676513671875e+01
2.105053138732910156e+01 -2.337035417556762695e+00 7.234497070312500000e+01
2.168262672424316406e+01 -2.377479314804077148e+00 6.990009307861328125e+01
2.287553596496582031e+01 -2.399930953979492188e+00 7.159487915039062500e+01
1.807489395141601562e+01 -2.504592180252075195e+00 7.137641143798828125e+01
2.274846267700195312e+01 -2.454213380813598633e+00 6.990010070800781250e+01
2.195004272460937500e+01 -2.490302085876464844e+00 7.234496307373046875e+01
2.091195106506347656e+01 -2.515966176986694336e+00 6.990010070800781250e+01
2.317137718200683594e+01 -2.530437231063842773e+00 7.096516418457031250e+01
2.014854240417480469e+01 -2.688299894332885742e+00 7.234497833251953125e+01
2.203686141967773438e+01 -2.542571783065795898e+00 6.990007781982421875e+01
2.237581443786621094e+01 -2.534867763519287109e+00 7.159490203857421875e+01
1.755133628845214844e+01 -3.259900808334350586e+00 6.990001678466796875e+01
2.190058135986328125e+01 -2.388616561889648438e+00 7.089819335937500000e+01
2.142859649658203125e+01 -2.750653982162475586e+00 7.234496307373046875e+01
2.144125556945800781e+01 -2.674644708633422852e+00 6.990007781982421875e+01
2.353207778930664062e+01 -2.891191482543945312e+00 7.159355926513671875e+01
1.781760025024414062e+01 -3.713797807693481445e+00 7.234498596191406250e+01
2.242912673950195312e+01 -2.761223316192626953e+00 6.990009307861328125e+01
2.227070045471191406e+01 -2.915447711944580078e+00 7.234495544433593750e+01
2.035874748229980469e+01 -3.081332206726074219e+00 6.990007019042968750e+01
2.190242767333984375e+01 -2.389884471893310547e+00 7.089917755126953125e+01
2.076698684692382812e+01 -3.174093484878540039e+00 7.234496307373046875e+01
2.181941604614257812e+01 -2.844167232513427734e+00 6.990006256103515625e+01
2.264103889465332031e+01 -2.878556251525878906e+00 7.159477233886718750e+01
-2.001881361007690430e+00 -1.458441638946533203e+01 7.066683959960937500e+01
2.301042938232421875e+01 -3.194891452789306641e+00 6.990014648437500000e+01
2.175632286071777344e+01 -3.214772939682006836e+00 7.234495544433593750e+01
2.114606857299804688e+01 -3.139558792114257812e+00 6.990005493164062500e+01
2.508262252807617188e+01 -4.441726207733154297e+00 7.149555969238281250e+01
1.957614326477050781e+01 -4.214676856994628906e+00 7.234497070312500000e+01
2.217664146423339844e+01 -3.118900537490844727e+00 6.990009307861328125e+01
2.262997245788574219e+01 -3.590122938156127930e+00 7.234494018554687500e+01
1.923978233337402344e+01 -4.609171867370605469e+00 6.989999389648437500e+01
2.190021133422851562e+01 -2.390353202819824219e+00 7.089887237548828125e+01
2.120392036437988281e+01 -3.782912015914916992e+00 7.234495544433593750e+01
2.159438514709472656e+01 -3.348315715789794922e+00 6.990006256103515625e+01
2.433543777465820312e+01 -5.142320632934570312e+00 7.234490203857421875e+01
1.500464057922363281e+01 -9.635249137878417969e+00 7.234501647949218750e+01
2.261498260498046875e+01 -3.731326341629028320e+00 6.990014648437500000e+01
2.207027435302734375e+01 -4.076745510101318359e+00 7.234494781494140625e+01
2.073404693603515625e+01 -4.286093235015869141e+00 6.990001678466796875e+01
2.853939247131347656e+01 -1.118654632568359375e+01 7.069024658203125000e+01
2.041673278808593750e+01 -5.331812381744384766e+00 7.234496307373046875e+01
2.195337104797363281e+01 -3.928227663040161133e+00 6.990007781982421875e+01
2.307938766479492188e+01 -5.514209270477294922e+00 7.234492492675781250e+01
1.539555072784423828e+01 -1.448523235321044922e+01 6.996054840087890625e+01
2.336479949951171875e+01 -6.032733440399169922e+00 6.990011596679687500e+01
2.155744552612304688e+01 -5.852471828460693359e+00 7.234494781494140625e+01
2.133722305297851562e+01 -5.528375625610351562e+00 6.990003967285156250e+01
2.528673934936523438e+01 -1.455908203125000000e+01 7.201788330078125000e+01
1.964035034179687500e+01 -1.451448535919189453e+01 7.191621398925781250e+01
2.189735031127929688e+01 -1.457254028320312500e+01 7.090002441406250000e+01
