1.026876735687255859e+01 -8.358511924743652344e-01 7.089999389648437500e+01
1.020856761932373047e+01 -4.597110152244567871e-01 7.095513916015625000e+01
1.026932811737060547e+01 -8.377994894981384277e-01 7.089360046386718750e+01
1.035758399963378906e+01 -4.597142636775970459e-01 7.101583862304687500e+01
1.025827503204345703e+01 -8.348183035850524902e-01 7.089813995361328125e+01
1.027757644653320312e+01 -8.382593393325805664e-01 7.089439392089843750e+01
1.021238136291503906e+01 -4.597126543521881104e-01 7.110974884033203125e+01
9.749383926391601562e+00 1.027524948120117188e+00 6.989995574951171875e+01
1.051303195953369141e+01 -4.597167670726776123e-01 7.098919677734375000e+01
1.000917053222656250e+01 -4.600401818752288818e-01 7.100714874267578125e+01
1.081937122344970703e+01 8.603304028511047363e-01 6.972338867187500000e+01
1.036550426483154297e+01 -4.597163498401641846e-01 7.120840454101562500e+01
8.543115615844726562e+00 1.455103874206542969e+00 6.989994049072265625e+01
1.028753852844238281e+01 -8.387085199356079102e-01 7.089586639404296875e+01
1.004522991180419922e+01 -4.597077071666717529e-01 7.121794891357421875e+01
1.010216903686523438e+01 4.002935588359832764e-01 6.961437225341796875e+01
1.060145950317382812e+01 -4.597202539443969727e-01 7.118038940429687500e+01
9.809659957885742188e+00 -4.597093462944030762e-01 7.091897583007812500e+01
1.135139751434326172e+01 4.003107845783233643e-01 6.982263183593750000e+01
1.024515056610107422e+01 -4.597135484218597412e-01 7.141072082519531250e+01
9.180979728698730469e+00 4.003296792507171631e-01 6.959645843505859375e+01
1.083168029785156250e+01 -4.597209095954895020e-01 7.097573089599609375e+01
9.777373313903808594e+00 -4.597094953060150146e-01 7.124188995361328125e+01
1.065124702453613281e+01 2.448636591434478760e-01 6.919982910156250000e+01
1.059961891174316406e+01 -4.597232043743133545e-01 7.147737121582031250e+01
7.134132385253906250e+00 1.014504432678222656e+00 6.989996337890625000e+01
1.243320369720458984e+01 4.264227449893951416e-01 6.989997100830078125e+01
9.977996826171875000e+00 -4.753374755382537842e-01 7.159477233886718750e+01
9.657323837280273438e+00 1.145414169877767563e-02 6.920002746582031250e+01
1.104691982269287109e+01 -4.597119987010955811e-01 7.130896759033203125e+01
9.381979942321777344e+00 -4.666310250759124756e-01 7.113375091552734375e+01
1.136194705963134766e+01 -4.524517059326171875e-02 6.919985198974609375e+01
1.038818073272705078e+01 -5.932320952415466309e-01 7.159482574462890625e+01
8.073664665222167969e+00 1.219244524836540222e-01 6.919998168945312500e+01
1.032070446014404297e+01 -8.425056934356689453e-01 7.089569091796875000e+01
9.625862121582031250e+00 -5.696399807929992676e-01 7.159495544433593750e+01
1.027555465698242188e+01 -4.652685523033142090e-01 6.950862884521484375e+01
1.089903163909912109e+01 -6.148718595504760742e-01 7.159476470947265625e+01
-5.217595100402832031e-01 1.728768706321716309e+00 6.989993286132812500e+01
1.173664474487304688e+01 -4.596951603889465332e-01 6.978592681884765625e+01
1.014237022399902344e+01 -7.215889096260070801e-01 7.159478759765625000e+01
9.199018478393554688e+00 -5.095911026000976562e-01 6.920005798339843750e+01
1.278521347045898438e+01 -4.597319364547729492e-01 7.158964538574218750e+01
8.914873123168945312e+00 -6.581153869628906250e-01 7.159478759765625000e+01
1.089869022369384766e+01 -6.570874452590942383e-01 6.920088195800781250e+01
1.055164623260498047e+01 -7.911998629570007324e-01 7.159487915039062500e+01
6.681510925292968750e+00 -5.782973766326904297e-01 6.919992828369140625e+01
1.578280925750732422e+01 -5.678938031196594238e-01 6.919995880126953125e+01
9.861555099487304688e+00 -8.352722525596618652e-01 7.159482574462890625e+01
9.903689384460449219e+00 -8.421234488487243652e-01 6.919989013671875000e+01
1.230291271209716797e+01 -8.848931789398193359e-01 7.234495544433593750e+01
-1.324284672737121582e+00 -1.213873624801635742e+00 7.234481048583984375e+01
1.111996173858642578e+01 -9.260979890823364258e-01 6.989997863769531250e+01
1.032146072387695312e+01 -9.621804356575012207e-01 7.234493255615234375e+01
9.283296585083007812e+00 -9.878536462783813477e-01 6.989999389648437500e+01
1.767485427856445312e+01 -1.688796043395996094e+00 7.127867126464843750e+01
8.519997596740722656e+00 -1.160171389579772949e+00 7.234491729736328125e+01
1.040828609466552734e+01 -1.014458060264587402e+00 6.989999389648437500e+01
1.126370143890380859e+01 -1.165484666824340820e+00 7.234494781494140625e+01
5.922882556915283203e+00 -1.731753110885620117e+00 6.990001678466796875e+01
1.203383541107177734e+01 -1.300033092498779297e+00 6.989997863769531250e+01
9.800014495849609375e+00 -1.222531318664550781e+00 7.234493255615234375e+01
9.812650680541992188e+00 -1.146537303924560547e+00 6.990000152587890625e+01
1.367474174499511719e+01 -1.908488512039184570e+00 7.234498596191406250e+01
6.189180850982666016e+00 -2.185622453689575195e+00 7.234490203857421875e+01
1.080058765411376953e+01 -1.233132123947143555e+00 6.989997863769531250e+01
1.064212226867675781e+01 -1.387332797050476074e+00 7.234494018554687500e+01
8.730110168457031250e+00 -1.553235173225402832e+00 6.990000915527343750e+01
1.626282310485839844e+01 -3.308295488357543945e+00 6.989994049072265625e+01
9.138410568237304688e+00 -1.645967364311218262e+00 7.234492492675781250e+01
1.019082927703857422e+01 -1.316061615943908691e+00 6.989999389648437500e+01
1.181552791595458984e+01 -1.880365967750549316e+00 7.234496307373046875e+01
-1.673225975036621094e+01 -1.463924884796142578e+01 7.063655090332031250e+01
1.137881755828857422e+01 -1.664573550224304199e+00 6.990283966064453125e+01
1.012773799896240234e+01 -1.686659455299377441e+00 7.234494018554687500e+01
9.517476081848144531e+00 -1.611447572708129883e+00 6.990000915527343750e+01
1.799742317199707031e+01 -5.843253612518310547e+00 7.234498596191406250e+01
7.947583198547363281e+00 -2.686537265777587891e+00 7.234492492675781250e+01
1.054808044433593750e+01 -1.590835452079772949e+00 6.989998626708984375e+01
1.100141334533691406e+01 -2.062039613723754883e+00 7.234495544433593750e+01
7.611424922943115234e+00 -3.080861091613769531e+00 6.990004730224609375e+01
1.276000690460205078e+01 -3.074251413345336914e+00 6.989997863769531250e+01
9.575329780578613281e+00 -2.254804372787475586e+00 7.234494018554687500e+01
9.965791702270507812e+00 -1.820226430892944336e+00 6.990000152587890625e+01
1.270705127716064453e+01 -3.614419698715209961e+00 7.234498596191406250e+01
3.376558065414428711e+00 -8.106600761413574219e+00 7.234487915039062500e+01
1.163608074188232422e+01 -3.419508695602416992e+00 6.899491119384765625e+01
1.044169521331787109e+01 -2.548666715621948242e+00 7.234494781494140625e+01
9.105494499206542969e+00 -2.757920980453491211e+00 6.990001678466796875e+01
2.061780166625976562e+01 -1.456908798217773438e+01 7.057313537597656250e+01
8.788129806518554688e+00 -3.803729057312011719e+00 7.234494781494140625e+01
1.032479095458984375e+01 -2.400208234786987305e+00 6.989998626708984375e+01
1.145087432861328125e+01 -3.986272335052490234e+00 7.234497833251953125e+01
3.348343610763549805e+00 -1.373601436614990234e+01 6.990002441406250000e+01
1.173644351959228516e+01 -4.505175113677978516e+00 6.989993286132812500e+01
9.928851127624511719e+00 -4.324469566345214844e+00 7.234497070312500000e+01
9.708628654479980469e+00 -4.000322341918945312e+00 6.989998626708984375e+01
1.405829620361328125e+01 -1.446785736083984375e+01 7.214981842041015625e+01
7.733777523040771484e+00 -1.447997665405273438e+01 7.204134368896484375e+01
1.026876735687255859e+01 -1.449285888671875000e+01 7.089999389648437500e+01
