-7.999259948730468750e+00 -3.997040987014770508e-01 7.089999389648437500e+01
-8.008287429809570312e+00 -3.997050523757934570e-01 7.090826416015625000e+01
-7.911884307861328125e+00 2.948665857315063477e+00 6.990439605712890625e+01
-7.985941410064697266e+00 -3.997044861316680908e-01 7.091736602783203125e+01
-8.024423599243164062e+00 -4.000376164913177490e-01 7.089554595947265625e+01
-6.427451610565185547e+00 3.364107847213745117e+00 6.990013885498046875e+01
-8.007715225219726562e+00 -3.997064232826232910e-01 7.093144989013671875e+01
-8.518557548522949219e+00 1.427219152450561523e+00 6.990011596679687500e+01
-7.962629795074462891e+00 -3.997031152248382568e-01 7.091336822509765625e+01
-8.038218498229980469e+00 -3.997069895267486572e-01 7.091607666015625000e+01
-7.531335353851318359e+00 1.002056360244750977e+00 6.990006256103515625e+01
-7.984754085540771484e+00 -3.997061848640441895e-01 7.094624328613281250e+01
-9.724595069885253906e+00 1.854684233665466309e+00 6.990012359619140625e+01
-3.450472593307495117e+00 4.624453544616699219e+00 6.989995574951171875e+01
-8.032777786254882812e+00 -3.997086286544799805e-01 7.094766998291015625e+01
-8.128836631774902344e+00 5.203076601028442383e-01 6.990005493164062500e+01
-7.949369907379150391e+00 -3.997041881084442139e-01 7.094203948974609375e+01
-8.068100929260253906e+00 -3.997076451778411865e-01 7.090283966064453125e+01
-6.994413375854492188e+00 7.097893953323364258e-01 6.990003967285156250e+01
-8.002800941467285156e+00 -3.997088968753814697e-01 7.097657775878906250e+01
-8.833680152893066406e+00 5.068520307540893555e-01 6.990007781982421875e+01
-7.914841175079345703e+00 -3.997006416320800781e-01 7.091135406494140625e+01
-8.072938919067382812e+00 -3.997108340263366699e-01 7.095125579833984375e+01
-7.774301528930664062e+00 1.899678856134414673e-01 6.990003204345703125e+01
-7.949647903442382812e+00 -3.997069001197814941e-01 7.098657226562500000e+01
-1.113357734680175781e+01 1.414320111274719238e+00 6.990006256103515625e+01
-5.834819793701171875e+00 8.264308571815490723e-01 6.989997100830078125e+01
-8.044628143310546875e+00 -3.997128903865814209e-01 7.100839996337890625e+01
-8.358922958374023438e+00 5.274081230163574219e-02 6.990003967285156250e+01
-7.882567405700683594e+00 -3.997020721435546875e-01 7.096132659912109375e+01
-8.134559631347656250e+00 -3.997129201889038086e-01 7.093566131591796875e+01
-7.356276988983154297e+00 1.935413666069507599e-02 6.990000915527343750e+01
-7.972383975982666016e+00 -3.997122347354888916e-01 7.105638122558593750e+01
-9.290391921997070312e+00 1.176898479461669922e-01 6.990007019042968750e+01
4.071459293365478516e+00 3.533820629119873047e+00 6.989995574951171875e+01
-8.132177352905273438e+00 -3.997167944908142090e-01 7.104367065429687500e+01
-7.994381904602050781e+00 -1.762138158082962036e-01 6.990002441406250000e+01
-7.844855785369873047e+00 -3.997068107128143311e-01 7.107020568847656250e+01
-1.878807830810546875e+01 2.128364801406860352e+00 6.990008544921875000e+01
-6.681668758392333984e+00 -1.006420254707336426e-01 6.989998626708984375e+01
-8.125652313232421875e+00 -3.215883374214172363e-01 7.159475708007812500e+01
-8.628519058227539062e+00 -2.537445724010467529e-01 6.990003967285156250e+01
-7.621808528900146484e+00 -3.996917903423309326e-01 7.100344085693359375e+01
-9.353442192077636719e+00 -2.580666542053222656e-01 7.159494018554687500e+01
-7.628528118133544922e+00 -3.404449522495269775e-01 6.990000915527343750e+01
-7.716428279876708984e+00 -3.912055194377899170e-01 7.159476470947265625e+01
-1.010914802551269531e+01 -2.941792011260986328e-01 6.990007781982421875e+01
-4.755648136138916016e+00 -2.880357801914215088e-01 6.989995574951171875e+01
-7.999259948730468750e+00 -4.596828222274780273e-01 7.089999389648437500e+01
-8.213992118835449219e+00 -4.493513107299804688e-01 6.990002441406250000e+01
-7.020759582519531250e+00 -4.718071818351745605e-01 7.159507751464843750e+01
-1.357446861267089844e+01 -6.300137639045715332e-01 7.159481811523437500e+01
-7.148084640502929688e+00 -5.260907411575317383e-01 6.990000152587890625e+01
-7.973918914794921875e+00 -5.089726448059082031e-01 7.159488677978515625e+01
-8.984683036804199219e+00 -5.878416895866394043e-01 6.990003967285156250e+01
-7.999259948730468750e+00 -4.596828222274780273e-01 7.089999389648437500e+01
-8.840183258056640625e+00 -6.041746139526367188e-01 7.159480285644531250e+01
-7.859743595123291016e+00 -6.144497990608215332e-01 6.990000915527343750e+01
-7.520713806152343750e+00 -6.067653894424438477e-01 7.159499359130859375e+01
-7.999260902404785156e+00 -4.596829712390899658e-01 7.089999389648437500e+01
-7.999259948730468750e+00 -4.596828520298004150e-01 7.089999389648437500e+01
-8.224667549133300781e+00 -6.341621875762939453e-01 7.159481811523437500e+01
-8.455365180969238281e+00 -7.465239167213439941e-01 6.990002441406250000e+01
-6.700174808502197266e+00 -8.597094416618347168e-01 7.145113372802734375e+01
-9.230027198791503906e+00 -8.597027063369750977e-01 7.133590698242187500e+01
-7.467450618743896484e+00 -8.331183195114135742e-01 6.990000152587890625e+01
-7.819717884063720703e+00 -7.134211659431457520e-01 7.159485626220703125e+01
-7.999259948730468750e+00 -4.596829116344451904e-01 7.089999389648437500e+01
-7.999258995056152344e+00 -4.596832096576690674e-01 7.089999389648437500e+01
-8.542815208435058594e+00 -8.377809524536132812e-01 7.159481811523437500e+01
-7.999259948730468750e+00 -4.596828520298004150e-01 7.089999389648437500e+01
-7.393050670623779297e+00 -8.597087264060974121e-01 7.146630859375000000e+01
-7.999260902404785156e+00 -4.596833586692810059e-01 7.089999389648437500e+01
-7.999259948730468750e+00 -4.596829414367675781e-01 7.089999389648437500e+01
-8.067075729370117188e+00 -8.573417663574218750e-01 7.159481048583984375e+01
-7.999259948730468750e+00 -4.596829414367675781e-01 7.089999389648437500e+01
-7.999258995056152344e+00 -4.596833586692810059e-01 7.089999389648437500e+01
-8.507552146911621094e+00 -8.597255349159240723e-01 7.121640777587890625e+01
-7.999259948730468750e+00 -4.596829414367675781e-01 7.089999389648437500e+01
-7.755513668060302734e+00 -8.596969246864318848e-01 7.138072204589843750e+01
-7.999260425567626953e+00 -4.596832096576690674e-01 7.089999389648437500e+01
-7.999259471893310547e+00 -4.596832096576690674e-01 7.089999389648437500e+01
-8.198099136352539062e+00 -8.597235679626464844e-01 7.131432342529296875e+01
-7.999259948730468750e+00 -4.596830010414123535e-01 7.089999389648437500e+01
-7.645184516906738281e+00 -8.597113490104675293e-01 7.110983276367187500e+01
-7.999260425567626953e+00 -4.596833586692810059e-01 7.089999389648437500e+01
-7.999259948730468750e+00 -4.596830904483795166e-01 7.089999389648437500e+01
-7.958371639251708984e+00 -8.590380549430847168e-01 7.124165344238281250e+01
-7.999259948730468750e+00 -4.596831798553466797e-01 7.089999389648437500e+01
-7.999259471893310547e+00 -4.596833586692810059e-01 7.089999389648437500e+01
-8.200441360473632812e+00 -8.597031235694885254e-01 7.109632873535156250e+01
-7.999259948730468750e+00 -4.596831202507019043e-01 7.089999389648437500e+01
-7.848019599914550781e+00 -8.597028255462646484e-01 7.108486938476562500e+01
-7.999260425567626953e+00 -4.596833586692810059e-01 7.089999389648437500e+01
-7.999259948730468750e+00 -4.596832692623138428e-01 7.089999389648437500e+01
-8.038503646850585938e+00 -8.596946597099304199e-01 7.106681823730468750e+01
-7.999259948730468750e+00 -4.596832692623138428e-01 7.089999389648437500e+01
-7.999259948730468750e+00 -4.596833586692810059e-01 7.089999389648437500e+01
-7.999259948730468750e+00 -4.596833586692810059e-01 7.089999389648437500e+01
-7.999259948730468750e+00 -4.596831202507019043e-01 7.089999389648437500e+01
