2.024057960510253906e+01 1.458529376983642578e+01 7.090010833740234375e+01
1.866333198547363281e+01 1.087988567352294922e+01 7.234499359130859375e+01
2.032834053039550781e+01 3.823701381683349609e+00 6.990010833740234375e+01
2.134829330444335938e+01 5.388774871826171875e+00 7.234492492675781250e+01
1.458693599700927734e+01 1.380133438110351562e+01 6.990005493164062500e+01
2.181273651123046875e+01 4.224941730499267578e+00 6.990003204345703125e+01
1.985219001770019531e+01 3.155344247817993164e+00 7.234490203857421875e+01
1.972118377685546875e+01 2.287560462951660156e+00 6.990004730224609375e+01
2.419693374633789062e+01 6.878639698028564453e+00 7.234496307373046875e+01
1.674036979675292969e+01 5.788859844207763672e+00 7.234494781494140625e+01
2.070855140686035156e+01 1.862193107604980469e+00 6.990007781982421875e+01
2.069376182556152344e+01 2.274059295654296875e+00 7.234492492675781250e+01
1.851485633850097656e+01 2.715191602706909180e+00 6.990001678466796875e+01
2.476688385009765625e+01 5.459311485290527344e+00 6.990501403808593750e+01
1.922481918334960938e+01 2.217831134796142578e+00 7.234492492675781250e+01
2.011098480224609375e+01 1.380427360534667969e+00 6.990003967285156250e+01
2.195487976074218750e+01 2.461269140243530273e+00 7.234492492675781250e+01
1.807488632202148438e+01 2.287078619003295898e+00 7.098966979980468750e+01
2.124555587768554688e+01 1.569927334785461426e+00 6.990002441406250000e+01
2.017376899719238281e+01 1.531820535659790039e+00 7.234494781494140625e+01
1.940601539611816406e+01 1.367006659507751465e+00 6.990002441406250000e+01
2.865417289733886719e+01 6.378434181213378906e+00 7.203214263916015625e+01
1.816401863098144531e+01 2.090560197830200195e+00 7.234492492675781250e+01
2.046556091308593750e+01 1.050019979476928711e+00 6.990004730224609375e+01
2.106849670410156250e+01 1.401172637939453125e+00 7.234493255615234375e+01
1.710579490661621094e+01 2.274587392807006836e+00 6.990002441406250000e+01
2.240530586242675781e+01 1.686587929725646973e+00 6.989994812011718750e+01
1.963590240478515625e+01 1.199590086936950684e+00 7.234495544433593750e+01
1.988087081909179688e+01 9.127935171127319336e-01 6.990002441406250000e+01
2.298960876464843750e+01 1.813326597213745117e+00 7.234491729736328125e+01
2.023680496215820312e+01 4.019775688648223877e-01 7.090110015869140625e+01
2.088361358642578125e+01 8.793791532516479492e-01 6.990003967285156250e+01
2.048888206481933594e+01 9.543609023094177246e-01 7.234490966796875000e+01
1.894922447204589844e+01 9.777770042419433594e-01 6.990000915527343750e+01
2.888903427124023438e+01 3.261578321456909180e+00 7.018360137939453125e+01
1.890395736694335938e+01 1.003325104713439941e+00 7.234495544433593750e+01
2.024545860290527344e+01 6.838037967681884766e-01 6.990003204345703125e+01
2.155119514465332031e+01 9.093934893608093262e-01 7.234487152099609375e+01
9.448720932006835938e+00 2.989081144332885742e+00 6.989991760253906250e+01
2.155831527709960938e+01 7.593846917152404785e-01 6.989999389648437500e+01
1.997774124145507812e+01 6.874764561653137207e-01 7.234489440917968750e+01
1.961123657226562500e+01 6.062704324722290039e-01 6.990001678466796875e+01
2.551208686828613281e+01 1.238142609596252441e+00 7.234481048583984375e+01
2.023305702209472656e+01 4.014246463775634766e-01 7.090396881103515625e+01
2.061134338378906250e+01 5.195524692535400391e-01 6.990003967285156250e+01
2.024057960510253906e+01 4.003045558929443359e-01 7.090010833740234375e+01
1.813027000427246094e+01 5.658411979675292969e-01 6.989999389648437500e+01
2.350257873535156250e+01 5.729246139526367188e-01 6.989440155029296875e+01
1.939385795593261719e+01 4.510737657546997070e-01 7.234488677978515625e+01
2.002582359313964844e+01 4.106372296810150146e-01 6.990002441406250000e+01
2.024057960510253906e+01 4.003045558929443359e-01 7.090010833740234375e+01
1.467768096923828125e+01 2.303497195243835449e-01 7.159339904785156250e+01
2.109183692932128906e+01 3.338902294635772705e-01 6.990001678466796875e+01
2.026592063903808594e+01 3.510152995586395264e-01 7.159499359130859375e+01
1.856499290466308594e+01 1.823868453502655029e-01 6.919982147216796875e+01
2.024057960510253906e+01 4.003045558929443359e-01 7.090010833740234375e+01
1.939965629577636719e+01 2.558128237724304199e-01 7.159491729736328125e+01
2.047779655456542969e+01 1.371571868658065796e-01 6.919985198974609375e+01
2.024057960510253906e+01 4.003045558929443359e-01 7.090010833740234375e+01
1.592019081115722656e+01 -4.666438698768615723e-01 6.990599822998046875e+01
2.200579071044921875e+01 -4.007589071989059448e-02 6.990000915527343750e+01
2.001520919799804688e+01 2.258537411689758301e-01 7.159481811523437500e+01
1.946507072448730469e+01 -8.740723878145217896e-02 6.919987487792968750e+01
2.024057960510253906e+01 4.003045558929443359e-01 7.090010833740234375e+01
1.827869606018066406e+01 -2.373406738042831421e-01 7.159497070312500000e+01
2.077194595336914062e+01 2.718027681112289429e-02 6.990094757080078125e+01
2.042008972167968750e+01 1.466108709573745728e-01 7.159484863281250000e+01
1.846570014953613281e+01 -3.997186124324798584e-01 6.974659729003906250e+01
2.623512458801269531e+01 -2.048502445220947266e+00 6.989997100830078125e+01
1.969709777832031250e+01 2.225774154067039490e-02 7.159484100341796875e+01
2.010806846618652344e+01 -3.756249248981475830e-01 6.919990539550781250e+01
2.024057960510253906e+01 4.003045558929443359e-01 7.090010833740234375e+01
2.024057960510253906e+01 4.003045558929443359e-01 7.090010833740234375e+01
2.135387039184570312e+01 -4.069299995899200439e-01 6.990004730224609375e+01
2.017277526855468750e+01 2.717488212510943413e-03 7.159480285644531250e+01
1.944108581542968750e+01 -3.996865153312683105e-01 6.983596801757812500e+01
2.024057960510253906e+01 4.003045558929443359e-01 7.090010833740234375e+01
1.922623252868652344e+01 -3.980202674865722656e-01 7.153153991699218750e+01
2.051996803283691406e+01 -3.310405611991882324e-01 6.989982604980468750e+01
2.059281730651855469e+01 -1.777548342943191528e-01 7.159481048583984375e+01
1.758288383483886719e+01 -1.821164250373840332e+00 6.990002441406250000e+01
2.273180007934570312e+01 -1.814241528511047363e+00 6.990010070800781250e+01
1.990720367431640625e+01 -2.704094350337982178e-01 7.159477996826171875e+01
1.993758392333984375e+01 -5.602946877479553223e-01 6.990004730224609375e+01
2.141285133361816406e+01 -9.241068959236145020e-01 7.159482574462890625e+01
1.947973632812500000e+01 -3.996942341327667236e-01 7.105960845947265625e+01
2.095831680297851562e+01 -9.434096217155456543e-01 6.990008544921875000e+01
2.032361793518066406e+01 -4.107263088226318359e-01 7.159396362304687500e+01
1.907724952697753906e+01 -1.498021721839904785e+00 6.990007781982421875e+01
2.024057960510253906e+01 4.003045558929443359e-01 7.090010833740234375e+01
1.983823394775390625e+01 -3.997051417827606201e-01 7.129275512695312500e+01
2.029660415649414062e+01 -1.140230536460876465e+00 6.990008544921875000e+01
2.080895614624023438e+01 -1.103008985519409180e+00 7.159487915039062500e+01
1.332009506225585938e+01 -1.247613430023193359e+01 6.990013122558593750e+01
2.170822715759277344e+01 -3.245111227035522461e+00 6.990006256103515625e+01
2.013949775695800781e+01 -6.300230622291564941e-01 7.132980346679687500e+01
1.968044471740722656e+01 -2.740304470062255859e+00 6.990010833740234375e+01
2.067722702026367188e+01 -1.167695522308349609e+00 7.104412078857421875e+01
2.006304550170898438e+01 -5.535737872123718262e-01 7.098004150390625000e+01
2.024057960510253906e+01 4.569946601986885071e-02 7.090010833740234375e+01
