-1.233957195281982422e+01 5.395160317420959473e-01 7.090010070800781250e+01
-1.239977836608886719e+01 8.603177070617675781e-01 7.095525360107421875e+01
-1.225179481506347656e+01 3.884294033050537109e+00 6.989992523193359375e+01
-1.225074481964111328e+01 8.603156805038452148e-01 7.101596069335937500e+01
-1.236349105834960938e+01 5.169864296913146973e-01 7.089586639404296875e+01
-1.077530956268310547e+01 4.265724658966064453e+00 6.990504455566406250e+01
-1.239596557617187500e+01 8.603180050849914551e-01 7.110987854003906250e+01
-1.285894966125488281e+01 2.347480535507202148e+00 6.990007019042968750e+01
-1.209527587890625000e+01 8.603133559226989746e-01 7.098931884765625000e+01
-1.259642314910888672e+01 8.557122349739074707e-01 7.100612640380859375e+01
-1.187157726287841797e+01 1.922250032424926758e+00 6.990002441406250000e+01
-1.224295425415039062e+01 8.597701191902160645e-01 7.120812988281250000e+01
-1.406524085998535156e+01 2.775106191635131836e+00 6.990003967285156250e+01
-1.229640483856201172e+01 5.085380077362060547e-01 7.089060974121093750e+01
-1.256313705444335938e+01 8.603206872940063477e-01 7.121810150146484375e+01
-1.246918296813964844e+01 1.440537691116333008e+00 6.989990234375000000e+01
-1.200683307647705078e+01 8.603152036666870117e-01 7.118053436279296875e+01
-1.279874515533447266e+01 8.603271842002868652e-01 7.091909027099609375e+01
-1.133528327941894531e+01 1.629112839698791504e+00 6.990070343017578125e+01
-1.236319160461425781e+01 8.603190183639526367e-01 7.141089630126953125e+01
-1.317409133911132812e+01 1.426940202713012695e+00 6.990007019042968750e+01
-1.177658081054687500e+01 8.603140115737915039e-01 7.097585296630859375e+01
-1.283103084564208984e+01 8.603227138519287109e-01 7.124204254150390625e+01
-1.211467361450195312e+01 1.109767317771911621e+00 6.990040588378906250e+01
-1.200866794586181641e+01 8.603190779685974121e-01 7.147756958007812500e+01
-1.547424983978271484e+01 2.334509134292602539e+00 6.990005493164062500e+01
-1.017519760131835938e+01 1.746365308761596680e+00 6.990010833740234375e+01
-1.263041019439697266e+01 8.447318077087402344e-01 7.159504699707031250e+01
-1.269931507110595703e+01 9.728279113769531250e-01 6.989992523193359375e+01
-1.156131076812744141e+01 8.603226542472839355e-01 7.130913543701171875e+01
-1.324212837219238281e+01 8.603375554084777832e-01 7.113800811767578125e+01
-1.169642734527587891e+01 9.394478797912597656e-01 6.989986419677734375e+01
-1.222014522552490234e+01 7.267773747444152832e-01 7.159500885009765625e+01
-1.363086986541748047e+01 1.037737488746643066e+00 6.990004730224609375e+01
-2.674950659275054932e-01 4.454243183135986328e+00 6.989995574951171875e+01
-1.298232364654541016e+01 7.502697706222534180e-01 7.159489440917968750e+01
-1.233268833160400391e+01 8.603063225746154785e-01 6.948899841308593750e+01
-1.170935916900634766e+01 7.050874233245849609e-01 7.159481811523437500e+01
-2.307721710205078125e+01 3.036062479019165039e+00 6.990493774414062500e+01
-1.087157249450683594e+01 8.603173494338989258e-01 6.978594207763671875e+01
-1.246598911285400391e+01 5.984122753143310547e-01 7.159500122070312500e+01
-1.340951633453369141e+01 8.104521036148071289e-01 6.919985198974609375e+01
-9.822733879089355469e+00 8.603096008300781250e-01 7.158985900878906250e+01
-1.369341373443603516e+01 6.618560552597045898e-01 7.159487152099609375e+01
-1.170926380157470703e+01 6.630154252052307129e-01 6.919995117187500000e+01
-1.205668163299560547e+01 5.287821292877197266e-01 7.159501647949218750e+01
-1.592701625823974609e+01 7.416965365409851074e-01 6.919994354248046875e+01
-6.825132369995117188e+00 7.521064281463623047e-01 6.919994354248046875e+01
-1.274681282043457031e+01 4.847086369991302490e-01 7.159498596191406250e+01
-1.270465469360351562e+01 4.778560101985931396e-01 6.919997406005859375e+01
-1.200076389312744141e+01 4.560925066471099854e-01 7.114077758789062500e+01
-1.413523674011230469e+01 4.054303765296936035e-01 7.112389373779296875e+01
-1.148859882354736328e+01 3.938984870910644531e-01 6.990034484863281250e+01
-1.228688049316406250e+01 3.578030169010162354e-01 7.234497833251953125e+01
-1.332508754730224609e+01 3.321197330951690674e-01 6.990005493164062500e+01
-1.233957195281982422e+01 4.602906107902526855e-01 7.090010070800781250e+01
-1.268866157531738281e+01 4.003082215785980225e-01 7.118853759765625000e+01
-1.220005321502685547e+01 3.055208623409271240e-01 6.990010070800781250e+01
-1.214446067810058594e+01 4.003227055072784424e-01 7.118346405029296875e+01
-1.668612670898437500e+01 -4.119085073471069336e-01 6.989997100830078125e+01
-1.057452869415283203e+01 1.995228417217731476e-02 6.990010070800781250e+01
-1.241705417633056641e+01 4.003148674964904785e-01 7.113893890380859375e+01
-1.279570198059082031e+01 1.734335273504257202e-01 6.990007781982421875e+01
-1.214480209350585938e+01 4.003152549266815186e-01 7.098273468017578125e+01
-1.252411746978759766e+01 4.003102183341979980e-01 7.096546173095703125e+01
-1.180776500701904297e+01 8.685655891895294189e-02 6.990011596679687500e+01
-1.229713630676269531e+01 4.003186225891113281e-01 7.106433105468750000e+01
-1.387835025787353516e+01 -2.333105802536010742e-01 6.990003204345703125e+01
-6.345169067382812500e+00 -1.988458275794982910e+00 6.989998626708984375e+01
-1.242579746246337891e+01 4.003119766712188721e-01 7.101032257080078125e+01
-1.241751098632812500e+01 3.911163657903671265e-03 6.990008544921875000e+01
-1.225660133361816406e+01 4.055402278900146484e-01 7.097760772705078125e+01
-1.245705986022949219e+01 4.003326594829559326e-01 7.089895629882812500e+01
-1.122636222839355469e+01 -3.468849062919616699e-01 6.990010833740234375e+01
-1.234926700592041016e+01 4.034421741962432861e-01 7.099942779541015625e+01
-1.309090137481689453e+01 -2.915060520172119141e-01 6.990007019042968750e+01
-1.225608634948730469e+01 4.064577221870422363e-01 7.091571044921875000e+01
-1.241578006744384766e+01 4.003119468688964844e-01 7.094754028320312500e+01
-1.206026363372802734e+01 -2.708435356616973877e-01 6.990010833740234375e+01
-1.230302619934082031e+01 4.003148674964904785e-01 7.097217559814453125e+01
-1.499381065368652344e+01 -1.758287310600280762e+00 6.990132141113281250e+01
-9.848232269287109375e+00 -1.754360795021057129e+00 6.990004730224609375e+01
-1.236938381195068359e+01 4.003127813339233398e-01 7.096221923828125000e+01
-1.264255237579345703e+01 -5.002625584602355957e-01 6.990008544921875000e+01
-1.228854274749755859e+01 4.026384949684143066e-01 7.093034362792968750e+01
-1.239661502838134766e+01 4.003121554851531982e-01 7.091205596923828125e+01
-1.162186050415039062e+01 -8.833749294281005859e-01 6.990010833740234375e+01
-1.233343124389648438e+01 4.003133177757263184e-01 7.095141601562500000e+01
-1.350094127655029297e+01 -1.434834122657775879e+00 6.990175628662109375e+01
-1.229432201385498047e+01 4.003479182720184326e-01 7.089867401123046875e+01
-1.236973667144775391e+01 4.003126621246337891e-01 7.092953491210937500e+01
-1.228354930877685547e+01 -1.080193400382995605e+00 6.990011596679687500e+01
-1.231689548492431641e+01 4.003135263919830322e-01 7.092781829833984375e+01
-1.237161445617675781e+01 4.006714224815368652e-01 7.089546966552734375e+01
-1.087191677093505859e+01 -3.185144186019897461e+00 6.990005493164062500e+01
-1.234545612335205078e+01 4.003130495548248291e-01 7.092511749267578125e+01
-1.289970493316650391e+01 -2.680306673049926758e+00 6.990010070800781250e+01
-1.232300949096679688e+01 4.008152484893798828e-01 7.090556335449218750e+01
-1.235065746307373047e+01 4.007315933704376221e-01 7.090509033203125000e+01
-1.233957195281982422e+01 4.003130495548248291e-01 7.090010070800781250e+01
