1.490909862518310547e+01 1.143580600619316101e-01 7.089998626708984375e+01
1.478869152069091797e+01 4.003081619739532471e-01 7.101029205322265625e+01
1.499685668945312500e+01 3.023561477661132812e+00 6.990003204345703125e+01
1.508674335479736328e+01 4.002985358238220215e-01 7.113169097900390625e+01
9.256108283996582031e+00 1.299977588653564453e+01 6.990005493164062500e+01
1.648089790344238281e+01 3.424066305160522461e+00 6.990013885498046875e+01
1.479631805419921875e+01 4.003034532070159912e-01 7.131952667236328125e+01
1.438972473144531250e+01 1.487474203109741211e+00 6.989996337890625000e+01
1.539766407012939453e+01 4.002985358238220215e-01 7.107840728759765625e+01
1.438944339752197266e+01 4.003020823001861572e-01 7.111449432373046875e+01
1.582045078277587891e+01 2.447248220443725586e+00 6.895247650146484375e+01
1.510258579254150391e+01 4.003004729747772217e-01 7.151685333251953125e+01
1.318349933624267578e+01 1.915017843246459961e+00 6.989996337890625000e+01
1.945726013183593750e+01 4.683733463287353516e+00 6.990008544921875000e+01
1.446200084686279297e+01 4.002994596958160400e-01 7.153593444824218750e+01
1.477951049804687500e+01 5.803726911544799805e-01 6.989996337890625000e+01
1.557453918457031250e+01 4.003013968467712402e-01 7.146082305908203125e+01
1.399085426330566406e+01 4.002799689769744873e-01 7.093795776367187500e+01
1.591399192810058594e+01 7.698223590850830078e-01 6.989998626708984375e+01
1.487696933746337891e+01 1.444492638111114502e-01 7.159481811523437500e+01
1.407458782196044922e+01 5.669355988502502441e-01 6.989996337890625000e+01
1.603501892089843750e+01 4.002985656261444092e-01 7.105147552490234375e+01
1.392627525329589844e+01 4.002840816974639893e-01 7.158380889892578125e+01
1.513407039642333984e+01 2.499853223562240601e-01 6.989996337890625000e+01
1.530723190307617188e+01 8.159832656383514404e-02 7.159477996826171875e+01
8.973599433898925781e+00 3.149121284484863281e+00 6.900640106201171875e+01
1.707349586486816406e+01 8.863849639892578125e-01 6.989997863769531250e+01
1.461829662322998047e+01 -1.531037222594022751e-02 7.159484100341796875e+01
1.454941177368164062e+01 1.127528399229049683e-01 6.989996337890625000e+01
1.623142433166503906e+01 2.799817323684692383e-01 7.159496307373046875e+01
1.310417652130126953e+01 4.003055393695831299e-01 7.137575531005859375e+01
1.555210494995117188e+01 7.935030758380889893e-02 6.989996337890625000e+01
1.502851390838623047e+01 -1.332423537969589233e-01 7.159483337402343750e+01
1.361784648895263672e+01 1.777227818965911865e-01 6.989997100830078125e+01
2.697824287414550781e+01 3.593278646469116211e+00 6.990008544921875000e+01
1.426631164550781250e+01 -1.097087562084197998e-01 7.159481811523437500e+01
1.491397666931152344e+01 -1.162208989262580872e-01 6.989996337890625000e+01
1.553942298889160156e+01 -1.548638194799423218e-01 7.159482574462890625e+01
4.206832885742187500e+00 2.167581319808959961e+00 6.990810394287109375e+01
1.622670936584472656e+01 -4.065733775496482849e-02 6.989996337890625000e+01
1.478268909454345703e+01 -2.615907788276672363e-01 7.159484100341796875e+01
1.427979850769042969e+01 -1.937521696090698242e-01 6.989996337890625000e+01
1.744494628906250000e+01 3.336499212309718132e-03 7.159495544433593750e+01
1.355500316619873047e+01 -1.981003433465957642e-01 7.159488677978515625e+01
1.527984428405761719e+01 -2.804614007472991943e-01 6.989996337890625000e+01
1.519196510314941406e+01 -3.312177658081054688e-01 7.159484100341796875e+01
1.279900360107421875e+01 -2.341837882995605469e-01 6.989997100830078125e+01
1.815253257751464844e+01 -2.280660122632980347e-01 6.990000152587890625e+01
1.450190162658691406e+01 -3.752882182598114014e-01 7.159479522705078125e+01
1.469435691833496094e+01 -3.893716633319854736e-01 6.989997100830078125e+01
1.491370201110839844e+01 -3.997606635093688965e-01 7.090325927734375000e+01
9.333109855651855469e+00 -5.700584053993225098e-01 7.159490966796875000e+01
1.576000881195068359e+01 -4.660908281803131104e-01 6.990029907226562500e+01
1.491015338897705078e+01 -4.017560482025146484e-01 7.092892456054687500e+01
1.392361545562744141e+01 -5.278701782226562500e-01 6.989997100830078125e+01
1.491043853759765625e+01 -3.998535871505737305e-01 7.090005493164062500e+01
1.406803417205810547e+01 -5.442197918891906738e-01 7.159491729736328125e+01
1.504861927032470703e+01 -5.544757246971130371e-01 6.989997100830078125e+01
1.491329193115234375e+01 -4.009924829006195068e-01 7.090607452392578125e+01
1.056311798095703125e+01 -1.271787405014038086e+00 6.989998626708984375e+01
1.667250633239746094e+01 -8.396339416503906250e-01 6.990090942382812500e+01
1.468369674682617188e+01 -5.741783976554870605e-01 7.159478759765625000e+01
1.445297431945800781e+01 -6.865569353103637695e-01 6.989997100830078125e+01
1.491331481933593750e+01 -4.010017812252044678e-01 7.090177154541015625e+01
1.349369525909423828e+01 -8.597334027290344238e-01 7.140129089355468750e+01
1.544091796875000000e+01 -7.731466293334960938e-01 6.989997863769531250e+01
1.491065502166748047e+01 -4.019027352333068848e-01 7.090600585937500000e+01
1.337041378021240234e+01 -1.093262553215026855e+00 6.989997863769531250e+01
2.090228080749511719e+01 -2.847954034805297852e+00 6.990007781982421875e+01
1.436537933349609375e+01 -7.779159545898437500e-01 7.159502410888671875e+01
1.483115959167480469e+01 -8.560836911201477051e-01 6.989997100830078125e+01
1.491231346130371094e+01 -4.018251597881317139e-01 7.090299224853515625e+01
1.479154396057128906e+01 -4.596957266330718994e-01 7.089884185791015625e+01
1.602235412597656250e+01 -1.206912159919738770e+00 6.989995574951171875e+01
1.484127044677734375e+01 -7.974353432655334473e-01 7.159493255615234375e+01
1.415778923034667969e+01 -1.151479840278625488e+00 6.989997863769531250e+01
1.491236495971679688e+01 -4.018096029758453369e-01 7.090059661865234375e+01
1.432459163665771484e+01 -8.597297668457031250e-01 7.126383972167968750e+01
1.518841075897216797e+01 -1.130847454071044922e+00 6.989997863769531250e+01
1.491035842895507812e+01 -4.017715156078338623e-01 7.090247344970703125e+01
1.225157165527343750e+01 -2.621030330657958984e+00 6.989997100830078125e+01
1.740023803710937500e+01 -2.614177942276000977e+00 6.990001678466796875e+01
1.468044376373291016e+01 -8.597297072410583496e-01 7.137644195556640625e+01
1.460612201690673828e+01 -1.360246419906616211e+00 6.989998626708984375e+01
1.491113185882568359e+01 -4.020007550716400146e-01 7.090119171142578125e+01
1.447158432006835938e+01 -8.597345352172851562e-01 7.099170684814453125e+01
1.562683391571044922e+01 -1.743413209915161133e+00 6.989996337890625000e+01
1.490914916992187500e+01 -4.001979827880859375e-01 7.090040588378906250e+01
1.275972461700439453e+01 -3.907057046890258789e+00 6.905233001708984375e+01
1.495438194274902344e+01 -4.596906900405883789e-01 7.089855957031250000e+01
1.467773818969726562e+01 -8.597321510314941406e-01 7.112577056884765625e+01
1.496501636505126953e+01 -1.937301039695739746e+00 6.990187072753906250e+01
1.490968036651611328e+01 -4.012433886528015137e-01 7.090069580078125000e+01
1.487703514099121094e+01 -4.593615233898162842e-01 7.089535522460937500e+01
1.637676620483398438e+01 -4.045167446136474609e+00 6.989993286132812500e+01
1.486396694183349609e+01 -8.597335219383239746e-01 7.109184265136718750e+01
1.435031127929687500e+01 -3.532759189605712891e+00 6.990238952636718750e+01
1.490943241119384766e+01 -4.009016156196594238e-01 7.090009307861328125e+01
1.489800548553466797e+01 -4.593038260936737061e-01 7.090498352050781250e+01
1.490909862518310547e+01 -4.597228169441223145e-01 7.089998626708984375e+01
