-2.307679176330566406e+01 3.716857433319091797e+00 7.090003204345703125e+01
-2.327725028991699219e+01 3.917366743087768555e+00 7.108367156982421875e+01
-2.298903656005859375e+01 6.008627414703369141e+00 6.990010833740234375e+01
-2.287120437622070312e+01 3.511315584182739258e+00 7.116818237304687500e+01
-2.825209236145019531e+01 1.485267257690429688e+01 6.998459625244140625e+01
-2.150479316711425781e+01 6.409730434417724609e+00 6.990005493164062500e+01
-2.326246643066406250e+01 3.902563571929931641e+00 7.159073638916015625e+01
-2.359616851806640625e+01 4.472667217254638672e+00 6.990000152587890625e+01
-2.264781379699707031e+01 3.287907361984252930e+00 7.105669403076171875e+01
-2.476027297973632812e+01 5.177186965942382812e+00 7.159494781494140625e+01
-2.260886001586914062e+01 4.047236442565917969e+00 6.990009307861328125e+01
-2.285881233215332031e+01 3.486750602722167969e+00 7.159498596191406250e+01
-2.480241203308105469e+01 4.900227546691894531e+00 6.990000152587890625e+01
-1.852837181091308594e+01 7.669202804565429688e+00 6.990007781982421875e+01
-2.356535339355468750e+01 3.459673166275024414e+00 7.159496307373046875e+01
-2.320636940002441406e+01 3.565466165542602539e+00 6.990010070800781250e+01
-2.256303215026855469e+01 3.203127861022949219e+00 7.133303070068359375e+01
-2.307679176330566406e+01 2.585476636886596680e+00 7.090003204345703125e+01
-2.207423591613769531e+01 3.752283334732055664e+00 6.990235137939453125e+01
-2.310892677307128906e+01 3.129728317260742188e+00 7.159498596191406250e+01
-2.391129875183105469e+01 3.552112340927124023e+00 6.990001678466796875e+01
-2.241536140441894531e+01 3.055443763732910156e+00 7.098902893066406250e+01
-2.307679176330566406e+01 2.585476636886596680e+00 7.090003204345703125e+01
-2.285183906555175781e+01 3.235108375549316406e+00 6.990010070800781250e+01
-2.267856597900390625e+01 3.066889762878417969e+00 7.159498596191406250e+01
-2.621141815185546875e+01 4.459664344787597656e+00 6.990000152587890625e+01
-2.091266059875488281e+01 3.871407270431518555e+00 6.990014648437500000e+01
-2.336759185791015625e+01 2.969867706298828125e+00 7.159488677978515625e+01
-2.343646621704101562e+01 3.097916841506958008e+00 6.990004730224609375e+01
-2.232950210571289062e+01 2.969589710235595703e+00 7.129278564453125000e+01
-2.307679176330566406e+01 2.585476636886596680e+00 7.090003204345703125e+01
-2.243383979797363281e+01 3.064489841461181641e+00 6.990009307861328125e+01
-2.295738601684570312e+01 2.851915121078491211e+00 7.159481811523437500e+01
-2.436808967590332031e+01 3.162923574447631836e+00 6.989997863769531250e+01
-1.100586223602294922e+01 6.579049587249755859e+00 6.989997863769531250e+01
-2.307679176330566406e+01 2.585476636886596680e+00 7.090003204345703125e+01
-2.307191467285156250e+01 2.868934869766235352e+00 6.990010070800781250e+01
-2.244655990600585938e+01 2.830280303955078125e+00 7.159477233886718750e+01
-2.883708381652832031e+01 3.967269420623779297e+00 7.036617279052734375e+01
-2.175986099243164062e+01 2.944337606430053711e+00 6.990052795410156250e+01
-2.320318794250488281e+01 2.723573923110961914e+00 7.159481048583984375e+01
-2.370609855651855469e+01 2.791430711746215820e+00 6.990000152587890625e+01
-2.210054588317871094e+01 2.740638494491577148e+00 7.116757965087890625e+01
-2.307679176330566406e+01 2.585476636886596680e+00 7.090003204345703125e+01
-2.270606803894042969e+01 2.704711675643920898e+00 6.990007019042968750e+01
-2.279393005371093750e+01 2.653961420059204102e+00 7.159487915039062500e+01
-2.518696784973144531e+01 2.751002788543701172e+00 6.989997863769531250e+01
-1.983366394042968750e+01 2.757098197937011719e+00 6.990013885498046875e+01
-2.307679176330566406e+01 2.585476636886596680e+00 7.090003204345703125e+01
-2.329153060913085938e+01 2.595808506011962891e+00 6.990003204345703125e+01
-2.209862327575683594e+01 2.573356389999389648e+00 7.159487915039062500e+01
-2.307679176330566406e+01 2.585476636886596680e+00 7.090003204345703125e+01
-2.222564506530761719e+01 2.519071102142333984e+00 6.990007019042968750e+01
-2.307679176330566406e+01 2.585476636886596680e+00 7.090003204345703125e+01
-2.406230926513671875e+01 2.457305431365966797e+00 6.989998626708984375e+01
-2.307679176330566406e+01 2.585476636886596680e+00 7.090003204345703125e+01
-2.307679176330566406e+01 2.585476636886596680e+00 7.090003204345703125e+01
-2.293727493286132812e+01 2.430710077285766602e+00 6.990004730224609375e+01
-2.259828567504882812e+01 2.438406467437744141e+00 7.159497070312500000e+01
-2.742315864562988281e+01 1.713315248489379883e+00 6.989994049072265625e+01
-2.131195640563964844e+01 2.145190000534057617e+00 6.990014648437500000e+01
-2.307679176330566406e+01 2.585476636886596680e+00 7.090003204345703125e+01
-2.353292465209960938e+01 2.298618316650390625e+00 6.990000152587890625e+01
-2.144198226928710938e+01 2.082070350646972656e+00 7.159360504150390625e+01
-2.307679176330566406e+01 2.585476636886596680e+00 7.090003204345703125e+01
-2.254498863220214844e+01 2.212045192718505859e+00 6.990005493164062500e+01
-2.307679176330566406e+01 2.585476636886596680e+00 7.090003204345703125e+01
-2.461557769775390625e+01 1.891872048377990723e+00 6.989996337890625000e+01
-1.708275985717773438e+01 1.368793994188308716e-01 6.989997863769531250e+01
-2.307679176330566406e+01 2.585476636886596680e+00 7.090003204345703125e+01
-2.315472984313964844e+01 2.129097938537597656e+00 6.990002441406250000e+01
-2.233301544189453125e+01 2.094672679901123047e+00 7.159485626220703125e+01
-2.883547401428222656e+01 -3.533784747123718262e-01 7.084384155273437500e+01
-2.196364593505859375e+01 1.778347134590148926e+00 6.990010070800781250e+01
-2.307679176330566406e+01 2.585476636886596680e+00 7.090003204345703125e+01
-2.382812690734863281e+01 1.833673715591430664e+00 6.989999389648437500e+01
-1.989144134521484375e+01 5.315100550651550293e-01 7.149558258056640625e+01
-2.307679176330566406e+01 2.585476636886596680e+00 7.090003204345703125e+01
-2.279748344421386719e+01 1.854341030120849609e+00 6.990003967285156250e+01
-2.307679176330566406e+01 2.585476636886596680e+00 7.090003204345703125e+01
-2.829567527770996094e+01 -1.776792645454406738e+00 6.893618774414062500e+01
-2.058581352233886719e+01 3.711468279361724854e-01 6.990012359619140625e+01
-2.307679176330566406e+01 2.585476636886596680e+00 7.090003204345703125e+01
-2.337935447692871094e+01 1.626248717308044434e+00 6.990139770507812500e+01
-2.299485206604003906e+01 2.492902040481567383e+00 7.094859313964843750e+01
-2.307679176330566406e+01 2.585476636886596680e+00 7.090003204345703125e+01
-2.235908317565917969e+01 1.241815924644470215e+00 6.990004730224609375e+01
-2.307679176330566406e+01 2.585476636886596680e+00 7.090003204345703125e+01
-2.424014854431152344e+01 6.871067285537719727e-01 6.989997863769531250e+01
-1.010544109344482422e+01 -1.459771251678466797e+01 7.049034881591796875e+01
-2.307679176330566406e+01 2.585476636886596680e+00 7.090003204345703125e+01
-2.302076721191406250e+01 1.044903516769409180e+00 6.989998626708984375e+01
-2.307679176330566406e+01 2.585476636886596680e+00 7.090003204345703125e+01
-2.878483581542968750e+01 -8.035064697265625000e+00 7.007524871826171875e+01
-2.161356544494628906e+01 -1.048955798149108887e+00 6.990299987792968750e+01
-2.307679176330566406e+01 2.585476636886596680e+00 7.090003204345703125e+01
-2.363694953918457031e+01 -5.552601218223571777e-01 6.989998626708984375e+01
-2.307679176330566406e+01 2.585476636886596680e+00 7.090003204345703125e+01
-2.307679176330566406e+01 2.585476636886596680e+00 7.090003204345703125e+01
-2.307679176330566406e+01 -1.461855983734130859e+01 7.090003204345703125e+01
