-2.122081375122070312e+01 7.656336212158203125e+01 3.831455993652343750e+01
-2.122081375122070312e+01 7.656336212158203125e+01 3.831455993652343750e+01
-2.122081375122070312e+01 7.656336212158203125e+01 3.831455993652343750e+01
-2.174769973754882812e+01 8.030082702636718750e+01 4.027455139160156250e+01
-2.122081375122070312e+01 7.656336212158203125e+01 3.831455993652343750e+01
-2.451161003112792969e+01 8.162952423095703125e+01 3.967295074462890625e+01
-2.063258934020996094e+01 7.899546813964843750e+01 4.018991470336914062e+01
-2.244945144653320312e+01 7.876179504394531250e+01 4.006216812133789062e+01
-2.122081375122070312e+01 7.656336212158203125e+01 3.831455993652343750e+01
-2.122081375122070312e+01 7.656336212158203125e+01 3.831455993652343750e+01
-2.130398559570312500e+01 7.797196960449218750e+01 4.011321258544921875e+01
-2.122081375122070312e+01 7.656336212158203125e+01 3.831455993652343750e+01
-2.379799079895019531e+01 7.866110229492187500e+01 4.010769271850585938e+01
-2.004607582092285156e+01 7.798349761962890625e+01 4.036463546752929688e+01
-2.203584671020507812e+01 7.764070129394531250e+01 4.026203918457031250e+01
-2.122081375122070312e+01 7.656336212158203125e+01 3.831455993652343750e+01
-2.507311439514160156e+01 7.827084350585937500e+01 3.933001327514648438e+01
-2.084102439880371094e+01 7.741081237792968750e+01 4.052444458007812500e+01
-2.122081375122070312e+01 7.656336212158203125e+01 3.831455993652343750e+01
-2.313053131103515625e+01 7.742493438720703125e+01 4.037890625000000000e+01
-2.122081375122070312e+01 7.656336212158203125e+01 3.831455993652343750e+01
-2.165245437622070312e+01 7.703496551513671875e+01 4.068723297119140625e+01
-2.122081375122070312e+01 7.656336212158203125e+01 3.831455993652343750e+01
-2.122081375122070312e+01 7.656336212158203125e+01 3.831455993652343750e+01
-2.011447906494140625e+01 7.683122253417968750e+01 4.103224182128906250e+01
-2.270359420776367188e+01 7.665226745605468750e+01 4.084466171264648438e+01
-2.122081375122070312e+01 7.656336212158203125e+01 3.831455993652343750e+01
-2.122081375122070312e+01 7.656336212158203125e+01 3.831455993652343750e+01
-2.122081375122070312e+01 7.656336212158203125e+01 3.831455993652343750e+01
-2.122081375122070312e+01 7.656336212158203125e+01 3.831455993652343750e+01
-2.123176383972167969e+01 7.656147766113281250e+01 3.832360839843750000e+01
-2.122081375122070312e+01 7.656336212158203125e+01 3.831455993652343750e+01
-2.122081375122070312e+01 7.656336212158203125e+01 3.831455993652343750e+01
-2.122081375122070312e+01 7.656336212158203125e+01 3.831455993652343750e+01
-2.122081375122070312e+01 7.656336212158203125e+01 3.831455993652343750e+01
-2.121916580200195312e+01 7.656103515625000000e+01 3.832093811035156250e+01
-2.122608947753906250e+01 7.655969238281250000e+01 3.832130432128906250e+01
-2.122081375122070312e+01 7.656336212158203125e+01 3.831455993652343750e+01
-2.122081375122070312e+01 7.656336212158203125e+01 3.831455993652343750e+01
-2.122081375122070312e+01 7.656336212158203125e+01 3.831455993652343750e+01
-2.122603416442871094e+01 7.655924987792968750e+01 3.831781005859375000e+01
-2.122081375122070312e+01 7.656336212158203125e+01 3.831455993652343750e+01
-2.122081375122070312e+01 7.656336212158203125e+01 3.831455993652343750e+01
-2.122081375122070312e+01 7.656336212158203125e+01 3.831455993652343750e+01
-2.122109222412109375e+01 7.656307220458984375e+01 3.831461715698242188e+01
-2.122044944763183594e+01 7.655979156494140625e+01 3.831761169433593750e+01
-2.122081375122070312e+01 7.656336212158203125e+01 3.831455993652343750e+01
-2.122220039367675781e+01 7.656060028076171875e+01 3.831591415405273438e+01
-2.122081375122070312e+01 7.656336212158203125e+01 3.831455993652343750e+01
-2.122105026245117188e+01 7.656095123291015625e+01 3.831556320190429688e+01
-2.122081375122070312e+01 7.656336212158203125e+01 3.831455993652343750e+01
-2.122081375122070312e+01 7.656336212158203125e+01 3.831455993652343750e+01
