-2.085474395751953125e+01 7.750472259521484375e+01 3.850232315063476562e+01
-2.135253524780273438e+01 8.103579711914062500e+01 4.035408020019531250e+01
-2.384934043884277344e+01 8.211488342285156250e+01 3.973844909667968750e+01
-2.085474395751953125e+01 7.750472259521484375e+01 3.850232315063476562e+01
-2.201848793029785156e+01 7.958703613281250000e+01 4.015762710571289062e+01
-2.085474395751953125e+01 7.750472259521484375e+01 3.850232315063476562e+01
-2.085474395751953125e+01 7.750472259521484375e+01 3.850232315063476562e+01
-2.092859458923339844e+01 7.875547027587890625e+01 4.009940338134765625e+01
-2.307310485839843750e+01 7.931040191650390625e+01 4.004579925537109375e+01
-1.984473800659179688e+01 7.872571563720703125e+01 4.026491928100585938e+01
-2.150228881835937500e+01 7.836067199707031250e+01 4.004959869384765625e+01
-2.085474395751953125e+01 7.750472259521484375e+01 3.850232315063476562e+01
-2.763098526000976562e+01 8.050820922851562500e+01 4.028851699829101562e+01
-2.056936454772949219e+01 7.814151763916015625e+01 4.016286849975585938e+01
-2.235216331481933594e+01 7.818029022216796875e+01 4.012099075317382812e+01
-2.085474395751953125e+01 7.750472259521484375e+01 3.850232315063476562e+01
-2.085474395751953125e+01 7.750472259521484375e+01 3.850232315063476562e+01
-2.116254425048828125e+01 7.784101867675781250e+01 4.019426727294921875e+01
-2.085474395751953125e+01 7.750472259521484375e+01 3.850232315063476562e+01
-2.419915390014648438e+01 7.800265502929687500e+01 4.021862030029296875e+01
-2.002095413208007812e+01 7.770659637451171875e+01 4.055050659179687500e+01
-2.190180778503417969e+01 7.756750488281250000e+01 4.028895187377929688e+01
-2.085474395751953125e+01 7.750472259521484375e+01 3.850232315063476562e+01
-2.085474395751953125e+01 7.750472259521484375e+01 3.850232315063476562e+01
-2.077886390686035156e+01 7.735713195800781250e+01 4.058306503295898438e+01
-2.323016166687011719e+01 7.709656524658203125e+01 4.046501159667968750e+01
-2.085474395751953125e+01 7.750472259521484375e+01 3.850232315063476562e+01
-2.159246253967285156e+01 7.693368530273437500e+01 4.077635192871093750e+01
-2.085474395751953125e+01 7.750472259521484375e+01 3.850232315063476562e+01
-2.085474395751953125e+01 7.750472259521484375e+01 3.850232315063476562e+01
-2.007334136962890625e+01 7.640040588378906250e+01 4.152649307250976562e+01
-2.085474395751953125e+01 7.750472259521484375e+01 3.850232315063476562e+01
-2.085474395751953125e+01 7.750472259521484375e+01 3.850232315063476562e+01
-2.085474395751953125e+01 7.750472259521484375e+01 3.850232315063476562e+01
-2.085474395751953125e+01 7.750472259521484375e+01 3.850232315063476562e+01
-2.085474395751953125e+01 7.750472259521484375e+01 3.850232315063476562e+01
-2.216556358337402344e+01 7.647306060791015625e+01 3.931830596923828125e+01
-2.085474395751953125e+01 7.750472259521484375e+01 3.850232315063476562e+01
-2.132621002197265625e+01 7.655619049072265625e+01 3.948473739624023438e+01
-2.085474395751953125e+01 7.750472259521484375e+01 3.850232315063476562e+01
-2.181079483032226562e+01 7.649946594238281250e+01 3.870275115966796875e+01
-2.075988006591796875e+01 7.657818603515625000e+01 3.929499435424804688e+01
-2.133051681518554688e+01 7.655871582031250000e+01 3.896662902832031250e+01
-2.085474395751953125e+01 7.750472259521484375e+01 3.850232315063476562e+01
-2.085474395751953125e+01 7.750472259521484375e+01 3.850232315063476562e+01
-2.094611549377441406e+01 7.657337188720703125e+01 3.889073944091796875e+01
-2.085474395751953125e+01 7.750472259521484375e+01 3.850232315063476562e+01
-2.102835464477539062e+01 7.657192993164062500e+01 3.858049011230468750e+01
-2.085474395751953125e+01 7.750472259521484375e+01 3.850232315063476562e+01
