-1.986436080932617188e+01 7.697047424316406250e+01 3.873160171508789062e+01
-1.986436080932617188e+01 7.697047424316406250e+01 3.873160171508789062e+01
-1.986436080932617188e+01 7.697047424316406250e+01 3.873160171508789062e+01
-2.294950103759765625e+01 8.172003173828125000e+01 4.000510406494140625e+01
-1.986436080932617188e+01 7.697047424316406250e+01 3.873160171508789062e+01
-2.081605339050292969e+01 7.867336273193359375e+01 4.008528518676757812e+01
-1.986436080932617188e+01 7.697047424316406250e+01 3.873160171508789062e+01
-1.986436080932617188e+01 7.697047424316406250e+01 3.873160171508789062e+01
-1.993637466430664062e+01 7.819010162353515625e+01 4.028895187377929688e+01
-2.174428367614746094e+01 7.850067138671875000e+01 4.003960418701171875e+01
-1.986436080932617188e+01 7.697047424316406250e+01 3.873160171508789062e+01
-1.986436080932617188e+01 7.697047424316406250e+01 3.873160171508789062e+01
-2.052742195129394531e+01 7.784693145751953125e+01 4.031595230102539062e+01
-1.986436080932617188e+01 7.697047424316406250e+01 3.873160171508789062e+01
-2.459960746765136719e+01 7.906931304931640625e+01 3.997979736328125000e+01
-1.951280021667480469e+01 7.775493621826171875e+01 4.077722930908203125e+01
-2.132238197326660156e+01 7.762826538085937500e+01 4.030767822265625000e+01
-1.986436080932617188e+01 7.697047424316406250e+01 3.873160171508789062e+01
-1.986436080932617188e+01 7.697047424316406250e+01 3.873160171508789062e+01
-2.022181701660156250e+01 7.736102294921875000e+01 4.069650268554687500e+01
-2.306488990783691406e+01 7.744698333740234375e+01 4.037406158447265625e+01
-1.761941146850585938e+01 7.751400756835937500e+01 4.424626541137695312e+01
-2.105627441406250000e+01 7.704193878173828125e+01 4.076538848876953125e+01
-1.986436080932617188e+01 7.697047424316406250e+01 3.873160171508789062e+01
-1.986436080932617188e+01 7.697047424316406250e+01 3.873160171508789062e+01
-1.977621078491210938e+01 7.679901885986328125e+01 4.114884185791015625e+01
-2.283467483520507812e+01 7.646009826660156250e+01 4.118582153320312500e+01
-1.986436080932617188e+01 7.697047424316406250e+01 3.873160171508789062e+01
-1.986436080932617188e+01 7.697047424316406250e+01 3.873160171508789062e+01
-1.986436080932617188e+01 7.697047424316406250e+01 3.873160171508789062e+01
-1.986436080932617188e+01 7.697047424316406250e+01 3.873160171508789062e+01
-1.946824264526367188e+01 7.641065979003906250e+01 4.026464462280273438e+01
-1.986436080932617188e+01 7.697047424316406250e+01 3.873160171508789062e+01
-1.986436080932617188e+01 7.697047424316406250e+01 3.873160171508789062e+01
-1.986436080932617188e+01 7.697047424316406250e+01 3.873160171508789062e+01
-1.986436080932617188e+01 7.697047424316406250e+01 3.873160171508789062e+01
-2.036728286743164062e+01 7.657465362548828125e+01 3.904467010498046875e+01
-1.986436080932617188e+01 7.697047424316406250e+01 3.873160171508789062e+01
-1.986436080932617188e+01 7.697047424316406250e+01 3.873160171508789062e+01
-1.986436080932617188e+01 7.697047424316406250e+01 3.873160171508789062e+01
-1.986436080932617188e+01 7.697047424316406250e+01 3.873160171508789062e+01
-2.023817253112792969e+01 7.657742309570312500e+01 3.880996704101562500e+01
-1.982057571411132812e+01 7.654283142089843750e+01 3.909745788574218750e+01
-2.006918525695800781e+01 7.656320953369140625e+01 3.893149185180664062e+01
-1.986436080932617188e+01 7.697047424316406250e+01 3.873160171508789062e+01
-1.986436080932617188e+01 7.697047424316406250e+01 3.873160171508789062e+01
-1.986436080932617188e+01 7.697047424316406250e+01 3.873160171508789062e+01
-1.986436080932617188e+01 7.697047424316406250e+01 3.873160171508789062e+01
-1.986436080932617188e+01 7.697047424316406250e+01 3.873160171508789062e+01
-1.986436080932617188e+01 7.697047424316406250e+01 3.873160171508789062e+01
