-1.946970367431640625e+01 7.710276794433593750e+01 3.895516204833984375e+01
-1.946970367431640625e+01 7.710276794433593750e+01 3.895516204833984375e+01
-1.946970367431640625e+01 7.710276794433593750e+01 3.895516204833984375e+01
-2.233683395385742188e+01 8.151670074462890625e+01 4.013867187500000000e+01
-1.946970367431640625e+01 7.710276794433593750e+01 3.895516204833984375e+01
-2.032807540893554688e+01 7.863867187500000000e+01 4.017610931396484375e+01
-2.733159065246582031e+01 8.395212554931640625e+01 3.928027725219726562e+01
-1.954021644592285156e+01 7.829698944091796875e+01 4.048006820678710938e+01
-2.105472564697265625e+01 7.839292907714843750e+01 4.005797958374023438e+01
-1.946970367431640625e+01 7.710276794433593750e+01 3.895516204833984375e+01
-1.946970367431640625e+01 7.710276794433593750e+01 3.895516204833984375e+01
-2.007706832885742188e+01 7.790560913085937500e+01 4.040642929077148438e+01
-2.365857696533203125e+01 7.895943450927734375e+01 4.005933380126953125e+01
-1.912515258789062500e+01 7.787158966064453125e+01 4.096000289916992188e+01
-2.075905227661132812e+01 7.768446350097656250e+01 4.034891128540039062e+01
-1.946970367431640625e+01 7.710276794433593750e+01 3.895516204833984375e+01
-1.946970367431640625e+01 7.710276794433593750e+01 3.895516204833984375e+01
-1.980264663696289062e+01 7.746653747558593750e+01 4.078531265258789062e+01
-2.217089271545410156e+01 7.750492858886718750e+01 4.034136962890625000e+01
-1.946970367431640625e+01 7.710276794433593750e+01 3.895516204833984375e+01
-1.946970367431640625e+01 7.710276794433593750e+01 3.895516204833984375e+01
-2.051956748962402344e+01 7.716571807861328125e+01 4.074657058715820312e+01
-1.946970367431640625e+01 7.710276794433593750e+01 3.895516204833984375e+01
-1.946970367431640625e+01 7.710276794433593750e+01 3.895516204833984375e+01
-1.938978767395019531e+01 7.694732666015625000e+01 4.114658355712890625e+01
-2.201991462707519531e+01 7.666457366943359375e+01 4.106227111816406250e+01
-1.946970367431640625e+01 7.710276794433593750e+01 3.895516204833984375e+01
-1.946970367431640625e+01 7.710276794433593750e+01 3.895516204833984375e+01
-1.946970367431640625e+01 7.710276794433593750e+01 3.895516204833984375e+01
-1.946970367431640625e+01 7.710276794433593750e+01 3.895516204833984375e+01
-1.869157028198242188e+01 7.600306701660156250e+01 4.196667861938476562e+01
-1.946970367431640625e+01 7.710276794433593750e+01 3.895516204833984375e+01
-1.946970367431640625e+01 7.710276794433593750e+01 3.895516204833984375e+01
-1.946970367431640625e+01 7.710276794433593750e+01 3.895516204833984375e+01
-1.946970367431640625e+01 7.710276794433593750e+01 3.895516204833984375e+01
-1.946970367431640625e+01 7.710276794433593750e+01 3.895516204833984375e+01
-2.017251777648925781e+01 7.654962921142578125e+01 3.939266204833984375e+01
-1.946970367431640625e+01 7.710276794433593750e+01 3.895516204833984375e+01
-1.946970367431640625e+01 7.710276794433593750e+01 3.895516204833984375e+01
-1.946970367431640625e+01 7.710276794433593750e+01 3.895516204833984375e+01
-1.946970367431640625e+01 7.710276794433593750e+01 3.895516204833984375e+01
-1.999209594726562500e+01 7.655348968505859375e+01 3.906467819213867188e+01
-1.946970367431640625e+01 7.710276794433593750e+01 3.895516204833984375e+01
-1.975585556030273438e+01 7.653379821777343750e+01 3.923441696166992188e+01
-1.946970367431640625e+01 7.710276794433593750e+01 3.895516204833984375e+01
-1.946970367431640625e+01 7.710276794433593750e+01 3.895516204833984375e+01
-1.946970367431640625e+01 7.710276794433593750e+01 3.895516204833984375e+01
-1.946970367431640625e+01 7.710276794433593750e+01 3.895516204833984375e+01
-1.946970367431640625e+01 7.710276794433593750e+01 3.895516204833984375e+01
-1.946970367431640625e+01 7.710276794433593750e+01 3.895516204833984375e+01
