-1.973186874389648438e+01 7.655195617675781250e+01 3.876252746582031250e+01
-1.973186874389648438e+01 7.655195617675781250e+01 3.876252746582031250e+01
-1.973186874389648438e+01 7.655195617675781250e+01 3.876252746582031250e+01
-1.973186874389648438e+01 7.655195617675781250e+01 3.876252746582031250e+01
-1.973186874389648438e+01 7.655195617675781250e+01 3.876252746582031250e+01
-2.023576545715332031e+01 8.012634277343750000e+01 4.063699722290039062e+01
-1.973186874389648438e+01 7.655195617675781250e+01 3.876252746582031250e+01
-2.288568115234375000e+01 8.140723419189453125e+01 4.006437683105468750e+01
-1.973186874389648438e+01 7.655195617675781250e+01 3.876252746582031250e+01
-1.973186874389648438e+01 7.655195617675781250e+01 3.876252746582031250e+01
-2.067981338500976562e+01 7.824813842773437500e+01 4.011088180541992188e+01
-1.973186874389648438e+01 7.655195617675781250e+01 3.876252746582031250e+01
-1.973186874389648438e+01 7.655195617675781250e+01 3.876252746582031250e+01
-1.981270027160644531e+01 7.792093658447265625e+01 4.051058578491210938e+01
-1.973186874389648438e+01 7.655195617675781250e+01 3.876252746582031250e+01
-2.159942245483398438e+01 7.807209014892578125e+01 4.006192398071289062e+01
-1.973186874389648438e+01 7.655195617675781250e+01 3.876252746582031250e+01
-1.973186874389648438e+01 7.655195617675781250e+01 3.876252746582031250e+01
-2.047107696533203125e+01 7.752906799316406250e+01 4.052883148193359375e+01
-1.973186874389648438e+01 7.655195617675781250e+01 3.876252746582031250e+01
-2.459984397888183594e+01 7.870962524414062500e+01 4.004571151733398438e+01
-1.934510421752929688e+01 7.741497039794921875e+01 4.101299667358398438e+01
-2.137541770935058594e+01 7.729344940185546875e+01 4.053915405273437500e+01
-1.973186874389648438e+01 7.655195617675781250e+01 3.876252746582031250e+01
-1.973186874389648438e+01 7.655195617675781250e+01 3.876252746582031250e+01
-2.012301826477050781e+01 7.697931671142578125e+01 4.091263198852539062e+01
-1.973186874389648438e+01 7.655195617675781250e+01 3.876252746582031250e+01
-2.310182189941406250e+01 7.705368804931640625e+01 4.049193191528320312e+01
-1.973186874389648438e+01 7.655195617675781250e+01 3.876252746582031250e+01
-1.973186874389648438e+01 7.655195617675781250e+01 3.876252746582031250e+01
-2.114451789855957031e+01 7.663665771484375000e+01 4.117296218872070312e+01
-1.973186874389648438e+01 7.655195617675781250e+01 3.876252746582031250e+01
-1.973186874389648438e+01 7.655195617675781250e+01 3.876252746582031250e+01
-1.973127746582031250e+01 7.655080413818359375e+01 3.877875518798828125e+01
-1.976005172729492188e+01 7.654711151123046875e+01 3.878581237792968750e+01
-1.973186874389648438e+01 7.655195617675781250e+01 3.876252746582031250e+01
-1.972832489013671875e+01 7.654694366455078125e+01 3.877624511718750000e+01
-2.856098556518554688e+01 6.960314941406250000e+01 4.425863265991210938e+01
-1.973186874389648438e+01 7.655195617675781250e+01 3.876252746582031250e+01
-1.973186874389648438e+01 7.655195617675781250e+01 3.876252746582031250e+01
-1.973186874389648438e+01 7.655195617675781250e+01 3.876252746582031250e+01
