-2.119182968139648438e+01 7.656722259521484375e+01 3.831832122802734375e+01
-2.119182968139648438e+01 7.656722259521484375e+01 3.831832122802734375e+01
-2.119182968139648438e+01 7.656722259521484375e+01 3.831832122802734375e+01
-2.119182968139648438e+01 7.656722259521484375e+01 3.831832122802734375e+01
-2.171860313415527344e+01 8.030388641357421875e+01 4.027788925170898438e+01
-2.119182968139648438e+01 7.656722259521484375e+01 3.831832122802734375e+01
-2.448382186889648438e+01 8.163522338867187500e+01 3.967720794677734375e+01
-2.059988021850585938e+01 7.901473236083984375e+01 4.020554733276367188e+01
-2.242240142822265625e+01 7.876911163330078125e+01 4.006868362426757812e+01
-2.119182968139648438e+01 7.656722259521484375e+01 3.831832122802734375e+01
-2.119182968139648438e+01 7.656722259521484375e+01 3.831832122802734375e+01
-2.127485656738281250e+01 7.797338867187500000e+01 4.011385726928710938e+01
-2.119182968139648438e+01 7.656722259521484375e+01 3.831832122802734375e+01
-2.376790428161621094e+01 7.866407012939453125e+01 4.011068725585937500e+01
-2.001623535156250000e+01 7.798839569091796875e+01 4.036988830566406250e+01
-2.119182968139648438e+01 7.656722259521484375e+01 3.831832122802734375e+01
-2.200366401672363281e+01 7.764033508300781250e+01 4.025815963745117188e+01
-2.119182968139648438e+01 7.656722259521484375e+01 3.831832122802734375e+01
-2.515425682067871094e+01 7.832351684570312500e+01 3.936280441284179688e+01
-2.081249237060546875e+01 7.741367340087890625e+01 4.052558135986328125e+01
-2.309801673889160156e+01 7.742720031738281250e+01 4.037885284423828125e+01
-2.119182968139648438e+01 7.656722259521484375e+01 3.831832122802734375e+01
-2.119182968139648438e+01 7.656722259521484375e+01 3.831832122802734375e+01
-2.162202072143554688e+01 7.703723907470703125e+01 4.068303298950195312e+01
-2.119182968139648438e+01 7.656722259521484375e+01 3.831832122802734375e+01
-2.119182968139648438e+01 7.656722259521484375e+01 3.831832122802734375e+01
-2.008896446228027344e+01 7.683424377441406250e+01 4.102748107910156250e+01
-2.119182968139648438e+01 7.656722259521484375e+01 3.831832122802734375e+01
-2.267628479003906250e+01 7.665622711181640625e+01 4.085128021240234375e+01
-2.119182968139648438e+01 7.656722259521484375e+01 3.831832122802734375e+01
-2.119182968139648438e+01 7.656722259521484375e+01 3.831832122802734375e+01
-2.119182968139648438e+01 7.656722259521484375e+01 3.831832122802734375e+01
-2.508962821960449219e+01 7.589748382568359375e+01 4.153887557983398438e+01
-2.119182968139648438e+01 7.656722259521484375e+01 3.831832122802734375e+01
-1.855375099182128906e+01 7.283895111083984375e+01 4.852814865112304688e+01
-2.687923049926757812e+01 7.261105346679687500e+01 4.558851623535156250e+01
-3.273637771606445312e+01 6.748127746582031250e+01 4.550477600097656250e+01
-3.698146820068359375e+01 5.996498107910156250e+01 4.162847137451171875e+01
-2.017684555053710938e+01 6.665393066406250000e+01 4.679935455322265625e+01
-3.415506744384765625e+01 5.079164123535156250e+01 5.096915817260742188e+01
-2.287641143798828125e+01 5.939620208740234375e+01 4.547943878173828125e+01
-2.119182968139648438e+01 7.656722259521484375e+01 3.831832122802734375e+01
