-1.857180023193359375e+01 7.643508911132812500e+01 3.967324066162109375e+01
-1.857180023193359375e+01 7.643508911132812500e+01 3.967324066162109375e+01
-1.857180023193359375e+01 7.643508911132812500e+01 3.967324066162109375e+01
-1.995184707641601562e+01 7.855966186523437500e+01 4.024290466308593750e+01
-1.857180023193359375e+01 7.643508911132812500e+01 3.967324066162109375e+01
-1.857180023193359375e+01 7.643508911132812500e+01 3.967324066162109375e+01
-1.936966514587402344e+01 7.786273193359375000e+01 4.080812072753906250e+01
-2.392741394042968750e+01 8.110095214843750000e+01 3.989471054077148438e+01
-1.874830055236816406e+01 7.942433166503906250e+01 4.349021530151367188e+01
-1.997019004821777344e+01 7.757333374023437500e+01 4.064620590209960938e+01
-1.857180023193359375e+01 7.643508911132812500e+01 3.967324066162109375e+01
-1.857180023193359375e+01 7.643508911132812500e+01 3.967324066162109375e+01
-1.917487144470214844e+01 7.723225402832031250e+01 4.111424636840820312e+01
-2.115272331237792969e+01 7.757904815673828125e+01 4.035356521606445312e+01
-1.777031326293945312e+01 7.822351074218750000e+01 4.433686447143554688e+01
-1.857180023193359375e+01 7.643508911132812500e+01 3.967324066162109375e+01
-1.979746246337890625e+01 7.698805236816406250e+01 4.099814605712890625e+01
-1.857180023193359375e+01 7.643508911132812500e+01 3.967324066162109375e+01
-1.892578887939453125e+01 7.682185363769531250e+01 4.161907196044921875e+01
-2.110134696960449219e+01 7.681169891357421875e+01 4.097136306762695312e+01
-1.857180023193359375e+01 7.643508911132812500e+01 3.967324066162109375e+01
-1.857180023193359375e+01 7.643508911132812500e+01 3.967324066162109375e+01
-1.980908966064453125e+01 7.650927734375000000e+01 4.178445434570312500e+01
-1.857180023193359375e+01 7.643508911132812500e+01 3.967324066162109375e+01
-1.844355964660644531e+01 7.618565368652343750e+01 4.318979263305664062e+01
-1.857180023193359375e+01 7.643508911132812500e+01 3.967324066162109375e+01
-1.905722618103027344e+01 7.635167694091796875e+01 4.007432556152343750e+01
-1.857180023193359375e+01 7.643508911132812500e+01 3.967324066162109375e+01
-1.857180023193359375e+01 7.643508911132812500e+01 3.967324066162109375e+01
-1.857180023193359375e+01 7.643508911132812500e+01 3.967324066162109375e+01
-1.857180023193359375e+01 7.643508911132812500e+01 3.967324066162109375e+01
-1.857180023193359375e+01 7.643508911132812500e+01 3.967324066162109375e+01
-1.857180023193359375e+01 7.643508911132812500e+01 3.967324066162109375e+01
-1.857180023193359375e+01 7.643508911132812500e+01 3.967324066162109375e+01
-1.857180023193359375e+01 7.643508911132812500e+01 3.967324066162109375e+01
-1.860320472717285156e+01 7.625093841552734375e+01 3.999499893188476562e+01
-1.873069572448730469e+01 7.631003570556640625e+01 3.977215194702148438e+01
-1.857180023193359375e+01 7.643508911132812500e+01 3.967324066162109375e+01
-1.857180023193359375e+01 7.643508911132812500e+01 3.967324066162109375e+01
-1.857180023193359375e+01 7.643508911132812500e+01 3.967324066162109375e+01
-1.869332313537597656e+01 7.630731201171875000e+01 3.969871520996093750e+01
-1.857180023193359375e+01 7.643508911132812500e+01 3.967324066162109375e+01
-1.857180023193359375e+01 7.643508911132812500e+01 3.967324066162109375e+01
-1.864466667175292969e+01 7.629020690917968750e+01 3.974435043334960938e+01
-1.857180023193359375e+01 7.643508911132812500e+01 3.967324066162109375e+01
-1.857180023193359375e+01 7.643508911132812500e+01 3.967324066162109375e+01
-1.857180023193359375e+01 7.643508911132812500e+01 3.967324066162109375e+01
-1.857180023193359375e+01 7.643508911132812500e+01 3.967324066162109375e+01
-1.857180023193359375e+01 7.643508911132812500e+01 3.967324066162109375e+01
-1.857180023193359375e+01 7.643508911132812500e+01 3.967324066162109375e+01
