-2.178072738647460938e+01 7.702119445800781250e+01 3.834973526000976562e+01
-2.178072738647460938e+01 7.702119445800781250e+01 3.834973526000976562e+01
-2.228351974487304688e+01 8.058775329589843750e+01 4.022010040283203125e+01
-2.178072738647460938e+01 7.702119445800781250e+01 3.834973526000976562e+01
-2.490176200866699219e+01 8.182601165771484375e+01 3.963805389404296875e+01
-2.119530868530273438e+01 7.944170379638671875e+01 4.021614456176757812e+01
-2.298507118225097656e+01 7.917615509033203125e+01 4.006278991699218750e+01
-2.178072738647460938e+01 7.702119445800781250e+01 3.834973526000976562e+01
-2.185910034179687500e+01 7.834854888916015625e+01 4.004464340209960938e+01
-2.178072738647460938e+01 7.702119445800781250e+01 3.834973526000976562e+01
-2.418708229064941406e+01 7.897988891601562500e+01 4.002401351928710938e+01
-2.078578567504882812e+01 7.822397613525390625e+01 4.008604431152343750e+01
-2.255186653137207031e+01 7.804051971435546875e+01 4.019233322143554688e+01
-2.178072738647460938e+01 7.702119445800781250e+01 3.834973526000976562e+01
-2.441403198242187500e+01 7.818837738037109375e+01 3.904386520385742188e+01
-2.145800209045410156e+01 7.774131774902343750e+01 4.022757720947265625e+01
-2.356922912597656250e+01 7.782807922363281250e+01 4.028305435180664062e+01
-1.971092033386230469e+01 7.782518005371093750e+01 4.063139343261718750e+01
-2.214971923828125000e+01 7.742434692382812500e+01 4.037803649902343750e+01
-2.178072738647460938e+01 7.702119445800781250e+01 3.834973526000976562e+01
-2.178072738647460938e+01 7.702119445800781250e+01 3.834973526000976562e+01
-2.084225654602050781e+01 7.724841308593750000e+01 4.065506362915039062e+01
-2.303143119812011719e+01 7.709618377685546875e+01 4.048383712768554688e+01
-2.178072738647460938e+01 7.702119445800781250e+01 3.834973526000976562e+01
-2.178072738647460938e+01 7.702119445800781250e+01 3.834973526000976562e+01
-2.168948173522949219e+01 7.684371185302734375e+01 4.085186004638671875e+01
-2.178072738647460938e+01 7.702119445800781250e+01 3.834973526000976562e+01
-2.446297645568847656e+01 7.656031799316406250e+01 4.056594467163085938e+01
-1.831635665893554688e+01 7.595640563964843750e+01 4.338107299804687500e+01
-2.178072738647460938e+01 7.702119445800781250e+01 3.834973526000976562e+01
-2.178072738647460938e+01 7.702119445800781250e+01 3.834973526000976562e+01
-2.178072738647460938e+01 7.702119445800781250e+01 3.834973526000976562e+01
-2.144885444641113281e+01 7.655217742919921875e+01 3.963414382934570312e+01
-2.267079544067382812e+01 7.640206146240234375e+01 3.948750686645507812e+01
-2.178072738647460938e+01 7.702119445800781250e+01 3.834973526000976562e+01
-2.178072738647460938e+01 7.702119445800781250e+01 3.834973526000976562e+01
-2.178072738647460938e+01 7.702119445800781250e+01 3.834973526000976562e+01
-2.260310173034667969e+01 7.637395477294921875e+01 3.886166000366210938e+01
-2.178072738647460938e+01 7.702119445800781250e+01 3.834973526000976562e+01
-2.205220413208007812e+01 7.647501373291015625e+01 3.891542053222656250e+01
-2.178072738647460938e+01 7.702119445800781250e+01 3.834973526000976562e+01
-2.237281799316406250e+01 7.639863586425781250e+01 3.847386169433593750e+01
-2.172865867614746094e+01 7.651264190673828125e+01 3.878480911254882812e+01
-2.178072738647460938e+01 7.702119445800781250e+01 3.834973526000976562e+01
-2.206058692932128906e+01 7.646472930908203125e+01 3.862285232543945312e+01
-2.178072738647460938e+01 7.702119445800781250e+01 3.834973526000976562e+01
-2.183246612548828125e+01 7.649382019042968750e+01 3.856967544555664062e+01
-2.178072738647460938e+01 7.702119445800781250e+01 3.834973526000976562e+01
-2.188132476806640625e+01 7.648069000244140625e+01 3.839502716064453125e+01
-2.178072738647460938e+01 7.702119445800781250e+01 3.834973526000976562e+01
