-2.181351089477539062e+01 7.741432189941406250e+01 3.840345764160156250e+01
-2.181351089477539062e+01 7.741432189941406250e+01 3.840345764160156250e+01
-2.229725837707519531e+01 8.084578704833984375e+01 4.020297622680664062e+01
-2.181351089477539062e+01 7.741432189941406250e+01 3.840345764160156250e+01
-2.479045104980468750e+01 8.199730682373046875e+01 3.963229370117187500e+01
-2.122651672363281250e+01 7.984134674072265625e+01 4.027489089965820312e+01
-2.296975517272949219e+01 7.948322296142578125e+01 4.004809570312500000e+01
-2.181351089477539062e+01 7.741432189941406250e+01 3.840345764160156250e+01
-2.188961219787597656e+01 7.870319366455078125e+01 4.004922485351562500e+01
-2.181351089477539062e+01 7.741432189941406250e+01 3.840345764160156250e+01
-2.407769203186035156e+01 7.925729370117187500e+01 3.997881698608398438e+01
-2.085646247863769531e+01 7.857129669189453125e+01 4.007363510131835938e+01
-2.253381538391113281e+01 7.836644744873046875e+01 4.012458801269531250e+01
-2.181351089477539062e+01 7.741432189941406250e+01 3.840345764160156250e+01
-2.543375968933105469e+01 7.901895141601562500e+01 3.935774230957031250e+01
-2.152693939208984375e+01 7.805377197265625000e+01 4.007093429565429688e+01
-2.348774147033691406e+01 7.816965484619140625e+01 4.021325302124023438e+01
-2.009100532531738281e+01 7.808340454101562500e+01 4.030226898193359375e+01
-2.214340972900390625e+01 7.777476501464843750e+01 4.021687698364257812e+01
-2.181351089477539062e+01 7.741432189941406250e+01 3.840345764160156250e+01
-2.563635444641113281e+01 7.798348236083984375e+01 4.036527633666992188e+01
-2.102383613586425781e+01 7.760551452636718750e+01 4.034327697753906250e+01
-2.296418952941894531e+01 7.748331451416015625e+01 4.036688995361328125e+01
-2.181351089477539062e+01 7.741432189941406250e+01 3.840345764160156250e+01
-2.181351089477539062e+01 7.741432189941406250e+01 3.840345764160156250e+01
-2.173689651489257812e+01 7.726529693603515625e+01 4.050437545776367188e+01
-2.181351089477539062e+01 7.741432189941406250e+01 3.840345764160156250e+01
-2.423417472839355469e+01 7.699839019775390625e+01 4.040353012084960938e+01
-2.000357818603515625e+01 7.685803222656250000e+01 4.103203964233398438e+01
-2.254989624023437500e+01 7.684431457519531250e+01 4.067337417602539062e+01
-2.181351089477539062e+01 7.741432189941406250e+01 3.840345764160156250e+01
-2.181351089477539062e+01 7.741432189941406250e+01 3.840345764160156250e+01
-2.120035743713378906e+01 7.654778289794921875e+01 4.077647399902343750e+01
-2.341131019592285156e+01 7.630288696289062500e+01 4.044592285156250000e+01
-2.181351089477539062e+01 7.741432189941406250e+01 3.840345764160156250e+01
-2.181351089477539062e+01 7.741432189941406250e+01 3.840345764160156250e+01
-2.181351089477539062e+01 7.741432189941406250e+01 3.840345764160156250e+01
-2.181351089477539062e+01 7.741432189941406250e+01 3.840345764160156250e+01
-2.181351089477539062e+01 7.741432189941406250e+01 3.840345764160156250e+01
-2.181351089477539062e+01 7.741432189941406250e+01 3.840345764160156250e+01
-2.228805732727050781e+01 7.645958709716796875e+01 3.939228820800781250e+01
-2.181351089477539062e+01 7.741432189941406250e+01 3.840345764160156250e+01
-2.287646675109863281e+01 7.629666137695312500e+01 3.862629699707031250e+01
-2.172249412536621094e+01 7.652536773681640625e+01 3.916397857666015625e+01
-2.181351089477539062e+01 7.741432189941406250e+01 3.840345764160156250e+01
-2.230271339416503906e+01 7.644161224365234375e+01 3.888087081909179688e+01
-2.181351089477539062e+01 7.741432189941406250e+01 3.840345764160156250e+01
-2.181351089477539062e+01 7.741432189941406250e+01 3.840345764160156250e+01
-2.190418052673339844e+01 7.649012756347656250e+01 3.878888702392578125e+01
-2.181351089477539062e+01 7.741432189941406250e+01 3.840345764160156250e+01
-2.198935699462890625e+01 7.646951293945312500e+01 3.848263168334960938e+01
-2.181351089477539062e+01 7.741432189941406250e+01 3.840345764160156250e+01
