-2.130480957031250000e+01 7.719075775146484375e+01 3.838852691650390625e+01
-2.130480957031250000e+01 7.719075775146484375e+01 3.838852691650390625e+01
-2.180425262451171875e+01 8.073355865478515625e+01 4.024643325805664062e+01
-2.130480957031250000e+01 7.719075775146484375e+01 3.838852691650390625e+01
-2.435855674743652344e+01 8.189198303222656250e+01 3.964907073974609375e+01
-2.070646095275878906e+01 7.966472625732421875e+01 4.029615783691406250e+01
-2.250082778930664062e+01 7.933082580566406250e+01 4.008973693847656250e+01
-2.130480957031250000e+01 7.719075775146484375e+01 3.838852691650390625e+01
-2.138165473937988281e+01 7.849221801757812500e+01 4.005036926269531250e+01
-2.366941070556640625e+01 7.911547088623046875e+01 4.003375625610351562e+01
-2.027703285217285156e+01 7.843323516845703125e+01 4.018213653564453125e+01
-2.200759887695312500e+01 7.811972808837890625e+01 4.006780624389648438e+01
-2.130480957031250000e+01 7.719075775146484375e+01 3.838852691650390625e+01
-2.622259712219238281e+01 7.937050628662109375e+01 3.968484115600585938e+01
-2.099648094177246094e+01 7.787876129150390625e+01 4.018260574340820312e+01
-2.303349113464355469e+01 7.797065734863281250e+01 4.025717926025390625e+01
-1.896812438964843750e+01 7.809841156005859375e+01 4.096438217163085938e+01
-2.165519332885742188e+01 7.757357788085937500e+01 4.031454467773437500e+01
-2.130480957031250000e+01 7.719075775146484375e+01 3.838852691650390625e+01
-2.499852371215820312e+01 7.774069213867187500e+01 4.028408050537109375e+01
-2.039421653747558594e+01 7.741122436523437500e+01 4.062537384033203125e+01
-2.252140426635742188e+01 7.726370239257812500e+01 4.046443176269531250e+01
-2.130480957031250000e+01 7.719075775146484375e+01 3.838852691650390625e+01
-2.130480957031250000e+01 7.719075775146484375e+01 3.838852691650390625e+01
-2.121859169006347656e+01 7.702305603027343750e+01 4.075276565551757812e+01
-2.382884597778320312e+01 7.675706481933593750e+01 4.047401046752929688e+01
-2.130480957031250000e+01 7.719075775146484375e+01 3.838852691650390625e+01
-2.217070388793945312e+01 7.652050018310546875e+01 4.105765533447265625e+01
-2.130480957031250000e+01 7.719075775146484375e+01 3.838852691650390625e+01
-2.130480957031250000e+01 7.719075775146484375e+01 3.838852691650390625e+01
-2.085576248168945312e+01 7.655614471435546875e+01 4.012641906738281250e+01
-2.235274887084960938e+01 7.646180725097656250e+01 3.972810745239257812e+01
-2.130480957031250000e+01 7.719075775146484375e+01 3.838852691650390625e+01
-2.130480957031250000e+01 7.719075775146484375e+01 3.838852691650390625e+01
-2.130480957031250000e+01 7.719075775146484375e+01 3.838852691650390625e+01
-2.130480957031250000e+01 7.719075775146484375e+01 3.838852691650390625e+01
-2.224325370788574219e+01 7.645217132568359375e+01 3.897270584106445312e+01
-2.130480957031250000e+01 7.719075775146484375e+01 3.838852691650390625e+01
-2.163117599487304688e+01 7.653414916992187500e+01 3.906858825683593750e+01
-2.130480957031250000e+01 7.719075775146484375e+01 3.838852691650390625e+01
-2.198926544189453125e+01 7.647107696533203125e+01 3.853201675415039062e+01
-2.124046134948730469e+01 7.656226348876953125e+01 3.892621612548828125e+01
-2.130480957031250000e+01 7.719075775146484375e+01 3.838852691650390625e+01
-2.130480957031250000e+01 7.719075775146484375e+01 3.838852691650390625e+01
-2.130480957031250000e+01 7.719075775146484375e+01 3.838852691650390625e+01
-2.130480957031250000e+01 7.719075775146484375e+01 3.838852691650390625e+01
-2.136716651916503906e+01 7.655515289306640625e+01 3.865360641479492188e+01
-2.130480957031250000e+01 7.719075775146484375e+01 3.838852691650390625e+01
-2.142574691772460938e+01 7.654096984863281250e+01 3.844297790527343750e+01
-2.130480957031250000e+01 7.719075775146484375e+01 3.838852691650390625e+01
