-2.060855484008789062e+01 7.658828735351562500e+01 3.843081283569335938e+01
-2.060855484008789062e+01 7.658828735351562500e+01 3.843081283569335938e+01
-2.112155914306640625e+01 8.022727966308593750e+01 4.033916091918945312e+01
-2.391317939758300781e+01 8.167574310302734375e+01 3.979491424560546875e+01
-2.002410316467285156e+01 7.900479125976562500e+01 4.029413604736328125e+01
-2.174208450317382812e+01 7.861653900146484375e+01 4.004314422607421875e+01
-2.060855484008789062e+01 7.658828735351562500e+01 3.843081283569335938e+01
-2.060855484008789062e+01 7.658828735351562500e+01 3.843081283569335938e+01
-2.069003677368164062e+01 7.796827697753906250e+01 4.019292831420898438e+01
-2.303430747985839844e+01 7.856277465820312500e+01 4.011858749389648438e+01
-1.930850601196289062e+01 7.815991210937500000e+01 4.069957351684570312e+01
-2.139300918579101562e+01 7.762520599365234375e+01 4.030522537231445312e+01
-2.060855484008789062e+01 7.658828735351562500e+01 3.843081283569335938e+01
-2.661723899841308594e+01 7.925156402587890625e+01 4.001468276977539062e+01
-2.022726631164550781e+01 7.743908691406250000e+01 4.064942169189453125e+01
-2.242117309570312500e+01 7.740605163574218750e+01 4.039020156860351562e+01
-2.060855484008789062e+01 7.658828735351562500e+01 3.843081283569335938e+01
-2.060855484008789062e+01 7.658828735351562500e+01 3.843081283569335938e+01
-2.103263473510742188e+01 7.705162811279296875e+01 4.076193237304687500e+01
-2.060855484008789062e+01 7.658828735351562500e+01 3.843081283569335938e+01
-2.442290496826171875e+01 7.715618133544921875e+01 4.038827514648437500e+01
-1.949207687377929688e+01 7.685860443115234375e+01 4.117341232299804688e+01
-2.212008666992187500e+01 7.667891693115234375e+01 4.100997161865234375e+01
-2.060855484008789062e+01 7.658828735351562500e+01 3.843081283569335938e+01
-2.060855484008789062e+01 7.658828735351562500e+01 3.843081283569335938e+01
-2.060855484008789062e+01 7.658828735351562500e+01 3.843081283569335938e+01
-2.061366271972656250e+01 7.658740997314453125e+01 3.843503189086914062e+01
-2.060855484008789062e+01 7.658828735351562500e+01 3.843081283569335938e+01
-1.800478935241699219e+01 7.290850830078125000e+01 4.850784301757812500e+01
-2.992975997924804688e+01 6.925218963623046875e+01 4.423324203491210938e+01
-3.632927322387695312e+01 6.005850982666015625e+01 4.172651290893554688e+01
-1.954408645629882812e+01 6.619168090820312500e+01 4.732532882690429688e+01
-3.325429153442382812e+01 5.144400405883789062e+01 5.077180480957031250e+01
-2.229043579101562500e+01 5.944480133056640625e+01 4.558044815063476562e+01
-2.060855484008789062e+01 7.658828735351562500e+01 3.843081283569335938e+01
