-2.295570755004882812e+01 7.639295959472656250e+01 3.857252502441406250e+01
-2.295570755004882812e+01 7.639295959472656250e+01 3.857252502441406250e+01
-2.295570755004882812e+01 7.639295959472656250e+01 3.857252502441406250e+01
-2.334950828552246094e+01 7.918637847900390625e+01 4.003744125366210938e+01
-2.295570755004882812e+01 7.639295959472656250e+01 3.857252502441406250e+01
-2.591255187988281250e+01 8.094500732421875000e+01 3.979306793212890625e+01
-2.247351074218750000e+01 7.838668060302734375e+01 4.010984802246093750e+01
-2.295570755004882812e+01 7.639295959472656250e+01 3.857252502441406250e+01
-2.406618690490722656e+01 7.837996673583984375e+01 4.015206527709960938e+01
-2.119597625732421875e+01 7.850854492187500000e+01 4.005562591552734375e+01
-2.303603935241699219e+01 7.775347900390625000e+01 4.030978012084960938e+01
-2.295570755004882812e+01 7.639295959472656250e+01 3.857252502441406250e+01
-2.529571533203125000e+01 7.829765319824218750e+01 4.020064163208007812e+01
-2.197451782226562500e+01 7.757911682128906250e+01 4.028483200073242188e+01
-2.370171356201171875e+01 7.737905883789062500e+01 4.035506820678710938e+01
-2.295570755004882812e+01 7.639295959472656250e+01 3.857252502441406250e+01
-3.830289840698242188e+01 8.319541168212890625e+01 4.261799621582031250e+01
-2.262210655212402344e+01 7.713734436035156250e+01 4.051364898681640625e+01
-2.295570755004882812e+01 7.639295959472656250e+01 3.857252502441406250e+01
-2.464282608032226562e+01 7.715410614013671875e+01 4.039625167846679688e+01
-2.102370834350585938e+01 7.714341735839843750e+01 4.070227050781250000e+01
-2.331899261474609375e+01 7.678987884521484375e+01 4.056945419311523438e+01
-2.295570755004882812e+01 7.639295959472656250e+01 3.857252502441406250e+01
-2.295570755004882812e+01 7.639295959472656250e+01 3.857252502441406250e+01
-2.192048835754394531e+01 7.664360046386718750e+01 4.111551284790039062e+01
-2.295570755004882812e+01 7.639295959472656250e+01 3.857252502441406250e+01
-2.414677810668945312e+01 7.646437835693359375e+01 4.060487365722656250e+01
-2.295570755004882812e+01 7.639295959472656250e+01 3.857252502441406250e+01
-2.292672920227050781e+01 7.633659362792968750e+01 3.936713790893554688e+01
-2.295570755004882812e+01 7.639295959472656250e+01 3.857252502441406250e+01
-2.295570755004882812e+01 7.639295959472656250e+01 3.857252502441406250e+01
-2.276915168762207031e+01 7.633562469482421875e+01 3.884346389770507812e+01
-2.295570755004882812e+01 7.639295959472656250e+01 3.857252502441406250e+01
-2.295570755004882812e+01 7.639295959472656250e+01 3.857252502441406250e+01
-2.295570755004882812e+01 7.639295959472656250e+01 3.857252502441406250e+01
-2.289388084411621094e+01 7.630558013916015625e+01 3.881180572509765625e+01
-2.295570755004882812e+01 7.639295959472656250e+01 3.857252502441406250e+01
-2.316568756103515625e+01 7.624689483642578125e+01 3.884094238281250000e+01
-2.295570755004882812e+01 7.639295959472656250e+01 3.857252502441406250e+01
-2.295570755004882812e+01 7.639295959472656250e+01 3.857252502441406250e+01
-2.295570755004882812e+01 7.639295959472656250e+01 3.857252502441406250e+01
-2.295570755004882812e+01 7.639295959472656250e+01 3.857252502441406250e+01
-2.295570755004882812e+01 7.639295959472656250e+01 3.857252502441406250e+01
-2.301661872863769531e+01 7.627041625976562500e+01 3.869944763183593750e+01
-2.295570755004882812e+01 7.639295959472656250e+01 3.857252502441406250e+01
-3.800235366821289062e+01 6.057194900512695312e+01 4.172691345214843750e+01
-2.294456863403320312e+01 7.628416442871093750e+01 3.866559982299804688e+01
-2.295570755004882812e+01 7.639295959472656250e+01 3.857252502441406250e+01
-2.301994323730468750e+01 7.626523590087890625e+01 3.863521194458007812e+01
-2.295570755004882812e+01 7.639295959472656250e+01 3.857252502441406250e+01
-2.296717643737792969e+01 7.627606201171875000e+01 3.862127685546875000e+01
-2.295570755004882812e+01 7.639295959472656250e+01 3.857252502441406250e+01
-2.297833251953125000e+01 7.627139282226562500e+01 3.858271026611328125e+01
-2.295570755004882812e+01 7.639295959472656250e+01 3.857252502441406250e+01
