-1.901668167114257812e+01 7.681221771240234375e+01 3.927194213867187500e+01
-1.901668167114257812e+01 7.681221771240234375e+01 3.927194213867187500e+01
-1.901668167114257812e+01 7.681221771240234375e+01 3.927194213867187500e+01
-2.148340415954589844e+01 8.060972595214843750e+01 4.029016876220703125e+01
-1.901668167114257812e+01 7.681221771240234375e+01 3.927194213867187500e+01
-1.901668167114257812e+01 7.681221771240234375e+01 3.927194213867187500e+01
-1.978766250610351562e+01 7.819174957275390625e+01 4.036858367919921875e+01
-2.646997070312500000e+01 8.330560302734375000e+01 3.958015823364257812e+01
-1.909162902832031250e+01 7.808152770996093750e+01 4.089273071289062500e+01
-2.043920516967773438e+01 7.797010803222656250e+01 4.026169586181640625e+01
-1.901668167114257812e+01 7.681221771240234375e+01 3.927194213867187500e+01
-1.901668167114257812e+01 7.681221771240234375e+01 3.927194213867187500e+01
-1.964363479614257812e+01 7.764094543457031250e+01 4.077001571655273438e+01
-2.197559547424316406e+01 7.812371826171875000e+01 4.005190277099609375e+01
-1.825512886047363281e+01 7.851153564453125000e+01 4.370320510864257812e+01
-1.901668167114257812e+01 7.681221771240234375e+01 3.927194213867187500e+01
-2.030220222473144531e+01 7.739218139648437500e+01 4.066155242919921875e+01
-1.901668167114257812e+01 7.681221771240234375e+01 3.927194213867187500e+01
-1.901668167114257812e+01 7.681221771240234375e+01 3.927194213867187500e+01
-1.934344863891601562e+01 7.716923522949218750e+01 4.106813812255859375e+01
-2.156726837158203125e+01 7.719196319580078125e+01 4.058086013793945312e+01
-1.901668167114257812e+01 7.681221771240234375e+01 3.927194213867187500e+01
-1.901668167114257812e+01 7.681221771240234375e+01 3.927194213867187500e+01
-2.003432846069335938e+01 7.687323760986328125e+01 4.100837707519531250e+01
-1.901668167114257812e+01 7.681221771240234375e+01 3.927194213867187500e+01
-1.891971588134765625e+01 7.662361145019531250e+01 4.193093490600585938e+01
-2.068743705749511719e+01 7.652513885498046875e+01 4.065240478515625000e+01
-1.901668167114257812e+01 7.681221771240234375e+01 3.927194213867187500e+01
-1.901668167114257812e+01 7.681221771240234375e+01 3.927194213867187500e+01
-1.901668167114257812e+01 7.681221771240234375e+01 3.927194213867187500e+01
-1.901668167114257812e+01 7.681221771240234375e+01 3.927194213867187500e+01
-1.842299652099609375e+01 7.597319030761718750e+01 4.156961059570312500e+01
-1.901668167114257812e+01 7.681221771240234375e+01 3.927194213867187500e+01
-1.901668167114257812e+01 7.681221771240234375e+01 3.927194213867187500e+01
-1.901668167114257812e+01 7.681221771240234375e+01 3.927194213867187500e+01
-1.901668167114257812e+01 7.681221771240234375e+01 3.927194213867187500e+01
-1.901668167114257812e+01 7.681221771240234375e+01 3.927194213867187500e+01
-1.945729827880859375e+01 7.646543884277343750e+01 3.954622650146484375e+01
-1.901668167114257812e+01 7.681221771240234375e+01 3.927194213867187500e+01
-1.901668167114257812e+01 7.681221771240234375e+01 3.927194213867187500e+01
-1.901668167114257812e+01 7.681221771240234375e+01 3.927194213867187500e+01
-1.934662055969238281e+01 7.646530151367187500e+01 3.934111022949218750e+01
-1.901668167114257812e+01 7.681221771240234375e+01 3.927194213867187500e+01
-1.901668167114257812e+01 7.681221771240234375e+01 3.927194213867187500e+01
-1.920609092712402344e+01 7.643560791015625000e+01 3.945678710937500000e+01
-1.901668167114257812e+01 7.681221771240234375e+01 3.927194213867187500e+01
-1.901668167114257812e+01 7.681221771240234375e+01 3.927194213867187500e+01
-1.901668167114257812e+01 7.681221771240234375e+01 3.927194213867187500e+01
-1.901668167114257812e+01 7.681221771240234375e+01 3.927194213867187500e+01
-1.901668167114257812e+01 7.681221771240234375e+01 3.927194213867187500e+01
