-2.268052291870117188e+01 7.694669342041015625e+01 3.848478317260742188e+01
-2.268052291870117188e+01 7.694669342041015625e+01 3.848478317260742188e+01
-2.310188293457031250e+01 7.993560791015625000e+01 4.005221939086914062e+01
-2.268052291870117188e+01 7.694669342041015625e+01 3.848478317260742188e+01
-2.560565185546875000e+01 8.144991302490234375e+01 3.969223403930664062e+01
-2.218221282958984375e+01 7.900703430175781250e+01 4.007347106933593750e+01
-2.268052291870117188e+01 7.694669342041015625e+01 3.848478317260742188e+01
-2.378831291198730469e+01 7.892888641357421875e+01 4.006050109863281250e+01
-2.048934745788574219e+01 7.958096313476562500e+01 4.033150863647460938e+01
-2.275885200500488281e+01 7.827330017089843750e+01 4.017872619628906250e+01
-2.268052291870117188e+01 7.694669342041015625e+01 3.848478317260742188e+01
-2.492194747924804688e+01 7.877114105224609375e+01 4.004430770874023438e+01
-2.177682495117187500e+01 7.803916931152343750e+01 4.006185913085937500e+01
-2.342367172241210938e+01 7.792901611328125000e+01 4.026050186157226562e+01
-2.268052291870117188e+01 7.694669342041015625e+01 3.848478317260742188e+01
-3.736678695678710938e+01 8.345619201660156250e+01 4.235603332519531250e+01
-2.236813735961914062e+01 7.764374542236328125e+01 4.030245971679687500e+01
-2.268052291870117188e+01 7.694669342041015625e+01 3.848478317260742188e+01
-2.434527969360351562e+01 7.769775390625000000e+01 4.028433609008789062e+01
-2.099100875854492188e+01 7.760295867919921875e+01 4.034722518920898438e+01
-2.303035163879394531e+01 7.732891082763671875e+01 4.040774917602539062e+01
-2.268052291870117188e+01 7.694669342041015625e+01 3.848478317260742188e+01
-2.268052291870117188e+01 7.694669342041015625e+01 3.848478317260742188e+01
-2.183169746398925781e+01 7.715220642089843750e+01 4.056990432739257812e+01
-2.381318473815917969e+01 7.701461029052734375e+01 4.041746902465820312e+01
-2.268052291870117188e+01 7.694669342041015625e+01 3.848478317260742188e+01
-2.259852790832519531e+01 7.678720855712890625e+01 4.073323440551757812e+01
-2.268052291870117188e+01 7.694669342041015625e+01 3.848478317260742188e+01
-2.617104721069335938e+01 7.634693145751953125e+01 4.136882781982421875e+01
-2.138774108886718750e+01 7.654935455322265625e+01 4.036230087280273438e+01
-2.348726081848144531e+01 7.632222747802734375e+01 4.097156524658203125e+01
-2.268052291870117188e+01 7.694669342041015625e+01 3.848478317260742188e+01
-2.268052291870117188e+01 7.694669342041015625e+01 3.848478317260742188e+01
-2.234020996093750000e+01 7.646574401855468750e+01 3.980185317993164062e+01
-2.268052291870117188e+01 7.694669342041015625e+01 3.848478317260742188e+01
-2.381570434570312500e+01 7.615705871582031250e+01 3.993588256835937500e+01
-2.268052291870117188e+01 7.694669342041015625e+01 3.848478317260742188e+01
-2.268052291870117188e+01 7.694669342041015625e+01 3.848478317260742188e+01
-2.268052291870117188e+01 7.694669342041015625e+01 3.848478317260742188e+01
-2.268052291870117188e+01 7.694669342041015625e+01 3.848478317260742188e+01
-2.268052291870117188e+01 7.694669342041015625e+01 3.848478317260742188e+01
-2.299931144714355469e+01 7.630532836914062500e+01 3.914905548095703125e+01
-2.268052291870117188e+01 7.694669342041015625e+01 3.848478317260742188e+01
-3.817899322509765625e+01 6.065060424804687500e+01 4.173389053344726562e+01
-2.262222480773925781e+01 7.637730407714843750e+01 3.897191238403320312e+01
-2.268052291870117188e+01 7.694669342041015625e+01 3.848478317260742188e+01
-2.301671409606933594e+01 7.627822875976562500e+01 3.881287002563476562e+01
-2.268052291870117188e+01 7.694669342041015625e+01 3.848478317260742188e+01
-2.274054718017578125e+01 7.633486175537109375e+01 3.873994445800781250e+01
-2.268052291870117188e+01 7.694669342041015625e+01 3.848478317260742188e+01
-2.279943466186523438e+01 7.630778503417968750e+01 3.853832244873046875e+01
-2.268052291870117188e+01 7.694669342041015625e+01 3.848478317260742188e+01
