-2.146300506591796875e+01 7.653192138671875000e+01 3.830806732177734375e+01
-2.146300506591796875e+01 7.653192138671875000e+01 3.830806732177734375e+01
-2.198189735412597656e+01 8.021268463134765625e+01 4.023831939697265625e+01
-2.146300506591796875e+01 7.653192138671875000e+01 3.830806732177734375e+01
-2.476848602294921875e+01 8.162068939208984375e+01 3.967252349853515625e+01
-2.088748168945312500e+01 7.891151428222656250e+01 4.014292526245117188e+01
-2.271195602416992188e+01 7.876670074462890625e+01 4.008457183837890625e+01
-2.146300506591796875e+01 7.653192138671875000e+01 3.830806732177734375e+01
-2.146300506591796875e+01 7.653192138671875000e+01 3.830806732177734375e+01
-2.154658126831054688e+01 7.794739532470703125e+01 4.011548995971679688e+01
-2.146300506591796875e+01 7.653192138671875000e+01 3.830806732177734375e+01
-2.404191017150878906e+01 7.863107299804687500e+01 4.010240173339843750e+01
-2.030648612976074219e+01 7.793003845214843750e+01 4.032634735107421875e+01
-2.229607391357421875e+01 7.763310241699218750e+01 4.029864120483398438e+01
-2.146300506591796875e+01 7.653192138671875000e+01 3.830806732177734375e+01
-2.438574981689453125e+01 7.782739257812500000e+01 3.907849502563476562e+01
-2.108306312561035156e+01 7.737971496582031250e+01 4.051884078979492188e+01
-2.337521171569824219e+01 7.739461517333984375e+01 4.037510681152343750e+01
-2.146300506591796875e+01 7.653192138671875000e+01 3.830806732177734375e+01
-2.189296913146972656e+01 7.700169372558593750e+01 4.067152786254882812e+01
-2.146300506591796875e+01 7.653192138671875000e+01 3.830806732177734375e+01
-2.146300506591796875e+01 7.653192138671875000e+01 3.830806732177734375e+01
-2.034577369689941406e+01 7.680242156982421875e+01 4.105252075195312500e+01
-2.291815757751464844e+01 7.661917114257812500e+01 4.079102706909179688e+01
-2.146300506591796875e+01 7.653192138671875000e+01 3.830806732177734375e+01
-2.146300506591796875e+01 7.653192138671875000e+01 3.830806732177734375e+01
-2.146300506591796875e+01 7.653192138671875000e+01 3.830806732177734375e+01
-2.152231216430664062e+01 7.652172851562500000e+01 3.835707092285156250e+01
-2.146300506591796875e+01 7.653192138671875000e+01 3.830806732177734375e+01
-1.881732559204101562e+01 7.279290771484375000e+01 4.854730987548828125e+01
-2.697341728210449219e+01 7.269886779785156250e+01 4.535201644897460938e+01
-3.585802459716796875e+01 6.520256042480468750e+01 4.726893234252929688e+01
-2.146300506591796875e+01 7.653192138671875000e+01 3.830806732177734375e+01
-2.046891403198242188e+01 6.682270050048828125e+01 4.661451339721679688e+01
-2.146300506591796875e+01 7.653192138671875000e+01 3.830806732177734375e+01
-2.315216636657714844e+01 5.931420898437500000e+01 4.548865509033203125e+01
-2.461355781555175781e+01 5.960426712036132812e+01 3.972657012939453125e+01
