-2.120591354370117188e+01 7.666473388671875000e+01 3.832191848754882812e+01
-2.120591354370117188e+01 7.666473388671875000e+01 3.832191848754882812e+01
-2.173136711120605469e+01 8.039202880859375000e+01 4.027657699584960938e+01
-2.120591354370117188e+01 7.666473388671875000e+01 3.832191848754882812e+01
-2.447603988647460938e+01 8.169907379150390625e+01 3.967177963256835938e+01
-2.060690307617187500e+01 7.914144134521484375e+01 4.023165893554687500e+01
-2.243020439147949219e+01 7.885538482666015625e+01 4.006334686279296875e+01
-2.120591354370117188e+01 7.666473388671875000e+01 3.832191848754882812e+01
-2.120591354370117188e+01 7.666473388671875000e+01 3.832191848754882812e+01
-2.128740310668945312e+01 7.804484558105468750e+01 4.008419418334960938e+01
-2.375680923461914062e+01 7.874108123779296875e+01 4.009676361083984375e+01
-2.005690574645996094e+01 7.805376434326171875e+01 4.032709121704101562e+01
-2.200062179565429688e+01 7.771520996093750000e+01 4.022083282470703125e+01
-2.120591354370117188e+01 7.666473388671875000e+01 3.832191848754882812e+01
-2.521223068237304688e+01 7.844048309326171875e+01 3.937797164916992188e+01
-2.083759498596191406e+01 7.748659515380859375e+01 4.046505737304687500e+01
-2.308985519409179688e+01 7.751467895507812500e+01 4.035840606689453125e+01
-2.120591354370117188e+01 7.666473388671875000e+01 3.832191848754882812e+01
-2.162479209899902344e+01 7.712239074707031250e+01 4.062444686889648438e+01
-2.120591354370117188e+01 7.666473388671875000e+01 3.832191848754882812e+01
-2.582542800903320312e+01 7.735250854492187500e+01 4.069257736206054688e+01
-2.013720703125000000e+01 7.692348480224609375e+01 4.094716644287109375e+01
-2.264262962341308594e+01 7.675087738037109375e+01 4.077341842651367188e+01
-2.120591354370117188e+01 7.666473388671875000e+01 3.832191848754882812e+01
-2.120591354370117188e+01 7.666473388671875000e+01 3.832191848754882812e+01
-2.115377807617187500e+01 7.656332397460937500e+01 3.975157165527343750e+01
-2.252430915832519531e+01 7.643820190429687500e+01 3.941124343872070312e+01
-2.120591354370117188e+01 7.666473388671875000e+01 3.832191848754882812e+01
-2.120591354370117188e+01 7.666473388671875000e+01 3.832191848754882812e+01
-2.120591354370117188e+01 7.666473388671875000e+01 3.832191848754882812e+01
-2.120591354370117188e+01 7.666473388671875000e+01 3.832191848754882812e+01
-2.113735961914062500e+01 7.656784820556640625e+01 3.858723449707031250e+01
-2.136941528320312500e+01 7.655100250244140625e+01 3.853092193603515625e+01
-2.120591354370117188e+01 7.666473388671875000e+01 3.832191848754882812e+01
-2.120591354370117188e+01 7.666473388671875000e+01 3.832191848754882812e+01
-2.120591354370117188e+01 7.666473388671875000e+01 3.832191848754882812e+01
-2.120591354370117188e+01 7.666473388671875000e+01 3.832191848754882812e+01
-2.135233116149902344e+01 7.654949951171875000e+01 3.841306304931640625e+01
-2.120591354370117188e+01 7.666473388671875000e+01 3.832191848754882812e+01
-2.120591354370117188e+01 7.666473388671875000e+01 3.832191848754882812e+01
-2.120591354370117188e+01 7.666473388671875000e+01 3.832191848754882812e+01
-2.131233978271484375e+01 7.655283355712890625e+01 3.834423065185546875e+01
-2.119586753845214844e+01 7.656661987304687500e+01 3.840585708618164062e+01
-2.125840568542480469e+01 7.656035614013671875e+01 3.837314605712890625e+01
-2.120591354370117188e+01 7.666473388671875000e+01 3.832191848754882812e+01
-2.120591354370117188e+01 7.666473388671875000e+01 3.832191848754882812e+01
-2.121560668945312500e+01 7.656593322753906250e+01 3.836312103271484375e+01
-2.120591354370117188e+01 7.666473388671875000e+01 3.832191848754882812e+01
-2.120591354370117188e+01 7.666473388671875000e+01 3.832191848754882812e+01
-2.120591354370117188e+01 7.666473388671875000e+01 3.832191848754882812e+01
