-2.178637313842773438e+01 7.649057006835937500e+01 3.831991195678710938e+01
-2.178637313842773438e+01 7.649057006835937500e+01 3.831991195678710938e+01
-2.178637313842773438e+01 7.649057006835937500e+01 3.831991195678710938e+01
-2.178637313842773438e+01 7.649057006835937500e+01 3.831991195678710938e+01
-2.228595733642578125e+01 8.003437042236328125e+01 4.017834472656250000e+01
-2.178637313842773438e+01 7.649057006835937500e+01 3.831991195678710938e+01
-2.505728340148925781e+01 8.152611541748046875e+01 3.967009735107421875e+01
-2.123363113403320312e+01 7.877596282958984375e+01 4.008213806152343750e+01
-2.303323173522949219e+01 7.872160339355468750e+01 4.009344100952148438e+01
-2.178637313842773438e+01 7.649057006835937500e+01 3.831991195678710938e+01
-2.178637313842773438e+01 7.649057006835937500e+01 3.831991195678710938e+01
-2.186928367614746094e+01 7.789476013183593750e+01 4.011293029785156250e+01
-2.178637313842773438e+01 7.649057006835937500e+01 3.831991195678710938e+01
-2.433616638183593750e+01 7.856602478027343750e+01 4.009399032592773438e+01
-2.066491699218750000e+01 7.784629821777343750e+01 4.027700424194335938e+01
-2.262911415100097656e+01 7.760453796386718750e+01 4.033359909057617188e+01
-2.178637313842773438e+01 7.649057006835937500e+01 3.831991195678710938e+01
-2.373509407043457031e+01 7.735431671142578125e+01 3.883358764648437500e+01
-2.140962600708007812e+01 7.733123779296875000e+01 4.051210021972656250e+01
-2.178637313842773438e+01 7.649057006835937500e+01 3.831991195678710938e+01
-2.367540359497070312e+01 7.734281158447265625e+01 4.036189651489257812e+01
-1.935353469848632812e+01 7.743556976318359375e+01 4.100176239013671875e+01
-2.178637313842773438e+01 7.649057006835937500e+01 3.831991195678710938e+01
-2.221196556091308594e+01 7.695556640625000000e+01 4.065934371948242188e+01
-2.178637313842773438e+01 7.649057006835937500e+01 3.831991195678710938e+01
-2.178637313842773438e+01 7.649057006835937500e+01 3.831991195678710938e+01
-2.065944862365722656e+01 7.676341247558593750e+01 4.108817672729492188e+01
-2.321993637084960938e+01 7.657652282714843750e+01 4.076603317260742188e+01
-2.178637313842773438e+01 7.649057006835937500e+01 3.831991195678710938e+01
-2.178637313842773438e+01 7.649057006835937500e+01 3.831991195678710938e+01
-2.178637313842773438e+01 7.649057006835937500e+01 3.831991195678710938e+01
-2.185113906860351562e+01 7.647943878173828125e+01 3.837342453002929688e+01
-1.762732124328613281e+01 7.521227264404296875e+01 4.436014175415039062e+01
-2.178637313842773438e+01 7.649057006835937500e+01 3.831991195678710938e+01
-1.912316513061523438e+01 7.272678375244140625e+01 4.862699508666992188e+01
-2.712806510925292969e+01 7.277487945556640625e+01 4.514818572998046875e+01
-3.644838333129882812e+01 6.495108032226562500e+01 4.744697952270507812e+01
-2.178637313842773438e+01 7.649057006835937500e+01 3.831991195678710938e+01
-2.079552459716796875e+01 6.681301879882812500e+01 4.659926605224609375e+01
-2.853177642822265625e+01 6.307827758789062500e+01 4.490275955200195312e+01
-2.346834945678710938e+01 5.934610748291015625e+01 4.546995162963867188e+01
-2.488946342468261719e+01 5.981792831420898438e+01 3.971704483032226562e+01
